1,0.95776
2,0.963738
3,0.953361
4,0.952469
5,0.928894
6,0.97166
7,0.96749
8,0.970834
9,0.901283
10,0.893618
11,0.861561
12,0.903351
13,0.785601
14,0.828344
15,0.859929
16,0.814294
17,0.799066
18,0.711944
19,0.780078
20,0.781523
21,0.803358
22,0.78381
23,0.700285
24,0.694597
25,0.703823
26,0.574189
27,0.825617
28,0.870677
29,0.878241
30,0.905876
31,0.928261
32,0.956534
33,0.947022
34,0.945049
35,0.899832
36,0.952348
37,0.924813
38,0.917602
39,0.895049
40,0.852709
41,0.74425
42,0.806126
43,0.83933
44,0.908729
45,0.937343
46,0.927916
47,0.953687
48,0.930851
49,0.572179
50,0.819856
51,0.661296
52,0.367542
53,0.044457
54,0.065647
55,0.056143
56,0.006177
57,0.00961
58,0.126176
59,0.747412
60,0.72857
61,0.802024
62,0.871722
63,0.796851
64,0.839331
65,0.706144
66,0.722119
67,0.732941
68,0.650636
69,0.761631
70,0.776749
71,0.77957
72,0.696605
73,0.727831
74,0.704912
75,0.71256
76,0.758203
77,0.770123
78,0.804293
79,0.762616
80,0.033094
81,0.021695
82,0.046587
83,0.037564
84,0.028773
85,0.028227
86,0.013095
87,0.020337
88,0.027122
89,0.02888
90,0.015195
91,0.012922
92,0.021151
93,0.009371
94,0.00528
95,0.005334
96,0.187779
97,0.011737
98,0.005846
99,0.016534
100,0.244359
101,0.008103
102,0.007202
103,0.002195
104,0.003004
105,0.004556
106,0.002071
107,0.003613
108,0.038674
109,0.62848
110,0.481538
111,0.452626
112,0.553552
113,0.39601
114,0.390152
115,0.412774
116,0.665276
117,0.646669
118,0.603289
119,0.53785
120,0.736587
121,0.798275
122,0.114933
123,0.094142
124,0.144078
125,0.15655
126,0.209807
127,0.183652
128,0.09077
129,0.003838
130,0.004405
131,0.002735
132,0.017694
133,0.901653
134,0.952291
135,0.942713
136,0.945437
137,0.942967
138,0.956594
139,0.931958
140,0.949874
141,0.957776
142,0.969969
143,0.974873
144,0.035733
145,0.008072
146,0.008224
147,0.006826
148,0.011384
149,0.007874
150,0.008783
151,0.007801
152,0.015917
153,0.032088
154,0.028659
155,0.023279
156,0.064111
157,0.075521
158,0.141223
159,0.29178
160,0.297015
161,0.123378
162,0.141588
163,0.109766
164,0.035166
165,0.008982
166,0.022869
167,0.010205
168,0.010951
169,0.005429
170,0.558638
171,0.874913
172,0.875578
173,0.945107
174,0.76673
175,0.837216
176,0.917067
177,0.891752
178,0.935149
179,0.938984
180,0.945534
181,0.867071
182,0.88869
183,0.951415
184,0.956064
185,0.950834
186,0.933022
187,0.905677
188,0.904845
189,0.896204
190,0.862795
191,0.716032
192,0.757929
193,0.836135
194,0.876007
195,0.871121
196,0.894635
197,0.902033
198,0.90694
199,0.930292
200,0.061053
201,0.003589
202,0.004541
203,0.006625
204,0.010174
205,0.00369
206,0.004818
207,0.007421
208,0.005761
209,0.003839
210,0.004823
211,0.004664
212,0.005141
213,0.004258
214,0.004313
215,0.004206
216,0.006817
217,0.005186
218,0.006525
219,0.006093
220,0.009647
221,0.003741
222,0.003554
223,0.001883
224,0.001703
225,0.001146
226,0.001397
227,0.002018
228,0.005335
229,0.006921
230,0.01312
231,0.00988
232,0.016286
233,0.021177
234,0.017508
235,0.027159
236,0.017206
237,0.388886
238,0.939566
239,0.975087
240,0.982515
241,0.950461
242,0.950358
243,0.941034
244,0.917618
245,0.863604
246,0.875069
247,0.836756
248,0.842459
249,0.925212
250,0.950313
251,0.969798
252,0.948012
253,0.95366
254,0.974958
255,0.970827
256,0.962161
257,0.979535
258,0.96163
259,0.943378
260,0.958083
261,0.961752
262,0.967694
263,0.981035
264,0.984149
265,0.989397
266,0.98746
267,0.987193
268,0.981489
269,0.978625
270,0.966356
271,0.958999
272,0.97632
273,0.946077
274,0.973182
275,0.927426
276,0.94822
277,0.894318
278,0.947574
279,0.93472
280,0.937997
281,0.972415
282,0.967501
283,0.984965
284,0.987744
285,0.98587
286,0.984615
287,0.98086
288,0.958009
289,0.936129
290,0.897663
291,0.795247
292,0.853692
293,0.824498
294,0.913898
295,0.930253
296,0.945654
297,0.95856
298,0.894579
299,0.00928
300,0.002029
301,0.00745
302,0.004222
303,0.002513
304,0.007119
305,0.008339
306,0.011435
307,0.050908
308,0.130863
309,0.126849
310,0.021251
311,0.012549
312,0.015462
313,0.530304
314,0.815239
315,0.973535
316,0.895113
317,0.96049
318,0.937615
319,0.908305
320,0.938026
321,0.949501
322,0.941091
323,0.936369
324,0.945791
325,0.942663
326,0.934521
327,0.944451
328,0.967389
329,0.980396
330,0.044243
331,0.063605
332,0.007335
333,0.006752
334,0.003323
335,0.002234
336,0.005688
337,0.003783
338,0.000706
339,0.000552
340,0.000821
341,0.005305
342,0.00285
343,0.002998
344,0.003238
345,0.003254
346,0.00538
347,0.005662
348,0.004418
349,0.009412
350,0.008912
351,0.005554
352,0.007969
353,0.006386
354,0.005063
355,0.002005
356,0.00195
357,0.001678
358,0.002135
359,0.001563
360,0.001751
361,0.002717
362,0.001879
363,0.002188
364,0.0019
365,0.317491
366,0.7883
367,0.918164
368,0.96919
369,0.960805
370,0.963267
371,0.916295
372,0.932096
373,0.923377
374,0.916687
375,0.929064
376,0.911026
377,0.898821
378,0.879161
379,0.860986
380,0.874665
381,0.85753
382,0.573444
383,0.008988
384,0.003712
385,0.00694
386,0.003208
387,0.012498
388,0.006801
389,0.000819
390,0.001385
391,0.000625
392,0.001137
393,0.000377
394,0.002109
395,0.001039
396,0.000964
397,0.001151
398,0.002173
399,0.001986
400,0.002306
401,0.002289
402,0.002005
403,0.002224
404,0.00781
405,0.004341
406,0.001638
407,0.001308
408,0.001296
409,0.000214
410,0.000257
411,0.00202
412,0.001245
413,0.001093
414,0.001092
415,0.002041
416,0.17488
417,0.910694
418,0.635846
419,0.903788
420,0.940655
421,0.950135
422,0.853285
423,0.771452
424,0.658123
425,0.778448
426,0.843097
427,0.859248
428,0.922187
429,0.939862
430,0.94026
431,0.933089
432,0.911192
433,0.912907
434,0.802633
435,0.026036
436,0.00404
437,0.001213
438,0.001563
439,0.001502
440,0.000949
441,0.00269
442,0.001697
443,0.002518
444,0.003269
445,0.00297
446,0.003045
447,0.005961
448,0.005916
449,0.005221
450,0.006149
451,0.003472
452,0.002441
453,0.007238
454,0.616023
455,0.846061
456,0.786154
457,0.92032
458,0.846516
459,0.887799
460,0.907031
461,0.817372
462,0.8409
463,0.731229
464,0.828349
465,0.824022
466,0.89846
467,0.605822
468,0.037803
469,0.013921
470,0.017006
471,0.001932
472,0.000926
473,0.002968
474,0.000424
475,1.8e-05
476,0.000159
477,0.000424
478,0.000345
479,0.000367
480,0.000115
481,0.000104
482,0.001114
483,0.001912
484,0.002498
485,0.000764
486,0.000124
487,0.249028
488,0.875283
489,0.969138
490,0.978421
491,0.971785
492,0.88672
493,0.937445
494,0.954223
495,0.910973
496,0.817431
497,0.861417
498,0.771157
499,0.727642
500,0.672529
501,0.878804
502,0.516635
503,0.354351
504,0.647357
505,0.830492
506,0.128485
507,0.001121
508,0.016575
509,0.016804
510,0.01373
511,0.01559
512,0.012542
513,0.031562
514,0.012977
515,0.002773
516,0.002788
517,0.001463
518,0.000708
519,0.002066
520,0.007402
521,0.006376
522,0.008771
523,0.009101
524,0.810774
525,0.804337
526,0.818805
527,0.855256
528,0.937558
529,0.952909
530,0.954803
531,0.965384
532,0.941063
533,0.975828
534,0.405289
535,0.106136
536,0.01727
537,0.000682
538,0.000267
539,0.000242
540,0.004284
541,0.008466
542,0.021443
543,0.004229
544,0.001373
545,0.000123
546,0.00215
547,0.000278
548,0.002318
549,0.001552
550,0.002333
551,0.000631
552,0.000986
553,0.039363
554,0.019154
555,0.014909
556,0.034733
557,0.047342
558,0.075621
559,0.002192
560,0.001174
561,0.000561
562,0.001187
563,0.001296
564,0.001966
565,0.004884
566,0.007616
567,0.010337
568,0.011121
569,0.009011
570,0.008515
571,0.206515
572,0.165069
573,0.108941
574,0.110022
575,0.126315
576,0.134542
577,0.20766
578,0.209239
579,0.170222
580,0.150038
581,0.136215
582,0.129504
583,0.151745
584,0.170571
585,0.136694
586,0.160472
587,0.693752
588,0.806373
589,0.949816
590,0.940548
591,0.937378
592,0.899967
593,0.847679
594,0.778848
595,0.792074
596,0.814094
597,0.871803
598,0.938694
599,0.934636
600,0.70559
601,0.698697
602,0.760225
603,0.740786
604,0.775541
605,0.763558
606,0.752997
607,0.747952
608,0.67302
609,0.661426
610,0.74465
611,0.010128
612,0.007059
613,0.003113
614,0.002929
615,0.053313
616,0.00598
617,0.006663
618,0.044693
619,0.051525
620,0.034022
621,0.030073
622,0.009771
623,0.009683
624,0.009884
625,0.010305
626,0.009316
627,0.009227
628,0.010542
629,0.010513
630,0.009203
631,0.005281
632,0.007557
633,0.016442
634,0.054453
635,0.024713
636,0.016483
637,0.031081
638,0.008236
639,0.009516
640,0.001837
641,0.004215
642,0.003914
643,0.000867
644,0.000575
645,0.004827
646,0.009588
647,0.003292
648,0.003206
649,0.004898
650,0.004196
651,0.006468
652,0.005847
653,0.000452
654,0.000983
655,0.001329
656,0.003268
657,0.009794
658,0.004401
659,0.002428
660,0.009071
661,0.599178
662,0.843597
663,0.938129
664,0.964987
665,0.968954
666,0.951687
667,0.907891
668,0.941435
669,0.980021
670,0.984893
671,0.986463
672,0.984894
673,0.978765
674,0.977148
675,0.979195
676,0.962103
677,0.96315
678,0.963639
679,0.966373
680,0.970301
681,0.968436
682,0.951541
683,0.935932
684,0.924247
685,0.937599
686,0.95736
687,0.939131
688,0.468727
689,0.062358
690,0.026746
691,0.055851
692,0.032209
693,0.837236
694,0.766208
695,0.837056
696,0.830736
697,0.950552
698,0.004743
699,0.993266
700,0.002052
701,0.006812
702,0.018204
703,0.009012
704,0.006132
705,0.007812
706,0.014195
707,0.017105
708,0.015672
709,0.014108
710,0.031132
711,0.029708
712,0.01675
713,0.023464
714,0.018573
715,0.014723
716,0.016745
717,0.009124
718,0.008427
719,0.002596
720,0.003337
721,0.007234
722,0.001937
723,0.002337
724,0.003591
725,0.031324
726,0.916552
727,0.96879
728,0.919002
729,0.975123
730,0.989447
731,0.982825
732,0.986376
733,0.978503
734,0.965916
735,0.975615
736,0.981056
737,0.962823
738,0.910757
739,0.955505
740,0.971624
741,0.980193
742,0.98593
743,0.983639
744,0.969332
745,0.843948
746,0.94844
747,0.969143
748,0.977745
749,0.988135
750,0.97645
751,0.971032
752,0.981866
753,0.965402
754,0.970506
755,0.948304
756,0.964321
757,0.932852
758,0.973243
759,0.981615
760,0.984315
761,0.989031
762,0.981954
763,0.978987
764,0.973231
765,0.983914
766,0.986974
767,0.954295
768,0.984486
769,0.986956
770,0.985957
771,0.991654
772,0.986097
773,0.914358
774,0.301736
775,0.484132
776,0.63524
777,0.125585
778,0.12715
779,0.013621
780,0.007669
781,0.012259
782,0.010575
783,0.008928
784,0.01499
785,0.067789
786,0.082787
787,0.120077
788,0.118003
789,0.311066
790,0.848128
791,0.829403
792,0.837763
793,0.879425
794,0.894918
795,0.929685
796,0.943325
797,0.937771
798,0.932193
799,0.928765
800,0.905296
801,0.838379
802,0.88076
803,0.917534
804,0.939668
805,0.19493
806,0.217461
807,0.123494
808,0.034342
809,0.049537
810,0.030627
811,0.008793
812,0.026459
813,0.017785
814,0.01025
815,0.015878
816,0.011062
817,0.016136
818,0.528575
819,0.903228
820,0.906442
821,0.905708
822,0.89214
823,0.865338
824,0.886774
825,0.906901
826,0.915929
827,0.916744
828,0.92996
829,0.956741
830,0.951646
831,0.959969
832,0.952799
833,0.951075
834,0.925758
835,0.859781
836,0.907764
837,0.911612
838,0.896796
839,0.018869
840,0.02352
841,0.008915
842,0.00193
843,0.000884
844,0.004314
845,0.005207
846,0.002905
847,0.010304
848,0.027844
849,0.015912
850,0.01333
851,0.026835
852,0.021979
853,0.035234
854,0.019955
855,0.026837
856,0.019329
857,0.010533
858,0.018688
859,0.160937
860,0.237166
861,0.262185
862,0.249254
863,0.239862
864,0.25419
865,0.21685
866,0.243272
867,0.199434
868,0.111271
869,0.103375
870,0.065018
871,0.018837
872,0.05907
873,0.021827
874,0.348582
875,0.860924
876,0.79364
877,0.955449
878,0.977798
879,0.984605
880,0.977625
881,0.988271
882,0.986559
883,0.985494
884,0.982802
885,0.975562
886,0.973756
887,0.966375
888,0.973373
889,0.973388
890,0.984031
891,0.982329
892,0.979008
893,0.97531
894,0.977505
895,0.957004
896,0.797721
897,0.809364
898,0.568021
899,0.176403
900,0.263077
901,0.093345
902,0.008724
903,0.009609
904,0.010944
905,0.001526
906,0.001044
907,0.001912
908,0.038795
909,0.040045
910,0.01272
911,0.002739
912,0.001647
913,0.003059
914,0.00662
915,0.006984
916,0.01212
917,0.00818
918,0.009437
919,0.007852
920,0.0083
921,0.013089
922,0.020904
923,0.003553
924,0.00501
925,0.002393
926,0.001787
927,0.002145
928,0.001245
929,0.001004
930,0.003143
931,0.00289
932,0.008247
933,0.009536
934,0.005113
935,0.006034
936,0.020705
937,0.024467
938,0.024647
939,0.036072
940,0.02298
941,0.00329
942,0.00439
943,0.003037
944,0.00287
945,0.001728
946,0.00245
947,0.003684
948,0.015009
949,0.002692
950,0.007711
951,0.016563
952,0.007259
953,0.007233
954,0.005734
955,0.006721
956,0.034335
957,0.099946
958,0.803939
959,0.74793
960,0.826068
961,0.94166
962,0.910566
963,0.903274
964,0.932764
965,0.865731
966,0.823307
967,0.830171
968,0.785647
969,0.79877
970,0.727567
971,0.765841
972,0.812775
973,0.811194
974,0.829498
975,0.702508
976,0.184416
977,0.155111
978,0.068227
979,0.024202
980,0.068433
981,0.225493
982,0.294611
983,0.631834
984,0.944851
985,0.952696
986,0.969653
987,0.965818
988,0.976956
989,0.976843
990,0.943469
991,0.920933
992,0.917903
993,0.959711
994,0.970249
995,0.968499
996,0.967579
997,0.951587
998,0.945786
999,0.937374
1000,0.945001
1001,0.971
1002,0.965943
1003,0.969069
1004,0.928114
1005,0.950824
1006,0.961306
1007,0.930679
1008,0.956221
1009,0.950656
1010,0.93385
1011,0.915572
1012,0.918729
1013,0.941765
1014,0.9268
1015,0.949043
1016,0.245983
1017,0.336739
1018,0.272993
1019,0.204592
1020,0.027562
1021,0.05906
1022,0.002109
1023,0.01381
1024,0.031054
1025,0.032527
1026,0.02855
1027,0.03561
1028,0.020008
1029,0.039592
1030,0.036728
1031,0.054418
1032,0.034694
1033,0.108111
1034,0.075589
1035,0.032701
1036,0.038169
1037,0.058077
1038,0.046731
1039,0.035178
1040,0.045493
1041,0.03725
1042,0.024183
1043,0.014165
1044,0.01407
1045,0.010193
1046,0.012537
1047,0.00806
1048,0.396419
1049,0.288958
1050,0
1051,0.919272
1052,0.984523
1053,0.957659
1054,0.960778
1055,0.950962
1056,0.965931
1057,0.90364
1058,0.933542
1059,0.947744
1060,0.944543
1061,0.946795
1062,0.946936
1063,0.921406
1064,0.943872
1065,0.958601
1066,0.959873
1067,0.944698
1068,0.951138
1069,0.914976
1070,0.94624
1071,0.950912
1072,0.934765
1073,0.949626
1074,0.961201
1075,0.973414
1076,0.910759
1077,0.744716
1078,0.848759
1079,0.549515
1080,0.908375
1081,0.161532
1082,0.130374
1083,0.069022
1084,0.179908
1085,0.874659
1086,0.644211
1087,0.62876
1088,0.011385
1089,0.015173
1090,0.014145
1091,0.003671
1092,0.012494
1093,0.00917
1094,0.01818
1095,0.044255
1096,0.02774
1097,0.034468
1098,0.043648
1099,0.013087
1100,0.010864
1101,0.010637
1102,0.014359
1103,0.009482
1104,0.011299
1105,0.006997
1106,0.010955
1107,0.004972
1108,0.005876
1109,0.001565
1110,0.003259
1111,0.004526
1112,0.015915
1113,0.068394
1114,0.229454
1115,0.715338
1116,0.887117
1117,0.961586
1118,0.967669
1119,0.982158
1120,0.985427
1121,0.967564
1122,0.980347
1123,0.984127
1124,0.977911
1125,0.980644
1126,0.984111
1127,0.953504
1128,0.94866
1129,0.932595
1130,0.986135
1131,0.985391
1132,0.987969
1133,0.98352
1134,0.827308
1135,0.674877
1136,0.676115
1137,0.576022
1138,0.250162
1139,0.480999
1140,0.030246
1141,0.078833
1142,0.097768
1143,0.091635
1144,0.022732
1145,0.021001
1146,0.012096
1147,0.005298
1148,0.004067
1149,0.001377
1150,0.005484
1151,0.001051
1152,0.005869
1153,0.003153
1154,0.001046
1155,0.00127
1156,0
1157,0.010596
1158,0
1159,0
1160,0
1161,0.022264
1162,0
1163,0.167904
1164,0.125012
1165,0.040455
1166,0.061993
1167,0.317527
1168,0.313548
1169,0.213393
1170,0.105841
1171,0.007672
1172,0.355369
1173,0.283429
1174,0.726247
1175,0.874353
1176,0.950322
1177,0.884588
1178,0.935378
1179,0.599358
1180,0.8301
1181,0.893593
1182,0.886267
1183,0.824696
1184,0.764995
1185,0.807742
1186,0.10409
1187,0.011522
1188,0.011754
1189,0.013992
1190,0.00479
1191,0.021928
1192,0.007821
1193,0.0024
1194,0.023076
1195,0.050558
1196,0.038245
1197,0.021807
1198,0.037564
1199,0.030024
1200,0.016868
1201,0.001548
1202,0.061339
1203,0.038106
1204,0.009056
1205,0.004946
1206,0.022365
1207,0.014209
1208,0.159532
1209,0.31025
1210,0.335014
1211,0.288767
1212,0.163371
1213,0.015357
1214,0.004868
1215,0
1216,0
1217,0.009786
1218,0.007886
1219,0.010223
1220,0.012298
1221,0.008918
1222,0.01721
1223,0.014612
1224,0.025916
1225,0.011309
1226,0.016453
1227,0.010216
1228,0.01436
1229,0.012476
1230,0.017715
1231,0.023199
1232,0.030765
1233,0.031091
1234,0.03387
1235,0.042438
1236,0.026128
1237,0.007129
1238,0.009979
1239,0.006816
1240,0.006607
1241,0.009844
1242,0.010467
1243,0.010506
1244,0.014682
1245,0.012749
1246,0.012124
1247,0.017086
1248,0.019341
1249,0.008702
1250,0.009214
1251,0.01362
1252,0.014196
1253,0.018692
1254,0
1255,0.861627
1256,0.773173
1257,0.926283
1258,0.495355
1259,0.64664
1260,0.756558
1261,0.788428
1262,0.021095
1263,0.002235
1264,0.002925
1265,0.006976
1266,0.015289
1267,0.009188
1268,0.003554
1269,0.004966
1270,0.003542
1271,0.003057
1272,0.025273
1273,0.639507
1274,0.791201
1275,0.910298
1276,0.91261
1277,0.920763
1278,0.881028
1279,0.90438
1280,0.896785
1281,0.872289
1282,0.848059
1283,0.021943
1284,0.014926
1285,0.024318
1286,0.011919
1287,0.006149
1288,0.019525
1289,0.022569
1290,0.017214
1291,0.015865
1292,0.00886
1293,0.001374
1294,0.204626
1295,0.254878
1296,0.153009
1297,0.661839
1298,0.875903
1299,0.914697
1300,0.92421
1301,0.931765
1302,0.939315
1303,0.786967
1304,0.74551
1305,0.682695
1306,0.93902
1307,0.660751
1308,0.719911
1309,0.727798
1310,0.917774
1311,0.004911
1312,0.003849
1313,0.003886
1314,0.034472
1315,0.002641
1316,0.003979
1317,0.005769
1318,0.014017
1319,0.011845
1320,0.011016
1321,0.009956
1322,0.008399
1323,0.007502
1324,0.015821
1325,0.027953
1326,0.023528
1327,0.025826
1328,0.023817
1329,0.012778
1330,0.018104
1331,0.010729
1332,0.014382
1333,0.005146
1334,0.007064
1335,0.005918
1336,0.005478
1337,0.005628
1338,0.007305
1339,0.002416
1340,0.005169
1341,0.005676
1342,0.011605
1343,0.015039
1344,0.008058
1345,0.003233
1346,0.106285
1347,0.622673
1348,0.949938
1349,0.92422
1350,0.957973
1351,0.838073
1352,0.842534
1353,0.905737
1354,0.950419
1355,0.94077
1356,0.944833
1357,0.954221
1358,0.959863
1359,0.973592
1360,0.974854
1361,0.976083
1362,0.980226
1363,0.32589
1364,0.007822
1365,0.004374
1366,0.00815
1367,0.003379
1368,0.003178
1369,0.002712
1370,0.020923
1371,0.003908
1372,0.013629
1373,0.011854
1374,0.029934
1375,0.006257
1376,0.005082
1377,0.007503
1378,0.011633
1379,0.007572
1380,0.023444
1381,0.013391
1382,0.016456
1383,0.019064
1384,0.018366
1385,0.023446
1386,0.025358
1387,0.024035
1388,0.030716
1389,0.043564
1390,0.031618
1391,0.031219
1392,0.012178
1393,0.012762
1394,0.036422
1395,0.023863
1396,0.052792
1397,0.066357
1398,0.150328
1399,0.134808
1400,0.128041
1401,0.099916
1402,0.08061
1403,0.158053
1404,0.070356
1405,0.03203
1406,0.03832
1407,0.038885
1408,0.031239
1409,0
1410,0
1411,0.025938
1412,0
1413,0.031966
1414,0.021221
1415,0.055305
1416,0.065163
1417,0.172972
1418,0.116175
1419,0.138452
1420,0
1421,0
1422,0
1423,0
1424,0
1425,0
1426,0
1427,0
1428,0
1429,0
1430,0
1431,0
1432,0
1433,0
1434,0
1435,0
1436,0.082362
1437,0.17405
1438,0.171995
1439,0.147696
1440,0.112724
1441,0.082905
1442,0.130319
1443,0.185675
1444,0.147387
1445,0.16888
1446,0.175396
1447,0.204849
1448,0.143852
1449,0.087434
1450,0.14076
1451,0.135434
1452,0.218234
1453,0.059941
1454,0.198366
1455,0.117851
1456,0.101766
1457,0.092633
1458,0.138295
1459,0.158144
1460,0.183712
1461,0.181973
1462,0.086635
1463,0.060906
1464,0.095948
1465,0.03845
1466,0.061781
1467,0.040058
1468,0.096097
1469,0.066463
1470,0.077916
1471,0.104629
1472,0.175029
1473,0.150098
1474,0.083096
1475,0.050188
1476,0
1477,0.944629
1478,0.907642
1479,0.87942
1480,0.677826
1481,0.830649
1482,0.929396
1483,0.891398
1484,0.859034
1485,0.866022
1486,0.96337
1487,0.949818
1488,0.944323
1489,0.932217
1490,0.893753
1491,0.844195
1492,0.94584
1493,0.909348
1494,0.915876
1495,0.650243
1496,0.002646
1497,0.009522
1498,0.012517
1499,0.014825
1500,0.021092
1501,0.019482
1502,0.078117
1503,0.062476
1504,0.029616
1505,0.00779
1506,0.004693
1507,0.015564
1508,0.011015
1509,0.003665
1510,0.003166
1511,0.001632
1512,0.000983
1513,0.000297
1514,0.022864
1515,0.027011
1516,0.157132
1517,0.190005
1518,0.256376
1519,0
1520,0
1521,0
1522,0
1523,0
1524,0
1525,0
1526,0
1527,0.046875
1528,0
1529,0.037853
1530,0.019571
1531,0.036807
1532,0.032337
1533,0.01988
1534,0.012077
1535,0.02072
1536,0.026773
1537,0.008036
1538,0.011636
1539,0.015928
1540,0.021762
1541,0.019642
1542,0.025772
1543,0.023277
1544,0.014823
1545,0.00708
1546,0.007557
1547,0.003926
1548,0.003749
1549,0.010696
1550,0.013483
1551,0.006496
1552,0.004065
1553,0.011246
1554,0.023558
1555,0.019892
1556,0.028842
1557,0.025907
1558,0.024469
1559,0.018753
1560,0.034483
1561,0.011379
1562,0.022667
1563,0.030452
1564,0.015544
1565,0.019913
1566,0.015124
1567,0.013002
1568,0.021286
1569,0.010614
1570,0.010787
1571,0
1572,0.009589
1573,0.004768
1574,0.011093
1575,0.004058
1576,0.00371
1577,0.013189
1578,0.020397
1579,0.049151
1580,0.062451
1581,0.060229
1582,0.078576
1583,0.087096
1584,0.071745
1585,0.103373
1586,0.021991
1587,0.070577
1588,0.016872
1589,0.068474
1590,0.027268
1591,0.050292
1592,0.003646
1593,0
1594,0
1595,0
1596,0
1597,0
1598,0
1599,0
1600,0
1601,0
1602,0
1603,0
1604,0
1605,0
1606,0
1607,0
1608,0
1609,0
1610,0
1611,0
1612,0
1613,0
1614,0
1615,0
1616,0
1617,0
1618,0
1619,0
1620,0
1621,0.003292
1622,0.121711
1623,0.174026
1624,0.292083
1625,0.244895
1626,0.175658
1627,0.102804
1628,0.007739
1629,0.054888
1630,0.889167
1631,0.689343
1632,0.8655
1633,0.942935
1634,0.97616
1635,0.96307
1636,0.978076
1637,0.954658
1638,0.964271
1639,0.978149
1640,0.96464
1641,0.944457
1642,0.935862
1643,0.935663
1644,0.938477
1645,0.923545
1646,0.984875
1647,0.950105
1648,0.966661
1649,0.915906
1650,0.91923
1651,0.869615
1652,0.926385
1653,0.94526
1654,0.954105
1655,0.951272
1656,0.914456
1657,0.929638
1658,0.948498
1659,0.95514
1660,0.935907
1661,0.917287
1662,0.916635
1663,0.920426
1664,0.941039
1665,0.932054
1666,0.944808
1667,0.927124
1668,0.887214
1669,0.185462
1670,0.085233
1671,0.671069
1672,0.879613
1673,0.309924
1674,0.217252
1675,0.135022
1676,0.022861
1677,0.025192
1678,0.012252
1679,0.025572
1680,0.053731
1681,0.008418
1682,0.012118
1683,0.017309
1684,0.042079
1685,0.003039
1686,0.079408
1687,0.061205
1688,0.068264
1689,0.049381
1690,0.740946
1691,0.669374
1692,0.835949
1693,0.905292
1694,0.807177
1695,0.833687
1696,0.809184
1697,0.945029
1698,0.944945
1699,0.934764
1700,0.94749
1701,0.968754
1702,0.898052
1703,0.407648
1704,0.117578
1705,0.004799
1706,0.002175
1707,0.001729
1708,0.006668
1709,0.001522
1710,0.000806
1711,0.00313
1712,0.001438
1713,0.00029
1714,0.021609
1715,0.018281
1716,0.008264
1717,0.005584
1718,0.014382
1719,0.004463
1720,0.011701
1721,0.007045
1722,0.008183
1723,0.004082
1724,0.005704
1725,0.007118
1726,0.007031
1727,0.006639
1728,0.014028
1729,0.010153
1730,0.015793
1731,0.005706
1732,0.008542
1733,0.014832
1734,0.04297
1735,0.087165
1736,0.054042
1737,0.050199
1738,0.048363
1739,0.0329
1740,0.023755
1741,0.028025
1742,0.032596
1743,0.010782
1744,0.011166
1745,0.006423
1746,0.010629
1747,0.009298
1748,0.008913
1749,0.009399
1750,0.001556
1751,0.002257
1752,0.005309
1753,0.002104
1754,0.001456
1755,0.002647
1756,0.008984
1757,0.010721
1758,0.032795
1759,0.039738
1760,0.047121
1761,0.044523
1762,0.043731
1763,0.044642
1764,0.03533
1765,0.018476
1766,0.024609
1767,0.003922
1768,0.003593
1769,0.007237
1770,0.016236
1771,0.011591
1772,0.021283
1773,0.029734
1774,0.025607
1775,0.031919
1776,0.018597
1777,0.008998
1778,0.01205
1779,0.007396
1780,0.006854
1781,0.00605
1782,0.047369
1783,0.010544
1784,0.010233
1785,0.006704
1786,0.006716
1787,0.006528
1788,0.022963
1789,0.015372
1790,0.013263
1791,0.004537
1792,0.008137
1793,0.011542
1794,0.012987
1795,0.016925
1796,0.028016
1797,0.037178
1798,0.043754
1799,0.032893
1800,0.03279
1801,0.008111
1802,0.022322
1803,0.038216
1804,0.039832
1805,0.022018
1806,0.023427
1807,0.016082
1808,0.01181
1809,0.011631
1810,0.010537
1811,0.010366
1812,0.019347
1813,0.026149
1814,0.042133
1815,0.03981
1816,0.07058
1817,0.061025
1818,0.075217
1819,0.014874
1820,0
1821,0
1822,0
1823,0
1824,0
1825,0
1826,0
1827,0
1828,0
1829,0
1830,0
1831,0.766899
1832,0.403501
1833,0.65377
1834,0.305098
1835,0.153394
1836,0.179039
1837,0.184867
1838,0
1839,0
1840,0.01184
1841,0
1842,0.016884
1843,0
1844,0
1845,0
1846,0.030105
1847,0
1848,0
1849,0
1850,0.037035
1851,0.063408
1852,0.060133
1853,0.014182
1854,0.006949
1855,0.037748
1856,0.01735
1857,0.005907
1858,0.013658
1859,0.060088
1860,0.050847
1861,0.097188
1862,0.099141
1863,0.28925
1864,0.205369
1865,0.091511
1866,0.081422
1867,0.023912
1868,0.01054
1869,0.026561
1870,0.022467
1871,0.048955
1872,0.031217
1873,0.020176
1874,0.001333
1875,0.001153
1876,0.00659
1877,0.036808
1878,0.015679
1879,0.058632
1880,0.07566
1881,0.003374
1882,0.000587
1883,0.083226
1884,0.785755
1885,0.891683
1886,0.893086
1887,0.934252
1888,0.872687
1889,0.968883
1890,0.951278
1891,0.97075
1892,0.960256
1893,0.96714
1894,0.975445
1895,0.972862
1896,0.979209
1897,0.983763
1898,0.981199
1899,0.983619
1900,0.988359
1901,0.973448
1902,0.987108
1903,0.987862
1904,0.979378
1905,0.968213
1906,0.985853
1907,0.9802
1908,0.974538
1909,0.802839
1910,0.119491
1911,0.074198
1912,0.072972
1913,0.065262
1914,0.014443
1915,0.014565
1916,0.028686
1917,0.006082
1918,0.004876
1919,0.002934
1920,0.004207
1921,0.00248
1922,0.007
1923,0.021431
1924,0.125141
1925,0.025601
1926,0.008533
1927,0.000929
1928,0.000773
1929,0.050774
1930,0.002195
1931,0.011988
1932,0.093733
1933,0.066757
1934,0
1935,0
1936,0
1937,0
1938,0
1939,0
1940,0
1941,0
1942,0.004222
1943,0.002071
1944,0.002667
1945,0.00094
1946,0.000897
1947,0.001141
1948,0.000415
1949,0.000598
1950,0.002679
1951,0.002586
1952,0.006735
1953,0.005284
1954,0.004832
1955,0.004892
1956,0.00276
1957,0.002377
1958,0.001008
1959,0.000944
1960,0.001835
1961,0
1962,0
1963,0
1964,0
1965,0
1966,0
1967,0
1968,0.000554
1969,0
1970,0
1971,0.000787
1972,0.000732
1973,0.00066
1974,0.000766
1975,0.001038
1976,0.00155
1977,0.002185
1978,0.003757
1979,0
1980,0
1981,0
1982,0.002849
1983,0.004043
1984,0.01117
1985,0.021501
1986,0.022336
1987,0.008339
1988,0.006507
1989,0.005634
1990,0.002875
1991,0.001285
1992,0.003428
1993,0.001817
1994,0.003169
1995,0.009077
1996,0.015386
1997,0.669514
1998,0.891163
1999,0.777943
2000,0.889872
2001,0.543935
2002,0.891674
2003,0.913003
2004,0.870834
2005,0.930782
2006,0.92538
2007,0.951768
2008,0.937743
2009,0.934191
2010,0.941521
2011,0.93412
2012,0.950072
2013,0.952669
2014,0.949682
2015,0.944746
2016,0.942576
2017,0.92941
2018,0.940343
2019,0.944098
2020,0.114456
2021,0.028962
2022,0.031968
2023,0.009062
2024,0.008501
2025,0.028907
2026,0.001756
2027,0.001307
2028,0.000203
2029,0.000546
2030,0.000595
2031,0.000704
2032,0.003983
2033,0.006305
2034,0.018712
2035,0.011222
2036,0.010597
2037,0
2038,0.025017
2039,0.018941
2040,0.023228
2041,0.010969
2042,0.010907
2043,0.003883
2044,0.001996
2045,0.033289
2046,0.000512
2047,0.000241
2048,0.000112
2049,0.15717
2050,0.631407
2051,0.960072
2052,0.97556
2053,0.962548
2054,0.885384
2055,0.914163
2056,0.946103
2057,0.791973
2058,0.710048
2059,0.900275
2060,0.961893
2061,0.979419
2062,0.975789
2063,0.956666
2064,0.96453
2065,0.892657
2066,0.9081
2067,0.886703
2068,0.932127
2069,0.918951
2070,0.901241
2071,0.879694
2072,0.809949
2073,0.85192
2074,0.866627
2075,0.835242
2076,0.836982
2077,0.697782
2078,0.715634
2079,0.743946
2080,0.87547
2081,0.848095
2082,0.838198
2083,0.860452
2084,0.867265
2085,0.40255
2086,0.011435
2087,0.014093
2088,0.001914
2089,0.017071
2090,0.944345
2091,0.008171
2092,0.001999
2093,0.012572
2094,0.032679
2095,0.000332
2096,0.000834
2097,0.001542
2098,0.00406
2099,0.002428
2100,0.015141
2101,0.053587
2102,0.069303
2103,0.141623
2104,0
2105,0
2106,0
2107,0
2108,0
2109,0
2110,0
2111,0.042131
2112,0.043024
2113,0.028344
2114,0.053473
2115,0.001023
2116,0.001187
2117,0.000748
2118,0.000663
2119,0.000331
2120,0.000703
2121,0.000861
2122,0.000747
2123,0.001118
2124,0.002519
2125,0.002548
2126,0.028166
2127,0.019211
2128,0.021752
2129,0.036097
2130,0.054731
2131,0.069596
2132,0
2133,0
2134,0
2135,0
2136,0
2137,0
2138,0
2139,0
2140,0
2141,0
2142,0
2143,0
2144,0
2145,0
2146,0
2147,0.029049
2148,0.019131
2149,0.020795
2150,0
2151,0.040881
2152,0.001505
2153,0.188348
2154,0.68693
2155,0.745744
2156,0.771692
2157,0.782361
2158,0.855196
2159,0.871933
2160,0.940691
2161,0.951158
2162,0.942992
2163,0.906076
2164,0.91604
2165,0.400324
2166,0.241313
2167,0.092356
2168,0.01781
2169,0.033892
2170,0.023346
2171,0.00656
2172,0.003684
2173,0.011172
2174,0.063765
2175,0.015858
2176,0.028194
2177,0.01002
2178,0.004316
2179,0.003584
2180,0.006234
2181,0.004478
2182,0.001874
2183,0.001635
2184,0.001988
2185,0.001107
2186,0.001834
2187,0.001877
2188,0.002427
2189,0.003158
2190,0.002739
2191,0.001397
2192,0.001483
2193,0.001301
2194,0.001099
2195,0.001447
2196,0.003898
2197,0.001346
2198,0.012452
2199,0.001988
2200,0.011091
2201,0.21203
2202,0.245365
2203,0.287224
2204,0.199615
2205,0.122994
2206,0.107266
2207,0
2208,0
2209,0
2210,0
2211,0.004564
2212,0.03603
2213,0.009879
2214,0.019241
2215,0.042887
2216,0.091947
2217,0.16657
2218,0.314341
2219,0.279686
2220,0.256812
2221,0.075039
2222,0.0495
2223,0.011737
2224,0.005998
2225,0
2226,0
2227,0
2228,0
2229,0
2230,0
2231,0
2232,0.103966
2233,0.086611
2234,0
2235,0
2236,0
2237,0
2238,0
2239,0
2240,0.00868
2241,0
2242,0.012951
2243,0
2244,0
2245,0
2246,0
2247,0
2248,0.020112
2249,0.038417
2250,0.434696
2251,0.840182
2252,0.911619
2253,0.932918
2254,0.95767
2255,0.98011
2256,0.985311
2257,0.988826
2258,0.991174
2259,0.872184
2260,0.076422
2261,0.008456
2262,0.002076
2263,0.000931
2264,0.001024
2265,0.00054
2266,0.002552
2267,0.001697
2268,0.019454
2269,0.058821
2270,0.130319
2271,0.57376
2272,0.635471
2273,0.082114
2274,0.086817
2275,0.053477
2276,0.036715
2277,0.039324
2278,0.070117
2279,0.090145
2280,0.118244
2281,0.075616
2282,0.10027
2283,0.082094
2284,0.053574
2285,0.040835
2286,0.042642
2287,0.059433
2288,0.08776
2289,0.031571
2290,0.054992
2291,0.086236
2292,0.146766
2293,0.024871
2294,0.016903
2295,0.023036
2296,0.028015
2297,0.007171
2298,0.005653
2299,0.011961
2300,0.004699
2301,0.003685
2302,0.004103
2303,0.008154
2304,0.01083
2305,0.009133
2306,0.005821
2307,0.009868
2308,0.015864
2309,0.03478
2310,0.126337
2311,0.100487
2312,0.14582
2313,0.092836
2314,0.063793
2315,0.048769
2316,0.069509
2317,0.060771
2318,0.038609
2319,0.034232
2320,0.036591
2321,0.035151
2322,0.039079
2323,0.053422
2324,0.045519
2325,0.04317
2326,0.042377
2327,0.031395
2328,0.051857
2329,0.075254
2330,0.052554
2331,0.079669
2332,0.095089
2333,0.085317
2334,0.101585
2335,0.071713
2336,0.068996
2337,0.07816
2338,0.044667
2339,0.047799
2340,0.054401
2341,0.013271
2342,0.013493
2343,0.006924
2344,0.006972
2345,0.004027
2346,0.006713
2347,0.009756
2348,0.013643
2349,0.008838
2350,0.070145
2351,0.112738
2352,0.055795
2353,0.049478
2354,0.057939
2355,0.057192
2356,0.051103
2357,0.052294
2358,0.048421
2359,0.063609
2360,0.045259
2361,0.046404
2362,0.028773
2363,0.03255
2364,0.027578
2365,0.046466
2366,0.024518
2367,0.0112
2368,0.016031
2369,0.019484
2370,0.013955
2371,0.016222
2372,0.027158
2373,0.028115
2374,0.022807
2375,0.030475
2376,0.010345
2377,0.014372
2378,0.018953
2379,0.050966
2380,0.103822
2381,0.035004
2382,0.058235
2383,0.06518
2384,0.04122
2385,0.039107
2386,0.036068
2387,0.045029
2388,0.104278
2389,0.110738
2390,0.224799
2391,0.318751
2392,0.219814
2393,0.073409
2394,0.005207
2395,0.002468
2396,0.006914
2397,0.030968
2398,0.042916
2399,0.010156
2400,0
2401,0
2402,0.004938
2403,0.002655
2404,0.00476
2405,0.136571
2406,0
2407,0
2408,0.109172
2409,0.662301
2410,0.893812
2411,0.575555
2412,0.890159
2413,0.941974
2414,0.969822
2415,0.950184
2416,0.95391
2417,0.925987
2418,0.893267
2419,0.788292
2420,0.867138
2421,0.872232
2422,0.924278
2423,0.934691
2424,0.420789
2425,0.281316
2426,0.323397
2427,0.100612
2428,0.063106
2429,0.049657
2430,0.250843
2431,0.015863
2432,0.009526
2433,0.063988
2434,0.184291
2435,0.051728
2436,0.025691
2437,0.040693
2438,0.201095
2439,0.225566
2440,0.231614
2441,0.159801
2442,0.185153
2443,0.097484
2444,0
2445,0
2446,0.018444
2447,0.009356
2448,0
2449,0
2450,0
2451,0.174593
2452,0.328498
2453,0.336514
2454,0.165771
2455,0.163467
2456,0.099852
2457,0.136741
2458,0.144988
2459,0.022281
2460,0.025965
2461,0.025035
2462,0.012559
2463,0.024519
2464,0.033678
2465,0.010209
2466,0.018308
2467,0.030597
2468,0.013083
2469,0.004536
2470,0.00698
2471,0.004541
2472,0.00334
2473,0.002601
2474,0.001456
2475,0.00146
2476,0.009567
2477,0.006561
2478,0.014026
2479,0.012077
2480,0.019282
2481,0.012219
2482,0.009635
2483,0.007577
2484,0.013188
2485,0.010044
2486,0.006663
2487,0.003807
2488,0.00252
2489,0.002976
2490,0.003417
2491,0.007408
2492,0.003345
2493,0.002834
2494,0.0021
2495,0.001922
2496,0.002676
2497,0.001118
2498,0
2499,0.00111
2500,0.002484
2501,0.001647
2502,0.002015
2503,0.001111
2504,0.001422
2505,0.000584
2506,0.000588
2507,0.001142
2508,0.000224
2509,0.000286
2510,0.000304
2511,0.00037
2512,0.00048
2513,0.000595
2514,0.000648
2515,0.000526
2516,0.00085
2517,0.000789
2518,0.001098
2519,0.00067
2520,0.000894
2521,0.000901
2522,0.000747
2523,0.001119
2524,0.000707
2525,0.000798
2526,0.001358
2527,0.000797
2528,0.000728
2529,0.001107
2530,0.000491
2531,0.001012
2532,0.000436
2533,0.001377
2534,0.001963
2535,0.002035
2536,0.003788
2537,0.003578
2538,0.002198
2539,0.001208
2540,0.004664
2541,0.002646
2542,0.004321
2543,0.001864
2544,0.001521
2545,0.000268
2546,0.000151
2547,0.000204
2548,0.000261
2549,0.000228
2550,0.000221
2551,0.000291
2552,0.000529
2553,0.000389
2554,0.000906
2555,0.000611
2556,0.000862
2557,0.000227
2558,0.000321
2559,0.000506
2560,0.000208
2561,0.000294
2562,0.000296
2563,0.000512
2564,0.00099
2565,0.002118
2566,0.000667
2567,0.001579
2568,0.002397
2569,0.001165
2570,0.001561
2571,0.001973
2572,0.003789
2573,0.009859
2574,0.010373
2575,0.016624
2576,0.014372
2577,0.040245
2578,0
2579,0
2580,0
2581,0
2582,0
2583,0
2584,0.006191
2585,0.003047
2586,0.006022
2587,0.007747
2588,0.002284
2589,0.000952
2590,0
2591,0.00033
2592,0
2593,0
2594,0
2595,0
2596,0
2597,0
2598,0.00092
2599,0.000671
2600,0
2601,0.000779
2602,0.00176
2603,0
2604,0.001965
2605,0
2606,0.000903
2607,0
2608,0.000426
2609,0.000335
2610,0.000362
2611,0.000449
2612,0
2613,0
2614,0
2615,0
2616,0
2617,0
2618,0
2619,0
2620,0
2621,0
2622,0
2623,0
2624,0
2625,0
2626,0
2627,0
2628,0
2629,0
2630,0
2631,0
2632,0
2633,0
2634,0
2635,0
2636,0
2637,0
2638,0
2639,0
2640,0
2641,0
2642,0
2643,0
2644,0.000209
2645,0.000231
2646,0.00015
2647,0.000143
2648,0.000174
2649,0.000161
2650,0.00027
2651,0.00017
2652,0.000167
2653,0.000114
2654,0.000131
2655,0.000175
2656,0.000238
2657,9.7e-05
2658,0
2659,0
2660,0
2661,0
2662,0
2663,0
2664,0
2665,0
2666,0
2667,0
2668,6.6e-05
2669,6.5e-05
2670,6.4e-05
2671,8.1e-05
2672,6.4e-05
2673,4.1e-05
2674,4.9e-05
2675,5.3e-05
2676,3.8e-05
2677,0
2678,0
2679,0
2680,0
2681,0
2682,0
2683,1.6e-05
2684,3.2e-05
2685,1.7e-05
2686,0
2687,0
2688,1.6e-05
2689,1.3e-05
2690,1.2e-05
2691,1.3e-05
2692,1.2e-05
2693,1e-05
2694,1.1e-05
2695,0
2696,0
2697,0
2698,0
2699,0
2700,0
2701,0
2702,0
2703,0
2704,0
2705,0
2706,0
2707,0
2708,0.000248
2709,0.000228
2710,0.001887
2711,0.005226
2712,0.003006
2713,0.154912
2714,0.001823
2715,0.001158
2716,0.000559
2717,0.001162
2718,0.002384
2719,0.001615
2720,0.00226
2721,0.002108
2722,0.005422
2723,0.00828
2724,0.019791
2725,0.04334
2726,0.026813
2727,0.017629
2728,0.008534
2729,0.010427
2730,0.01663
2731,0.01703
2732,0.015667
2733,0.015123
2734,0.01626
2735,0.022874
2736,0.052657
2737,0.195899
2738,0.027006
2739,0.017853
2740,0.151288
2741,0.0857
2742,0.002748
2743,0.000605
2744,0.002365
2745,0.004407
2746,0.013034
2747,0.005478
2748,0.006957
2749,0.001847
2750,0.001088
2751,0.001325
2752,0.004448
2753,0.009651
2754,0.006058
2755,0.004564
2756,0.001936
2757,0.000411
2758,0.00599
2759,0.010628
2760,0.010408
2761,0.01094
2762,0.015528
2763,0.074753
2764,0.076211
2765,0.245484
2766,0.275955
2767,0.060203
2768,0.054965
2769,0.080006
2770,0.177725
2771,0.120049
2772,0.151736
2773,0.05026
2774,0.016525
2775,0.014529
2776,0.01214
2777,0.00502
2778,0.007128
2779,0.004003
2780,0.00686
2781,0.01099
2782,0.002163
2783,0.005818
2784,0.004656
2785,0.008279
2786,0.01139
2787,0.00735
2788,0.008401
2789,0.019541
2790,0.011659
2791,0.007822
2792,0.028399
2793,0.006155
2794,0.003608
2795,0.003398
2796,0.000867
2797,0.003732
2798,0.002965
2799,0.001019
2800,0.015099
2801,0.013471
2802,0.006414
2803,0.015214
2804,0.003528
2805,0.003379
2806,0.003605
2807,0.002992
2808,0.004191
2809,0.003731
2810,0.006564
2811,0.003194
2812,0.069451
2813,0.506593
2814,0.432067
2815,0.763429
2816,0.902437
2817,0.894624
2818,0.852841
2819,0.769702
2820,0.672806
2821,0.820707
2822,0.753015
2823,0.359387
2824,0.118038
2825,0.034521
2826,0.017107
2827,0.019235
2828,0.03513
2829,0.017672
2830,0.040635
2831,0.044864
2832,0.046751
2833,0.062937
2834,0.150483
2835,0.20088
2836,0.074223
2837,0.092763
2838,0.167028
2839,0.101349
2840,0.334876
2841,0.369445
2842,0.380745
2843,0.420936
2844,0.435231
2845,0.422142
2846,0.27962
2847,0.234151
2848,0.246639
2849,0.261978
2850,0.268089
2851,0.286081
2852,0.070499
2853,0.078291
2854,0.048997
2855,0.069598
2856,0.056453
2857,0.04118
2858,0.097492
2859,0.155238
2860,0.008548
2861,0.01015
2862,0.029595
2863,0.022482
2864,0.188737
2865,0.34528
2866,0.381889
2867,0.482331
2868,0.493631
2869,0.440689
2870,0.504904
2871,0.319682
2872,0.126204
2873,0.012102
2874,0.583595
2875,0.261716
2876,0.554287
2877,0.890088
2878,0.92318
2879,0.919201
2880,0.960556
2881,0.945705
2882,0.922662
2883,0.89162
2884,0.835711
2885,0.931143
2886,0.912616
2887,0.928212
2888,0.944824
2889,0.89142
2890,0.920988
2891,0.937351
2892,0.946867
2893,0.922499
2894,0.917449
2895,0.916595
2896,0.877019
2897,0.736882
2898,0.047588
2899,0.012328
2900,0.112231
2901,0.128903
2902,0.134145
2903,0.150869
2904,0.188247
2905,0.066323
2906,0.073244
2907,0.063583
2908,0.069449
2909,0.01573
2910,0.004101
2911,0.002218
2912,0.004738
2913,0.009609
2914,0.017554
2915,0.022123
2916,0.01803
2917,0.030878
2918,0.01801
2919,0.02666
2920,0.004635
2921,0.00069
2922,0.002164
2923,0.007022
2924,0.018974
2925,0.010008
2926,0.105199
2927,0.021182
2928,0.030368
2929,0.008649
2930,0.014585
2931,0.044749
2932,0.056643
2933,0.004369
2934,0.009696
2935,0.00459
2936,0.04212
2937,0.066707
2938,0.01802
2939,0.030761
2940,0.018405
2941,0.031823
2942,0.021041
2943,0.000798
2944,0.00031
2945,2e-05
2946,0.00024
2947,9.6e-05
2948,0.000407
2949,0.000513
2950,0.000156
2951,0.000257
2952,0.000101
2953,8.8e-05
2954,4.2e-05
2955,2.9e-05
2956,6.3e-05
2957,6.1e-05
2958,0.000109
2959,0.000196
2960,0.000106
2961,2.8e-05
2962,4.8e-05
2963,3.8e-05
2964,2.8e-05
2965,0.000105
2966,0.00012
2967,0.000354
2968,0.000116
2969,3.6e-05
2970,1.2e-05
2971,1.1e-05
2972,1.4e-05
2973,5e-06
2974,7e-06
2975,2.1e-05
2976,3.3e-05
2977,2e-05
2978,1.8e-05
2979,8e-06
2980,7e-06
2981,1e-05
2982,3e-06
2983,3e-06
2984,9.1e-05
2985,7.5e-05
2986,4.9e-05
2987,5.7e-05
2988,9.9e-05
2989,5e-06
2990,7e-06
2991,1e-05
2992,0
2993,0
2994,1.4e-05
2995,2.1e-05
2996,0
2997,0
2998,0
2999,0
3000,0
3001,0
3002,0
3003,0.005573
3004,0
3005,0
3006,0.026481
3007,0.011067
3008,0.00692
3009,0
3010,0
3011,0
3012,0
3013,0.053857
3014,0.113825
3015,0.088355
3016,0
3017,0
3018,0
3019,0
3020,0
3021,0
3022,0
3023,0
3024,0
3025,0
3026,0
3027,0
3028,0
3029,0
3030,0
3031,0
3032,0
3033,0
3034,0
3035,0
3036,0.001424
3037,0.000807
3038,0.000762
3039,0
3040,0
3041,0.000647
3042,0.00282
3043,0.007831
3044,0.005193
3045,0.001329
3046,0.007513
3047,0.004109
3048,0.002042
3049,0.000351
3050,0
3051,0
3052,0
3053,0
3054,0
3055,0
3056,0
3057,0.892436
3058,0
3059,0.967997
3060,0.956334
3061,0.962927
3062,0.987942
3063,0.979584
3064,0.988403
3065,0.977754
3066,0.969229
3067,0.981175
3068,0.961249
3069,0.848131
3070,0.48468
3071,0.060355
3072,0.391072
3073,0.178142
3074,0.07752
3075,0.042054
3076,0.978504
3077,0.051716
3078,0.04883
3079,0.151144
3080,0.243384
3081,0.251303
3082,0.121269
3083,0.329683
3084,0.419646
3085,0.394055
3086,0.398373
3087,0.424241
3088,0.39682
3089,0.445422
3090,0.427034
3091,0.193887
3092,0.307017
3093,0.305808
3094,0.413015
3095,0.439411
3096,0.381531
3097,0.411812
3098,0.478412
3099,0.459431
3100,0.499117
3101,0.490869
3102,0.515387
3103,0.288109
3104,0.47772
3105,0.519599
3106,0.526997
3107,0.424099
3108,0.213328
3109,0.060751
3110,0.049868
3111,0.046875
3112,0.044984
3113,0.05537
3114,0.062055
3115,0.047791
3116,0.0926
3117,0.052495
3118,0.09675
3119,0.209862
3120,0.172923
3121,0.140899
3122,0.079257
3123,0.167621
3124,0
3125,0
3126,0
3127,0
3128,0
3129,0
3130,0
3131,0
3132,0
3133,0
3134,0
3135,0
3136,0
3137,0
3138,0
3139,0
3140,0
3141,0
3142,0
3143,0
3144,0
3145,0
3146,0
3147,0
3148,0
3149,0
3150,0
3151,0
3152,0
3153,0
3154,0
3155,0
3156,0
3157,0
3158,0
3159,0
3160,0
3161,0
3162,0
3163,0
3164,0.963672
3165,0.98001
3166,0.96656
3167,0.970628
3168,0.96831
3169,0.260653
3170,0.089744
3171,0.205724
3172,0.060412
3173,0.090869
3174,0.093818
3175,0.081276
3176,0.141938
3177,0.243573
3178,0.453543
3179,0
3180,0
3181,0
3182,0
3183,0
3184,0
3185,0
3186,0
3187,0
3188,0
3189,0.032409
3190,0.033377
3191,0.092964
3192,0.095306
3193,0.013683
3194,0.017799
3195,0.016461
3196,0.003945
3197,0.00543
3198,0.006174
3199,0.009348
3200,0.006282
3201,0.003661
3202,0.009961
3203,0.003851
3204,0.002661
3205,0.001751
3206,0.002194
3207,0.004845
3208,0.002042
3209,0.003488
3210,0.004874
3211,0.006198
3212,0.005258
3213,0.003966
3214,0.003855
3215,0.004773
3216,0.0027
3217,0.005094
3218,0.006109
3219,0.003833
3220,0.005835
3221,0.003861
3222,0.003941
3223,0.014937
3224,0.008486
3225,0.007529
3226,0.006553
3227,0.008161
3228,0.007767
3229,0.001013
3230,0.002425
3231,0.001822
3232,0.004265
3233,0.021364
3234,0.006959
3235,0.023178
3236,0.019059
3237,0.018533
3238,0.04512
3239,0.021493
3240,0.01537
3241,0.035731
3242,0.075191
3243,0.036097
3244,0.023348
3245,0.026537
3246,0.011151
3247,0.023347
3248,0.027966
3249,0.040682
3250,0.069302
3251,0.025062
3252,0.017172
3253,0.016108
3254,0.035693
3255,0.014322
3256,0.02335
3257,0.007596
3258,0.081589
3259,0.015488
3260,0.008797
3261,0.01019
3262,0.009304
3263,0.021623
3264,0.015965
3265,0.008984
3266,0.012204
3267,0.038516
3268,0.017284
3269,0.001648
3270,0.000932
3271,0.000599
3272,0.002319
3273,0.001071
3274,0.00079
3275,0.000587
3276,0.000367
3277,0.000396
3278,0.000342
3279,0.000558
3280,0.001071
3281,0.000683
3282,0.000448
3283,0.000624
3284,0.000519
3285,0.000764
3286,0.000495
3287,0.000743
3288,0.001063
3289,0.002243
3290,0.001808
3291,0.002053
3292,0.001976
3293,0.004738
3294,0.001212
3295,0.001159
3296,0.000677
3297,0.002701
3298,0.001875
3299,0.001996
3300,0.002651
3301,0.001171
3302,0.001352
3303,0.00089
3304,0.000952
3305,0.001803
3306,0.001435
3307,0.0023
3308,0.003529
3309,0.003104
3310,0.002278
3311,0
3312,0.003327
3313,0.000655
3314,0.001271
3315,0.000404
3316,0.000254
3317,0.000209
3318,0.000364
3319,0.00126
3320,0.000309
3321,2.6e-05
3322,6e-06
3323,3e-06
3324,1.2e-05
3325,0.000155
3326,8e-05
3327,0.001585
3328,0.000137
3329,0.001267
3330,0.000702
3331,0.000463
3332,0.000104
3333,9.1e-05
3334,0.000503
3335,0.000453
3336,0.001054
3337,0.000709
3338,0.000227
3339,0.000272
3340,0.000539
3341,0.000202
3342,0.000242
3343,6.3e-05
3344,0.000172
3345,0.00014
3346,9.6e-05
3347,0.000121
3348,0.000137
3349,0.00023
3350,0.000149
3351,0.00013
3352,0.000165
3353,8.5e-05
3354,9.1e-05
3355,0.000106
3356,0.000219
3357,0.000273
3358,0.000248
3359,0.000326
3360,0.000317
3361,0.000257
3362,0.000105
3363,0.000104
3364,9.3e-05
3365,5.3e-05
3366,4e-05
3367,7.4e-05
3368,0.000137
3369,0.000229
3370,0.000249
3371,0.000334
3372,0.0002
3373,0.000299
3374,0.000397
3375,0.000201
3376,0.000277
3377,0.000426
3378,0.000153
3379,0.000152
3380,0.000185
3381,0.000188
3382,0.000404
3383,0.000416
3384,0.000136
3385,3.3e-05
3386,5.7e-05
3387,3.9e-05
3388,4e-05
3389,3.2e-05
3390,4.6e-05
3391,0.000141
3392,7.5e-05
3393,8.7e-05
3394,9.6e-05
3395,8.8e-05
3396,8.3e-05
3397,8.8e-05
3398,0.000118
3399,0.000222
3400,0.000127
3401,0.000138
3402,0.000115
3403,0.000119
3404,0.00013
3405,7.1e-05
3406,6e-05
3407,4.9e-05
3408,4.1e-05
3409,2.5e-05
3410,2.9e-05
3411,1.8e-05
3412,1.4e-05
3413,1.2e-05
3414,1.5e-05
3415,1.5e-05
3416,2e-05
3417,2.5e-05
3418,4.8e-05
3419,5.4e-05
3420,6.3e-05
3421,5.5e-05
3422,5.4e-05
3423,4.7e-05
3424,4.6e-05
3425,3.9e-05
3426,4.4e-05
3427,3.8e-05
3428,6.9e-05
3429,6.6e-05
3430,6.1e-05
3431,0.000111
3432,0.000106
3433,6.3e-05
3434,6.3e-05
3435,2.6e-05
3436,2.1e-05
3437,1.6e-05
3438,1.8e-05
3439,2e-05
3440,1.7e-05
3441,2.4e-05
3442,3.1e-05
3443,3.8e-05
3444,4.2e-05
3445,3.7e-05
3446,3.6e-05
3447,3.4e-05
3448,3.1e-05
3449,1.5e-05
3450,1.6e-05
3451,1.3e-05
3452,1.6e-05
3453,1e-05
3454,1e-05
3455,1.5e-05
3456,1.5e-05
3457,2.6e-05
3458,2.7e-05
3459,2.4e-05
3460,2.5e-05
3461,2.8e-05
3462,3.4e-05
3463,3.1e-05
3464,2.6e-05
3465,1.6e-05
3466,1.5e-05
3467,1.1e-05
3468,1.3e-05
3469,1.3e-05
3470,1.2e-05
3471,1.1e-05
3472,1.3e-05
3473,1.2e-05
3474,1.3e-05
3475,8e-06
3476,8e-06
3477,2.2e-05
3478,0.000584
3479,0.000321
3480,0.000283
3481,0.000692
3482,6.4e-05
3483,2e-05
3484,1.8e-05
3485,1e-05
3486,1.1e-05
3487,2.5e-05
3488,0.000572
3489,0.001231
3490,6.5e-05
3491,2.8e-05
3492,2.8e-05
3493,1.8e-05
3494,3.8e-05
3495,6.2e-05
3496,4.5e-05
3497,3e-05
3498,9.5e-05
3499,3.7e-05
3500,3.8e-05
3501,0.000124
3502,0.000141
3503,6.5e-05
3504,2.3e-05
3505,1.9e-05
3506,1.6e-05
3507,1.6e-05
3508,3.2e-05
3509,3.2e-05
3510,2.4e-05
3511,2e-05
3512,2.9e-05
3513,3.1e-05
3514,1.7e-05
3515,1.2e-05
3516,1.5e-05
3517,2.6e-05
3518,4.5e-05
3519,5.7e-05
3520,3.3e-05
3521,3e-05
3522,2.6e-05
3523,2.2e-05
3524,1.7e-05
3525,1.5e-05
3526,1.8e-05
3527,5e-06
3528,4e-06
3529,6e-06
3530,3e-05
3531,2.5e-05
3532,2.1e-05
3533,1.5e-05
3534,1.5e-05
3535,2.1e-05
3536,2.1e-05
3537,1.2e-05
3538,1.5e-05
3539,1.1e-05
3540,1e-05
3541,1.6e-05
3542,4e-06
3543,2e-06
3544,1e-06
3545,1e-06
3546,3e-06
3547,4e-06
3548,2e-06
3549,1e-06
3550,1e-06
3551,2e-06
3552,7e-06
3553,8e-06
3554,1.1e-05
3555,1.7e-05
3556,1.4e-05
3557,2.3e-05
3558,2.6e-05
3559,3.3e-05
3560,2.8e-05
3561,2.2e-05
3562,2.4e-05
3563,4.3e-05
3564,7.1e-05
3565,3e-05
3566,3.6e-05
3567,7.3e-05
3568,0.000131
3569,0.000133
3570,6.6e-05
3571,6.1e-05
3572,4.7e-05
3573,3.7e-05
3574,3.1e-05
3575,2.3e-05
3576,2e-05
3577,3.4e-05
3578,3.9e-05
3579,3.6e-05
3580,6.1e-05
3581,5.9e-05
3582,3.8e-05
3583,2.5e-05
3584,3.6e-05
3585,4e-05
3586,4e-05
3587,4.2e-05
3588,2.6e-05
3589,1.8e-05
3590,1.5e-05
3591,1e-05
3592,7e-06
3593,1.1e-05
3594,7e-06
3595,1.2e-05
3596,2.6e-05
3597,7.1e-05
3598,8.5e-05
3599,0.000145
3600,8.6e-05
3601,0.000168
3602,0.000429
3603,0.000117
3604,8.9e-05
3605,1.6e-05
3606,1.8e-05
3607,2.1e-05
3608,1.6e-05
3609,2.5e-05
3610,4e-05
3611,2.8e-05
3612,5.1e-05
3613,0.000106
3614,0.000105
3615,7.2e-05
3616,0.000123
3617,0.000299
3618,0.000476
3619,0.00018
3620,0.000198
3621,0.000216
3622,0.000136
3623,0.000133
3624,0.000254
3625,0.00015
3626,0.000165
3627,0.000171
3628,0.000268
3629,0.000298
3630,0.00016
3631,0.000269
3632,0.000106
3633,0.000119
3634,0.00013
3635,0.000105
3636,7.7e-05
3637,3.7e-05
3638,5e-05
3639,2.6e-05
3640,3.6e-05
3641,6.3e-05
3642,0.000103
3643,0.000145
3644,4.3e-05
3645,2.7e-05
3646,1.9e-05
3647,1.5e-05
3648,1.4e-05
3649,3.4e-05
3650,3.5e-05
3651,4.6e-05
3652,8e-05
3653,0.000144
3654,0.000286
3655,8.9e-05
3656,4.5e-05
3657,6.5e-05
3658,7.3e-05
3659,7.6e-05
3660,4e-05
3661,0.00013
3662,0.000184
3663,0.000203
3664,0.000192
3665,0.000229
3666,0.000229
3667,0.000248
3668,0.000221
3669,0.00034
3670,0.000267
3671,0.000112
3672,7.2e-05
3673,3.7e-05
3674,5.5e-05
3675,8.2e-05
3676,0.000109
3677,0.000109
3678,8.2e-05
3679,0.000109
3680,0.000129
3681,0.000183
3682,0.000325
3683,0.000173
3684,0.000119
3685,0.000265
3686,9.8e-05
3687,6.9e-05
3688,4.9e-05
3689,8.8e-05
3690,0.000307
3691,0.000401
3692,0.0004
3693,0.000899
3694,0.000516
3695,0.000359
3696,0.000358
3697,0.000293
3698,0.000232
3699,0.000223
3700,0.000342
3701,0.000284
3702,0.000176
3703,0.000115
3704,0.000117
3705,8e-05
3706,0.000143
3707,8.3e-05
3708,7.8e-05
3709,4.7e-05
3710,5.9e-05
3711,0.000278
3712,0.000879
3713,0.000217
3714,6e-05
3715,3.9e-05
3716,5.1e-05
3717,5.7e-05
3718,3.2e-05
3719,1.9e-05
3720,2e-05
3721,7e-06
3722,1e-06
3723,1e-06
3724,1e-06
3725,5e-06
3726,3.4e-05
3727,0.000148
3728,0.000271
3729,0.002786
3730,0.001609
3731,0.00734
3732,0.008388
3733,0.028217
3734,0.074809
3735,0.006322
3736,0.001373
3737,0.000557
3738,0.00028
3739,0.000421
3740,0.002526
3741,0.003412
3742,0.003714
3743,0.005535
3744,0.008758
3745,0.001259
3746,0.003438
3747,0.000164
3748,6.9e-05
3749,8e-06
3750,0.000479
3751,0.020373
3752,0.263677
3753,0.61102
3754,0.668533
3755,0.763543
3756,0.856144
3757,0.852242
3758,0.900744
3759,0.777564
3760,0.830217
3761,0.83634
3762,0.711045
3763,0.712495
3764,0.598405
3765,0.646697
3766,0.745006
3767,0.82005
3768,0.88292
3769,0.783821
3770,0.671142
3771,0.682731
3772,0.390133
3773,0.031172
3774,0.054741
3775,0.001757
3776,0.002382
3777,0.004761
3778,0.00513
3779,0.01063
3780,0.088923
3781,0.0915
3782,0.328571
3783,0.55782
3784,0.600698
3785,0.455372
3786,0.526616
3787,0.563788
3788,0.676214
3789,0.728754
3790,0.639879
3791,0.485589
3792,0.166548
3793,0.128969
3794,0.246986
3795,0.22752
3796,0.148259
3797,0.086317
3798,0.057848
3799,0.056679
3800,0.069956
3801,0.074137
3802,0.069861
3803,0.050977
3804,0.059997
3805,0.040218
3806,0.038494
3807,0.070088
3808,0.154298
3809,0.221477
3810,0.659749
3811,0.547308
3812,0.556467
3813,0.950804
3814,0.972095
3815,0.943502
3816,0.960425
3817,0.975304
3818,0.971269
3819,0.964743
3820,0.964537
3821,0.971455
3822,0.969383
3823,0.976653
3824,0.981171
3825,0.980322
3826,0.985217
3827,0.982249
3828,0.989599
3829,0.989144
3830,0.987436
3831,0.984492
3832,0.970165
3833,0.960386
3834,0.96694
3835,0.954275
3836,0.948465
3837,0.938527
3838,0.219444
3839,0.05209
3840,0.040885
3841,0.051381
3842,0.054824
3843,0.090101
3844,0.193703
3845,0.051173
3846,0.101295
3847,0.103562
3848,0.06538
3849,0.058174
3850,0.076692
3851,0.113971
3852,0.101323
3853,0.263882
3854,0.20641
3855,0.101053
3856,0.018535
3857,0.014312
3858,0.008201
3859,0.006697
3860,0.003763
3861,0.002973
3862,0.036964
3863,0.051518
3864,0.047254
3865,0.014373
3866,0.013427
3867,0.02647
3868,0.069462
3869,0.042502
3870,0.064044
3871,0.079353
3872,0.047669
3873,0.02408
3874,0.012223
3875,0.012687
3876,0.015616
3877,0.038928
3878,0.049728
3879,0.052294
3880,0.038897
3881,0.020422
3882,0.017591
3883,0.019179
3884,0.026486
3885,0.022655
3886,0.055957
3887,0.015791
3888,0.011525
3889,0.031786
3890,0.009988
3891,0.020909
3892,0.039642
3893,0.03338
3894,0.01786
3895,0.004592
3896,0.001256
3897,0.000469
3898,0.000376
3899,0.000465
3900,0.000447
3901,0.000213
3902,0.000259
3903,0.000277
3904,0.000332
3905,0.000492
3906,0.003435
3907,0.002845
3908,0.008062
3909,0.003413
3910,0.003745
3911,0.001681
3912,0.000659
3913,0.00253
3914,0.003001
3915,0.002658
3916,0.00266
3917,0.003527
3918,0.007876
3919,0.008212
3920,0.006769
3921,0.004111
3922,0.002983
3923,0.006607
3924,0.004705
3925,0.005193
3926,0.008355
3927,0.005732
3928,0.005879
3929,0.006393
3930,0.006977
3931,0.007361
3932,0.01172
3933,0.007896
3934,0.00674
3935,0.005671
3936,0.005152
3937,0.0018
3938,0.001848
3939,0.003103
3940,0.002168
3941,0.003282
3942,0.002305
3943,0.003329
3944,0.006237
3945,0.008648
3946,0.005593
3947,0.002897
3948,0.004898
3949,0.018459
3950,0.024466
3951,0.012154
3952,0.004734
3953,0.002507
3954,0.001534
3955,0.000171
3956,4.3e-05
3957,0.000144
3958,0.000302
3959,0.00057
3960,0.000431
3961,0.000594
3962,0.000215
3963,0.000113
3964,0.000122
3965,4.5e-05
3966,3.8e-05
3967,6.2e-05
3968,9e-05
3969,6.2e-05
3970,4.2e-05
3971,0.000122
3972,7e-05
3973,4.7e-05
3974,6.4e-05
3975,5.3e-05
3976,8.3e-05
3977,0.000108
3978,5.2e-05
3979,7.1e-05
3980,0.000126
3981,6.9e-05
3982,0.000131
3983,0.000109
3984,0.00016
3985,0.000101
3986,8.2e-05
3987,0.000175
3988,0.000335
3989,0.000736
3990,0.000549
3991,0.000595
3992,0.000352
3993,0.000402
3994,0.000324
3995,0.0003
3996,0.000217
3997,9.7e-05
3998,5.2e-05
3999,5e-05
4000,7.5e-05
4001,6.7e-05
4002,8.9e-05
4003,5.2e-05
4004,3.6e-05
4005,9e-06
4006,1.3e-05
4007,7e-06
4008,1e-05
4009,4e-06
4010,6e-06
4011,1.1e-05
4012,2.1e-05
4013,1.8e-05
4014,1.9e-05
4015,7e-06
4016,9e-06
4017,1.1e-05
4018,5.2e-05
4019,4.1e-05
4020,2.7e-05
4021,4.2e-05
4022,3.6e-05
4023,4.4e-05
4024,7.4e-05
4025,9e-05
4026,8.5e-05
4027,9.9e-05
4028,0.000101
4029,9.8e-05
4030,6.8e-05
4031,0.000112
4032,0.000117
4033,3.8e-05
4034,3.4e-05
4035,3.5e-05
4036,3.6e-05
4037,2.6e-05
4038,4.3e-05
4039,4.5e-05
4040,3.3e-05
4041,2.8e-05
4042,4.7e-05
4043,3.8e-05
4044,4.7e-05
4045,2.3e-05
4046,2.2e-05
4047,4.1e-05
4048,6.1e-05
4049,2.4e-05
4050,2.2e-05
4051,1.7e-05
4052,1.2e-05
4053,9e-06
4054,2.1e-05
4055,4.9e-05
4056,2.9e-05
4057,2.4e-05
4058,2.9e-05
4059,1.7e-05
4060,1.7e-05
4061,2.1e-05
4062,2.3e-05
4063,3.3e-05
4064,2.3e-05
4065,2e-05
4066,1.5e-05
4067,1.4e-05
4068,1.4e-05
4069,1.2e-05
4070,9e-06
4071,7e-06
4072,7e-06
4073,1e-05
4074,1.1e-05
4075,1.1e-05
4076,8e-06
4077,8e-06
4078,9e-06
4079,9e-06
4080,1.1e-05
4081,2.7e-05
4082,2.5e-05
4083,1.8e-05
4084,1.9e-05
4085,1.4e-05
4086,1.3e-05
4087,1.2e-05
4088,1.4e-05
4089,1.1e-05
4090,9e-06
4091,1e-05
4092,1.1e-05
4093,7e-06
4094,6e-06
4095,8e-06
4096,7e-06
4097,9e-06
4098,8e-06
4099,1e-05
4100,8e-06
4101,9e-06
4102,8e-06
4103,7e-06
4104,4e-06
4105,4e-06
4106,3e-06
4107,4e-06
4108,4e-06
4109,4e-06
4110,4e-06
4111,4e-06
4112,3e-06
4113,3e-06
4114,4e-06
4115,5e-06
4116,4e-06
4117,3e-06
4118,4e-06
4119,3e-06
4120,4e-06
4121,4e-06
4122,5e-06
4123,5e-06
4124,5e-06
4125,4e-06
4126,5e-06
4127,4e-06
4128,5e-06
4129,8e-06
4130,1.3e-05
4131,1.1e-05
4132,1.9e-05
4133,1.5e-05
4134,1.9e-05
4135,1.2e-05
4136,1.1e-05
4137,1.6e-05
4138,1.3e-05
4139,1e-05
4140,5e-06
4141,3e-06
4142,2e-06
4143,2e-06
4144,3e-06
4145,3e-06
4146,3e-06
4147,3e-06
4148,3e-06
4149,8e-06
4150,1.1e-05
4151,9e-06
4152,8e-06
4153,5e-06
4154,4e-06
4155,4e-06
4156,4e-06
4157,4e-06
4158,4e-06
4159,4e-06
4160,3e-06
4161,4e-06
4162,2.2e-05
4163,2.5e-05
4164,3.1e-05
4165,4.4e-05
4166,6e-05
4167,5.8e-05
4168,4.4e-05
4169,5.3e-05
4170,7.5e-05
4171,8e-05
4172,5.8e-05
4173,5.4e-05
4174,5.4e-05
4175,6e-06
4176,6e-06
4177,2e-06
4178,2e-06
4179,3.8e-05
4180,2e-06
4181,1e-06
4182,1e-06
4183,1e-06
4184,1e-06
4185,2e-06
4186,3e-06
4187,2e-06
4188,5e-06
4189,5e-06
4190,8e-06
4191,6e-06
4192,6e-06
4193,1.2e-05
4194,1e-05
4195,6e-06
4196,5e-06
4197,6e-06
4198,7e-06
4199,6e-06
4200,6e-06
4201,6e-06
4202,4e-06
4203,6e-06
4204,6e-06
4205,3e-06
4206,4e-06
4207,4e-06
4208,8e-06
4209,1.4e-05
4210,3.8e-05
4211,3.8e-05
4212,5.7e-05
4213,3.1e-05
4214,3e-05
4215,2.6e-05
4216,1.6e-05
4217,1.3e-05
4218,7e-06
4219,6e-06
4220,5e-06
4221,6e-06
4222,1.2e-05
4223,1.8e-05
4224,1.2e-05
4225,1e-05
4226,1.4e-05
4227,1.4e-05
4228,1.4e-05
4229,7e-06
4230,6e-06
4231,9e-06
4232,1.2e-05
4233,1.3e-05
4234,1.1e-05
4235,1.1e-05
4236,1e-05
4237,1.9e-05
4238,1.2e-05
4239,1.3e-05
4240,1.7e-05
4241,2.8e-05
4242,2.3e-05
4243,3.5e-05
4244,2.4e-05
4245,1.9e-05
4246,1.6e-05
4247,2.2e-05
4248,3.1e-05
4249,3.5e-05
4250,3.4e-05
4251,7.3e-05
4252,5.6e-05
4253,4.6e-05
4254,5.2e-05
4255,5.3e-05
4256,5.2e-05
4257,4.8e-05
4258,4.1e-05
4259,2.7e-05
4260,4.1e-05
4261,4.4e-05
4262,4.8e-05
4263,5.8e-05
4264,8.5e-05
4265,7.2e-05
4266,4.7e-05
4267,5e-05
4268,3.4e-05
4269,5.1e-05
4270,6.4e-05
4271,5.8e-05
4272,4.4e-05
4273,2.1e-05
4274,2e-05
4275,2.1e-05
4276,2e-05
4277,2e-05
4278,1.9e-05
4279,2.6e-05
4280,2.3e-05
4281,3.4e-05
4282,3e-05
4283,2.2e-05
4284,2.5e-05
4285,3.9e-05
4286,5.4e-05
4287,6.6e-05
4288,9e-05
4289,0.000194
4290,0.000227
4291,0.000124
4292,7.8e-05
4293,7.7e-05
4294,4.9e-05
4295,4e-05
4296,3.3e-05
4297,3e-05
4298,1.7e-05
4299,1.3e-05
4300,1.3e-05
4301,1.6e-05
4302,1.5e-05
4303,1.3e-05
4304,1.3e-05
4305,1.4e-05
4306,1.8e-05
4307,1e-05
4308,1.2e-05
4309,2e-05
4310,2.3e-05
4311,2.3e-05
4312,2e-05
4313,1.3e-05
4314,1.3e-05
4315,1.3e-05
4316,1.3e-05
4317,2.7e-05
4318,2.9e-05
4319,1.2e-05
4320,5.9e-05
4321,0.007511
4322,0.35256
4323,0.051177
4324,0.837609
4325,0.850699
4326,0.892178
4327,0.851333
4328,0.845291
4329,0.756411
4330,0.733455
4331,0.726243
4332,0.60771
4333,0.103285
4334,0.129707
4335,0.131394
4336,0.355333
4337,0.27829
4338,0.221144
4339,0.05247
4340,0.198767
4341,0.124582
4342,0.256461
4343,0.274984
4344,0.202645
4345,0.370023
4346,0.119381
4347,0.097437
4348,0.075626
4349,0.127734
4350,0.126633
4351,0.211379
4352,0.292828
4353,0.261814
4354,0.157683
4355,0.225641
4356,0.075157
4357,0.014831
4358,0.015886
4359,0.009581
4360,0.008761
4361,0.01894
4362,0.027429
4363,0.090246
4364,0.210483
4365,0.333121
4366,0.324381
4367,0.23634
4368,0.197031
4369,0.114488
4370,0.212651
4371,0.399432
4372,0.390972
4373,0.438163
4374,0.399848
4375,0.344844
4376,0.410863
4377,0.09349
4378,0.10353
4379,0.155654
4380,0.222512
4381,0.184504
4382,0.186665
4383,0.120424
4384,0.01105
4385,0.000378
4386,0.001102
4387,0.001683
4388,0.001154
4389,0.000492
4390,0.000742
4391,0.001101
4392,0.001005
4393,0.00082
4394,0.000796
4395,0.000673
4396,0.000664
4397,0.000419
4398,0.000255
4399,0.000218
4400,0.000178
4401,3.7e-05
4402,4.5e-05
4403,2.1e-05
4404,1.7e-05
4405,1.5e-05
4406,2e-05
4407,6e-06
4408,7e-06
4409,6e-06
4410,3.5e-05
4411,3.9e-05
4412,5.3e-05
4413,7.1e-05
4414,4.4e-05
4415,1e-05
4416,6e-06
4417,7e-06
4418,8e-06
4419,8.7e-05
4420,3e-05
4421,2.8e-05
4422,2.4e-05
4423,1.2e-05
4424,2.2e-05
4425,1.8e-05
4426,2.2e-05
4427,1.9e-05
4428,2.3e-05
4429,2e-05
4430,4.6e-05
4431,0
4432,7.6e-05
4433,0
4434,5e-06
4435,7e-06
4436,7e-06
4437,0
4438,0
4439,2e-05
4440,1.9e-05
4441,0
4442,1e-05
4443,3e-06
4444,6e-06
4445,3.6e-05
4446,0.002357
4447,0.002381
4448,0.000842
4449,0.000497
4450,0.000129
4451,0.000106
4452,5.8e-05
4453,7.4e-05
4454,3.2e-05
4455,1.9e-05
4456,0.000171
4457,0.005493
4458,0.822233
4459,0
4460,0
4461,0.764604
4462,0.952831
4463,0.974424
4464,0.969065
4465,0.967702
4466,0.983029
4467,0.983505
4468,0.978058
4469,0.961168
4470,0.9833
4471,0.994593
4472,0.993987
4473,0.993717
4474,0.992397
4475,0.991133
4476,0.988558
4477,0.993385
4478,0.992303
4479,0.996801
4480,0.994704
4481,0.99421
4482,0.989604
4483,0.991704
4484,0.993996
4485,0.993101
4486,0.993386
4487,0.97921
4488,0.950366
4489,0.939331
4490,0.96402
4491,0.964491
4492,0.969257
4493,0.971356
4494,0.959626
4495,0.953027
4496,0.959902
4497,0.930835
4498,0.974913
4499,0.974964
4500,0.977668
4501,0.974127
4502,0.972454
4503,0.980578
4504,0.985274
4505,0.987239
4506,0.987274
4507,0.984176
4508,0.985253
4509,0.989946
4510,0.986862
4511,0.970005
4512,0.973668
4513,0.976056
4514,0.971642
4515,0.977467
4516,0.980038
4517,0.979304
4518,0.966378
4519,0.967358
4520,0.959347
4521,0.972729
4522,0.978233
4523,0.978925
4524,0.973057
4525,0.972573
4526,0.970771
4527,0.95529
4528,0.96005
4529,0.951765
4530,0.956482
4531,0.953395
4532,0.957324
4533,0.964008
4534,0.954714
4535,0.809389
4536,0.109275
4537,0.003559
4538,0.659443
4539,0.339476
4540,0.531229
4541,0.369868
4542,0.256538
4543,0.096467
4544,0.039902
4545,0.064187
4546,0.017931
4547,0.010369
4548,0.039444
4549,0.018209
4550,0.03161
4551,0.003012
4552,0.001464
4553,0.006947
4554,0.021745
4555,0.215074
4556,0.005414
4557,0.001874
4558,0.001945
4559,0.002689
4560,0.001186
4561,0.001419
4562,0.002212
4563,0.001493
4564,0.000797
4565,0.002061
4566,0.003131
4567,0.001465
4568,0.001234
4569,0.001129
4570,0.000811
4571,0.000482
4572,0.000174
4573,8.2e-05
4574,7.7e-05
4575,6.8e-05
4576,6.6e-05
4577,4.6e-05
4578,6e-05
4579,2.7e-05
4580,2.3e-05
4581,3.1e-05
4582,0.000706
4583,0.000679
4584,0.024247
4585,0.190297
4586,0
4587,0.893463
4588,0.806228
4589,0.74627
4590,0.637837
4591,0.586147
4592,0
4593,0.579942
4594,0.870191
4595,0.846123
4596,0.673382
4597,0.709154
4598,0.020898
4599,0.023371
4600,0.075655
4601,0
4602,0
4603,0
4604,0
4605,0
4606,0.008241
4607,0.00096
4608,0.001379
4609,0.004138
4610,0.00592
4611,0.006586
4612,0.006055
4613,0.003938
4614,0.006066
4615,0.01844
4616,0.604998
4617,0
4618,0
4619,0
4620,0
4621,0
4622,0
4623,0
4624,0
4625,0
4626,0
4627,0
4628,0
4629,0
4630,0
4631,0
4632,0
4633,0
4634,0
4635,0
4636,0
4637,0
4638,0
4639,0
4640,0.027777
4641,0.035237
4642,0.026264
4643,0.025117
4644,0.025131
4645,0.046902
4646,0.030062
4647,0
4648,0.034273
4649,0.005338
4650,0.004713
4651,0.00069
4652,0.00106
4653,0.0009
4654,0.002126
4655,0.001167
4656,0.001317
4657,0.001223
4658,0.018941
4659,0.024665
4660,0.001
4661,0.074454
4662,0.000908
4663,0.000184
4664,0.007013
4665,0.000652
4666,0.000365
4667,6.9e-05
4668,0.000126
4669,0.000193
4670,7.3e-05
4671,2.7e-05
4672,3.9e-05
4673,0.000134
4674,0.00022
4675,6.7e-05
4676,5.3e-05
4677,0.000209
4678,8.5e-05
4679,7.2e-05
4680,0.000126
4681,8.7e-05
4682,0.000297
4683,5.9e-05
4684,5.9e-05
4685,0.000561
4686,3.8e-05
4687,3.6e-05
4688,0.000122
4689,2e-05
4690,1.8e-05
4691,0
4692,1.2e-05
4693,6e-05
4694,2.4e-05
4695,4.1e-05
4696,5.3e-05
4697,4.2e-05
4698,5.6e-05
4699,4.8e-05
4700,2.7e-05
4701,6.5e-05
4702,6.2e-05
4703,7e-05
4704,0.000543
4705,0
4706,0
4707,0.000115
4708,0.000313
4709,0.000348
4710,0.000167
4711,0.000152
4712,0
4713,0
4714,0
4715,0
4716,0
4717,0
4718,0
4719,0
4720,0
4721,0
4722,0
4723,0
4724,0
4725,0
4726,0
4727,0
4728,0
4729,0
4730,0
4731,0
4732,0
4733,0
4734,0
4735,0
4736,2.8e-05
4737,5.2e-05
4738,6.9e-05
4739,5.7e-05
4740,2.3e-05
4741,3.7e-05
4742,3.3e-05
4743,5e-06
4744,0
4745,0
4746,7e-06
4747,2.2e-05
4748,0.00011
4749,9.1e-05
4750,5.7e-05
4751,4.6e-05
4752,0.0001
4753,0.000263
4754,0.000183
4755,0.007281
4756,0.094869
4757,0.524201
4758,0.7505
4759,0
4760,0
4761,0
4762,0.285254
4763,0.093543
4764,0.006374
4765,0.004305
4766,0.009254
4767,0.002015
4768,0.003886
4769,0.006967
4770,0.001386
4771,0.000954
4772,0.001162
4773,0.000927
4774,0.002055
4775,0.005315
4776,0.004017
4777,0.015327
4778,0.009996
4779,0.017876
4780,0.007016
4781,0.005431
4782,0.003551
4783,0.020664
4784,0.012331
4785,0.005075
4786,0.001907
4787,0.00203
4788,0.00119
4789,0.00166
4790,0.002155
4791,0.001506
4792,0.001577
4793,0.002617
4794,0.001771
4795,0.002198
4796,0.004096
4797,0.008769
4798,0.001464
4799,0.000726
4800,0.00045
4801,0.000206
4802,0.000261
4803,0.000255
4804,0.000257
4805,0.000304
4806,0.000303
4807,0.000344
4808,0.000535
4809,0.000394
4810,0.000399
4811,0.000401
4812,0.000272
4813,0.000935
4814,0.000487
4815,0.000254
4816,0.000429
4817,0.000438
4818,0.000428
4819,0.000419
4820,0.000285
4821,0.000456
4822,0.00052
4823,0.000743
4824,0.000552
4825,0.000369
4826,0.000459
4827,0.00037
4828,0.000288
4829,0.000293
4830,0.000478
4831,0.000267
4832,0.000392
4833,0.000249
4834,0.000319
4835,0.000274
4836,0.000285
4837,0.000253
4838,0.000287
4839,0.000273
4840,0.000273
4841,0.00036
4842,0.000412
4843,0.000266
4844,0.000286
4845,0.000181
4846,0.000234
4847,0.000168
4848,0.000266
4849,0.000529
4850,0.000752
4851,0.001181
4852,0.002125
4853,0.001216
4854,0.00121
4855,0.001389
4856,0.001674
4857,0.00189
4858,0.002854
4859,0.002615
4860,0.002676
4861,0.0017
4862,0.001141
4863,0.00166
4864,0.001326
4865,0.00162
4866,0.001554
4867,0.001908
4868,0.002487
4869,0.001753
4870,0.001253
4871,0.000964
4872,0.000641
4873,0.000639
4874,0.000455
4875,0.000588
4876,0.000887
4877,0.000653
4878,0.000664
4879,0.000591
4880,0.000824
4881,0.000753
4882,0.000562
4883,0.000531
4884,0.000428
4885,0.0003
4886,0.000415
4887,0.000532
4888,0.000933
4889,0.00057
4890,0.00081
4891,0.000469
4892,0.00049
4893,0.000528
4894,0.000273
4895,0.00039
4896,0.000401
4897,0.000354
4898,0.000379
4899,0.00017
4900,0.000163
4901,9.3e-05
4902,0.000126
4903,0.000101
4904,8.9e-05
4905,9e-05
4906,8.4e-05
4907,9.5e-05
4908,0.000143
4909,0.000169
4910,0.000108
4911,0.000119
4912,9.2e-05
4913,7.4e-05
4914,0.000137
4915,9e-05
4916,0.000125
4917,0.000111
4918,0.000122
4919,0.000122
4920,0.000197
4921,0.000285
4922,0.000373
4923,0.000176
4924,0.000198
4925,0.000136
4926,0.000115
4927,5.3e-05
4928,8.5e-05
4929,0.000109
4930,0.0001
4931,8.1e-05
4932,9.2e-05
4933,8.9e-05
4934,9e-05
4935,4.8e-05
4936,3.8e-05
4937,4.1e-05
4938,5.4e-05
4939,6.9e-05
4940,6.8e-05
4941,0.000118
4942,0.00014
4943,0.000123
4944,0.000124
4945,0.00016
4946,0.000228
4947,0.000277
4948,0.000113
4949,6.7e-05
4950,0.013771
4951,0.387418
4952,0.723356
4953,0.365992
4954,0.844963
4955,0.664296
4956,0.709496
4957,0.746905
4958,0.636124
4959,0.622692
4960,0.523612
4961,0.341401
4962,0.626211
4963,0.422228
4964,0.419032
4965,0.359882
4966,0.354968
4967,0.371302
4968,0.486677
4969,0.575273
4970,0.554015
4971,0.527635
4972,0.559635
4973,0.535067
4974,0.53655
4975,0.608841
4976,0.633365
4977,0.648918
4978,0.646005
4979,0.556831
4980,0.442083
4981,0.407396
4982,0.344209
4983,0.394091
4984,0.319382
4985,0.290354
4986,0.256629
4987,0.361235
4988,0.421777
4989,0.462941
4990,0.143105
4991,0.093071
4992,0.154516
4993,0.002028
4994,0.001965
4995,0.002632
4996,0.00148
4997,0.00163
4998,0.009831
4999,0.112825
5000,0.070611
5001,0
5002,0
5003,0.003442
5004,0.001532
5005,0.001053
5006,0.000954
5007,0.000719
5008,0.000858
5009,0.000788
5010,0.00041
5011,0.000827
5012,0.002558
5013,0.000831
5014,0.000408
5015,0.000438
5016,0.000512
5017,0.000301
5018,0.00025
5019,0.000654
5020,0.000209
5021,0.000353
5022,0.000264
5023,0.000245
5024,0.00019
5025,0.005047
5026,0.016717
5027,0.009327
5028,0.397828
5029,0.577943
5030,0.766776
5031,0.96767
5032,0.97597
5033,0.974113
5034,0.983124
5035,0.987306
5036,0.986266
5037,0.97251
5038,0.98408
5039,0.968276
5040,0.903814
5041,0.949566
5042,0.932966
5043,0.928588
5044,0.818419
5045,0.332422
5046,0.289384
5047,0.135255
5048,0.028817
5049,0.038332
5050,0.016138
5051,0
5052,0
5053,0.002881
5054,0.003017
5055,0.004966
5056,0.004211
5057,0.021483
5058,0.015058
5059,0.009363
5060,0.007863
5061,0.020064
5062,0.003125
5063,0.003811
5064,0.000441
5065,0
5066,0
5067,0
5068,0
5069,0
5070,0
5071,0
5072,0
5073,0
5074,0
5075,0
5076,0
5077,0
5078,0
5079,0
5080,0
5081,0
5082,0
5083,0
5084,0
5085,0
5086,0
5087,0
5088,0
5089,0
5090,0
5091,0
5092,0
5093,0
5094,0
5095,0
5096,0
5097,0
5098,0
5099,0.00089
5100,0
5101,0
5102,0.0008
5103,0.00142
5104,0.000617
5105,0.000758
5106,0.000531
5107,0.000217
5108,0.00015
5109,2e-05
5110,0.000107
5111,0.000338
5112,0.000233
5113,0.000778
5114,0.000794
5115,0.001472
5116,0.001179
5117,0.000771
5118,0.000136
5119,7.5e-05
5120,8e-05
5121,4.6e-05
5122,3.8e-05
5123,4.4e-05
5124,5e-05
5125,4.7e-05
5126,4.5e-05
5127,4.5e-05
5128,4.6e-05
5129,3.2e-05
5130,3.5e-05
5131,3.4e-05
5132,4.8e-05
5133,0.00048
5134,0.000429
5135,0.00055
5136,0.000463
5137,0.000516
5138,0.000584
5139,0.000453
5140,0.000296
5141,0.000269
5142,0.000269
5143,0.000402
5144,0.000625
5145,0.000268
5146,0.000831
5147,0.00076
5148,0.000753
5149,0.000422
5150,0.000512
5151,0.000757
5152,0.000913
5153,0.001133
5154,0.001363
5155,0.001533
5156,0.000941
5157,0.001255
5158,0.001546
5159,0.001747
5160,0.002214
5161,0.001951
5162,0.002935
5163,0.002169
5164,0.002072
5165,0.001697
5166,0.001576
5167,0.001816
5168,0.001787
5169,0.001494
5170,0.001064
5171,0.00104
5172,0.000657
5173,0.000304
5174,0.000252
5175,0.000203
5176,0.000223
5177,0.000294
5178,0.000299
5179,0.000269
5180,0.000199
5181,0.000198
5182,0.000171
5183,0.000153
5184,0.000214
5185,0.000268
5186,0.000241
5187,0.000251
5188,0.000154
5189,0.000139
5190,0.000158
5191,0.000182
5192,0.000189
5193,0.000138
5194,0.000148
5195,0.000102
5196,0.000116
5197,0.000131
5198,0.000115
5199,0.000107
5200,9.5e-05
5201,7.5e-05
5202,8.1e-05
5203,8.2e-05
5204,0.000114
5205,0.000113
5206,0.000141
5207,0.000149
5208,0.00013
5209,9.6e-05
5210,0.000104
5211,5.5e-05
5212,8.6e-05
5213,5.9e-05
5214,5.1e-05
5215,5.9e-05
5216,6.8e-05
5217,4.7e-05
5218,5.2e-05
5219,5e-05
5220,4.7e-05
5221,5.2e-05
5222,4.4e-05
5223,4.8e-05
5224,6.2e-05
5225,6e-05
5226,5.2e-05
5227,6e-05
5228,6.6e-05
5229,5e-05
5230,6e-05
5231,4.8e-05
5232,7.2e-05
5233,3.8e-05
5234,4.5e-05
5235,4e-05
5236,5.8e-05
5237,5.9e-05
5238,8e-05
5239,6.7e-05
5240,8.7e-05
5241,7.5e-05
5242,9.7e-05
5243,9.3e-05
5244,9.7e-05
5245,9.8e-05
5246,9.6e-05
5247,9.4e-05
5248,8.1e-05
5249,9.8e-05
5250,0.0001
5251,0.000115
5252,9.6e-05
5253,9.6e-05
5254,7.9e-05
5255,8.9e-05
5256,0.000123
5257,5.9e-05
5258,5.4e-05
5259,5.4e-05
5260,5.9e-05
5261,4.5e-05
5262,5.7e-05
5263,9.2e-05
5264,9.8e-05
5265,7e-05
5266,9.8e-05
5267,6.8e-05
5268,9.1e-05
5269,5.4e-05
5270,8.8e-05
5271,0.000105
5272,9.6e-05
5273,0.00011
5274,0.000133
5275,0.000119
5276,0.000175
5277,0.000136
5278,0.000114
5279,9e-05
5280,9.6e-05
5281,0.000104
5282,7.3e-05
5283,8.9e-05
5284,0.000118
5285,8.3e-05
5286,9e-05
5287,7.8e-05
5288,6.7e-05
5289,7.9e-05
5290,0.000128
5291,0.000139
5292,0.000174
5293,0.000107
5294,0.000151
5295,0.000145
5296,0.000173
5297,0.000142
5298,0.000118
5299,0.000128
5300,0.000168
5301,0.000114
5302,0.000113
5303,7.3e-05
5304,9.1e-05
5305,9.8e-05
5306,9.1e-05
5307,8.8e-05
5308,9e-05
5309,0.000103
5310,0.000118
5311,0.000113
5312,0.000177
5313,0.000196
5314,0.000205
5315,0.000249
5316,0.000181
5317,6.2e-05
5318,4.9e-05
5319,5.7e-05
5320,8.5e-05
5321,7.7e-05
5322,0.000113
5323,0.00011
5324,0.000152
5325,0.000119
5326,0.000103
5327,0.000101
5328,6.3e-05
5329,7e-05
5330,4.8e-05
5331,2.1e-05
5332,2.4e-05
5333,2.8e-05
5334,3.3e-05
5335,3.3e-05
5336,4.4e-05
5337,7.9e-05
5338,5.6e-05
5339,6.3e-05
5340,6.3e-05
5341,6.1e-05
5342,6.4e-05
5343,4.9e-05
5344,0.000103
5345,8.7e-05
5346,7.5e-05
5347,0.043201
5348,0.257772
5349,0.438733
5350,0.682696
5351,0.691741
5352,0.885305
5353,0.780661
5354,0.680872
5355,0.699211
5356,0.754376
5357,0.13846
5358,0.034188
5359,0.059129
5360,0.081067
5361,0.270974
5362,0.127849
5363,0.15712
5364,0.168533
5365,0.050187
5366,0.010576
5367,0.011698
5368,0.021838
5369,0.011688
5370,0.003274
5371,0.002203
5372,0.00194
5373,0.003786
5374,0.004318
5375,0.00481
5376,0.001832
5377,0.002158
5378,0.004915
5379,0.012484
5380,0.007759
5381,0.010322
5382,0.005703
5383,0.004166
5384,0.005906
5385,0.00798
5386,0.016729
5387,0.020352
5388,0.041834
5389,0.051153
5390,0.114023
5391,0.066609
5392,0.080738
5393,0.069454
5394,0.081626
5395,0.066582
5396,0.058105
5397,0.058894
5398,0.03297
5399,0.025827
5400,0.030454
5401,0.012223
5402,0.012973
5403,0.008825
5404,0.006362
5405,0.008145
5406,0.007504
5407,0.008761
5408,0.012016
5409,0.00369
5410,0.007819
5411,0.008385
5412,0.009381
5413,0.01134
5414,0.015997
5415,0.022379
5416,0.016937
5417,0.015213
5418,0.016798
5419,0.009611
5420,0.004454
5421,0.001352
5422,0.001339
5423,0.002931
5424,0.018804
5425,0.487236
5426,0.642348
5427,0.915091
5428,0.903731
5429,0.940278
5430,0.95369
5431,0.961664
5432,0.949632
5433,0.931045
5434,0.843299
5435,0.757864
5436,0.734357
5437,0.929895
5438,0.939447
5439,0.938128
5440,0.956522
5441,0.987125
5442,0.94546
5443,0.423008
5444,0.023446
5445,0.001329
5446,0.007459
5447,0.025213
5448,0.019555
5449,0.05949
5450,0.196709
5451,0
5452,0.132605
5453,0.028135
5454,0.004244
5455,0.005673
5456,0.001864
5457,0.001965
5458,0.003495
5459,0.000715
5460,0.006971
5461,0.004346
5462,0.001551
5463,0.000524
5464,0.000311
5465,0.000226
5466,0.000183
5467,0.000456
5468,0.000178
5469,0.000167
5470,0.000275
5471,0.000184
5472,0.000139
5473,0.000172
5474,9.9e-05
5475,0.00019
5476,0.000131
5477,0.000117
5478,0.000147
5479,0.00015
5480,0.000214
5481,0.000337
5482,0.000511
5483,0.000479
5484,0.000894
5485,0.000416
5486,0.00015
5487,9.7e-05
5488,0.00018
5489,0.000217
5490,0.00044
5491,0.000353
5492,0.000253
5493,0.000569
5494,0.000399
5495,0.000158
5496,0.000245
5497,0.000214
5498,0.000165
5499,0.0002
5500,0.000274
5501,0.000332
5502,0.00062
5503,0.000343
5504,0.000859
5505,0.00031
5506,0.000164
5507,0.000189
5508,0.000117
5509,9e-05
5510,0.000113
5511,7.5e-05
5512,8.9e-05
5513,0.000399
5514,0.000495
5515,0.000131
5516,0.000281
5517,0.000307
5518,0.000293
5519,0.000472
5520,0.001706
5521,0.000466
5522,0.000161
5523,0.000127
5524,0.000199
5525,0.00024
5526,0.000266
5527,0.000491
5528,0.000826
5529,0.000827
5530,0.000577
5531,0.000292
5532,0.000247
5533,0.000229
5534,0.000139
5535,0.000185
5536,0.00034
5537,0.000559
5538,0.001327
5539,0.002746
5540,0.002765
5541,0.003433
5542,0.001246
5543,0.000669
5544,0.000842
5545,0.002622
5546,0.006429
5547,0.008484
5548,0.008508
5549,0.006414
5550,0.00704
5551,0.004712
5552,0.004614
5553,0.003721
5554,0.002248
5555,0.00087
5556,0.001159
5557,0.001758
5558,0.000841
5559,0.000713
5560,0.001085
5561,0.000718
5562,0.00197
5563,0.001011
5564,0.001546
5565,0.000789
5566,0.001316
5567,0.000965
5568,0.000783
5569,0.003502
5570,0.002691
5571,0.002226
5572,0.002559
5573,0.005327
5574,0.004676
5575,0.003899
5576,0.003362
5577,0.00758
5578,0.008033
5579,0.011999
5580,0.007441
5581,0.00536
5582,0.005394
5583,0.006064
5584,0.001474
5585,0.001822
5586,0.002503
5587,0.005217
5588,0.005563
5589,0.003117
5590,0.003099
5591,0.003356
5592,0.005418
5593,0.005053
5594,0.003753
5595,0.00526
5596,0.015521
5597,0.009397
5598,0.013632
5599,0.010585
5600,0.006194
5601,0.008085
5602,0.004009
5603,0.002443
5604,0.002356
5605,0.002804
5606,0.007741
5607,0.056895
5608,0.029438
5609,0.004952
5610,0.013759
5611,0
5612,0
5613,0
5614,0
5615,0
5616,0
5617,0
5618,0
5619,0
5620,0
5621,0
5622,0
5623,0
5624,0
5625,0
5626,0
5627,0.031881
5628,0.011776
5629,0.020118
5630,0
5631,0
5632,0
5633,0
5634,0
5635,0
5636,0
5637,0
5638,0
5639,0.017265
5640,0.073212
5641,0
5642,0
5643,0
5644,0
5645,0
5646,0
5647,0
5648,0.925683
5649,0.955417
5650,0.917173
5651,0.971205
5652,0.911832
5653,0.918746
5654,0.945003
5655,0.93522
5656,0.955729
5657,0.974762
5658,0.948728
5659,0.981397
5660,0.975267
5661,0.979723
5662,0.937586
5663,0.91804
5664,0.917867
5665,0.916431
5666,0.970793
5667,0.980019
5668,0.982814
5669,0.9588
5670,0.987023
5671,0.937213
5672,0.953895
5673,0.960611
5674,0.973212
5675,0.977739
5676,0.976395
5677,0.970768
5678,0.972742
5679,0.974161
5680,0.975775
5681,0.974543
5682,0.97958
5683,0.974575
5684,0.977922
5685,0.896407
5686,0.721293
5687,0.186932
5688,0.62817
5689,0.538214
5690,0.267743
5691,0
5692,0
5693,0
5694,0
5695,0
5696,0
5697,0
5698,0
5699,0
5700,0
5701,0
5702,0
5703,0.000262
5704,0.000124
5705,7.8e-05
5706,0
5707,0.000403
5708,0.000863
5709,0.001297
5710,0.000856
5711,0.000425
5712,0.000519
5713,0.000426
5714,0.000443
5715,0.000189
5716,0.000115
5717,0.000193
5718,0.000465
5719,0.000376
5720,0.000367
5721,0.000373
5722,0.000474
5723,0.000353
5724,0.000339
5725,0.000273
5726,0.000226
5727,0.000339
5728,0.000545
5729,0.000253
5730,0.000587
5731,0.000355
5732,0.000399
5733,0.000229
5734,0.000276
5735,0.000487
5736,0
5737,0
5738,0.002632
5739,0.002048
5740,0.002498
5741,0.001248
5742,0.000327
5743,0.001716
5744,0.001315
5745,0.000792
5746,0.000865
5747,0.001296
5748,0.002355
5749,0.00021
5750,0.002408
5751,0.000694
5752,0.000482
5753,0.000188
5754,0.000203
5755,0.001215
5756,0.000735
5757,0.000212
5758,0.000264
5759,0.000259
5760,0.000119
5761,0.000103
5762,0.000218
5763,0.000206
5764,0.000214
5765,0.000102
5766,9.4e-05
5767,8e-05
5768,9e-05
5769,5.6e-05
5770,4.4e-05
5771,8.1e-05
5772,0.000204
5773,0.000238
5774,0.00054
5775,0.00044
5776,0.000391
5777,0.000384
5778,0.000479
5779,0.000437
5780,0.000832
5781,0.000497
5782,0.000682
5783,0.000643
5784,0.000781
5785,0.001216
5786,0.000688
5787,0.00062
5788,0.000634
5789,0.005166
5790,0.007748
5791,0.035599
5792,0.032716
5793,0.018288
5794,0.016164
5795,0.013357
5796,0.072851
5797,0.301403
5798,0.728563
5799,0.939456
5800,0.985731
5801,0.974011
5802,0.983599
5803,0.98846
5804,0.983012
5805,0.992184
5806,0.98367
5807,0.985227
5808,0.988267
5809,0.983412
5810,0.991095
5811,0.988607
5812,0.979378
5813,0.979815
5814,0.962888
5815,0.978728
5816,0.830651
5817,0.135119
5818,0.106791
5819,0.152789
5820,0.130119
5821,0.242233
5822,0.073647
5823,0.493785
5824,0.96472
5825,0.990664
5826,0.984647
5827,0.989781
5828,0.98993
5829,0.981409
5830,0.988813
5831,0.989782
5832,0.985446
5833,0.985964
5834,0.989408
