1,0.954876
2,0.951068
3,0.950364
4,0.95967
5,0.929211
6,0.928285
7,0.935574
8,0.919385
9,0.930045
10,0.922187
11,0.948128
12,0.947647
13,0.951102
14,0.970327
15,0.981893
16,0.987757
17,0.985988
18,0.981038
19,0.981548
20,0.984614
21,0.980962
22,0.980086
23,0.975837
24,0.967613
25,0.967711
26,0.966169
27,0.961303
28,0.952564
29,0.965383
30,0.968795
31,0.960846
32,0.965971
33,0.958065
34,0.953212
35,0.946982
36,0.94337
37,0.95075
38,0.950652
39,0.94512
40,0.940158
41,0.914227
42,0.888218
43,0.936966
44,0.892816
45,0.87727
46,0.910674
47,0.902523
48,0.872377
49,0.917958
50,0.931858
51,0.880676
52,0.90878
53,0.881716
54,0.906445
55,0.944595
56,0.951307
57,0.976439
58,0.936024
59,0.935946
60,0.95365
61,0.962642
62,0.986497
63,0.983529
64,0.962896
65,0.961279
66,0.961207
67,0.969004
68,0.965643
69,0.953197
70,0.943983
71,0.92809
72,0.947179
73,0.913067
74,0.932347
75,0.912319
76,0.839781
77,0.772788
78,0.777767
79,0.781176
80,0.786027
81,0.776733
82,0.762655
83,0.737845
84,0.540141
85,0.007726
86,0.000599
87,0.003019
88,0.000741
89,0.000744
90,0.001385
91,0.001858
92,0.000464
93,0.00146
94,0.000967
95,0.000644
96,0.001526
97,0.003241
98,0.002776
99,0.00064
100,0.000461
101,0.000545
102,0.00045
103,0.000353
104,0.000249
105,0.000233
106,0.000311
107,0.000338
108,0.000617
109,0.000684
110,0.000611
111,0.000567
112,0.000576
113,0.000353
114,0.000887
115,0.000779
116,0.000169
117,0.001371
118,0.507282
119,0.87
120,0.893865
121,0.942079
122,0.958973
123,0.935386
124,0.924865
125,0.963064
126,0.966916
127,0.966976
128,0.981062
129,0.978076
130,0.981781
131,0.982659
132,0.983209
133,0.984733
134,0.985806
135,0.982754
136,0.984527
137,0.986083
138,0.984544
139,0.985256
140,0.985537
141,0.98379
142,0.988487
143,0.987134
144,0.986561
145,0.987074
146,0.983407
147,0.980018
148,0.979341
149,0.973648
150,0.976439
151,0.967872
152,0.976386
153,0.97486
154,0.963327
155,0.948277
156,0.959802
157,0.932911
158,0.920657
159,0.903395
160,0.881519
161,0.947822
162,0.935673
163,0.96345
164,0.971698
165,0.970113
166,0.976611
167,0.971327
168,0.971421
169,0.191889
170,0.005415
171,0.006112
172,0.00265
173,0.001109
174,0.0015
175,0.001565
176,0.007627
177,0.009634
178,0.013518
179,0.005783
180,0.004737
181,0.003717
182,0.002123
183,0.001512
184,0.000977
185,0.002701
186,0.000962
187,0.001316
188,0.465488
189,0.898626
190,0.982472
191,0.983948
192,0.993475
193,0.977567
194,0.979812
195,0.991498
196,0.979506
197,0.992035
198,0.9932
199,0.986309
200,0.98037
201,0.985563
202,0.931509
203,0.929927
204,0.894441
205,0.906766
206,0.91703
207,0.90761
208,0.918685
209,0.915227
210,0.916037
211,0.923062
212,0.928318
213,0.963579
214,0.970435
215,0.970225
216,0.959055
217,0.929705
218,0.055675
219,0.004583
220,0.002479
221,0.003798
222,0.000835
223,0.000307
224,0.001119
225,0.002938
226,0.000944
227,0.004239
228,0.003013
229,0.00395
230,0.01749
231,0.019845
232,0.01755
233,0.014439
234,0.011578
235,0.032221
236,0.149815
237,0.006451
238,0.00612
239,0.005114
240,0.012127
241,0.007221
242,0.020473
243,0.014502
244,0.016602
245,0.011521
246,0.026659
247,0.032731
248,0.025488
249,0.012464
250,0.013379
251,0.00182
252,0.139301
253,0.402217
254,0.308019
255,0.557185
256,0.596316
257,0.519461
258,0.559293
259,0.519202
260,0.555394
261,0.528152
262,0.540073
263,0.719302
264,0.624036
265,0.793903
266,0.669764
267,0.620248
268,0.897581
269,0.879564
270,0.880158
271,0.857725
272,0.821035
273,0.845513
274,0.746114
275,0.013412
276,0.001876
277,0.008908
278,0.015713
279,0.014223
280,0.012707
281,0.013239
282,0.020225
283,0.019867
284,0.025843
285,0.022264
286,0.016034
287,0.022072
288,0.015789
289,0.009059
290,0.012527
291,0.009244
292,0.010288
293,0.007743
294,0.001824
295,0.010396
296,0.009331
297,0.001884
298,0.002849
299,0.0142
300,0.0135
301,0.012562
302,0.012238
303,0.011045
304,0.016557
305,0.017708
306,0.000703
307,0.000687
308,0.00057
309,0.00045
310,0.000425
311,0.000419
312,0.000227
313,0.000307
314,0.000269
315,0.000359
316,0.000504
317,0.000444
318,0.000832
319,0.00078
320,0.000723
321,0.000684
322,0.000779
323,0.000842
324,0.001083
325,0.000751
326,0.001978
327,0.002086
328,0.002
329,0.001903
330,0.002044
331,0.001277
332,0.001223
333,0.001329
334,0.001112
335,0.001287
336,0.00082
337,0.000801
338,0.000748
339,0.000644
340,0.000504
341,0.000627
342,0.002137
343,0.002346
344,0.001953
345,0.001571
346,0.001966
347,0.00201
348,0.004946
349,0.006201
350,0.006135
351,0.008424
352,0.006611
353,0.008244
354,0.004667
355,0.002945
356,0.002084
357,0.002582
358,0.005229
359,0.003486
360,0.004094
361,0.001706
362,0.003136
363,0.00222
364,0.001933
365,0.002082
366,0.001973
367,0.003092
368,0.004075
369,0.003254
370,0.234214
371,0.826138
372,0.58986
373,0.342502
374,0.512479
375,0.806955
376,0.860928
377,0.806069
378,0.690201
379,0.698304
380,0.693757
381,0.685933
382,0.699291
383,0.671284
384,0.78657
385,0.741205
386,0.794788
387,0.7923
388,0.73508
389,0.815934
390,0.841413
391,0.866669
392,0.832602
393,0.954191
394,0.933128
395,0.966892
396,0.981534
397,0.978415
398,0.991139
399,0.995235
400,0.995663
401,0.98852
402,0.991992
403,0.98463
404,0.990735
405,0.968848
406,0.950411
407,0.980607
408,0.992778
409,0.993661
410,0.993563
411,0.992388
412,0.981088
413,0.985551
414,0.991596
415,0.993527
416,0.992001
417,0.994598
418,0.995815
419,0.994593
420,0.988266
421,0.988295
422,0.978464
423,0.992966
424,0.994577
425,0.994195
426,0.992722
427,0.993746
428,0.994576
429,0.991816
430,0.990129
431,0.982627
432,0.980886
433,0.985884
434,0.973499
435,0.974371
436,0.972159
437,0.97157
438,0.966486
439,0.958032
440,0.948055
441,0.942051
442,0.945092
443,0.963573
444,0.975512
445,0.934072
446,0.941328
447,0.887482
448,0.95034
449,0.943373
450,0.922751
451,0.905403
452,0.926109
453,0.915758
454,0.959238
455,0.963117
456,0.961758
457,0.895895
458,0.912887
459,0.891715
460,0.880501
461,0.840127
462,0.880779
463,0.875023
464,0.923454
465,0.866878
466,0.887552
467,0.884994
468,0.927433
469,0.818266
470,0.73293
471,0.791723
472,0.81021
473,0.797614
474,0.831024
475,0.839787
476,0.848751
477,0.900726
478,0.941689
479,0.892943
480,0.866391
481,0.804295
482,0.837437
483,0.786461
484,0.871074
485,0.666333
486,0.783242
487,0.639845
488,0.678251
489,0.790531
490,0.807611
491,0.771844
492,0.819188
493,0.806856
494,0.855974
495,0.866214
496,0.884185
497,0.957525
498,0.949866
499,0.928708
500,0.918733
501,0.886244
502,0.887832
503,0.910365
504,0.935726
505,0.804888
506,0.795672
507,0.851913
508,0.89072
509,0.889583
510,0.89475
511,0.898277
512,0.8466
513,0.864407
514,0.847251
515,0.851211
516,0.904203
517,0.881065
518,0.898343
519,0.913312
520,0.950678
521,0.92529
522,0.9322
523,0.929079
524,0.93847
525,0.936492
526,0.955943
527,0.970043
528,0.949233
529,0.928168
530,0.894187
531,0.975089
532,0.959869
533,0.958476
534,0.941072
535,0.96373
536,0.95028
537,0.898624
538,0.971213
539,0.977255
540,0.943768
541,0.984654
542,0.984543
543,0.873415
544,0.922067
545,0.897362
546,0.899102
547,0.806942
548,0.764991
549,0.78151
550,0.8412
551,0.716982
552,0.94388
553,0.862405
554,0.789216
555,0.667638
556,0.664006
557,0.681239
558,0.432878
559,0.608109
560,0.874809
561,0.929871
562,0.957404
563,0.961389
564,0.96667
565,0.973374
566,0.959327
567,0.937665
568,0.513972
569,0.938689
570,0.906864
571,0.7965
572,0.718893
573,0.757746
574,0.819039
575,0.933904
576,0.947249
577,0.956253
578,0.932874
579,0.93642
580,0.945258
581,0.920042
582,0.954852
583,0.980683
584,0.986777
585,0.987461
586,0.979824
587,0.983566
588,0.98964
589,0.986552
590,0.985786
591,0.988632
592,0.990718
593,0.99107
594,0.989386
595,0.984403
596,0.987011
597,0.98388
598,0.982301
599,0.973662
600,0.967679
601,0.971465
602,0.970925
603,0.943097
604,0.98169
605,0.925887
606,0.979611
607,0.957027
608,0.950127
609,0.94923
610,0.942463
611,0.935712
