1,0.970992
2,0.958843
3,0.941475
4,0.975822
5,0.960096
6,0.957654
7,0.952371
8,0.951305
9,0.963103
10,0.950484
11,0.960121
12,0.943182
13,0.946181
14,0.959977
15,0.959001
16,0.966139
17,0.977476
18,0.977611
19,0.969465
20,0.975169
21,0.997098
22,0.997356
23,0.995847
24,0.996217
25,0.99554
26,0.996005
27,0.995158
28,0.996268
29,0.996421
30,0.997183
31,0.991049
32,0.970873
33,0.976789
34,0.976292
35,0.962357
36,0.986083
37,0.982176
38,0.980967
39,0.982481
40,0.963347
41,0.979691
42,0.975578
43,0.977992
44,0.961816
45,0.969147
46,0.962528
47,0.953149
48,0.94857
49,0.928133
50,0.961699
51,0.946473
52,0.893252
53,0.861262
54,0.915844
55,0.974986
56,0.97457
57,0.968847
58,0.908278
59,0.887797
60,0.912402
61,0.893003
62,0.927288
63,0.986079
64,0.990847
65,0.991437
66,0.950144
67,0.902159
68,0.945591
69,0.969567
70,0.942453
71,0.950602
72,0.93598
73,0.841625
74,0.824853
75,0.804305
76,0.884741
77,0.876868
78,0.922059
79,0.877644
80,0.915564
81,0.867452
82,0.810169
83,0.757565
84,0.929305
85,0.938589
86,0.973049
87,0.989331
88,0.977086
89,0.97539
90,0.943243
91,0.830584
92,0.849653
93,0.804955
94,0.934589
95,0.888493
96,0.942988
97,0.946463
98,0.904626
99,0.945933
100,0.98495
101,0.981602
102,0.982403
103,0.981085
104,0.986201
105,0.9787
106,0.974087
107,0.959328
108,0.936892
109,0.935789
110,0.959346
111,0.96708
112,0.977273
113,0.975755
114,0.955014
115,0.96108
116,0.965138
117,0.962849
118,0.949993
119,0.967232
120,0.96517
121,0.97056
122,0.972382
123,0.97787
124,0.967767
125,0.956122
126,0.965634
127,0.960776
128,0.958348
129,0.913224
130,0.098984
131,0.006238
132,0.001187
133,0.002338
134,0.002409
135,0.000972
136,0.000484
137,0.000859
138,0.000707
139,0.001239
140,0.007814
141,0.015159
142,0.02176
143,0.022729
144,0.017631
145,0.007303
146,0.00546
147,0.000491
148,0.000913
149,0.01165
150,0.021872
151,0.002046
152,0.00213
153,0.005367
154,0.005306
155,0.006514
156,0.008792
157,0.006449
158,0.010035
159,0.008273
160,0.005717
161,0.003977
162,0.00789
163,0.005883
164,0.005776
165,0.002853
166,0.003892
167,0.005186
168,0.004564
169,0.003917
170,0.002493
171,0.001892
172,0.003798
173,0.003222
174,0.003606
175,0.003178
176,0.004839
177,0.005902
178,0.005718
179,0.006043
180,0.003276
181,0.003537
182,0.003005
183,0.002949
184,0.002942
185,0.004082
186,0.004355
187,0.00406
188,0.005291
189,0.004893
190,0.005616
191,0.004909
192,0.003097
193,0.004631
194,0.004224
195,0.001931
196,0.002464
197,0.001866
198,0.002827
199,0.00237
200,0.003606
201,0.002863
202,0.004335
203,0.003516
204,0.002729
205,0.051833
206,0.237635
207,0.300876
208,0.778101
209,0.683975
210,0.824201
211,0.868025
212,0.85613
213,0.902411
214,0.978881
215,0.979806
216,0.984169
217,0.978663
218,0.971394
219,0.970678
220,0.918877
221,0.924141
222,0.684774
223,0.736136
224,0.084672
225,0.001884
226,0.003761
227,0.00134
228,0.001388
229,0.001453
230,0.00199
231,0.000787
232,0.001456
233,0.002942
234,0.001848
235,0.00122
236,0.001808
237,0.001903
238,0.002415
239,0.008114
240,0.003813
241,0.002271
242,0.00284
243,0.003113
244,0.002983
245,0.001806
246,0.003233
247,0.002259
248,0.003241
249,0.004679
250,0.007114
251,0.009673
252,0.016763
253,0.007597
254,0.00309
255,0.00097
256,0.001006
257,0.001012
258,0.000535
259,0.000596
260,0.000542
261,0.000598
262,0.000952
263,0.001038
264,0.00099
265,0.000668
266,0.000833
267,0.0013
268,0.00196
269,0.000823
270,0.008261
271,0.004811
272,0.012931
273,0.013697
274,0.019873
275,0.001486
276,0.007445
277,0.014689
278,0.063856
279,0.335182
280,0.871865
281,0.798492
282,0.895356
283,0.95681
284,0.978722
285,0.98501
286,0.976443
287,0.981969
288,0.976209
289,0.987609
290,0.984895
291,0.984369
292,0.978741
293,0.975534
294,0.980438
295,0.968444
296,0.97605
297,0.331741
298,0.006277
299,0.010181
300,0.007139
301,0.015614
302,0.003754
303,0.001101
304,0.000269
305,0.000227
306,0.000611
307,0.000447
308,0.000406
309,0.000535
310,0.007052
311,0.009274
312,0.000599
313,0.003405
314,0.006048
315,0.009523
316,0.002971
317,0.006003
318,0.00164
319,0.002306
320,0.003005
321,0.001246
322,0.000901
323,0.00056
324,0.000235
325,0.000264
326,0.000212
327,0.000383
328,0.000566
329,0.000593
330,0.000537
331,0.000695
332,0.000411
333,0.000362
334,0.000486
335,0.00032
336,0.000492
337,0.00023
338,0.000399
339,0.000412
340,0.000306
341,0.000309
342,0.000562
343,0.000328
344,0.000283
345,0.000252
346,0.000221
347,0.000326
348,0.000666
349,0.001083
350,0.000992
351,0.001551
352,0.000525
353,0.000586
354,0.000425
355,0.000423
356,0.001507
357,0.002747
358,0.00267
359,0.001101
360,0.001207
361,0.00092
362,0.000624
363,0.00042
364,0.000513
365,0.000299
366,0.000729
367,0.000627
368,0.000583
369,0.075656
370,0.000659
371,0.000808
372,0.001457
373,0.001017
374,0.002413
375,0.00155
376,0.001717
377,0.001516
378,0.001622
379,0.001454
380,0.01043
381,0.012776
382,0.010466
383,0.005288
384,0.003484
385,0.001265
386,0.002051
387,0.001333
388,0.001886
389,0.004101
390,0.003921
391,0.006472
392,0.004915
393,0.006221
394,0.003308
395,0.002577
396,0.001913
397,0.002924
398,0.001957
399,0.001597
400,0.00205
401,0.001187
402,0.001925
403,0.00223
404,0.001409
405,0.001727
406,0.002793
407,0.004565
408,0.003418
409,0.001147
410,0.000806
411,0.001512
412,0.0014
413,0.001064
414,0.001915
415,0.000774
416,0.000687
417,0.000726
418,0.001087
419,0.001166
420,0.00094
421,0.000498
422,0.004158
423,0.183095
424,0.624971
425,0.638198
426,0.787672
427,0.962299
428,0.960827
429,0.825944
430,0.885433
431,0.97003
432,0.970718
433,0.95973
434,0.939912
435,0.886344
436,0.894364
437,0.92854
438,0.946169
439,0.918142
440,0.903094
441,0.895947
442,0.888818
443,0.921117
444,0.924261
445,0.931767
446,0.959898
447,0.940053
448,0.936556
449,0.886378
450,0.923057
451,0.89893
452,0.876164
453,0.90162
454,0.871487
455,0.869189
456,0.884084
457,0.86484
458,0.843512
459,0.883027
460,0.877682
461,0.898114
462,0.870468
463,0.851755
464,0.853964
465,0.811532
466,0.794542
467,0.85062
468,0.871133
469,0.818408
470,0.820053
471,0.811604
472,0.772065
473,0.813447
474,0.177222
475,0.04663
476,0.051523
477,0.024875
478,0.004509
479,0.002841
480,0.082011
481,0.021272
482,0.001688
483,0.001479
484,0.000599
485,0.000293
486,0.000591
487,0.0005
488,0.000565
489,0.00046
490,0.000237
491,0.002573
492,0.006724
493,0.012121
494,0.007366
495,0.00463
496,0.010019
497,0.006239
498,0.006355
499,0.004443
500,0.002484
501,0.002862
502,0.001161
503,0.001344
504,0.001049
505,0.000548
506,0.000516
507,0.000392
508,0.000465
509,0.000389
510,0.000408
511,0.000703
512,0.000902
513,0.000481
514,0.000537
515,0.001001
516,0.004058
517,0.004078
518,0.005737
519,0.00304
520,0.003949
521,0.00381
522,0.00774
523,0.003844
524,0.005837
525,0.003511
526,0.003847
527,0.004755
528,0.007363
529,0.003144
530,0.005077
531,0.004296
532,0.004535
533,0.004688
534,0.003883
535,0.00385
536,0.001847
537,0.001957
538,0.001653
539,0.002425
540,0.001782
541,0.002623
542,0.006131
543,0.063659
544,0.550688
545,0.656703
546,0.667108
547,0.664468
548,0.622825
549,0.529822
550,0.542276
551,0.591129
552,0.029758
553,0.008342
554,0.00746
555,0.012371
556,0.031642
557,0.035982
558,0.009135
559,0.005203
560,0.006624
561,0.008765
562,0.009398
563,0.019577
564,0.008426
565,0.00804
566,0.010653
567,0.017768
568,0.028833
569,0.02138
570,0.117289
571,0.251342
572,0.175652
573,0.094512
574,0.18058
575,0.27107
576,0.837869
577,0.902
578,0.887958
579,0.853531
580,0.854988
581,0.888384
582,0.907184
583,0.936781
584,0.736384
585,0.665918
586,0.440955
587,0.295143
588,0.273501
589,0.406408
590,0.338901
591,0.38426
592,0.904934
593,0.899691
594,0.830312
595,0.788719
596,0.784042
597,0.95323
598,0.965042
599,0.960931
600,0.812705
601,0.892051
602,0.926933
603,0.950973
604,0.96413
605,0.968104
606,0.950132
607,0.968482
608,0.605861
609,0.307484
610,0.258195
611,0.208263
612,0.225639
613,0.089902
614,0.123617
615,0.060243
616,0.040136
617,0.014398
618,0.015249
619,0.011028
620,0.007182
621,0.005473
622,0.005101
623,0.005164
624,0.005206
625,0.020905
626,0.029531
627,0.039223
628,0.042772
629,0.037538
630,0.03993
631,0.011202
632,0.017144
633,0.0145
634,0.01414
635,0.01316
636,0.00922
637,0.006958
638,0.005714
639,0.003334
640,0.006562
641,0.006877
642,0.002963
643,0.003233
644,0.007042
645,0.008062
646,0.026591
647,0.002261
648,0.034155
649,0.023417
650,0.039911
651,0.032209
652,0.05968
653,0.058022
654,0.090795
655,0.077575
656,0.166931
657,0.093538
658,0.128614
659,0.084153
660,0.098718
661,0.04095
662,0.058703
663,0.033887
664,0.109256
665,0.112454
666,0.053507
667,0.054325
668,0.0967
669,0.16983
670,0.45184
671,0.51336
672,0.493382
673,0.287364
674,0.214462
675,0.176389
676,0.1104
677,0.132015
678,0.158874
679,0.188307
680,0.148929
681,0.20888
682,0.062421
683,0.08805
684,0.143785
685,0.079254
686,0.074042
687,0.062032
688,0.054415
689,0.038419
690,0.04248
691,0.020383
692,0.023241
693,0.015756
694,0.018867
695,0.052183
696,0.087605
697,0.153825
698,0.188624
699,0.08107
700,0.062384
701,0.053046
702,0.052228
703,0.041114
704,0.023816
705,0.017807
706,0.019358
707,0.032182
708,0.021681
709,0.016403
710,0.005266
711,0.038088
712,0.564914
713,0.872722
714,0.915778
715,0.951846
716,0.974891
717,0.965551
718,0.965328
719,0.985408
720,0.98799
721,0.985104
722,0.981582
723,0.979529
724,0.972426
725,0.948444
726,0.953059
727,0.853848
728,0.834745
729,0.860135
730,0.794884
731,0.418535
732,0.120746
733,0.643679
734,0.273078
735,0.230781
736,0.201028
737,0.13564
738,0.050226
739,0.001461
740,0.006058
741,0.007278
742,0.004502
743,0.000806
744,0.002153
745,0.003158
746,0.057455
747,0.090716
748,0.206678
749,0.13977
750,0.135702
751,0.075157
752,0.113758
753,0.05154
754,0.088554
755,0.047833
756,0.02215
757,0.043688
758,0.033305
759,0.032325
760,0.042199
761,0.121117
762,0.088672
763,0.182867
764,0.108911
765,0.022877
766,0.002825
767,0.002923
768,0.001562
769,0.004845
770,0.008253
771,0.014851
772,0.018704
773,0.00999
774,0.002867
775,0.001188
776,0.014646
777,0.100802
778,0.777609
779,0.906569
780,0.895534
781,0.922932
782,0.960468
783,0.950362
784,0.934672
785,0.901355
786,0.939531
787,0.925169
788,0.956024
789,0.960087
790,0.896055
791,0.974564
792,0.965243
793,0.872183
794,0.788028
795,0.81604
796,0.946257
797,0.973567
798,0.970515
799,0.976623
800,0.981109
801,0.982791
802,0.983092
803,0.986817
804,0.980104
805,0.980747
806,0.929281
807,0.944537
808,0.962811
809,0.960582
810,0.948923
811,0.923072
812,0.924938
813,0.917967
814,0.896546
815,0.873386
816,0.84843
817,0.791655
818,0.781706
819,0.800826
820,0.183803
