1,0.959744
2,0.972553
3,0.950546
4,0.963957
5,0.977234
6,0.973444
7,0.975188
8,0.972957
9,0.967206
10,0.973978
11,0.978818
12,0.975089
13,0.962108
14,0.970232
15,0.975591
16,0.974405
17,0.980229
18,0.965962
19,0.962626
20,0.962212
21,0.949409
22,0.95244
23,0.967417
24,0.973196
25,0.961297
26,0.964926
27,0.951285
28,0.96686
29,0.969229
30,0.977054
31,0.974742
32,0.984281
33,0.98892
34,0.985432
35,0.985807
36,0.986718
37,0.982886
38,0.984621
39,0.969518
40,0.97824
41,0.966052
42,0.965838
43,0.955301
44,0.952096
45,0.929175
46,0.960456
47,0.935438
48,0.930945
49,0.060368
50,0.047674
51,0.02543
52,0.0091
53,0.002542
54,0.002541
55,0.532693
56,0.166444
57,0.638047
58,0.749916
59,0.912129
60,0.947908
61,0.944115
62,0.940643
63,0.908567
64,0.940174
65,0.941578
66,0.962976
67,0.96804
68,0.94187
69,0.941034
70,0.926434
71,0.902075
72,0.926584
73,0.928824
74,0.926174
75,0.913774
76,0.114062
77,0.000353
78,0.001151
79,0.001515
80,0.002903
81,0.000786
82,0.000742
83,0.000993
84,0.072961
85,0.043796
86,0.003574
87,0.001852
88,0.00114
89,0.001399
90,0.000905
91,0.00061
92,0.1844
93,0.195208
94,0.001765
95,0.223631
96,0.225652
97,0.19244
98,0.190738
99,0.217193
100,0.206229
101,0.001664
102,0.254791
103,0.226558
104,0.144645
105,0.139873
106,0.222709
107,0.252701
108,0.000743
109,0.001615
110,0.001364
111,0.000976
112,0.001221
113,0.001687
114,0.00147
115,0.001747
116,0.001512
117,0.001315
118,0.000972
119,0.001748
120,0.001637
121,0.000737
122,0.000887
123,0.001171
124,0.001476
125,0.001267
126,0.000962
127,0.000731
128,0.000676
129,0.001731
130,0.007427
131,0.021701
132,0.014333
133,0.020579
134,0.034279
135,0.0063
136,0.004953
137,0.116516
138,0.720492
139,0.68362
140,0.924024
141,0.961228
142,0.949574
143,0.922931
144,0.940086
145,0.952419
146,0.891247
147,0.020855
148,0.027443
149,0.008006
150,0.004348
151,0.002859
152,0.00747
153,0.012175
154,0.015074
155,0.008981
156,0.011484
157,0.014404
158,0.227961
159,0.808465
160,0.952268
161,0.952496
162,0.954909
163,0.977937
164,0.987949
165,0.994413
166,0.993483
167,0.995539
168,0.99646
169,0.960678
170,0.955093
171,0.948639
172,0.141135
173,0.005751
174,0.029972
175,0.007719
176,0.005091
177,0.030518
178,0.054466
179,0.003681
180,0.002569
181,0.001984
182,0.008511
183,0.019535
184,0.045213
185,0.022475
186,0.004542
187,0.004497
188,0.003797
189,0.004488
190,0.005219
191,0.007361
192,0.010597
193,0.002679
194,0.003285
195,0.002922
196,0.002122
197,0.002696
198,0.004694
199,0.005951
200,0.006801
201,0.009064
202,0.00612
203,0.005086
204,0.00467
205,0.001265
206,0.001491
207,0.002169
208,0.001531
209,0.00081
210,0.00138
211,0.000557
212,0.000673
213,0.001542
214,0.014629
215,0.697787
216,0.932487
217,0.819465
218,0.754559
219,0.773931
220,0.929993
221,0.923598
222,0.94011
223,0.948815
224,0.956323
225,0.960285
226,0.953395
227,0.956895
228,0.97101
229,0.970772
230,0.977009
231,0.969961
232,0.970609
233,0.955493
234,0.953967
235,0.931914
236,0.933751
237,0.904424
238,0.909838
239,0.926189
240,0.016053
241,0.003966
242,0.012927
243,0.004767
244,0.004384
245,0.005468
246,0.01202
247,0.002582
248,0.006411
249,0.003623
250,0.003121
251,0.014442
252,0.009906
253,0.005883
254,0.006768
255,0.003871
256,0.005233
257,0.004726
258,0.001851
259,0.004305
260,0.001614
261,0.001015
262,0.000915
263,0.001661
264,0.002183
265,0.001701
266,0.00218
267,0.002213
268,0.002463
269,0.003534
270,0.007138
271,0.006504
272,0.005525
273,0.009055
274,0.008653
275,0.009483
276,0.010446
277,0.02794
278,0.033708
279,0.039833
280,0.04213
281,0.039148
282,0.056739
283,0.04032
284,0.03541
285,0.027953
286,0.023328
287,0.034438
288,0.022637
289,0.043059
290,0.052148
291,0.044444
292,0.118364
293,0.095349
294,0.091465
295,0.108828
296,0.12085
297,0.064892
298,0.114324
299,0.040962
300,0.06682
301,0.06826
302,0.031775
303,0.058851
304,0.090681
305,0.215689
306,0.145399
307,0.154612
308,0.338792
309,0.264726
310,0.362023
311,0.17716
312,0.208683
313,0.154151
314,0.117294
315,0.090621
316,0.130972
317,0.121835
318,0.205647
319,0.12936
320,0.106834
321,0.05033
322,0.213969
323,0.121805
324,0.292543
325,0.220737
326,0.323358
327,0.135796
328,0.078094
329,0.017816
330,0.016622
331,0.035858
332,0.030038
333,0.13524
334,0.045025
335,0.014718
336,0.024543
337,0.020831
338,0.040153
339,0.021793
340,0.026946
341,0.049572
342,0.03568
343,0.009737
344,0.013565
345,0.010976
346,0.007287
347,0.007104
348,0.018984
349,0.009706
350,0.01054
351,0.010393
352,0.010149
353,0.007175
354,0.00844
355,0.007046
356,0.007725
357,0.00848
358,0.007747
359,0.006256
360,0.014494
361,0.014721
362,0.010782
363,0.014071
364,0.003308
365,0.00227
366,0.006927
367,0.025895
368,0.016961
369,0.012809
370,0.07296
371,0.054978
372,0.790525
373,0.952347
374,0.97033
375,0.952444
376,0.937674
377,0.974957
378,0.977052
379,0.981159
380,0.9852
381,0.980667
382,0.98024
383,0.975867
384,0.980416
385,0.858888
386,0.179916
387,0.120562
388,0.055017
389,0.075379
390,0.121793
391,0.027075
392,0.028551
393,0.013924
394,0.034887
395,0.025542
396,0.008016
397,0.012885
398,0.014201
399,0.037457
400,0.025139
401,0.053513
402,0.112241
403,0.15281
404,0.137948
405,0.077872
406,0.038616
407,0.04309
408,0.068905
409,0.02792
410,0.003197
411,0.001377
412,0.006644
413,0.016364
414,0.02703
415,0.01504
416,0.008934
417,0.00065
418,0.000547
419,0.000605
420,0.000882
421,0.00211
422,0.001302
423,0.001516
424,0.000993
425,0.002388
426,0.002515
427,0.002724
428,0.004376
429,0.004296
430,0.003309
431,0.003748
432,0.003114
433,0.003848
434,0.003757
435,0.003377
436,0.003563
437,0.004048
438,0.004345
439,0.004275
440,0.005133
441,0.008032
442,0.020328
443,0.023692
444,0.021388
445,0.011312
446,0.019329
447,0.012785
448,0.009623
449,0.00074
450,0.000761
451,0.000858
452,0.001604
453,0.005559
454,0.004266
455,0.006495
456,0.00946
457,0.00251
458,0.003115
459,0.003162
460,0.002092
461,0.002359
462,0.003827
463,0.003357
464,0.003001
465,0.002667
466,0.003006
467,0.002983
468,0.003511
469,0.002838
470,0.002139
471,0.001921
472,0.002681
473,0.00104
474,0.001574
475,0.000356
476,0.000928
477,0.001039
478,0.000912
479,0.002992
480,0.044502
481,0.02299
482,0.032285
483,0.036248
484,0.017246
485,0.033162
486,0.014339
487,0.009916
488,0.022184
489,0.009191
490,0.008572
491,0.008455
492,0.008127
493,0.000883
494,0.000827
495,0.000767
496,0.000506
497,0.000505
498,0.00435
499,0.003426
500,0.011274
501,0.017454
502,0.011198
503,0.010302
504,0.011807
505,0.003976
506,0.003928
507,0.002804
508,0.00282
509,0.004477
510,0.00313
511,0.0031
512,0.002577
513,0.001742
514,0.001952
515,0.002272
516,0.006664
517,0.002527
518,0.005439
519,0.003475
520,0.002983
521,0.00296
522,0.002791
523,0.002762
524,0.001674
525,0.002692
526,0.002049
527,0.001502
528,0.001793
529,0.001287
530,0.001611
531,0.002296
532,0.002039
533,0.001928
534,0.001903
535,0.004737
536,0.002959
537,0.004951
538,0.003722
539,0.006127
540,0.003091
541,0.008757
542,0.007883
543,0.013136
544,0.006803
545,0.005637
546,0.010077
547,0.707989
548,0.874613
549,0.910645
550,0.988162
551,0.989211
552,0.97274
553,0.973664
554,0.977219
555,0.984018
556,0.984473
557,0.988069
558,0.98882
559,0.983433
560,0.98543
561,0.982699
562,0.981452
563,0.979557
564,0.974775
565,0.977692
566,0.976212
567,0.975168
568,0.97593
569,0.708491
570,0.146493
571,0.054999
572,0.023153
573,0.05467
574,0.01829
575,0.003667
576,0.001772
577,0.005132
578,0.008317
579,0.036405
580,0.030012
581,0.012363
582,0.839285
583,0.901904
584,0.956766
585,0.952741
586,0.936547
587,0.928262
588,0.905729
589,0.941109
590,0.938239
591,0.920799
592,0.914659
593,0.963956
594,0.971102
595,0.966143
596,0.964234
597,0.969141
598,0.981403
599,0.973346
600,0.980575
601,0.974405
602,0.97908
603,0.979116
604,0.978999
605,0.922639
606,0.909168
607,0.970108
608,0.938151
609,0.940116
610,0.824328
611,0.841615
612,0.889258
613,0.903834
614,0.895464
615,0.963312
616,0.955539
617,0.966733
618,0.912647
619,0.938505
620,0.946347
621,0.879731
622,0.416784
623,0.047679
624,0.063757
625,0.024646
626,0.01356
627,0.001685
628,0.015317
629,0.020509
630,0.066396
631,0.116781
632,0.126708
633,0.067312
634,0.039591
635,0.052129
636,0.040413
637,0.057242
638,0.033169
639,0.054945
640,0.049745
641,0.051287
642,0.058709
643,0.071219
644,0.052517
645,0.033946
646,0.051313
647,0.031553
648,0.030007
649,0.037685
650,0.030969
651,0.077195
652,0.15552
653,0.062728
654,0.068675
655,0.042704
656,0.067138
657,0.069725
658,0.066448
659,0.029588
660,0.017034
661,0.014478
662,0.058011
663,0.668957
664,0.427525
665,0.417501
666,0.987357
667,0.969196
668,0.980721
669,0.978187
670,0.976041
671,0.97179
672,0.987148
673,0.984097
674,0.991493
675,0.984302
676,0.987133
677,0.986283
678,0.985057
679,0.983947
680,0.982857
681,0.982695
682,0.980726
683,0.915917
684,0.548664
685,0.687653
686,0.649777
687,0.387297
688,0.085407
689,0.13214
690,0.441134
691,0.670936
692,0.602796
693,0.559647
694,0.361598
695,0.344875
696,0.540377
697,0.958551
698,0.907227
699,0.908695
700,0.986558
701,0.985642
702,0.985779
703,0.988373
704,0.98903
705,0.990485
706,0.985922
707,0.299645
708,0.04945
709,0.019813
710,0.017215
711,0.005759
712,0.003676
713,0.012629
714,0.047713
715,0.031738
716,0.01502
717,0.048865
718,0.051438
719,0.643166
720,0.932161
721,0.949998
722,0.940533
723,0.933814
724,0.935326
725,0.964927
726,0.937914
727,0.936311
728,0.935345
729,0.934255
730,0.937783
731,0.941388
732,0.919388
733,0.899502
734,0.017965
735,0.009412
736,0.00191
737,0.01176
738,0.025693
739,0.005603
740,0.003296
741,0.002035
742,0.00096
743,0.002139
744,0.001686
745,0.00402
746,0.004048
747,0.003112
748,0.003388
749,0.001962
750,0.002034
751,0.002664
752,0.00294
753,0.005168
754,0.002801
755,0.008578
756,0.010327
757,0.003558
758,0.001459
759,0.002054
760,0.004251
761,0.00321
762,0.008939
763,0.010856
764,0.005259
765,0.001341
766,0.028659
767,0.019169
768,0.032882
769,0.04958
770,0.034385
771,0.030223
772,0.036373
773,0.041523
774,0.034787
775,0.021929
776,0.157369
777,0.067365
778,0.048427
779,0.055376
780,0.029675
781,0.062727
782,0.05057
783,0.052265
784,0.076201
785,0.082014
786,0.086236
787,0.043049
788,0.069879
789,0.095854
790,0.110153
791,0.067488
792,0.061077
793,0.055483
794,0.106946
795,0.127161
796,0.15922
797,0.096005
798,0.128399
799,0.080884
800,0.147478
801,0.14618
802,0.220111
803,0.18573
804,0.130883
805,0.096799
806,0.086589
807,0.149894
808,0.130729
809,0.0907
810,0.113441
811,0.100864
812,0.091409
813,0.077877
814,0.053228
815,0.045354
816,0.041794
817,0.054966
818,0.026865
819,0.044919
820,0.058067
821,0.035803
822,0.053078
823,0.053016
824,0.039309
825,0.033877
826,0.023742
827,0.043517
828,0.031269
829,0.026009
830,0.024799
831,0.026907
832,0.032771
833,0.033542
834,0.02835
835,0.03436
836,0.029966
837,0.252596
838,0.863823
839,0.920412
840,0.583828
841,0.610852
842,0.629171
843,0.771897
844,0.616471
845,0.629002
846,0.013084
847,0.001527
848,0.001144
849,0.000708
850,0.000512
851,0.002914
852,0.00268
853,0.007357
854,0.004746
855,0.005754
856,0.015372
857,0.003554
858,0.014035
859,0.008581
860,0.006202
861,0.002254
862,0.0019
863,0.005005
864,0.006672
865,0.001826
866,0.002423
867,0.070197
868,0.047888
869,0.121494
870,0.107114
871,0.124116
872,0.051227
873,0.081613
874,0.043652
875,0.078467
876,0.088431
877,0.07257
878,0.093047
879,0.126125
880,0.171808
881,0.262361
882,0.240235
883,0.059526
884,0.039103
885,0.028657
886,0.039344
887,0.046539
888,0.071334
889,0.109629
890,0.075515
891,0.06969
892,0.084327
893,0.033869
894,0.043533
895,0.019705
896,0.01597
897,0.014585
898,0.024787
899,0.015915
900,0.013805
901,0.017489
902,0.029045
903,0.068713
904,0.045703
905,0.098462
906,0.081059
907,0.251698
908,0.185534
909,0.185613
910,0.111316
911,0.0857
912,0.080524
913,0.072755
914,0.161473
915,0.534977
916,0.830388
917,0.487702
918,0.557497
919,0.554053
920,0.580409
921,0.857345
922,0.904279
923,0.966919
924,0.986658
925,0.990241
926,0.518201
927,0.083063
928,0.08683
929,0.007742
930,0.004817
931,0.014309
932,0.042172
933,0.081213
934,0.052905
935,0.054567
936,0.109487
937,0.042637
938,0.014672
939,0.007629
940,0.003137
941,0.00151
942,0.001016
943,0.006397
944,0.035319
945,0.052441
946,0.082722
947,0.057984
948,0.085573
949,0.119149
950,0.096818
951,0.136504
952,0.099921
953,0.016707
954,0.034471
955,0.106895
956,0.518225
957,0.277811
958,0.245955
959,0.312461
960,0.584657
961,0.132375
962,0.074725
963,0.073588
964,0.088506
965,0.034689
966,0.025869
967,0.032371
968,0.018583
969,0.029603
970,0.027176
971,0.056685
972,0.862397
973,0.837387
974,0.739591
975,0.680627
976,0.886564
977,0.796804
978,0.866733
979,0.539314
980,0.895003
981,0.900736
982,0.879736
983,0.322811
984,0.092534
985,0.020944
986,0.016023
987,0.005645
988,0.126845
989,0.003125
990,0.001957
991,0.00128
992,0.0039
993,0.001727
994,0.004863
995,0.009795
996,0.002076
997,0.006536
998,0.003826
999,0.017149
1000,0.015694
1001,0.017784
1002,0.018968
1003,0.023562
1004,0.017733
1005,0.023093
1006,0.024475
1007,0.024897
1008,0.022987
1009,0.022757
1010,0.029729
1011,0.020203
1012,0.029394
1013,0.044373
1014,0.058843
1015,0.112399
1016,0.071838
1017,0.045153
1018,0.026823
1019,0.026556
1020,0.019419
1021,0.020058
1022,0.01979
1023,0.02449
1024,0.035483
1025,0.032265
1026,0.04097
1027,0.043577
1028,0.029457
1029,0.02931
1030,0.042673
1031,0.038029
1032,0.064446
1033,0.090858
1034,0.114206
1035,0.095364
1036,0.141729
1037,0.077853
1038,0.068649
1039,0.065173
1040,0.052534
1041,0.037197
1042,0.029561
1043,0.045835
1044,0.041656
1045,0.064038
1046,0.049838
1047,0.055763
1048,0.033919
1049,0.062985
1050,0.033105
1051,0.044877
1052,0.025671
1053,0.029815
1054,0.047508
1055,0.040211
1056,0.061907
1057,0.060897
1058,0.280949
1059,0.084205
1060,0.155406
1061,0.137304
1062,0.12579
1063,0.312127
1064,0.50761
1065,0.64708
1066,0.891647
1067,0.891221
1068,0.898914
1069,0.98843
1070,0.991388
1071,0.977315
1072,0.951046
1073,0.970897
1074,0.972106
1075,0.971214
1076,0.971382
1077,0.981645
1078,0.983355
1079,0.982809
1080,0.986607
1081,0.988824
1082,0.981095
1083,0.380499
1084,0.100435
1085,0.063723
1086,0.072735
1087,0.133533
1088,0.170767
1089,0.092374
1090,0.149772
1091,0.181604
1092,0.936322
1093,0.994288
1094,0.985905
1095,0.981459
1096,0.986845
1097,0.981201
1098,0.97937
1099,0.98191
1100,0.977509
1101,0.976888
1102,0.974552
1103,0.984052
1104,0.694318
1105,0.009912
1106,0.042782
1107,0.014499
1108,0.030347
1109,0.010194
1110,0.00197
1111,0.001079
1112,0.001635
1113,0.001028
1114,0.003448
1115,0.001
1116,0.005412
1117,0.034282
1118,0.068267
1119,0.031533
1120,0.003737
1121,0.015981
1122,0.042581
1123,0.029258
1124,0.006099
1125,0.001856
1126,0.003062
1127,0.003316
1128,0.003131
1129,0.00402
1130,0.014147
1131,0.016524
1132,0.024233
1133,0.013183
1134,0.017338
1135,0.023674
1136,0.019734
1137,0.016896
1138,0.025582
1139,0.021878
1140,0.020108
1141,0.012881
1142,0.022583
1143,0.023773
1144,0.027865
1145,0.018357
1146,0.022798
1147,0.006795
1148,0.013818
1149,0.007767
1150,0.148175
1151,0.085527
1152,0.071611
1153,0.02644
1154,0.045332
1155,0.045586
1156,0.042153
1157,0.033378
1158,0.029408
1159,0.03218
1160,0.015187
1161,0.02091
1162,0.009229
1163,0.001143
1164,0.018292
1165,0.074352
1166,0.011305
1167,0.003377
1168,0.001587
1169,0.001758
1170,0.000835
1171,0.000504
1172,0.00017
1173,0.000117
1174,0.000136
1175,0.00031
1176,0.000296
1177,0.000274
1178,0.000343
1179,0.000427
1180,0.000563
1181,0.000121
1182,0.000264
1183,0.000282
1184,0.000473
1185,0.001219
1186,0.387721
1187,0.894896
1188,0.968827
1189,0.957187
1190,0.906766
1191,0.981248
1192,0.972633
1193,0.975756
1194,0.975249
1195,0.970532
1196,0.898169
1197,0.895236
1198,0.92836
1199,0.943202
1200,0.935735
1201,0.947541
1202,0.951117
1203,0.945266
1204,0.92947
1205,0.930991
1206,0.914757
1207,0.912323
1208,0.953004
1209,0.956586
1210,0.953729
1211,0.932861
1212,0.935029
1213,0.936474
1214,0.956168
1215,0.954303
1216,0.976939
1217,0.968698
1218,0.976879
1219,0.969927
1220,0.965185
1221,0.96125
1222,0.958929
1223,0.950362
1224,0.947005
1225,0.959869
1226,0.941436
1227,0.952148
1228,0.938855
