1,0.974684
2,0.977204
3,0.974641
4,0.973061
5,0.971777
6,0.975559
7,0.973554
8,0.979598
9,0.973214
10,0.973366
11,0.972289
12,0.976919
13,0.957107
14,0.952367
15,0.945965
16,0.947863
17,0.950768
18,0.934791
19,0.951239
20,0.960961
21,0.961195
22,0.973673
23,0.973052
24,0.968384
25,0.934045
26,0.93603
27,0.939921
28,0.976928
29,0.979261
30,0.977311
31,0.978679
32,0.980562
33,0.977916
34,0.97881
35,0.980866
36,0.978404
37,0.972183
38,0.970024
39,0.970331
40,0.97289
41,0.975699
42,0.971939
43,0.972113
44,0.96862
45,0.972951
46,0.979477
47,0.982774
48,0.984091
49,0.983344
50,0.980806
51,0.975368
52,0.98166
53,0.979902
54,0.985846
55,0.986576
56,0.979032
57,0.975893
58,0.978349
59,0.973236
60,0.969138
61,0.951195
62,0.97509
63,0.964146
64,0.977137
65,0.981272
66,0.987126
67,0.990805
68,0.992818
69,0.989381
70,0.983982
71,0.974913
72,0.977513
73,0.935891
74,0.949548
75,0.940025
76,0.956919
77,0.973826
78,0.966721
79,0.977779
80,0.971997
81,0.96707
82,0.967459
83,0.935738
84,0.952276
85,0.946046
86,0.968244
87,0.975649
88,0.973459
89,0.967343
90,0.967769
91,0.939656
92,0.944157
93,0.926982
94,0.934787
95,0.847746
96,0.883767
97,0.935814
98,0.939987
99,0.926022
100,0.899386
101,0.27193
102,0.053301
103,0.017006
104,0.01933
105,0.011057
106,0.010146
107,0.033181
108,0.084335
109,0.078664
110,0.084123
111,0.134016
112,0.105035
113,0.081817
114,0.102577
115,0.067692
116,0.12612
117,0.020591
118,0.007136
119,0.00578
120,0.252448
121,0.771248
122,0.935188
123,0.955113
124,0.955415
125,0.975128
126,0.961526
127,0.943773
128,0.945344
129,0.927519
130,0.912761
131,0.94157
132,0.939485
133,0.964033
134,0.968101
135,0.965457
136,0.964859
137,0.968042
138,0.962536
139,0.967059
140,0.970128
141,0.967967
142,0.963455
143,0.915143
144,0.034233
145,0.008218
146,0.013854
147,0.033232
148,0.010259
149,0.012351
150,0.005806
151,0.009647
152,0.005917
153,0.017687
154,0.006591
155,0.082319
156,0.967997
157,0.983758
158,0.989696
159,0.974749
160,0.978939
161,0.969928
162,0.973076
163,0.974417
164,0.986933
165,0.917514
166,0.450115
167,0.024272
168,0.008423
169,0.038588
170,0.016047
171,0.005342
172,0.000789
173,0.000811
174,0.001286
175,0.00201
176,0.007753
177,0.007652
178,0.012315
179,0.003701
180,0.002961
181,0.004877
182,0.019755
183,0.017571
184,0.002791
185,0.015271
186,0.003991
187,0.318343
188,0.890497
189,0.972825
190,0.984084
191,0.982302
192,0.981181
193,0.968801
194,0.974342
195,0.969597
196,0.987878
197,0.987794
198,0.991474
199,0.992197
200,0.992122
201,0.993294
202,0.992422
203,0.990669
204,0.992875
205,0.990892
206,0.988901
207,0.990863
208,0.994094
209,0.99257
210,0.991811
211,0.991009
212,0.99421
213,0.992059
214,0.994648
215,0.992741
216,0.992591
217,0.977425
218,0.982864
219,0.982644
220,0.935649
221,0.88735
222,0.846112
223,0.821934
224,0.850618
225,0.818248
226,0.320225
227,0.328552
228,0.427475
229,0.249397
230,0.358197
231,0.26541
232,0.296167
233,0.286105
234,0.416706
235,0.41041
236,0.271668
237,0.35906
238,0.370812
239,0.183776
240,0.294275
241,0.330053
242,0.316455
243,0.339242
244,0.329975
245,0.919026
246,0.954739
247,0.971908
248,0.96654
249,0.969013
250,0.947717
251,0.924527
252,0.660941
253,0.224185
254,0.338967
255,0.466576
256,0.524526
257,0.204952
258,0.045973
259,0.026619
260,0.047662
261,0.043628
262,0.023822
263,0.035393
264,0.017756
265,0.126284
266,0.073697
267,0.041818
268,0.043866
269,0.036127
270,0.02505
271,0.036199
272,0.028934
273,0.022996
274,0.045523
275,0.07325
276,0.159826
277,0.124977
278,0.09987
279,0.068003
280,0.075341
281,0.183515
282,0.15511
283,0.055896
284,0.030261
285,0.066262
286,0.144055
287,0.6031
288,0.369908
289,0.570373
290,0.915127
291,0.976
292,0.975228
293,0.980688
294,0.97512
295,0.955059
296,0.972889
297,0.970434
298,0.975559
299,0.979221
300,0.986874
301,0.987915
302,0.988714
303,0.989502
304,0.991568
305,0.992331
306,0.979673
307,0.691922
308,0.603486
309,0.779101
310,0.267078
311,0.272334
312,0.323924
313,0.418929
314,0.417484
315,0.162678
316,0.293306
317,0.123768
318,0.262933
319,0.146406
320,0.056558
321,0.115076
322,0.284377
323,0.141406
324,0.083593
325,0.037806
326,0.048839
327,0.019888
328,0.02896
329,0.009085
330,0.00529
331,0.045288
332,0.016587
333,0.013157
334,0.015401
335,0.015932
336,0.0064
337,0.019017
338,0.017082
339,0.010926
340,0.015911
341,0.011182
342,0.049011
343,0.02576
344,0.036753
345,0.029198
346,0.031065
347,0.137282
348,0.167315
349,0.158763
350,0.027856
351,0.207754
352,0.07389
353,0.125003
354,0.182389
355,0.148268
356,0.088166
357,0.006806
358,0.016968
359,0.001835
360,0.069509
361,0.960648
362,0.954804
363,0.977873
364,0.975757
365,0.970101
366,0.98117
367,0.956913
368,0.961831
369,0.964008
370,0.986731
371,0.994132
372,0.993587
373,0.994206
374,0.991564
375,0.989004
376,0.978166
377,0.984525
378,0.980143
379,0.973595
380,0.990849
381,0.993866
382,0.995053
383,0.994985
384,0.992563
385,0.993832
386,0.981211
387,0.989644
388,0.991384
389,0.993623
390,0.994671
391,0.994876
392,0.994806
393,0.993679
394,0.992246
395,0.987825
396,0.990261
397,0.986504
398,0.985617
399,0.98702
400,0.984111
401,0.989782
402,0.991024
403,0.989724
404,0.990919
405,0.98698
406,0.989765
407,0.988893
408,0.990481
409,0.984256
410,0.9849
411,0.957737
412,0.476646
413,0.317348
414,0.333354
415,0.176362
416,0.305589
417,0.163543
418,0.18748
419,0.116574
420,0.117266
421,0.058504
422,0.067053
423,0.047899
424,0.083392
425,0.046522
426,0.068743
427,0.103848
428,0.672208
429,0.75271
430,0.693874
431,0.730616
432,0.890444
433,0.949992
434,0.95313
435,0.951813
436,0.967065
437,0.970694
438,0.975436
439,0.9787
440,0.980994
441,0.983237
442,0.987174
443,0.978446
444,0.980946
445,0.981551
446,0.962137
447,0.938196
448,0.96685
449,0.974298
450,0.96557
451,0.969393
452,0.978647
453,0.98102
454,0.993142
455,0.98858
456,0.922362
457,0.973027
458,0.936413
459,0.848615
460,0.831639
461,0.966371
462,0.937659
463,0.971011
464,0.91274
465,0.976758
466,0.982717
467,0.977029
468,0.98055
469,0.980387
470,0.979846
471,0.966789
472,0.973621
473,0.960408
474,0.954081
475,0.960267
476,0.961975
477,0.972864
478,0.945813
479,0.93428
480,0.936424
481,0.93427
482,0.913806
483,0.933003
484,0.774352
485,0.624564
486,0.702983
487,0.672342
488,0.684664
489,0.576618
490,0.40847
491,0.546922
492,0.724138
493,0.921881
494,0.825134
495,0.696424
496,0.876007
497,0.835619
498,0.57736
499,0.523033
500,0.52925
501,0.508148
502,0.435478
503,0.403789
504,0.329311
505,0.273319
506,0.568676
507,0.695778
508,0.84355
509,0.82214
510,0.837121
511,0.785519
512,0.482491
513,0.909508
514,0.906403
515,0.948693
516,0.976166
517,0.982082
518,0.980796
519,0.965996
520,0.89934
521,0.926313
522,0.898016
523,0.537274
524,0.819655
525,0.812914
526,0.89202
527,0.905111
528,0.921837
529,0.831747
530,0.407614
531,0.320838
532,0.050352
533,0.01579
534,0.015443
535,0.005001
536,0.002977
537,0.006982
538,0.005909
539,0.005174
540,0.006709
541,0.001566
542,0.002918
543,0.003314
544,0.007867
545,0.005099
546,0.015131
547,0.020672
548,0.037529
549,0.037965
550,0.030104
551,0.023303
552,0.061298
553,0.010683
554,0.01832
555,0.003383
556,0.007037
557,0.009686
558,0.058006
559,0.157549
560,0.067207
561,0.085462
562,0.046598
563,0.449882
564,0.203327
565,0.363082
566,0.863165
567,0.214605
568,0.769232
569,0.857935
570,0.887275
571,0.327258
572,0.731293
573,0.737332
574,0.588953
575,0.760278
576,0.646471
577,0.686339
578,0.751107
579,0.746369
580,0.805358
581,0.646473
582,0.254311
583,0.555632
584,0.548925
585,0.241572
586,0.414866
587,0.587282
588,0.061515
589,0.435759
590,0.856852
591,0.862638
592,0.907703
593,0.373737
594,0.125965
595,0.122498
596,0.357478
597,0.842835
598,0.742735
599,0.867774
600,0.805135
601,0.64004
602,0.492489
603,0.757272
604,0.820981
605,0.921715
606,0.950321
607,0.898323
608,0.961473
609,0.96284
610,0.958482
611,0.891571
612,0.86067
613,0.684162
614,0.825047
615,0.645824
616,0.728537
617,0.456028
618,0.42951
619,0.415022
620,0.07028
621,0.037693
622,0.020445
623,0.051272
624,0.01811
625,0.010906
626,0.007226
627,0.185936
628,0.059841
629,0.416127
630,0.371866
631,0.447772
632,0.906803
633,0.758501
634,0.932986
635,0.897317
636,0.921192
637,0.834105
638,0.860421
639,0.901652
640,0.926859
641,0.900439
