1,0.915569
2,0.913147
3,0.921097
4,0.888194
5,0.901164
6,0.899069
7,0.896868
8,0.909619
9,0.881033
10,0.886238
11,0.884085
12,0.890379
13,0.897735
14,0.913419
15,0.940491
16,0.938039
17,0.917867
18,0.950387
19,0.95536
20,0.970661
21,0.961902
22,0.970616
23,0.973346
24,0.969206
25,0.955782
26,0.955725
27,0.966824
28,0.954365
29,0.952172
30,0.950707
31,0.96733
32,0.960496
33,0.943998
34,0.886003
35,0.90138
36,0.936824
37,0.928768
38,0.934784
39,0.935994
40,0.9168
41,0.895614
42,0.903012
43,0.908582
44,0.931312
45,0.895136
46,0.887316
47,0.931337
48,0.908957
49,0.947053
50,0.944397
51,0.948905
52,0.939966
53,0.948458
54,0.964472
55,0.944484
56,0.946805
57,0.956211
58,0.964337
59,0.973818
60,0.971636
61,0.944918
62,0.956271
63,0.952731
64,0.945804
65,0.940062
66,0.946626
67,0.943149
68,0.93597
69,0.946481
70,0.941755
71,0.954669
72,0.955724
73,0.958275
74,0.957436
75,0.956032
76,0.957673
77,0.958436
78,0.958756
79,0.959764
80,0.960098
81,0.953595
82,0.958212
83,0.962323
84,0.963275
85,0.965586
86,0.968037
87,0.967257
88,0.963647
89,0.957266
90,0.965043
91,0.964992
92,0.955909
93,0.968914
94,0.967055
95,0.968524
96,0.966549
97,0.917241
98,0.921275
99,0.960262
100,0.960926
101,0.960729
102,0.926146
103,0.954758
104,0.945221
105,0.958419
106,0.927462
107,0.933965
108,0.933588
109,0.953858
110,0.953856
111,0.951372
112,0.944246
113,0.940785
114,0.943077
115,0.941418
116,0.928648
117,0.928648
118,0.954497
119,0.954234
120,0.946691
121,0.884572
122,0.911626
123,0.931502
124,0.951198
125,0.960142
126,0.957854
127,0.965428
128,0.96598
129,0.962997
130,0.965589
131,0.967169
132,0.963638
133,0.950075
134,0.956919
135,0.958739
136,0.956938
137,0.933864
138,0.967766
139,0.970079
140,0.955682
141,0.954967
142,0.965019
143,0.955738
144,0.969351
145,0.967722
146,0.962971
147,0.962361
148,0.956921
149,0.956218
150,0.9543
151,0.954975
152,0.940426
153,0.927015
154,0.919738
155,0.913882
156,0.904489
157,0.963483
158,0.967799
159,0.966314
160,0.924272
161,0.921515
162,0.907504
163,0.928301
164,0.931803
165,0.935711
166,0.939924
167,0.91814
168,0.922895
169,0.931594
170,0.935566
171,0.83438
172,0.820977
173,0.813105
174,0.90731
175,0.912529
176,0.901269
177,0.796965
178,0.904972
179,0.893574
180,0.892495
181,0.797136
182,0.791033
183,0.804592
184,0.831079
185,0.878639
186,0.910609
187,0.86831
188,0.857475
189,0.897967
190,0.901452
191,0.893194
192,0.916942
193,0.920649
194,0.919203
195,0.920505
196,0.90365
197,0.9229
198,0.907475
199,0.903323
200,0.904405
201,0.914636
202,0.933058
203,0.895667
204,0.826407
205,0.862569
206,0.872682
207,0.886441
208,0.893287
209,0.875838
210,0.88771
211,0.887925
212,0.891928
213,0.885106
214,0.908575
215,0.904598
216,0.899695
217,0.778111
218,0.839424
219,0.844043
220,0.861329
221,0.895981
222,0.893188
223,0.885616
224,0.873028
225,0.884155
226,0.892721
227,0.900109
228,0.904045
229,0.886827
230,0.87482
231,0.87519
232,0.847948
233,0.858947
234,0.861077
235,0.858351
236,0.872329
237,0.882025
238,0.888839
239,0.897575
240,0.951791
241,0.943028
242,0.943695
243,0.937469
244,0.937415
245,0.926585
246,0.948961
247,0.949971
248,0.949747
249,0.945626
250,0.953981
251,0.938747
252,0.93959
253,0.871349
254,0.85809
255,0.897656
256,0.876233
257,0.900456
258,0.913065
259,0.948028
260,0.935541
261,0.946193
262,0.953755
263,0.948073
264,0.940312
265,0.896449
266,0.900512
267,0.899491
268,0.897313
269,0.890767
270,0.877595
271,0.869762
272,0.872965
273,0.877988
274,0.866292
275,0.880659
276,0.893066
277,0.822023
278,0.84328
279,0.855688
280,0.847817
281,0.875363
282,0.781642
283,0.829887
284,0.865651
285,0.892927
286,0.897369
287,0.895536
288,0.883634
289,0.870303
290,0.876988
291,0.906562
292,0.921981
293,0.89651
294,0.889861
295,0.91875
296,0.908657
297,0.90778
298,0.876961
299,0.910248
300,0.886632
301,0.87269
302,0.838001
303,0.797007
304,0.807666
305,0.848719
306,0.907671
307,0.929092
308,0.909559
309,0.903654
310,0.910356
311,0.932858
312,0.935726
313,0.917754
314,0.915925
315,0.9131
316,0.922592
317,0.92086
318,0.908366
319,0.918153
320,0.910469
321,0.928749
322,0.913072
323,0.925655
324,0.905526
325,0.888307
326,0.881675
327,0.874955
328,0.88057
329,0.87713
330,0.888604
331,0.876692
332,0.919579
333,0.913418
334,0.917008
335,0.928297
336,0.929355
337,0.885469
338,0.895214
339,0.900417
340,0.885316
341,0.914226
342,0.906055
343,0.908835
344,0.904685
345,0.912739
346,0.90982
347,0.914
348,0.901766
349,0.904753
350,0.90002
351,0.897919
352,0.913465
353,0.915488
354,0.929678
355,0.932876
356,0.933162
357,0.923696
358,0.914908
359,0.922117
360,0.911819
361,0.913696
362,0.916919
363,0.892491
364,0.889697
365,0.902708
366,0.913058
367,0.921206
368,0.91145
369,0.912779
370,0.915597
371,0.914494
372,0.884144
373,0.882409
374,0.897441
375,0.912742
376,0.927709
377,0.93707
378,0.937544
379,0.940305
380,0.940322
381,0.928208
382,0.938639
383,0.927549
384,0.919825
385,0.866328
386,0.856308
387,0.856238
388,0.856483
389,0.872077
390,0.880463
391,0.867018
392,0.860211
393,0.856607
394,0.864201
395,0.87719
396,0.897744
397,0.913834
398,0.916749
399,0.94484
400,0.94749
401,0.950729
402,0.944742
403,0.940076
404,0.94213
405,0.94637
406,0.943305
407,0.945462
408,0.941971
409,0.89753
410,0.897645
411,0.892278
412,0.903712
413,0.903564
414,0.914361
415,0.881634
416,0.901508
417,0.905851
418,0.83818
419,0.70533
420,0.808407
421,0.819104
422,0.915803
423,0.930571
424,0.949409
425,0.958061
426,0.966003
427,0.955692
428,0.951863
429,0.944936
430,0.948027
431,0.938224
432,0.944662
433,0.932884
434,0.936275
435,0.941089
436,0.946395
437,0.937126
438,0.949427
439,0.948129
440,0.957786
441,0.961827
442,0.967111
443,0.965645
444,0.963571
445,0.935835
446,0.937733
447,0.948648
448,0.955961
449,0.948813
450,0.948997
451,0.937648
452,0.936973
453,0.934444
454,0.948101
455,0.934419
456,0.939633
457,0.928484
458,0.92199
459,0.921982
460,0.931217
461,0.944941
462,0.95097
463,0.955844
464,0.955122
465,0.954727
466,0.955363
467,0.9623
468,0.967912
469,0.957937
470,0.953225
471,0.957294
472,0.96285
473,0.963869
474,0.952589
475,0.953123
476,0.951369
477,0.955618
478,0.951769
479,0.948017
480,0.944178
481,0.939922
482,0.940459
483,0.910052
484,0.848709
485,0.345029
486,0.803042
487,0.765814
488,0.92453
489,0.938709
490,0.927097
491,0.952841
492,0.949655
493,0.959226
494,0.9698
495,0.96882
496,0.953345
497,0.924473
498,0.938153
499,0.95298
500,0.945624
501,0.78572
502,0.847481
503,0.86095
504,0.896945
505,0.937949
506,0.958887
507,0.965009
508,0.956819
509,0.954641
510,0.970622
511,0.962074
512,0.937438
513,0.936899
514,0.943243
515,0.961148
516,0.968188
517,0.962369
518,0.960664
519,0.962377
520,0.968623
521,0.96393
522,0.966057
523,0.971382
524,0.972835
525,0.965513
526,0.963768
527,0.958178
528,0.96959
529,0.956973
530,0.954613
531,0.951102
532,0.946601
533,0.94512
534,0.953516
535,0.944316
536,0.953117
537,0.93747
538,0.933522
539,0.95104
540,0.937998
541,0.946256
542,0.927236
543,0.925776
544,0.949399
545,0.937681
546,0.916504
547,0.929435
548,0.933099
549,0.924168
550,0.92689
551,0.878099
552,0.890491
553,0.872083
554,0.868366
555,0.862471
556,0.875148
557,0.870538
558,0.856065
559,0.846035
560,0.846768
561,0.855746
562,0.872106
563,0.860623
564,0.885846
565,0.856395
566,0.861842
567,0.846856
568,0.840455
569,0.84256
570,0.804757
571,0.80093
572,0.859449
573,0.853943
574,0.790928
575,0.829618
576,0.817717
577,0.84864
578,0.840975
579,0.85003
580,0.866596
581,0.876838
582,0.810282
583,0.786157
584,0.81272
585,0.821825
586,0.855426
587,0.797097
588,0.812288
589,0.822888
590,0.836477
591,0.84257
592,0.847427
593,0.848275
594,0.860888
595,0.88321
596,0.895283
597,0.87818
598,0.869564
599,0.86307
600,0.884571
601,0.88543
602,0.88377
603,0.911882
604,0.884845
605,0.866526
606,0.862469
607,0.844071
608,0.859622
609,0.860393
610,0.867139
611,0.847826
612,0.895982
613,0.911569
614,0.909166
615,0.869253
616,0.912673
617,0.896774
618,0.907025
619,0.91121
620,0.915205
621,0.919204
622,0.909669
623,0.922224
624,0.902293
625,0.928982
626,0.907164
627,0.892628
628,0.896464
629,0.929185
630,0.930832
631,0.92518
632,0.896033
633,0.898007
634,0.876737
635,0.908749
636,0.878355
637,0.902748
638,0.888324
639,0.93062
640,0.920046
641,0.919819
642,0.938336
643,0.952342
644,0.955681
645,0.948662
646,0.95549
647,0.956539
648,0.965355
649,0.938719
650,0.946632
651,0.939138
652,0.95972
653,0.967815
654,0.970231
655,0.971719
656,0.970789
657,0.965432
658,0.965496
659,0.973325
660,0.972715
661,0.972946
662,0.976071
663,0.972953
664,0.970987
665,0.971371
666,0.972058
667,0.965718
668,0.9656
669,0.966834
670,0.968613
671,0.967065
672,0.969556
673,0.961259
674,0.96083
675,0.950767
676,0.957043
677,0.939888
678,0.945924
679,0.938217
680,0.935117
681,0.948512
682,0.943011
683,0.942346
684,0.941266
685,0.910561
686,0.932743
687,0.923006
688,0.923024
689,0.933598
690,0.930325
691,0.930686
692,0.937702
693,0.93624
694,0.936779
695,0.940435
696,0.927015
697,0.925639
698,0.919831
699,0.921545
700,0.928433
701,0.924104
702,0.927427
703,0.919366
704,0.918588
705,0.915387
706,0.917325
707,0.91065
708,0.926766
709,0.933677
710,0.931079
711,0.936866
712,0.957209
713,0.961162
714,0.958298
715,0.967469
716,0.961093
717,0.959903
718,0.965175
719,0.964752
720,0.957194
721,0.92885
722,0.928672
723,0.918852
724,0.928649
725,0.932244
726,0.948987
727,0.935276
728,0.935642
729,0.928975
730,0.941522
731,0.931085
732,0.916953
733,0.926961
734,0.914232
735,0.920634
736,0.931583
737,0.922655
738,0.943387
739,0.922257
740,0.902912
741,0.883099
742,0.882942
743,0.882616
744,0.886549
745,0.910687
746,0.9215
747,0.907882
748,0.920234
749,0.904767
750,0.898431
751,0.869801
752,0.868484
753,0.875614
754,0.919019
755,0.907552
756,0.901845
757,0.890654
758,0.890034
759,0.883535
760,0.889756
761,0.896906
762,0.902944
763,0.903016
764,0.905676
765,0.906301
766,0.904343
767,0.907989
768,0.90271
769,0.939137
770,0.941262
771,0.942184
772,0.948301
773,0.952372
774,0.944285
775,0.934987
776,0.933891
777,0.936053
778,0.938238
779,0.937895
780,0.933523
781,0.936354
782,0.929095
783,0.925259
784,0.927685
785,0.930317
786,0.936862
787,0.931617
788,0.94485
789,0.946978
790,0.950561
791,0.952795
792,0.959425
793,0.948917
794,0.954649
795,0.961241
796,0.957353
797,0.954318
798,0.952722
799,0.957325
800,0.960566
801,0.958847
802,0.967205
803,0.967564
804,0.96312
805,0.954506
806,0.948221
807,0.952897
808,0.947939
809,0.949005
810,0.940044
811,0.946791
812,0.951642
813,0.946383
814,0.942895
815,0.94886
816,0.942378
817,0.948075
818,0.917073
819,0.940687
820,0.954487
821,0.944075
822,0.928996
823,0.912079
824,0.917458
825,0.923993
826,0.936171
827,0.929329
828,0.937299
829,0.9416
830,0.942937
831,0.941193
832,0.956628
833,0.952598
834,0.958172
835,0.946393
836,0.950443
837,0.944513
838,0.927333
839,0.927526
840,0.931674
841,0.939117
842,0.939002
843,0.940094
844,0.947924
845,0.934887
846,0.942129
847,0.932143
848,0.941307
849,0.93695
850,0.94266
851,0.946623
852,0.938354
853,0.953065
854,0.95355
855,0.957827
856,0.96028
857,0.961912
858,0.954999
859,0.954025
860,0.957439
861,0.955948
862,0.957092
863,0.956108
864,0.955719
865,0.952437
866,0.952531
867,0.950746
868,0.950483
869,0.93166
870,0.934381
871,0.948098
872,0.94229
873,0.945072
874,0.950616
875,0.913992
876,0.93266
877,0.924384
878,0.922993
879,0.916436
880,0.914085
881,0.91125
882,0.917053
883,0.922319
884,0.925847
885,0.919846
886,0.944738
887,0.966326
888,0.970871
889,0.980505
890,0.937993
891,0.933135
892,0.97375
893,0.974018
894,0.975657
895,0.953509
896,0.946417
897,0.947925
898,0.943395
899,0.941106
900,0.939165
901,0.966924
902,0.966827
903,0.965022
904,0.923063
905,0.968759
906,0.966156
907,0.964481
908,0.967692
909,0.968121
910,0.885447
911,0.884808
912,0.889403
913,0.942481
914,0.940566
915,0.936005
916,0.887251
917,0.944942
918,0.942891
919,0.896205
920,0.937279
921,0.927341
922,0.919017
923,0.928412
924,0.92068
925,0.884495
926,0.892945
927,0.891156
928,0.912202
929,0.903668
930,0.90912
931,0.899865
932,0.900399
933,0.919198
934,0.91277
935,0.912558
936,0.8985
937,0.875092
938,0.875131
939,0.873262
940,0.884588
941,0.88506
942,0.88672
943,0.906762
944,0.920866
945,0.920727
946,0.920426
947,0.9626
948,0.957895
949,0.952018
950,0.95542
951,0.950731
952,0.952119
953,0.951577
954,0.947922
955,0.947796
956,0.946308
957,0.964296
958,0.967047
959,0.968631
960,0.967477
961,0.962646
962,0.963458
963,0.961059
964,0.963348
965,0.964957
966,0.964315
967,0.968259
968,0.96326
969,0.963701
970,0.964956
971,0.961749
972,0.961425
973,0.956104
974,0.951391
975,0.9494
976,0.960541
977,0.953178
978,0.962393
979,0.925376
980,0.969229
981,0.967809
982,0.970451
983,0.970623
984,0.971854
985,0.925326
986,0.925509
987,0.965234
988,0.931747
989,0.954577
990,0.922713
991,0.927908
992,0.91851
993,0.917113
994,0.921372
995,0.896257
996,0.866995
997,0.921261
998,0.925966
999,0.939701
1000,0.945419
1001,0.950243
1002,0.945435
1003,0.938027
1004,0.928777
1005,0.962648
1006,0.964243
1007,0.958082
1008,0.958709
1009,0.959846
1010,0.967034
1011,0.963361
1012,0.960256
1013,0.940407
1014,0.938895
1015,0.939072
1016,0.931972
1017,0.9352
1018,0.956637
1019,0.923268
1020,0.963122
1021,0.92408
1022,0.955782
1023,0.953742
1024,0.947168
1025,0.945347
1026,0.941579
1027,0.88363
1028,0.903674
1029,0.905697
1030,0.908024
1031,0.915881
1032,0.917488
1033,0.936359
1034,0.939324
1035,0.963083
1036,0.929749
1037,0.930745
1038,0.964141
1039,0.941346
1040,0.972925
1041,0.950423
1042,0.947225
1043,0.948833
1044,0.949211
1045,0.921812
1046,0.936937
1047,0.935842
1048,0.935744
1049,0.929556
1050,0.93999
1051,0.940618
1052,0.945685
1053,0.94601
1054,0.931998
1055,0.931942
1056,0.935985
1057,0.918685
1058,0.911229
1059,0.88865
1060,0.920548
1061,0.932281
1062,0.935962
1063,0.93699
1064,0.939517
1065,0.939632
1066,0.938714
1067,0.935502
1068,0.929417
1069,0.921328
1070,0.917438
1071,0.907403
1072,0.914749
1073,0.924842
1074,0.938201
1075,0.942845
1076,0.950854
1077,0.955488
1078,0.932019
1079,0.896744
1080,0.898245
1081,0.738722
1082,0.724415
1083,0.850187
1084,0.887853
1085,0.918963
1086,0.925232
1087,0.93496
1088,0.952447
1089,0.919027
1090,0.933207
1091,0.886312
1092,0.858196
1093,0.883516
1094,0.884269
1095,0.893725
1096,0.895205
1097,0.899652
1098,0.793346
1099,0.674305
1100,0.73206
1101,0.698835
1102,0.92159
1103,0.883979
1104,0.914693
1105,0.91682
1106,0.93034
1107,0.944523
1108,0.941004
1109,0.939703
1110,0.944458
1111,0.891834
1112,0.915755
1113,0.903401
1114,0.915273
1115,0.908855
1116,0.915195
1117,0.956662
1118,0.958546
1119,0.957126
1120,0.962894
1121,0.964788
1122,0.964
1123,0.958066
1124,0.969314
1125,0.954818
1126,0.954144
1127,0.946768
1128,0.956628
1129,0.962959
1130,0.962721
1131,0.959117
1132,0.958298
1133,0.954484
1134,0.958312
1135,0.960231
1136,0.953974
1137,0.961798
1138,0.962985
1139,0.970797
1140,0.968536
1141,0.967263
1142,0.965218
1143,0.961203
1144,0.962296
1145,0.958608
1146,0.94649
1147,0.949802
1148,0.955424
1149,0.956883
1150,0.949659
1151,0.951273
1152,0.922853
1153,0.875779
1154,0.872076
1155,0.897617
1156,0.92535
1157,0.908758
1158,0.917709
1159,0.911075
1160,0.945781
1161,0.932697
1162,0.930207
1163,0.922733
1164,0.930411
1165,0.92392
1166,0.926977
1167,0.92976
1168,0.929555
1169,0.932801
1170,0.926361
1171,0.918166
1172,0.932693
1173,0.93836
1174,0.917768
1175,0.921685
1176,0.927356
1177,0.908101
1178,0.928896
1179,0.921583
1180,0.93822
1181,0.941721
1182,0.934071
1183,0.945384
1184,0.946622
1185,0.942754
1186,0.941696
1187,0.949293
1188,0.954004
1189,0.894482
1190,0.896061
1191,0.885618
1192,0.892428
1193,0.888981
1194,0.913936
1195,0.933887
1196,0.951299
1197,0.950638
1198,0.956068
1199,0.955404
1200,0.961209
1201,0.960881
1202,0.96229
1203,0.964811
1204,0.963782
1205,0.964507
1206,0.967345
1207,0.965199
1208,0.968551
1209,0.973585
1210,0.976004
1211,0.975977
1212,0.974243
1213,0.960756
1214,0.952627
1215,0.956761
1216,0.957968
1217,0.947559
1218,0.953387
1219,0.946213
1220,0.944442
1221,0.944662
1222,0.953295
1223,0.954457
1224,0.951559
1225,0.92607
1226,0.935432
1227,0.94187
1228,0.943601
1229,0.930357
1230,0.935247
1231,0.931783
1232,0.946716
1233,0.958342
1234,0.96002
1235,0.952173
1236,0.964479
1237,0.956712
1238,0.961904
1239,0.963606
1240,0.96671
1241,0.958789
1242,0.96339
1243,0.958108
1244,0.960915
1245,0.948243
1246,0.946925
1247,0.941282
1248,0.956829
1249,0.970786
1250,0.972537
1251,0.972073
1252,0.97366
1253,0.971608
1254,0.973655
1255,0.973414
1256,0.975025
1257,0.977023
1258,0.976737
1259,0.976722
1260,0.976542
1261,0.969382
1262,0.965999
1263,0.971678
1264,0.966975
1265,0.962728
1266,0.957473
1267,0.95182
1268,0.951893
1269,0.93023
1270,0.953199
1271,0.944591
1272,0.944349
1273,0.919431
1274,0.928931
1275,0.933152
1276,0.939617
1277,0.942789
1278,0.943238
1279,0.953999
1280,0.964404
1281,0.922471
1282,0.933639
1283,0.924204
1284,0.959241
1285,0.914205
1286,0.911178
1287,0.924439
1288,0.931331
1289,0.679595
1290,0.298788
1291,0.283098
1292,0.722364
1293,0.945896
1294,0.944121
1295,0.939004
1296,0.918632
1297,0.939386
1298,0.893771
1299,0.904765
1300,0.936402
1301,0.942482
1302,0.946915
1303,0.944118
1304,0.944311
1305,0.926879
1306,0.974592
1307,0.972083
1308,0.875843
1309,0.903885
1310,0.971954
1311,0.943565
1312,0.92629
1313,0.921809
1314,0.902477
1315,0.901046
1316,0.959752
1317,0.960214
1318,0.969203
1319,0.973559
1320,0.974236
1321,0.982689
1322,0.97911
1323,0.981732
1324,0.981671
1325,0.975313
1326,0.971876
1327,0.967024
1328,0.972889
1329,0.974594
1330,0.978146
1331,0.962451
1332,0.962139
1333,0.930621
1334,0.93127
1335,0.935984
1336,0.97822
1337,0.979297
1338,0.984446
1339,0.976872
1340,0.976928
1341,0.968999
1342,0.964004
1343,0.965361
1344,0.945409
1345,0.939901
1346,0.939145
1347,0.932034
1348,0.938311
1349,0.931312
1350,0.939474
1351,0.931277
1352,0.938369
