1,0.981205
2,0.9848
3,0.983475
4,0.984047
5,0.982775
6,0.98309
7,0.981043
8,0.989726
9,0.990071
10,0.989567
11,0.988986
12,0.980651
13,0.981188
14,0.980255
15,0.978053
16,0.97496
17,0.97307
18,0.966372
19,0.966573
20,0.944426
21,0.973512
22,0.984666
23,0.984009
24,0.985498
25,0.987418
26,0.979327
27,0.980092
28,0.975946
29,0.975584
30,0.964458
31,0.95329
32,0.947785
33,0.956685
34,0.941087
35,0.968907
36,0.966074
37,0.973931
38,0.973408
39,0.964448
40,0.961101
41,0.955254
42,0.947249
43,0.94225
44,0.955177
45,0.944139
46,0.946482
47,0.947301
48,0.962209
49,0.964083
50,0.953732
51,0.944242
52,0.911383
53,0.775242
54,0.792654
55,0.836255
56,0.921572
57,0.880755
58,0.881104
59,0.798375
60,0.728142
61,0.87017
62,0.776129
63,0.79409
64,0.702834
65,0.718429
66,0.713335
67,0.680429
68,0.70814
69,0.715473
70,0.746076
71,0.797813
72,0.642695
73,0.724884
74,0.695896
75,0.636601
76,0.573631
77,0.595521
78,0.564003
79,0.835694
80,0.861812
81,0.847429
82,0.852413
83,0.845873
84,0.650641
85,0.553809
86,0.495707
87,0.46936
88,0.465589
89,0.504929
90,0.541657
91,0.591714
92,0.586855
93,0.571117
94,0.632926
95,0.643882
96,0.62373
97,0.580053
98,0.588752
99,0.506616
100,0.583544
101,0.472643
102,0.54614
103,0.535319
104,0.600638
105,0.667818
106,0.660388
107,0.569335
108,0.574783
109,0.510675
110,0.519275
111,0.447797
112,0.489537
113,0.490179
114,0.461607
115,0.498451
116,0.525701
117,0.488063
118,0.543049
119,0.588352
120,0.649369
121,0.57463
122,0.604345
123,0.610084
124,0.693903
125,0.67929
126,0.621434
127,0.775785
128,0.802493
129,0.808738
130,0.824139
131,0.834107
132,0.829426
133,0.900492
134,0.90679
135,0.911307
136,0.9056
137,0.909721
138,0.921007
139,0.921457
140,0.919996
141,0.929806
142,0.885429
143,0.882227
144,0.865932
145,0.948869
146,0.950472
147,0.95612
148,0.964735
149,0.707046
150,0.638415
151,0.368719
152,0.49672
153,0.098689
154,0.095946
155,0.057568
156,0.051898
157,0.08496
158,0.053221
159,0.058817
160,0.047613
161,0.053396
162,0.047065
163,0.025367
164,0.033608
165,0.024523
166,0.018093
167,0.01923
168,0.022956
169,0.020322
170,0.02142
171,0.012895
172,0.013255
173,0.015418
174,0.019636
175,0.015381
176,0.011897
177,0.012905
178,0.011708
179,0.018737
180,0.017492
181,0.007537
182,0.016559
183,0.021165
184,0.010492
185,0.018117
186,0.027918
187,0.012538
188,0.012085
189,0.042238
190,0.008144
191,0.004364
192,0.00923
193,0.008535
194,0.008663
195,0.009284
196,0.005704
197,0.005387
198,0.004381
199,0.073785
200,0.826334
201,0.888227
202,0.952016
203,0.970407
204,0.969158
205,0.96155
206,0.949349
207,0.977085
208,0.583365
209,0.12021
210,0.034407
211,0.006723
212,0.017833
213,0.006601
214,0.007045
215,0.003249
216,0.00298
217,0.001425
218,0.002236
219,0.005023
220,0.002738
221,0.002782
222,0.003204
223,0.003579
224,0.002731
225,0.005411
226,0.012537
227,0.010797
228,0.003556
229,0.005792
230,0.004963
231,0.003339
232,0.003578
233,0.002639
234,0.002631
235,0.002927
236,0.005085
237,0.00414
238,0.005633
239,0.002817
240,0.003949
241,0.008894
242,0.008957
243,0.009192
244,0.007271
245,0.394643
246,0.883382
247,0.96922
248,0.963462
249,0.961105
250,0.959957
251,0.955287
252,0.937754
253,0.898445
254,0.6912
255,0.082757
256,0.185748
257,0.09462
258,0.044131
259,0.049651
260,0.051215
261,0.033242
262,0.045985
263,0.02949
264,0.040005
265,0.019777
266,0.027729
267,0.021643
268,0.018861
269,0.025705
270,0.013195
271,0.014337
272,0.021061
273,0.020265
274,0.020946
275,0.03521
276,0.416013
277,0.735003
278,0.942521
279,0.972975
280,0.94326
281,0.932809
282,0.952239
283,0.952987
284,0.942224
285,0.898419
286,0.903769
287,0.936133
288,0.911641
289,0.939322
290,0.950874
291,0.729542
292,0.223799
293,0.038967
294,0.034948
295,0.052356
296,0.073303
297,0.041728
298,0.049338
299,0.04739
300,0.04403
301,0.032444
302,0.040507
303,0.034525
304,0.052139
305,0.03041
306,0.033939
307,0.034477
308,0.041808
309,0.030162
310,0.030391
311,0.026624
312,0.018114
313,0.013105
314,0.010474
315,0.012229
316,0.00951
317,0.008923
318,0.010157
319,0.010362
320,0.010812
321,0.007414
322,0.007063
323,0.007565
324,0.014621
325,0.244258
326,0.751186
327,0.878555
328,0.772133
329,0.848618
330,0.88878
331,0.892973
332,0.854773
333,0.443933
334,0.1273
335,0.008576
336,0.006287
337,0.028762
338,0.062248
339,0.074751
340,0.072261
341,0.062567
342,0.051029
343,0.019121
344,0.027471
345,0.032468
346,0.030098
347,0.027558
348,0.319614
349,0.078178
350,0.038533
351,0.14384
352,0.470543
353,0.576118
354,0.601056
355,0.615023
356,0.637005
357,0.584992
358,0.562455
359,0.49965
360,0.31461
361,0.106886
362,0.054336
363,0.01208
364,0.01325
365,0.014633
366,0.022755
367,0.022751
368,0.017867
369,0.021693
370,0.018314
371,0.021456
372,0.014261
373,0.004557
374,0.003971
375,0.004357
376,0.003343
377,0.004339
378,0.006509
379,0.014017
380,0.117101
381,0.611608
382,0.485647
383,0.693108
384,0.891362
385,0.929986
386,0.944632
387,0.952131
388,0.903111
389,0.889945
390,0.908765
391,0.939336
392,0.921678
393,0.888804
394,0.872406
395,0.877841
396,0.844505
397,0.888451
398,0.918339
399,0.924435
400,0.919617
401,0.891029
402,0.909565
403,0.964563
404,0.646883
405,0.085883
406,0.027479
407,0.012775
408,0.022243
409,0.290408
410,0.14745
411,0.151245
412,0.173484
413,0.069076
414,0.238312
415,0.022694
416,0.63718
417,0.747594
418,0.890873
419,0.946849
420,0.951284
421,0.945368
422,0.954868
423,0.561576
424,0.009302
425,0.019632
426,0.007807
427,0.087991
428,0.086719
429,0.061514
430,0.157306
431,0.151148
432,0.153288
433,0.317255
434,0.290753
435,0.292436
436,0.244906
437,0.254128
438,0.216445
439,0.180466
440,0.109101
441,0.061261
442,0.055728
443,0.03365
444,0.543734
445,0.803796
446,0.841896
447,0.947287
448,0.961586
449,0.949048
450,0.953672
451,0.935651
452,0.933282
453,0.920269
454,0.959593
455,0.96861
456,0.888593
457,0.796594
458,0.827517
459,0.855568
460,0.843042
461,0.788963
462,0.818905
463,0.950359
464,0.952165
465,0.953106
466,0.825874
467,0.827585
468,0.793661
469,0.825025
470,0.926216
471,0.771585
472,0.774037
473,0.758221
474,0.746636
475,0.695567
476,0.774549
477,0.754709
478,0.754235
479,0.799831
480,0.830106
481,0.892904
482,0.956656
483,0.933542
484,0.952935
485,0.956892
486,0.949686
487,0.947543
488,0.953853
489,0.930771
490,0.932292
491,0.934713
492,0.935382
493,0.959796
494,0.9606
495,0.955292
496,0.959005
497,0.957664
498,0.964129
499,0.965949
500,0.968215
501,0.97184
502,0.979306
503,0.980252
504,0.98678
505,0.981702
506,0.979427
507,0.979552
508,0.976643
509,0.977328
510,0.977818
511,0.98531
512,0.984539
513,0.981402
514,0.982843
515,0.985103
516,0.980282
517,0.98196
518,0.979553
519,0.980506
520,0.985898
521,0.979287
522,0.986056
523,0.983451
524,0.982861
525,0.984967
526,0.982367
527,0.983396
528,0.982865
529,0.934589
530,0.933036
531,0.947568
532,0.951707
533,0.951492
534,0.940333
535,0.938909
536,0.963557
537,0.963731
538,0.959959
539,0.961379
540,0.959704
541,0.979024
