1,0.989694
2,0.99287
3,0.990269
4,0.990517
5,0.990724
6,0.99029
7,0.986828
8,0.98501
9,0.940298
10,0.923058
11,0.915878
12,0.925725
13,0.906124
14,0.911758
15,0.912153
16,0.924717
17,0.91255
18,0.91011
19,0.893615
20,0.91267
21,0.929278
22,0.920237
23,0.92561
24,0.934519
25,0.945596
26,0.945797
27,0.920071
28,0.93059
29,0.929341
30,0.975276
31,0.985764
32,0.987234
33,0.988406
34,0.976542
35,0.972408
36,0.973771
37,0.947019
38,0.972724
39,0.973803
40,0.974653
41,0.978709
42,0.967676
43,0.948484
44,0.961699
45,0.956657
46,0.964563
47,0.971573
48,0.976684
49,0.980217
50,0.981667
51,0.978604
52,0.977696
53,0.975279
54,0.972153
55,0.965783
56,0.97489
57,0.762853
58,0.907723
59,0.96382
60,0.973134
61,0.963115
62,0.952428
63,0.927372
64,0.908232
65,0.806968
66,0.876469
67,0.71614
68,0.739397
69,0.678149
70,0.611428
71,0.6004
72,0.600472
73,0.362176
74,0.390886
75,0.440659
76,0.435397
77,0.632396
78,0.374731
79,0.351127
80,0.53574
81,0.435521
82,0.459186
83,0.670326
84,0.759333
85,0.448602
86,0.407411
87,0.726549
88,0.759039
89,0.805808
90,0.707213
91,0.46663
92,0.404357
93,0.411397
94,0.65555
95,0.585111
96,0.580808
97,0.594598
98,0.530716
99,0.527055
100,0.303469
101,0.354131
102,0.364809
103,0.369542
104,0.410157
105,0.368813
106,0.453642
107,0.450302
108,0.489648
109,0.533778
110,0.609013
111,0.635801
112,0.689773
113,0.762958
114,0.736927
115,0.770208
116,0.773217
117,0.808866
118,0.804394
119,0.607626
120,0.495554
121,0.80718
122,0.718031
123,0.727137
124,0.365158
125,0.418962
126,0.395679
127,0.304103
128,0.202197
129,0.236446
130,0.222363
131,0.304658
132,0.329666
133,0.323274
134,0.319191
135,0.320936
136,0.85329
137,0.928136
138,0.988335
139,0.976216
140,0.948761
141,0.980241
142,0.965305
143,0.982731
144,0.977829
145,0.980713
146,0.982126
147,0.981761
148,0.97252
149,0.960312
150,0.959349
151,0.954188
152,0.954077
153,0.956754
154,0.958095
155,0.959584
156,0.954947
157,0.96677
158,0.970559
159,0.975279
160,0.976162
161,0.978664
162,0.977999
163,0.976769
164,0.970578
165,0.975455
166,0.97233
167,0.96382
168,0.961673
169,0.965321
170,0.980533
171,0.979231
172,0.980786
173,0.977642
174,0.981485
175,0.975688
176,0.969329
177,0.93556
178,0.963124
179,0.942022
180,0.940777
181,0.963224
182,0.961132
183,0.957027
184,0.957783
185,0.953732
186,0.962595
187,0.962397
188,0.968465
189,0.969206
190,0.967871
191,0.97391
192,0.97304
193,0.972546
194,0.967046
195,0.966553
196,0.9604
197,0.95949
198,0.952369
199,0.956866
200,0.958037
201,0.951908
202,0.899678
203,0.584519
204,0.541057
205,0.753175
206,0.923568
207,0.948314
208,0.946715
209,0.945216
210,0.926
211,0.933264
212,0.928287
213,0.939462
214,0.940348
215,0.945076
216,0.951529
217,0.952148
218,0.949109
219,0.954693
220,0.951699
221,0.95651
222,0.950802
223,0.953487
224,0.945985
225,0.948674
226,0.945767
227,0.940661
228,0.942061
229,0.920798
230,0.93859
231,0.938677
232,0.934181
233,0.936002
234,0.926892
235,0.925102
236,0.913226
237,0.915495
238,0.919064
239,0.913026
240,0.901682
241,0.882505
242,0.880623
243,0.887448
244,0.876282
245,0.897396
246,0.877836
247,0.908823
248,0.90653
249,0.892271
250,0.893916
251,0.888552
252,0.88395
253,0.752427
254,0.752893
255,0.913231
256,0.743696
257,0.285153
258,0.592514
259,0.231408
260,0.186558
261,0.283011
262,0.265142
263,0.615472
264,0.691449
265,0.426289
266,0.55947
267,0.410059
268,0.340837
269,0.408253
270,0.481812
271,0.498059
272,0.48589
273,0.450553
274,0.414596
275,0.410222
276,0.405688
277,0.236769
278,0.118971
279,0.079736
280,0.144511
281,0.130107
282,0.10583
283,0.158988
284,0.29095
285,0.392985
286,0.316794
287,0.338695
288,0.2961
289,0.148755
290,0.090648
291,0.229442
292,0.263739
293,0.287731
294,0.318001
295,0.912485
296,0.959084
297,0.951861
298,0.966477
299,0.978448
300,0.984545
301,0.976233
302,0.969856
303,0.966534
304,0.9606
305,0.964809
306,0.963665
307,0.941309
308,0.934215
309,0.930594
310,0.948824
311,0.950806
312,0.958849
313,0.961713
314,0.970124
315,0.973274
316,0.971493
317,0.969132
318,0.965579
319,0.852744
320,0.638581
321,0.286292
322,0.120013
323,0.639566
324,0.680229
325,0.664142
326,0.623234
327,0.584578
328,0.528311
329,0.54206
330,0.623826
331,0.713847
332,0.72013
333,0.660082
334,0.526368
335,0.453554
336,0.364507
337,0.402275
338,0.473274
339,0.373493
340,0.438723
341,0.488174
342,0.18031
343,0.445488
344,0.450118
345,0.13197
346,0.315297
347,0.403794
348,0.366157
349,0.297511
350,0.26913
351,0.519652
352,0.92056
353,0.317577
354,0.660939
355,0.606499
356,0.651303
357,0.744093
358,0.844516
359,0.82361
360,0.822809
361,0.877126
362,0.846098
363,0.952955
364,0.654652
365,0.494554
366,0.493671
367,0.283972
368,0.346127
369,0.444216
370,0.398616
371,0.554673
372,0.390722
373,0.497967
374,0.279618
375,0.209631
376,0.135634
377,0.067149
378,0.013732
379,0.008683
380,0.009793
381,0.011299
382,0.018614
383,0.010485
384,0.007543
385,0.011191
386,0.007512
387,0.008809
388,0.006374
389,0.006377
390,0.007419
391,0.015295
392,0.020062
393,0.009407
394,0.006654
395,0.009076
396,0.007411
397,0.018146
398,0.383378
399,0.03673
400,0.075003
401,0.059895
402,0.423726
403,0.329583
404,0.546871
405,0.664723
406,0.614317
407,0.54492
408,0.571179
409,0.722409
410,0.698615
411,0.646548
412,0.501967
413,0.433031
414,0.427534
415,0.353466
416,0.323062
417,0.38611
418,0.426068
419,0.233567
420,0.268656
421,0.441017
422,0.409904
423,0.391569
424,0.440234
425,0.909495
426,0.174976
427,0.029461
428,0.018794
429,0.006272
430,0.005204
431,0.003126
432,0.004305
433,0.008097
434,0.011811
435,0.076423
436,0.076225
437,0.032985
438,0.028091
439,0.030508
440,0.039351
441,0.005121
442,0.004488
443,0.003704
444,0.00567
445,0.009246
446,0.019919
447,0.042389
448,0.032683
449,0.045534
450,0.043821
451,0.019849
452,0.00451
453,0.007779
454,0.039948
455,0.124371
456,0.215179
457,0.12326
458,0.052939
459,0.061778
460,0.086872
461,0.235981
462,0.245812
463,0.213241
464,0.196474
465,0.29487
466,0.251217
467,0.341443
468,0.225695
469,0.179979
470,0.19843
471,0.138163
472,0.089613
473,0.094353
474,0.078919
475,0.069174
476,0.06687
477,0.058498
478,0.041166
479,0.043874
480,0.019936
481,0.016107
482,0.022305
483,0.02111
484,0.013318
485,0.012338
486,0.01569
487,0.018295
488,0.022813
489,0.013681
490,0.011487
491,0.010214
492,0.014013
493,0.021972
494,0.032683
495,0.042295
496,0.028361
497,0.03829
498,0.017524
499,0.179118
500,0.411169
501,0.3498
502,0.587433
503,0.562127
504,0.646841
505,0.730487
506,0.696833
507,0.831446
508,0.831084
509,0.827487
510,0.866653
511,0.857049
512,0.815753
513,0.778889
514,0.782652
515,0.721542
516,0.712972
517,0.820918
518,0.853027
519,0.816474
520,0.822494
521,0.836196
522,0.800507
523,0.797268
524,0.897053
525,0.896495
526,0.858091
527,0.806387
528,0.813056
529,0.802333
530,0.839539
531,0.777547
532,0.880263
533,0.895363
534,0.888063
535,0.890563
536,0.883989
537,0.881776
538,0.843705
539,0.874487
540,0.890395
541,0.804757
542,0.570462
543,0.446708
544,0.155505
545,0.283802
546,0.173667
547,0.160191
548,0.04332
549,0.02805
550,0.011055
551,0.024997
552,0.014543
553,0.026121
554,0.03368
555,0.032863
556,0.0416
557,0.034173
558,0.035059
559,0.031672
560,0.013493
561,0.013804
562,0.010621
563,0.02527
564,0.052188
565,0.067227
566,0.057552
567,0.067631
568,0.097311
569,0.09152
570,0.091704
571,0.096939
572,0.085948
573,0.071667
574,0.075609
575,0.068117
576,0.393676
577,0.621568
578,0.393042
579,0.540129
580,0.660862
581,0.61588
582,0.768045
583,0.758498
584,0.718927
585,0.642055
586,0.62582
587,0.605661
588,0.760098
589,0.889328
590,0.894915
591,0.846192
592,0.845973
593,0.881638
594,0.917147
595,0.850821
596,0.848545
597,0.846948
598,0.829482
599,0.831243
600,0.838317
601,0.820027
602,0.766965
603,0.639193
604,0.897818
605,0.460727
606,0.191216
607,0.360269
608,0.083141
609,0.05786
610,0.060069
611,0.028321
612,0.042441
613,0.307411
614,0.414893
615,0.339217
616,0.338703
617,0.289491
618,0.345084
619,0.25069
620,0.008312
621,0.001579
622,0.000838
623,0.001939
624,0.003578
625,0.014762
626,0.029016
627,0.006076
628,0.012215
629,0.025524
630,0.19204
631,0.277648
632,0.219519
633,0.17622
634,0.077656
635,0.085534
636,0.070802
637,0.087075
638,0.09753
639,0.128576
640,0.132674
641,0.132486
642,0.158431
643,0.061478
644,0.104179
645,0.038249
646,0.026456
647,0.032058
648,0.0634
649,0.067869
650,0.093536
651,0.047026
652,0.101379
653,0.002112
654,0.001349
655,0.003593
656,0.076462
657,0.10761
658,0.057995
659,0.047428
660,0.05495
661,0.104146
662,0.114284
663,0.111823
664,0.090876
665,0.048854
666,0.034818
667,0.045993
668,0.062623
669,0.064336
670,0.254358
671,0.239974
672,0.175214
673,0.166397
674,0.508527
675,0.532032
676,0.407678
677,0.147396
678,0.214881
679,0.021496
680,0.213574
681,0.531646
682,0.755812
683,0.888596
684,0.95591
685,0.872546
686,0.873987
687,0.877935
688,0.909145
689,0.905901
690,0.878868
691,0.862326
692,0.635348
693,0.19456
694,0.134188
695,0.191978
696,0.196771
697,0.066275
698,0.071689
699,0.043187
700,0.06146
701,0.100656
702,0.288865
703,0.149199
704,0.139171
705,0.062187
706,0.063656
707,0.045079
708,0.036422
709,0.008784
710,0.013033
711,0.032178
712,0.036748
713,0.034971
714,0.03486
715,0.029161
716,0.02998
717,0.031976
718,0.018854
719,0.019752
720,0.027327
721,0.027434
722,0.040952
723,0.034568
724,0.028342
725,0.029335
726,0.03465
727,0.036712
728,0.039949
729,0.043942
730,0.041203
731,0.041411
732,0.035074
733,0.026074
734,0.022648
735,0.021146
736,0.020212
737,0.078592
738,0.352292
739,0.273768
740,0.201369
741,0.860639
742,0.81005
743,0.826401
744,0.675548
745,0.739008
746,0.768102
747,0.81491
748,0.784925
749,0.906826
750,0.87615
751,0.909068
752,0.910298
753,0.904515
754,0.92783
755,0.931081
756,0.944805
757,0.924351
758,0.920527
759,0.924834
760,0.931099
761,0.930085
762,0.940005
763,0.93356
764,0.9226
765,0.937839
766,0.937003
767,0.937996
768,0.939225
769,0.94562
770,0.941753
771,0.92264
772,0.931307
773,0.899301
774,0.898857
775,0.891214
776,0.889839
777,0.87786
778,0.877547
779,0.871385
780,0.866433
781,0.915509
782,0.793245
783,0.122783
784,0.090999
785,0.566537
786,0.803735
787,0.794172
788,0.890506
789,0.909907
790,0.896262
791,0.928394
792,0.909817
793,0.854201
794,0.921243
795,0.679223
796,0.329449
797,0.306982
798,0.128821
799,0.180408
800,0.215841
801,0.368066
802,0.345405
803,0.254201
804,0.182319
805,0.101961
806,0.184771
807,0.314755
808,0.383119
809,0.385271
810,0.341389
811,0.258226
812,0.144711
813,0.12596
814,0.178448
815,0.116221
816,0.071041
817,0.007246
818,0.004475
819,0.007441
820,0.010988
821,0.007558
822,0.003403
823,0.0051
824,0.004105
825,0.005095
826,0.00289
827,0.002919
828,0.002754
829,0.004089
830,0.004724
831,0.004897
832,0.005987
833,0.004384
834,0.003175
835,0.00197
836,0.002181
837,0.001623
838,0.003936
839,0.005547
840,0.005766
841,0.004276
842,0.003488
843,0.007863
844,0.00593
845,0.002841
846,0.004244
847,0.004503
848,0.002384
849,0.003187
850,0.004856
851,0.007923
852,0.008179
853,0.001813
854,0.001929
855,0.002544
856,0.003634
857,0.002931
858,0.002505
859,0.001061
860,0.00093
861,0.001259
862,0.001578
863,0.002678
864,0.000542
865,0.000571
866,0.000634
867,0.000711
868,0.002026
869,0.001291
870,0.012892
871,0.005088
872,0.004497
873,0.235827
874,0.378958
875,0.026944
876,0.231785
877,0.174792
878,0.699138
879,0.900466
880,0.788264
881,0.722526
882,0.676803
883,0.316576
884,0.83869
885,0.916454
886,0.538708
887,0.308394
888,0.080087
889,0.158646
890,0.32691
891,0.276144
892,0.258339
893,0.271557
894,0.238138
895,0.235477
896,0.156384
897,0.063868
898,0.011478
899,0.018282
900,0.016651
901,0.055683
902,0.061374
903,0.076331
904,0.029532
905,0.013926
906,0.01527
907,0.032111
908,0.005015
909,0.00531
910,0.008077
911,0.010561
912,0.005712
913,0.002276
914,0.005411
915,0.008879
916,0.011071
917,0.0345
918,0.07902
919,0.007443
920,0.404133
921,0.012885
922,0.024017
923,0.001794
924,0.000776
925,0.000892
926,0.011296
927,0.003426
928,0.000352
929,0
930,0.057777
931,0.102321
932,0.218029
933,0.573496
934,0.811654
935,0.549749
936,0.47186
937,0.556776
938,0.894306
939,0.706617
940,0.190422
941,0.068211
942,0.186033
943,0.03926
944,0.050895
945,0.04578
946,0.083395
947,0.041854
948,0.009408
949,0.003664
950,0.007943
951,0.023625
952,0.060167
953,0.017413
954,0.005265
955,0.001116
956,0.001272
957,0.000775
958,0.004943
959,0.013712
960,0.007368
961,0.001297
962,0.000662
963,0.001051
964,0.010572
965,0.006601
966,0.006695
967,0.00343
968,0.002377
969,0.003494
970,0.00869
971,0.009464
972,0.004732
973,0.00615
974,0.012366
975,0.006006
976,0.00533
977,0.005587
978,0.004511
979,0.00752
980,0.009846
981,0.004179
982,0.002222
983,0.003563
984,0.00361
985,0.016798
986,0.31349
987,0.307163
988,0.514502
989,0.616231
990,0.690794
991,0.69058
992,0.291184
993,0.003842
994,0.001971
995,0.002436
996,0.015492
997,0.001668
998,0.007206
999,0.003124
1000,0.003456
1001,0.007574
1002,0.028621
1003,0.022314
1004,0.03552
1005,0.027062
1006,0.057863
1007,0.043731
1008,0.029399
1009,0.054626
1010,0.093089
1011,0.047927
1012,0.093475
1013,0.080569
1014,0.057395
1015,0.050336
1016,0.037335
1017,0.020624
1018,0.01724
1019,0.020728
1020,0.011682
1021,0.061049
1022,0.059959
1023,0.054252
1024,0.050992
1025,0.025496
1026,0.068576
1027,0.003296
1028,0.113765
1029,0.359524
1030,0.422402
1031,0.649025
1032,0.539078
1033,0.517157
1034,0.348081
1035,0.122998
1036,0.010283
1037,0.000644
1038,0.003406
1039,0.030811
1040,0.106519
1041,0.016963
1042,0.007122
1043,0.022483
1044,0.083028
1045,0.078614
1046,0.050298
1047,0.061886
1048,0.064317
1049,0.026838
1050,0.032256
1051,0.034149
1052,0.026539
1053,0.050778
1054,0.096859
1055,0.053549
1056,0.019526
1057,0.030682
1058,0.02049
1059,0.065451
1060,0.323206
1061,0.237147
1062,0.36283
1063,0.120706
1064,0.085039
1065,0.269906
1066,0.459162
1067,0.573652
1068,0.404796
1069,0.855637
1070,0.761247
1071,0.095543
1072,0.08054
1073,0.268879
1074,0.113336
1075,0.234991
1076,0.388932
1077,0.511791
1078,0.163555
1079,0.094021
1080,0.250449
1081,0.261294
1082,0.442414
1083,0.36957
1084,0.359759
1085,0.179977
1086,0.219393
1087,0.159779
1088,0.193891
1089,0.196171
1090,0.19256
1091,0.182346
1092,0.169027
1093,0.196496
1094,0.293107
1095,0.248697
1096,0.153289
1097,0.052324
1098,0.051298
1099,0.023579
1100,0.007933
1101,0.006393
1102,0.008219
1103,0.006855
1104,0.007181
1105,0.01044
1106,0.017116
1107,0.074281
1108,0.011177
1109,0.268971
1110,0.352934
1111,0.944978
1112,0.824565
1113,0.783175
1114,0.807462
1115,0.722945
1116,0.042681
1117,0.023009
1118,0.003047
1119,0.025747
1120,0.109517
1121,0.21949
1122,0.030608
1123,0.019134
1124,0.047054
1125,0.110557
1126,0.094911
1127,0.118906
1128,0.128408
1129,0.161876
1130,0.190997
1131,0.199796
1132,0.094769
1133,0.054004
1134,0.0343
1135,0.02041
1136,0.030212
1137,0.013536
1138,0.020382
1139,0.018576
1140,0.047319
1141,0.040064
1142,0.073085
1143,0.106345
1144,0.108634
1145,0.057498
1146,0.052115
1147,0.027819
1148,0.008839
1149,0.008081
1150,0.006398
1151,0.032356
1152,0.320721
1153,0.114381
1154,0.115883
1155,0.069188
1156,0.362589
1157,0.15991
1158,0.270736
1159,0.199942
1160,0.225045
1161,0.220655
1162,0.123375
1163,0.107381
1164,0.027157
1165,0.705563
1166,0.664464
1167,0.020627
1168,0.028387
1169,0.109838
1170,0.079636
1171,0.112397
1172,0.273108
1173,0.244101
1174,0.100547
1175,0.048808
1176,0.133527
1177,0.097565
1178,0.021411
1179,0.011681
1180,0.005564
1181,0.00346
1182,0.000532
1183,0.001946
1184,0.00087
1185,0.001859
1186,0.000208
1187,6.7e-05
1188,0.000628
1189,0.000166
1190,0.000237
1191,6.6e-05
1192,3.3e-05
1193,8.6e-05
1194,7.4e-05
1195,5.5e-05
1196,0
1197,0
1198,0
1199,0
1200,8.8e-05
1201,0.00016
1202,0.000314
1203,0.000242
1204,9.8e-05
1205,0.000121
1206,7.6e-05
1207,0.000162
1208,0.000222
1209,0.000127
1210,0.00015
1211,0.000283
1212,0.001442
1213,0.001265
1214,0.000887
1215,0.00026
1216,0.000369
1217,0.000504
1218,0.001209
1219,0.013693
1220,0.094624
1221,0.020873
1222,0.016784
1223,0.009795
1224,0.01674
1225,0.027624
1226,0.028901
1227,0.023213
1228,0.025099
1229,0.022347
1230,0.018268
1231,0.005836
1232,0.010949
1233,0.00468
1234,0.001836
1235,0.005401
1236,0.008224
1237,0.012663
1238,0.010495
1239,0.003995
1240,0.009608
1241,0.012075
1242,0.011792
1243,0.0075
1244,0.013909
1245,0.006947
1246,0.018018
1247,0.019888
1248,0.010989
1249,0.000946
1250,0.008745
1251,0.003022
1252,0.004487
1253,0.004
1254,0.005711
1255,0.006823
1256,0.006814
1257,0.007619
1258,0.023559
1259,0.020041
1260,0.021506
1261,0.016807
1262,0.033525
1263,0.026555
1264,0.084306
1265,0.063643
1266,0.059201
1267,0.147717
1268,0.1293
1269,0.055555
1270,0.08983
1271,0.093708
1272,0.119238
1273,0.128977
1274,0.169202
1275,0.073949
1276,0.120263
1277,0.095111
1278,0.04266
1279,0.01085
1280,0.039477
1281,0.065517
1282,0.114919
1283,0.033352
1284,0.00842
1285,0.009881
1286,0.024354
1287,0.02008
1288,0.012703
1289,0.0158
1290,0.018576
1291,0.02512
1292,0.099943
1293,0.161224
1294,0.110195
1295,0.053547
1296,0.030967
1297,0.023662
1298,0.029922
1299,0.011194
1300,0.006378
1301,0.026615
1302,0.016778
1303,0.032499
1304,0.062488
1305,0.097223
1306,0.059635
1307,0.039352
1308,0.014142
1309,0.038479
1310,0.004553
1311,0.003107
1312,0.02
1313,0.585903
1314,0.704951
1315,0.699373
1316,0.670488
1317,0.640349
1318,0.656709
1319,0.425159
1320,0.406777
1321,0.619787
1322,0.658541
1323,0.069391
1324,0.008128
1325,0.0078
1326,0.040082
1327,0.012674
1328,0.00289
1329,0.00172
1330,0.03241
1331,0.075171
1332,0.145749
1333,0.230316
1334,0.181203
1335,0.190994
1336,0.191342
1337,0.260833
1338,0.142603
1339,0.146627
1340,0.281109
1341,0.306496
1342,0.127496
1343,0.098456
1344,0.083041
1345,0.214064
1346,0.168381
1347,0.192217
1348,0.101183
1349,0.184132
1350,0.175495
1351,0.114961
1352,0.150432
1353,0.087469
1354,0.030543
1355,0.016794
1356,0.211973
1357,0.1304
1358,0.006271
1359,0.007615
1360,0.002307
1361,0.000168
1362,0.000203
1363,0
1364,6.4e-05
1365,0.000398
1366,0.001332
1367,0.003233
1368,0.005857
1369,0.004618
1370,0.009807
1371,0.029875
1372,0.028598
1373,0.001645
1374,0.045856
1375,0.048532
1376,0.051529
1377,0.032161
1378,0.06154
1379,0.059767
1380,0.029082
1381,0.072194
1382,0.021276
1383,0.068783
1384,0.092793
1385,0.155947
1386,0.056035
1387,0.177727
1388,0.292795
1389,0.208748
1390,0.951629
1391,0.7763
1392,0.946947
1393,0.677176
1394,0.905609
1395,0.871964
1396,0.677382
1397,0.679313
1398,0.478435
1399,0.311559
1400,0.071728
1401,0.270592
1402,0.391356
1403,0.136108
1404,0.14037
1405,0.066648
1406,0.017126
1407,0.009862
1408,0.015871
1409,0.005952
1410,0.036364
1411,0.019985
1412,0.044798
1413,0.042894
1414,0.145751
1415,0.249596
1416,0.311154
1417,0.40898
1418,0.307241
1419,0.267459
1420,0.2702
1421,0.20046
1422,0.203403
1423,0.175294
1424,0.191487
1425,0.171654
1426,0.128073
1427,0.062933
1428,0.023718
1429,0.004977
1430,0.004779
1431,0.00451
1432,0.001576
1433,0.003951
1434,0.003931
1435,0.003515
1436,0.002816
1437,0.000825
1438,0.001215
1439,0.0013
1440,0.000731
1441,0.000892
1442,0.01731
1443,0.018904
1444,0.008799
1445,0.002354
1446,0.001001
1447,0.001665
1448,0.001292
1449,0.00093
1450,0.000651
1451,0.000468
1452,0.000826
1453,0.004611
1454,0.010007
1455,0.008855
1456,0.002858
1457,0.004088
1458,0.0074
1459,0.003643
1460,0.019509
1461,0.05501
1462,0.409145
1463,0.103236
1464,0.141233
1465,0.127153
1466,0.118543
1467,0.402808
1468,0.458795
1469,0.5962
1470,0.288526
1471,0.380109
1472,0.533446
1473,0.848455
1474,0.806986
1475,0.676211
1476,0.510538
1477,0.4492
1478,0.690397
1479,0.703234
1480,0.628585
1481,0.638319
1482,0.455434
1483,0.379767
1484,0.54115
1485,0.621106
1486,0.459438
