1,0.026707
2,0.006703
3,0.015962
4,0.005995
5,0.039462
6,0.16442
7,0.877652
8,0.883114
9,0.955529
10,0.988332
11,0.977178
12,0.983316
13,0.978593
14,0.975168
15,0.980998
16,0.977116
17,0.979133
18,0.98916
19,0.980856
20,0.98161
21,0.981587
22,0.981808
23,0.970532
24,0.966915
25,0.950559
26,0.954424
27,0.970158
28,0.967505
29,0.969352
30,0.95795
31,0.968403
32,0.95983
33,0.962752
34,0.966123
35,0.965286
36,0.964457
37,0.962739
38,0.964081
39,0.957151
40,0.95571
41,0.960013
42,0.934852
43,0.956354
44,0.964193
45,0.961792
46,0.966973
47,0.959814
48,0.97726
49,0.978338
50,0.974012
51,0.969581
52,0.980557
53,0.921691
54,0.910167
55,0.953478
56,0.960385
57,0.958228
58,0.960585
59,0.947845
60,0.939568
61,0.971008
62,0.968424
63,0.971206
64,0.962462
65,0.968151
66,0.972481
67,0.968921
68,0.968643
69,0.96218
70,0.959888
71,0.965101
72,0.974479
73,0.963699
74,0.943995
75,0.910776
76,0.923657
77,0.909232
78,0.927842
79,0.935903
80,0.942121
81,0.929988
82,0.886005
83,0.891412
84,0.926028
85,0.924412
86,0.904204
87,0.911046
88,0.925451
89,0.911666
90,0.911577
91,0.914249
92,0.913011
93,0.931308
94,0.94995
95,0.917088
96,0.932207
97,0.931419
98,0.934037
99,0.95213
100,0.960529
101,0.957827
102,0.959059
103,0.95132
104,0.954096
105,0.952361
106,0.95993
107,0.946962
108,0.937009
109,0.964613
110,0.956238
111,0.947101
112,0.948
113,0.95546
114,0.952713
115,0.953729
116,0.969913
117,0.980553
118,0.981462
119,0.981443
120,0.989054
121,0.990079
122,0.989558
123,0.991995
124,0.99232
125,0.968493
126,0.939369
127,0.961511
128,0.95303
129,0.967369
130,0.963781
131,0.991606
132,0.991304
133,0.985708
134,0.98725
135,0.988238
136,0.988428
137,0.984801
138,0.831038
139,0.382961
140,0.258352
141,0.341785
142,0.447471
143,0.547761
144,0.762464
145,0.844066
146,0.80323
147,0.863854
148,0.846816
149,0.847132
150,0.815826
151,0.813182
152,0.828598
153,0.771614
154,0.657696
155,0.768038
156,0.739653
157,0.72158
158,0.671109
159,0.871637
160,0.915188
161,0.91914
162,0.937419
163,0.931296
164,0.93564
165,0.93462
166,0.898869
167,0.904848
168,0.88444
169,0.884303
170,0.889786
171,0.922658
172,0.838937
173,0.921694
174,0.8288
175,0.956087
176,0.910258
177,0.969594
178,0.974981
179,0.978094
180,0.978496
181,0.977779
182,0.976651
183,0.980951
184,0.983865
185,0.986457
186,0.986822
187,0.959325
188,0.962428
189,0.976353
190,0.951704
191,0.964186
192,0.958756
193,0.965291
194,0.964849
195,0.968705
196,0.964179
197,0.963562
198,0.970224
199,0.966722
200,0.967392
201,0.97065
202,0.970787
203,0.984026
204,0.971376
205,0.979626
206,0.976945
207,0.97619
208,0.974378
209,0.976127
210,0.973532
211,0.974185
212,0.974995
213,0.988935
214,0.975286
215,0.976944
216,0.972821
217,0.989906
218,0.968473
219,0.969967
220,0.965748
221,0.967224
222,0.969976
223,0.968819
224,0.968768
225,0.968136
226,0.977652
227,0.978141
228,0.991227
229,0.990781
230,0.990398
231,0.991202
232,0.991757
233,0.990229
234,0.962367
235,0.959053
236,0.962846
237,0.958874
238,0.953957
239,0.952847
240,0.954308
241,0.967982
242,0.966123
243,0.958943
244,0.957414
245,0.953284
246,0.947522
247,0.937612
248,0.948119
249,0.931698
250,0.923796
251,0.937287
252,0.93248
253,0.955094
254,0.962549
255,0.960925
256,0.950622
257,0.950645
258,0.921448
259,0.916693
260,0.926842
261,0.942082
262,0.943575
263,0.968605
264,0.969593
265,0.973958
266,0.942532
267,0.938349
268,0.93643
269,0.947795
270,0.95165
271,0.933305
272,0.942764
273,0.931701
274,0.941692
275,0.971514
276,0.93665
277,0.956685
278,0.967275
279,0.955303
280,0.960184
281,0.961805
282,0.963116
283,0.963139
284,0.9602
285,0.962701
286,0.965644
287,0.957405
288,0.965409
289,0.955947
290,0.745494
291,0.607134
292,0.701577
293,0.583909
294,0.368018
295,0.447541
296,0.427187
297,0.455265
298,0.694999
299,0.685937
300,0.716462
301,0.737013
302,0.852242
303,0.858106
304,0.941745
305,0.875571
306,0.727886
307,0.870064
308,0.692142
309,0.823637
310,0.832874
311,0.891909
312,0.908478
313,0.886377
314,0.872312
315,0.84737
316,0.8442
317,0.811154
318,0.790929
319,0.793965
320,0.796129
321,0.872359
322,0.928077
323,0.936033
324,0.352747
325,0.385094
326,0.664631
327,0.64419
328,0.617561
329,0.521485
330,0.667907
331,0.59642
332,0.584017
333,0.695446
334,0.78326
335,0.705692
336,0.552548
337,0.779737
338,0.747364
339,0.580218
340,0.868712
341,0.678744
342,0.763312
343,0.892456
344,0.947364
345,0.930328
346,0.925765
347,0.9465
348,0.977418
349,0.985891
350,0.986288
351,0.989578
352,0.991857
353,0.992906
354,0.990916
355,0.99246
356,0.992153
357,0.990617
358,0.990265
359,0.990912
360,0.991386
361,0.990369
362,0.989714
363,0.989766
364,0.98886
365,0.989554
366,0.988882
367,0.988099
368,0.987936
369,0.988321
370,0.985282
371,0.984228
372,0.992769
373,0.991337
374,0.976955
375,0.977317
376,0.981621
377,0.992237
378,0.992968
379,0.992536
380,0.992462
381,0.992478
382,0.992109
383,0.991819
384,0.99273
385,0.99363
386,0.993491
387,0.993395
388,0.993591
389,0.993616
390,0.993338
391,0.993084
392,0.99303
393,0.991944
394,0.991297
395,0.992094
396,0.991728
397,0.992985
398,0.992782
399,0.992685
400,0.990994
401,0.990333
402,0.990497
403,0.98934
404,0.98927
405,0.992233
406,0.991462
407,0.991078
408,0.991794
409,0.987623
410,0.987492
411,0.987619
412,0.986224
413,0.98614
414,0.986417
415,0.987225
416,0.985684
417,0.985965
418,0.986591
419,0.986628
420,0.987312
421,0.987891
422,0.988144
423,0.988336
424,0.988454
425,0.988049
426,0.988256
427,0.967077
428,0.884088
429,0.521019
430,0.465755
431,0.345401
432,0.520183
433,0.649981
434,0.586178
435,0.440793
436,0.246981
437,0.106577
438,0.193512
439,0.413389
440,0.31233
441,0.284095
442,0.467238
443,0.655029
444,0.632896
445,0.639323
446,0.589694
447,0.731647
448,0.823192
449,0.819168
450,0.810013
451,0.703811
452,0.616335
453,0.66971
454,0.688586
455,0.718902
456,0.76547
457,0.782198
458,0.767783
459,0.757606
460,0.790509
461,0.808347
462,0.796132
463,0.787868
464,0.715152
465,0.515581
466,0.883498
467,0.965283
468,0.882573
469,0.780927
470,0.721418
471,0.786204
472,0.78446
473,0.72718
474,0.7439
475,0.764684
476,0.729611
477,0.704702
478,0.682967
479,0.719304
480,0.675479
481,0.890701
482,0.983808
483,0.613473
484,0.833146
485,0.592084
486,0.565334
487,0.627076
488,0.676737
489,0.545746
490,0.589367
491,0.520282
492,0.551201
493,0.441513
494,0.535121
495,0.560002
496,0.505824
497,0.520982
498,0.565648
499,0.555404
500,0.520237
501,0.606609
502,0.641323
503,0.685863
504,0.678352
505,0.6551
506,0.7071
507,0.813421
508,0.788579
509,0.840866
510,0.87208
511,0.848451
512,0.83999
513,0.637038
514,0.623839
515,0.623699
516,0.573466
517,0.488532
518,0.496875
519,0.397082
520,0.398761
521,0.417839
522,0.367066
523,0.619043
524,0.192531
525,0.450396
526,0.566212
527,0.514173
528,0.615964
529,0.601184
530,0.597753
531,0.675521
532,0.693981
533,0.667761
534,0.670842
535,0.649391
536,0.577098
537,0.618817
538,0.621491
539,0.582566
540,0.638075
541,0.873394
542,0.574106
543,0.488781
544,0.553761
545,0.652207
546,0.594038
547,0.774942
548,0.957859
549,0.492872
550,0.19389
551,0.152426
552,0.284027
553,0.316642
554,0.453938
555,0.520548
556,0.487738
557,0.446515
558,0.571044
559,0.525629
560,0.488791
561,0.518231
562,0.777505
563,0.93446
564,0.958273
565,0.94908
566,0.959212
567,0.955329
568,0.945131
569,0.953179
570,0.951827
571,0.950699
572,0.895565
573,0.319457
574,0.18878
575,0.048135
576,0.061943
577,0.067898
578,0.055108
579,0.039475
580,0.022295
581,0.030573
582,0.044156
583,0.045751
584,0.036858
585,0.046271
586,0.023357
587,0.472864
588,0.781654
589,0.80812
590,0.850379
591,0.896983
592,0.914776
593,0.955908
594,0.954156
595,0.90438
596,0.899066
597,0.959436
598,0.958112
599,0.954295
600,0.949111
601,0.899823
602,0.885346
603,0.889112
604,0.898148
605,0.873425
606,0.880112
607,0.866591
608,0.882289
609,0.825686
610,0.836918
611,0.852744
612,0.877435
613,0.834414
614,0.82632
615,0.821999
616,0.793291
617,0.790549
618,0.802505
619,0.79739
620,0.756486
621,0.766847
622,0.750386
623,0.711181
624,0.764875
625,0.721653
626,0.718006
627,0.714582
628,0.714707
629,0.642471
630,0.721585
631,0.682094
632,0.629079
633,0.651678
634,0.629682
635,0.63569
636,0.61077
637,0.699769
638,0.72705
639,0.55961
640,0.464393
641,0.463135
642,0.414678
643,0.418089
644,0.459446
645,0.264587
646,0.40036
647,0.231763
648,0.239047
649,0.179394
650,0.170015
651,0.155489
652,0.161453
653,0.14914
654,0.138551
655,0.129315
656,0.155733
657,0.123096
658,0.129404
659,0.12214
660,0.143264
661,0.123687
662,0.14838
663,0.137965
664,0.141002
665,0.139673
666,0.142984
667,0.146555
668,0.170615
669,0.147555
670,0.154254
671,0.157102
672,0.153181
673,0.14215
674,0.13532
675,0.114346
676,0.15566
677,0.11762
678,0.122585
679,0.128516
680,0.134973
681,0.129146
682,0.92561
683,0.672099
684,0.230198
685,0.433198
686,0.514149
687,0.105356
688,0.362989
689,0.060813
690,0.259906
691,0.226238
692,0.038801
693,0.212663
694,0.214262
695,0.208258
696,0.14769
697,0.21289
698,0.028449
699,0.246856
700,0.05661
701,0.275491
702,0.3014
703,0.345314
704,0.368809
705,0.427553
706,0.118714
707,0.454692
708,0.741204
709,0.856898
710,0.448002
711,0.346964
712,0.307249
713,0.338467
714,0.410623
715,0.396812
716,0.361187
717,0.683843
718,0.624067
719,0.026741
720,0.011412
721,0.006321
722,0.001417
723,0.001132
724,0.012207
725,0.017803
726,0.016661
727,0.019884
728,0.022369
729,0.004689
730,0.006531
731,0.03042
732,0.004076
733,0.008756
734,0.03211
735,0.026529
736,0.046418
737,0.032013
738,0.04986
739,0.024979
740,0.011037
741,0.039074
742,0.009217
743,0.005386
744,0.003337
745,0.003844
746,0.005841
747,0.002514
748,0.006022
749,0.003697
750,0.00273
751,0.008967
752,0.546573
753,0.8111
754,0.886259
755,0.864223
756,0.875253
757,0.887326
758,0.876768
759,0.833071
760,0.748221
761,0.009751
762,0.012122
763,0.133373
764,0.132685
765,0.093719
766,0.118078
767,0.117836
768,0.089535
769,0.108599
770,0.057704
771,0.047558
772,0.068978
773,0.039059
774,0.04635
775,0.032624
776,0.067835
777,0.070566
778,0.086585
779,0.074734
780,0.085665
781,0.049485
782,0.055506
783,0.069869
784,0.066512
785,0.029883
786,0.042311
787,0.045588
788,0.039488
789,0.036401
790,0.046247
791,0.649581
792,0.845302
793,0.952412
794,0.950589
795,0.969352
796,0.948032
797,0.911275
798,0.884882
799,0.933974
800,0.936863
801,0.937419
802,0.936834
803,0.931506
804,0.918715
805,0.912834
806,0.874355
807,0.852055
808,0.866623
809,0.787376
810,0.853165
811,0.868024
812,0.878307
813,0.887862
814,0.940425
815,0.925861
816,0.867863
817,0.905243
818,0.283174
819,0.030789
820,0.026563
821,0.069218
822,0.041522
823,0.098567
824,0.050249
825,0.064899
826,0.064511
827,0.036436
828,0.040001
829,0.224807
830,0.201525
831,0.15764
832,0.1304
833,0.138159
834,0.092069
835,0.122569
836,0.10738
837,0.020103
838,0.018345
839,0.018484
840,0.021891
841,0.014502
842,0.013821
843,0.015094
844,0.016237
845,0.016626
846,0.029347
847,0.194393
848,0.077489
849,0.004506
850,0.003938
851,0.004526
852,0.004321
853,0.005921
854,0.005384
855,0.002109
856,0.003558
857,0.003012
858,0.003532
859,0.004133
860,0.011289
861,0.009261
862,0.013285
863,0.00842
864,0.009767
865,0.009118
866,0.01434
867,0.008053
868,0.009467
869,0.005159
870,0.017419
871,0.021987
872,0.028529
873,0.023225
874,0.037612
875,0.033625
876,0.030107
877,0.022923
878,0.042777
879,0.065873
880,0.074532
881,0.096158
882,0.164461
883,0.246064
884,0.141611
885,0.208181
886,0.188187
887,0.105563
888,0.121734
889,0.084424
890,0.096284
891,0.097996
892,0.083205
893,0.101951
894,0.117037
895,0.093406
896,0.077665
897,0.083656
898,0.117303
899,0.102106
900,0.076468
901,0.065835
902,0.122239
903,0.18069
904,0.115274
905,0.225418
906,0.215704
907,0.212248
908,0.219716
909,0.156046
910,0.132256
911,0.071779
912,0.077466
913,0.083761
914,0.09973
915,0.102934
916,0.216981
917,0.143782
918,0.169842
919,0.128423
920,0.173661
921,0.224367
922,0.345905
923,0.395252
924,0.566578
925,0.54651
926,0.55672
927,0.486549
928,0.373761
929,0.372958
930,0.282566
931,0.297227
932,0.053577
933,0.41856
934,0.482058
935,0.319457
936,0.269776
937,0.309958
938,0.48424
939,0.469188
940,0.519022
941,0.810955
942,0.05493
943,0.131398
944,0.167207
945,0.304409
946,0.296065
947,0.238125
948,0.067012
949,0.370532
950,0.126233
951,0.095723
952,0.098785
953,0.087827
954,0.170443
955,0.106932
956,0.476705
957,0.517402
958,0.480637
959,0.408503
960,0.377862
961,0.401359
962,0.105581
963,0.25776
964,0.195547
965,0.331243
966,0.300541
967,0.710484
968,0.689682
969,0.527034
970,0.522322
971,0.369654
972,0.378844
973,0.584671
974,0.572015
975,0.577562
976,0.634642
977,0.608408
978,0.614807
979,0.588031
980,0.565131
981,0.575918
982,0.489725
983,0.421316
984,0.583619
985,0.482285
986,0.474894
987,0.53173
988,0.491784
989,0.462762
990,0.519267
991,0.44969
992,0.468846
993,0.54763
994,0.51719
995,0.491655
996,0.527539
997,0.507014
998,0.439892
999,0.901555
1000,0.533735
1001,0.06861
1002,0.047418
1003,0.095313
1004,0.230971
1005,0.110259
1006,0.113575
1007,0.103354
1008,0.089962
1009,0.053431
1010,0.060519
1011,0.036548
1012,0.021989
1013,0.016539
1014,0.024995
1015,0.024688
1016,0.020213
1017,0.01869
1018,0.017959
1019,0.019202
1020,0.016733
1021,0.011312
1022,0.012307
1023,0.014326
1024,0.0131
1025,0.012948
1026,0.076068
1027,0.477682
1028,0.042261
1029,0.049869
1030,0.124573
1031,0.164809
1032,0.20266
1033,0.191636
1034,0.197978
1035,0.275858
1036,0.402294
1037,0.316066
1038,0.303894
1039,0.256911
1040,0.328087
1041,0.307245
1042,0.324958
1043,0.310538
1044,0.334196
1045,0.947503
1046,0.671545
1047,0.210019
1048,0.268286
1049,0.188369
1050,0.24168
1051,0.419202
1052,0.563827
1053,0.374437
1054,0.515384
1055,0.48312
1056,0.278956
1057,0.128552
1058,0.165436
1059,0.092335
1060,0.125199
1061,0.098653
1062,0.07892
1063,0.100457
1064,0.160949
1065,0.111301
1066,0.142022
1067,0.120636
1068,0.115079
1069,0.152007
1070,0.16832
1071,0.202249
1072,0.236588
1073,0.241876
1074,0.177794
1075,0.123261
1076,0.196769
1077,0.256144
1078,0.276033
1079,0.24416
1080,0.205601
1081,0.194608
1082,0.111727
1083,0.096864
1084,0.145267
1085,0.067777
1086,0.107729
1087,0.111688
1088,0.101964
1089,0.099257
1090,0.14549
1091,0.130568
1092,0.203673
1093,0.123238
1094,0.132128
1095,0.096202
1096,0.080873
1097,0.512452
1098,0.785683
1099,0.408146
1100,0.365452
1101,0.412875
1102,0.589963
1103,0.535305
1104,0.554615
1105,0.872019
1106,0.440475
1107,0.015334
1108,0.030208
1109,0.01802
1110,0.034653
1111,0.045053
1112,0.034323
1113,0.044988
1114,0.060095
1115,0.047669
1116,0.060245
1117,0.055603
1118,0.110342
1119,0.082399
1120,0.054209
1121,0.055196
1122,0.15145
1123,0.210944
1124,0.167284
1125,0.167707
1126,0.175643
1127,0.115428
1128,0.126482
1129,0.01856
1130,0.027517
1131,0.02448
1132,0.021146
1133,0.025018
1134,0.031118
1135,0.02247
1136,0.016518
1137,0.016583
1138,0.01628
1139,0.017582
1140,0.02007
1141,0.015923
1142,0.016048
1143,0.013197
1144,0.022295
1145,0.19213
1146,0.801033
1147,0.293162
1148,0.445748
1149,0.592064
1150,0.672119
1151,0.589295
1152,0.409699
1153,0.332266
1154,0.395962
1155,0.35954
1156,0.432417
1157,0.813315
1158,0.795014
1159,0.09718
1160,0.018383
1161,0.020715
1162,0.018835
1163,0.018464
1164,0.015518
1165,0.01553
1166,0.0176
1167,0.019407
1168,0.053166
1169,0.04525
1170,0.080885
1171,0.126587
1172,0.090197
1173,0.10419
1174,0.120855
1175,0.163687
1176,0.182129
1177,0.04592
1178,0.053151
1179,0.052922
1180,0.104891
1181,0.077369
1182,0.05952
1183,0.055892
1184,0.100857
1185,0.113706
1186,0.055818
1187,0.081762
1188,0.07901
1189,0.030078
1190,0.025414
1191,0.035775
1192,0.033509
1193,0.029969
1194,0.034013
1195,0.029303
1196,0.029298
1197,0.030931
1198,0.03044
1199,0.02676
1200,0.032446
1201,0.038278
1202,0.548298
1203,0.032789
1204,0.351319
1205,0.220901
1206,0.13022
1207,0.476659
1208,0.576867
1209,0.509004
1210,0.503192
1211,0.28105
1212,0.276825
1213,0.056369
1214,0.035874
1215,0.036742
1216,0.018183
1217,0.036625
1218,0.051953
1219,0.017451
1220,0.019287
1221,0.027913
1222,0.038312
1223,0.091564
1224,0.082542
1225,0.0464
1226,0.036623
1227,0.036004
1228,0.032067
1229,0.036104
1230,0.045078
1231,0.455751
1232,0.368054
1233,0.326675
1234,0.526562
1235,0.408943
1236,0.604099
1237,0.53639
1238,0.80727
1239,0.028171
1240,0.028786
1241,0.054798
1242,0.07944
1243,0.086068
1244,0.127757
1245,0.108299
1246,0.207525
1247,0.167011
1248,0.09261
1249,0.187791
1250,0.188482
1251,0.088189
1252,0.105978
1253,0.086306
1254,0.120294
1255,0.061269
1256,0.13269
1257,0.102692
1258,0.138959
1259,0.06476
1260,0.060015
1261,0.07888
1262,0.041186
1263,0.082995
1264,0.141934
1265,0.104166
1266,0.106291
1267,0.085564
1268,0.115874
1269,0.013529
1270,0.020413
1271,0.13008
1272,0.017891
1273,0.070606
1274,0.104069
1275,0.097128
1276,0.039054
1277,0.157127
1278,0.021339
1279,0.03109
1280,0.053568
1281,0.057579
1282,0.048289
1283,0.048346
1284,0.042689
1285,0.039298
1286,0.040194
1287,0.038049
1288,0.06417
1289,0.07487
1290,0.058654
1291,0.057622
1292,0.042219
1293,0.044336
1294,0.068159
1295,0.563401
1296,0.159421
1297,0.113393
1298,0.405406
1299,0.387
1300,0.533677
1301,0.513233
1302,0.495756
1303,0.434375
1304,0.761889
1305,0.131856
1306,0.114412
1307,0.034395
1308,0.004832
1309,0.048034
1310,0.032868
1311,0.00798
1312,0.105724
1313,0.048017
1314,0.047275
1315,0.037769
1316,0.005411
1317,0.000619
1318,0.0007
1319,0.00098
1320,0.002299
1321,0.00018
1322,0.000352
1323,0.00071
1324,0.000632
1325,0.000547
1326,0.000403
1327,0.000362
1328,0.000372
1329,0.00045
1330,0.000506
1331,0.000506
1332,0.000296
1333,0.0005
1334,0.000584
1335,0.001211
1336,0.000946
1337,0.000913
1338,0.000689
1339,0.000426
1340,0.000604
1341,0.000813
1342,0.00089
1343,0.001123
1344,0.001081
1345,0.00119
1346,0.001749
1347,0.002869
1348,0.002683
1349,0.001917
1350,0.001577
1351,0.000901
1352,0.00047
1353,0.00038
1354,0.000374
1355,0.000271
1356,0.000522
1357,0.001082
1358,0.008415
1359,0.022775
1360,0.023132
1361,0.024723
1362,0.024242
1363,0.018337
1364,0.016862
1365,0.01079
1366,0.011222
1367,0.02374
1368,0.014686
1369,0.010545
1370,0.015288
1371,0.019336
1372,0.00542
1373,0.009285
1374,0.00745
1375,0.00792
1376,0.010352
1377,0.009689
1378,0.016264
1379,0.017747
1380,0.024352
1381,0.026037
1382,0.022775
1383,0.03022
1384,0.029217
1385,0.0199
1386,0.014238
1387,0.011635
1388,0.011406
1389,0.014521
1390,0.017125
1391,0.011933
1392,0.007215
1393,0.016328
1394,0.04138
1395,0.046461
1396,0.041528
1397,0.049934
1398,0.040218
1399,0.011755
1400,0.012617
1401,0.020446
1402,0.020364
1403,0.015256
1404,0.02573
1405,0.035066
1406,0.009757
1407,0.014796
1408,0.016988
1409,0.008707
1410,0.013755
1411,0.022529
1412,0.018052
1413,0.020361
1414,0.029835
1415,0.070417
1416,0.036622
1417,0.030706
1418,0.023516
1419,0.022259
1420,0.015172
1421,0.035211
1422,0.019092
1423,0.01116
1424,0.004948
1425,0.005651
1426,0.003417
1427,0.002179
1428,0.004147
1429,0.003232
1430,0.004001
1431,0.005668
1432,0.001928
1433,0.003595
1434,0.004221
1435,0.002805
1436,0.001228
1437,0.013497
1438,0.012282
1439,0.003576
1440,0.005249
1441,0.002635
1442,0.002102
1443,0.002132
1444,0.009488
1445,0.001268
1446,0.000656
1447,0.001562
1448,0.001579
1449,0.002079
1450,0.004861
1451,0.004927
1452,0.001868
1453,0.000688
1454,0.000445
1455,0.000737
1456,0.001764
1457,0.021742
1458,0.300258
1459,0.566279
1460,0.667923
1461,0.878721
1462,0.886048
1463,0.878511
1464,0.496923
1465,0.423117
1466,0.282234
1467,0.056676
1468,0.057044
1469,0.020445
1470,0.019745
1471,0.037161
1472,0.030037
1473,0.010852
1474,0.027121
1475,0.038776
1476,0.040168
1477,0.10923
1478,0.195883
1479,0.23732
1480,0.362405
1481,0.279022
1482,0.275782
1483,0.185501
1484,0.316844
1485,0.448972
1486,0.342997
1487,0.210275
1488,0.541005
1489,0.391003
1490,0.292118
1491,0.213607
1492,0.097291
1493,0.229319
1494,0.227632
1495,0.08039
1496,0.077619
1497,0.051007
1498,0.04957
1499,0.03702
1500,0.066883
1501,0.060718
1502,0.065855
1503,0.057744
1504,0.065372
1505,0.01618
1506,0.014767
1507,0.025573
1508,0.029732
1509,0.006233
1510,0.004943
1511,0.003461
1512,0.003624
1513,0.001932
1514,0.003712
1515,0.006788
1516,0.01052
1517,0.005885
1518,0.004524
1519,0.005211
1520,0.005129
1521,0.006544
1522,0.007609
1523,0.00743
1524,0.006773
1525,0.006918
1526,0.006982
1527,0.008011
1528,0.00939
1529,0.008945
1530,0.010426
1531,0.009413
1532,0.040995
1533,0.058378
1534,0.050692
1535,0.022825
1536,0.014865
1537,0.009871
1538,0.003321
1539,0.006846
1540,0.040857
1541,0.029806
1542,0.032164
1543,0.038731
1544,0.058301
1545,0.081963
1546,0.215031
1547,0.27002
1548,0.15571
1549,0.170169
1550,0.178647
1551,0.14792
1552,0.162915
1553,0.411636
1554,0.466997
1555,0.425955
1556,0.393243
1557,0.372841
1558,0.312788
1559,0.413226
1560,0.294612
1561,0.259213
1562,0.262637
1563,0.207097
1564,0.026112
1565,0.011161
1566,0.057521
1567,0.468865
1568,0.948296
1569,0.856107
1570,0.928025
1571,0.831102
1572,0.932458
1573,0.977755
1574,0.984496
1575,0.984734
1576,0.980802
1577,0.983147
1578,0.930267
1579,0.905252
1580,0.930251
1581,0.965224
1582,0.504656
1583,0.693162
1584,0.294158
1585,0.049092
1586,0.040837
1587,0.098048
1588,0.203948
1589,0.19918
1590,0.605312
1591,0.177287
1592,0.071253
1593,0.043956
1594,0.013025
1595,0.012702
1596,0.022025
1597,0.018666
1598,0.012173
1599,0.010454
1600,0.014649
1601,0.031083
1602,0.039079
1603,0.039991
1604,0.087657
1605,0.066728
1606,0.068794
1607,0.052324
1608,0.048687
1609,0.039925
1610,0.045692
1611,0.03716
1612,0.034377
1613,0.030931
1614,0.034667
1615,0.026605
1616,0.019519
1617,0.021383
1618,0.012057
1619,0.004628
1620,0.001001
1621,0.001465
1622,0.001345
1623,0.001402
1624,0.001197
1625,0.001191
1626,0.000268
1627,0.000372
1628,0.001001
1629,0.001401
1630,0.005914
1631,0.021881
1632,0.049625
1633,0.041238
1634,0.052591
1635,0.060084
1636,0.055997
1637,0.054849
1638,0.049315
1639,0.042244
1640,0.029288
1641,0.039146
1642,0.036613
1643,0.05646
1644,0.076023
1645,0.035554
1646,0.048373
1647,0.05242
1648,0.056354
1649,0.062004
1650,0.080862
1651,0.052247
1652,0.040829
1653,0.018079
1654,0.069833
1655,0.063297
1656,0.019103
1657,0.015576
1658,0.016902
1659,0.017159
1660,0.017186
1661,0.042313
1662,0.046265
1663,0.058637
1664,0.067847
1665,0.060068
1666,0.064271
1667,0.060385
1668,0.055521
1669,0.055177
1670,0.050953
1671,0.041079
1672,0.037279
1673,0.047017
1674,0.047138
1675,0.025224
1676,0.016008
1677,0.011057
1678,0.012726
1679,0.01177
1680,0.016866
1681,0.016485
1682,0.014502
1683,0.010769
1684,0.02031
1685,0.052896
1686,0.049088
1687,0.086381
1688,0.306696
1689,0.087662
1690,0.563908
1691,0.589147
1692,0.620433
1693,0.689827
1694,0.658322
1695,0.566708
1696,0.652733
1697,0.558651
1698,0.594407
1699,0.455157
1700,0.443741
1701,0.433055
1702,0.537269
1703,0.596272
1704,0.554447
1705,0.619931
1706,0.613782
1707,0.579218
1708,0.474161
1709,0.482475
1710,0.478924
1711,0.514675
1712,0.525173
1713,0.471695
1714,0.800965
1715,0.865637
1716,0.092515
1717,0.035286
1718,0.015557
1719,0.012647
1720,0.060632
1721,0.086719
1722,0.036979
1723,0.062613
1724,0.117414
1725,0.113566
1726,0.202662
1727,0.406929
1728,0.186148
1729,0.242198
1730,0.199372
1731,0.07648
1732,0.140552
1733,0.306716
1734,0.205312
1735,0.259346
1736,0.219853
1737,0.176887
1738,0.222048
1739,0.232972
1740,0.204582
1741,0.156618
1742,0.089474
1743,0.190578
1744,0.377865
1745,0.566659
1746,0.597687
1747,0.688287
1748,0.676323
1749,0.866192
1750,0.450774
1751,0.05426
1752,0.01637
1753,0.025736
1754,0.074472
1755,0.050244
1756,0.125902
1757,0.060831
1758,0.066387
1759,0.057462
1760,0.074691
1761,0.138074
1762,0.260742
1763,0.265219
1764,0.210561
1765,0.201406
1766,0.265302
1767,0.238227
1768,0.172651
1769,0.150182
1770,0.193209
1771,0.184833
1772,0.125966
1773,0.137289
1774,0.182905
1775,0.211081
1776,0.295853
1777,0.207047
1778,0.225238
1779,0.234894
1780,0.22129
1781,0.083714
1782,0.104964
1783,0.090638
1784,0.087095
1785,0.099221
1786,0.096355
1787,0.106856
1788,0.116762
1789,0.092792
1790,0.101192
1791,0.075175
1792,0.059557
1793,0.085276
1794,0.08971
1795,0.133334
1796,0.238855
1797,0.065056
1798,0.025678
1799,0.004318
1800,0.106859
1801,0.642108
1802,0.519895
1803,0.796549
1804,0.832517
1805,0.675197
1806,0.708789
1807,0.77983
1808,0.804393
1809,0.822374
1810,0.749661
1811,0.82425
1812,0.833247
1813,0.751375
1814,0.595065
1815,0.611663
1816,0.569318
1817,0.653002
1818,0.58784
1819,0.65405
1820,0.923695
1821,0.136179
1822,0.064642
1823,0.042508
1824,0.032249
1825,0.039665
1826,0.035437
1827,0.030755
1828,0.049019
1829,0.049511
1830,0.043503
1831,0.053308
1832,0.049089
1833,0.026013
1834,0.022992
1835,0.029863
1836,0.07288
1837,0.019579
1838,0.009282
1839,0.002944
1840,0.003149
1841,0.005915
1842,0.014793
1843,0.014732
1844,0.143137
1845,0.198195
1846,0.12344
1847,0.152264
1848,0.199983
1849,0.2484
1850,0.266181
1851,0.210651
1852,0.210012
1853,0.247685
1854,0.246695
1855,0.197539
1856,0.190622
1857,0.592282
1858,0.676076
1859,0.824918
1860,0.585385
1861,0.007329
1862,0.00982
1863,0.032991
1864,0.021703
1865,0.048949
1866,0.076088
1867,0.0973
1868,0.060026
1869,0.05634
1870,0.070891
1871,0.091893
1872,0.085667
1873,0.134863
1874,0.149508
1875,0.123734
1876,0.107177
1877,0.133677
1878,0.131978
1879,0.148959
1880,0.137486
1881,0.148992
1882,0.198094
1883,0.231811
1884,0.211176
1885,0.236892
1886,0.234192
1887,0.192638
1888,0.183236
1889,0.149436
1890,0.152314
1891,0.208308
1892,0.181173
1893,0.198242
1894,0.189394
1895,0.204496
1896,0.166678
1897,0.253339
1898,0.24899
1899,0.219498
1900,0.216837
1901,0.220502
1902,0.233383
1903,0.161989
1904,0.176371
1905,0.187551
1906,0.152423
1907,0.141122
1908,0.189118
1909,0.143973
1910,0.171405
1911,0.202533
1912,0.235167
1913,0.203506
1914,0.203366
1915,0.264285
1916,0.265486
1917,0.249601
1918,0.220642
1919,0.166977
1920,0.111603
1921,0.171589
1922,0.163638
1923,0.15078
1924,0.169321
1925,0.175598
1926,0.185165
1927,0.199981
1928,0.209757
1929,0.204641
1930,0.234857
1931,0.211108
1932,0.205172
1933,0.250947
1934,0.275925
1935,0.16284
1936,0.183275
1937,0.168701
1938,0.159019
1939,0.187359
1940,0.201747
1941,0.19698
1942,0.277599
1943,0.249109
1944,0.215078
1945,0.22997
1946,0.171212
1947,0.010476
1948,0.00765
1949,0.042064
1950,0.116719
1951,0.061885
1952,0.077674
1953,0.177376
1954,0.211871
1955,0.040202
1956,0.499561
1957,0.047255
1958,0.03284
1959,0.008295
1960,0.012771
1961,0.064801
1962,0.138388
1963,0.135464
1964,0.13267
1965,0.089526
1966,0.08181
1967,0.046692
1968,0.039262
1969,0.098387
1970,0.097735
1971,0.116692
1972,0.100088
1973,0.075243
1974,0.083393
1975,0.085572
1976,0.111919
1977,0.130712
1978,0.139045
1979,0.1234
1980,0.147122
1981,0.08344
1982,0.081124
1983,0.089704
1984,0.065035
1985,0.090698
1986,0.113868
1987,0.115939
1988,0.108316
1989,0.131846
1990,0.148281
1991,0.108136
1992,0.136541
1993,0.203892
1994,0.145211
1995,0.13321
1996,0.143927
1997,0.143867
1998,0.134054
1999,0.098512
2000,0.101963
2001,0.117115
2002,0.112972
2003,0.124269
2004,0.12438
2005,0.207474
2006,0.168235
2007,0.13612
2008,0.136784
2009,0.114848
2010,0.083593
2011,0.101089
2012,0.096054
2013,0.096866
2014,0.130295
2015,0.134858
2016,0.147504
2017,0.137194
2018,0.148201
2019,0.091782
2020,0.085056
2021,0.06069
2022,0.057062
2023,0.069747
2024,0.076509
2025,0.084257
2026,0.062024
2027,0.063331
2028,0.062273
2029,0.065395
2030,0.069799
2031,0.084361
2032,0.082864
2033,0.06953
2034,0.067076
2035,0.057528
2036,0.071483
2037,0.041653
2038,0.032563
2039,0.029076
2040,0.036736
2041,0.067294
2042,0.076939
2043,0.079646
2044,0.082199
2045,0.075711
2046,0.079468
2047,0.080499
2048,0.07218
2049,0.062793
2050,0.07612
2051,0.075626
2052,0.080043
2053,0.063038
2054,0.070677
2055,0.088421
2056,0.095976
2057,0.107513
2058,0.037673
2059,0.035794
2060,0.086
2061,0.186451
2062,0.271463
2063,0.703422
2064,0.673916
2065,0.595303
2066,0.029234
2067,0.098269
2068,0.00086
2069,0.001645
2070,0.000564
2071,0.052998
2072,0.046746
2073,0.030828
2074,0.035991
2075,0.030785
2076,0.060751
2077,0.019352
2078,0.028336
2079,0.161089
2080,0.175465
2081,0.176662
2082,0.231078
2083,0.261005
2084,0.237968
2085,0.145905
2086,0.101748
2087,0.039451
2088,0.018299
2089,0.024939
2090,0.004054
2091,0.002781
2092,0.049949
2093,0.001873
2094,0.00214
2095,0.000518
2096,0.000176
2097,0.00032
2098,0.000517
2099,0.000811
2100,0.010761
2101,0.001805
2102,0.001275
2103,0.001421
2104,0.003991
2105,0.001011
2106,0.093475
2107,0.093263
2108,0.460006
2109,0.228339
2110,0.272292
2111,0.139463
2112,0.246632
2113,0.117622
2114,0.189132
2115,0.287621
2116,0.673507
2117,0.779943
2118,0.036199
2119,0.032119
2120,0.030375
2121,0.022053
2122,0.148625
2123,0.165424
2124,0.273034
2125,0.116253
2126,0.143622
2127,0.110603
2128,0.110062
2129,0.111275
2130,0.160918
2131,0.269109
2132,0.285512
2133,0.268355
2134,0.199901
2135,0.036118
2136,0.048161
2137,0.056508
2138,0.06683
2139,0.046692
2140,0.072678
2141,0.065999
2142,0.06601
2143,0.029156
2144,0.014912
2145,0.004129
2146,0.001557
2147,0.000433
2148,0.00098
2149,0.000433
2150,0.000452
2151,0.00019
2152,0.000198
2153,0.000195
2154,0.000357
2155,0.000405
2156,0.000621
2157,0.000546
2158,0.000677
2159,0.000554
2160,0.000492
2161,0.000761
2162,0.000585
2163,0.000498
2164,0.000396
2165,0.000362
2166,0.000203
2167,0.000182
2168,0.000143
2169,0.000181
2170,8.5e-05
2171,5.6e-05
2172,3.9e-05
2173,6.9e-05
2174,4.9e-05
2175,6.2e-05
2176,8.4e-05
2177,0.000103
2178,7.2e-05
2179,7.1e-05
2180,0.000116
2181,0.000116
2182,0.000116
2183,0.000149
2184,0.000161
2185,0.000226
2186,0.000232
2187,0.000294
2188,0.000352
2189,0.000337
2190,0.000391
2191,0.000418
2192,0.000611
2193,0.000587
2194,0.000733
2195,0.000581
2196,0.000581
2197,0.000732
2198,0.000819
2199,0.000922
2200,0.001413
2201,0.001397
2202,0.001477
2203,0.000751
2204,0.001255
2205,0.001054
2206,0.001111
2207,0.000964
2208,0.000802
2209,0.001396
2210,0.000988
2211,0.000767
2212,0.001831
2213,0.002098
2214,0.004974
2215,0.012104
2216,0.016118
2217,0.063234
2218,0.067343
2219,0.027272
2220,0.058355
2221,0.172071
2222,0.199508
2223,0.168888
2224,0.24997
2225,0.283109
2226,0.260522
2227,0.453526
2228,0.040272
2229,0.005389
2230,0.005161
2231,0.013712
2232,0.067496
2233,0.061272
2234,0.037523
2235,0.052655
2236,0.070847
2237,0.090669
2238,0.086744
2239,0.084064
2240,0.099364
2241,0.099706
2242,0.153306
2243,0.1337
2244,0.138005
2245,0.139457
2246,0.144915
2247,0.122123
2248,0.150094
2249,0.166134
2250,0.181535
2251,0.214999
2252,0.209678
2253,0.214464
2254,0.216615
2255,0.243007
2256,0.24918
2257,0.137097
2258,0.131383
2259,0.330398
2260,0.219832
2261,0.166084
2262,0.270769
2263,0.290779
2264,0.294738
2265,0.273767
2266,0.31198
2267,0.343059
2268,0.331989
2269,0.44898
2270,0.442965
2271,0.379176
2272,0.331815
2273,0.258073
2274,0.28557
2275,0.198533
2276,0.251233
2277,0.184735
2278,0.174573
2279,0.15635
2280,0.242826
2281,0.218803
2282,0.234798
2283,0.221697
2284,0.263102
2285,0.208921
2286,0.153292
2287,0.126732
2288,0.175901
2289,0.144446
2290,0.094808
2291,0.118648
2292,0.217873
2293,0.268852
2294,0.215454
2295,0.197296
2296,0.086615
2297,0.137766
2298,0.124441
2299,0.07791
2300,0.06483
2301,0.061846
2302,0.048821
2303,0.049167
2304,0.044002
2305,0.018789
2306,0.01125
2307,0.001578
2308,0.001528
2309,0.000343
2310,0.000405
2311,0.000485
2312,0.00078
2313,0.000571
2314,0.000473
2315,0.000319
2316,0.000358
2317,0.000625
2318,0.000533
2319,0.000414
2320,0.000687
2321,0.000444
2322,0.000461
2323,0.000505
2324,0.000384
2325,0.000439
2326,0.00114
2327,0.001006
2328,0.001633
2329,0.001712
2330,0.001542
2331,0.001553
2332,0.002648
2333,0.002495
2334,0.002446
2335,0.002627
2336,0.002725
2337,0.002687
2338,0.002383
2339,0.002233
2340,0.00233
2341,0.000976
2342,0.001056
2343,0.001041
2344,0.000691
2345,0.000533
2346,0.000617
2347,0.000566
2348,0.000677
2349,0.00043
2350,0.000594
2351,0.000301
2352,0.000347
2353,0.000155
2354,0.000167
2355,0.000162
2356,0.000194
2357,0.000127
2358,0.00016
2359,0.000142
2360,0.00011
2361,0.000138
2362,0.00014
2363,0.000187
2364,0.000365
2365,0.00057
2366,0.000924
2367,0.000645
2368,0.000877
2369,0.000665
2370,0.000633
2371,0.000888
2372,0.000873
2373,0.000927
2374,0.001136
2375,0.001151
2376,0.001686
2377,0.002932
2378,0.001455
2379,0.009442
2380,0.033432
2381,0.024742
2382,0.021628
2383,0.012163
2384,0.063482
2385,0.030426
2386,0.01553
2387,0.343298
2388,0.458107
2389,0.617188
2390,0.628819
2391,0.591089
2392,0.675661
2393,0.729235
2394,0.682753
2395,0.658701
2396,0.73278
2397,0.765458
2398,0.403126
2399,0.079619
2400,0.210696
2401,0.196986
2402,0.113747
2403,0.090084
2404,0.073063
2405,0.239858
2406,0.332
2407,0.384707
2408,0.315694
2409,0.366931
2410,0.284668
2411,0.348548
2412,0.438364
2413,0.283999
2414,0.315913
2415,0.300481
2416,0.276502
2417,0.212328
2418,0.109953
2419,0.121952
2420,0.108757
2421,0.081533
2422,0.109497
2423,0.037764
2424,0.016321
2425,0.002147
2426,0.002975
2427,0.004788
2428,0.005378
2429,0.021596
2430,0.032923
2431,0.05036
2432,0.093352
2433,0.194617
2434,0.267602
2435,0.315629
2436,0.217677
2437,0.161712
2438,0.125161
2439,0.144721
2440,0.20783
2441,0.341249
2442,0.165253
2443,0.084768
2444,0.642397
2445,0.545901
2446,0.76245
2447,0.839802
2448,0.77182
2449,0.81086
2450,0.787213
2451,0.802718
2452,0.817042
2453,0.799519
2454,0.59359
2455,0.568949
2456,0.831828
2457,0.799056
2458,0.806521
2459,0.804621
2460,0.801649
2461,0.785153
2462,0.814553
2463,0.783722
2464,0.792456
2465,0.791552
2466,0.816852
2467,0.827868
2468,0.843452
2469,0.844102
2470,0.876579
2471,0.875372
2472,0.301083
2473,0.01053
2474,0.040406
2475,0.054997
2476,0.134186
2477,0.095705
2478,0.199828
2479,0.213253
2480,0.129095
2481,0.220784
2482,0.197767
2483,0.222462
2484,0.220301
2485,0.185176
2486,0.23743
2487,0.24129
2488,0.301352
2489,0.457706
2490,0.50146
2491,0.488886
2492,0.386697
2493,0.449341
2494,0.48325
2495,0.498894
2496,0.564506
2497,0.473939
2498,0.462734
2499,0.41546
2500,0.432221
2501,0.395195
2502,0.362815
2503,0.334895
2504,0.284416
2505,0.283891
2506,0.419015
2507,0.302729
2508,0.321113
2509,0.324899
2510,0.35881
2511,0.292383
2512,0.305201
2513,0.295316
2514,0.266041
2515,0.19141
2516,0.193817
2517,0.174424
2518,0.142625
2519,0.183194
2520,0.136041
2521,0.218049
2522,0.252336
2523,0.324389
2524,0.357338
2525,0.374988
2526,0.365887
2527,0.394993
2528,0.324148
2529,0.319482
2530,0.393788
2531,0.361674
2532,0.315832
2533,0.297942
2534,0.256776
2535,0.339254
2536,0.263497
2537,0.240579
2538,0.258107
2539,0.301933
2540,0.189617
2541,0.14484
2542,0.191765
2543,0.146521
2544,0.174759
2545,0.107568
2546,0.121298
2547,0.10699
2548,0.147245
2549,0.108834
2550,0.13264
2551,0.112696
2552,0.105801
2553,0.07708
2554,0.088921
2555,0.181988
2556,0.04398
2557,0.008651
2558,0.006602
2559,0.012378
2560,0.086989
2561,0.089912
2562,0.076026
2563,0.003604
2564,0.007283
2565,0.00249
2566,0.004262
2567,0.002139
2568,0.005238
2569,0.011727
2570,0.009365
2571,0.021481
2572,0.01595
2573,0.009696
2574,0.008302
2575,0.015667
2576,0.018625
2577,0.018064
2578,0.024575
2579,0.015125
2580,0.012097
2581,0.007233
2582,0.007229
2583,0.008025
2584,0.008466
2585,0.00997
2586,0.005007
2587,0.021402
2588,0.012103
2589,0.013913
2590,0.020972
2591,0.021332
2592,0.02651
2593,0.031607
2594,0.044737
2595,0.035695
2596,0.035028
2597,0.041347
2598,0.040277
2599,0.072223
2600,0.002356
2601,0.026207
2602,0.148937
2603,0.657
2604,0.927804
2605,0.977091
2606,0.97468
2607,0.943981
2608,0.980324
2609,0.974591
2610,0.972314
2611,0.977221
2612,0.976204
2613,0.97043
2614,0.977597
2615,0.964354
2616,0.972246
2617,0.858395
2618,0.129418
2619,0.093013
2620,0.066444
2621,0.318569
2622,0.323288
2623,0.317454
2624,0.349426
2625,0.413147
2626,0.318055
2627,0.250928
2628,0.317791
2629,0.367047
2630,0.446201
2631,0.154958
2632,0.856149
2633,0.730684
2634,0.398647
2635,0.571073
2636,0.404395
2637,0.391822
2638,0.35219
2639,0.349852
2640,0.454674
2641,0.234104
2642,0.332458
2643,0.295547
2644,0.264211
2645,0.296402
2646,0.320499
2647,0.314284
2648,0.322242
2649,0.353034
2650,0.396739
2651,0.465785
2652,0.460619
2653,0.515575
2654,0.535183
2655,0.502191
2656,0.517767
2657,0.622136
2658,0.608338
2659,0.611955
2660,0.579165
2661,0.560261
2662,0.594588
2663,0.62729
2664,0.686806
2665,0.647656
2666,0.630055
2667,0.700081
2668,0.696411
2669,0.722865
2670,0.745157
2671,0.751719
2672,0.733325
2673,0.726808
2674,0.745787
2675,0.740518
2676,0.938264
2677,0.924852
2678,0.277459
2679,0.212628
2680,0.074481
2681,0.112167
2682,0.161879
2683,0.104114
2684,0.085368
2685,0.078389
2686,0.103024
2687,0.067692
2688,0.028013
2689,0.057776
2690,0.050284
2691,0.05405
2692,0.05957
2693,0.049753
2694,0.030076
2695,0.036016
2696,0.090032
2697,0.078855
2698,0.087259
2699,0.097178
2700,0.07377
2701,0.105979
2702,0.055108
2703,0.036713
2704,0.017215
