1,0.965454
2,0.958224
3,0.950969
4,0.954424
5,0.959121
6,0.968251
7,0.96124
8,0.964857
9,0.96083
10,0.969274
11,0.968435
12,0.964918
13,0.966686
14,0.966235
15,0.965849
16,0.970169
17,0.973875
18,0.958411
19,0.959353
20,0.962712
21,0.957777
22,0.963506
23,0.953665
24,0.950926
25,0.959577
26,0.970949
27,0.971696
28,0.96632
29,0.964753
30,0.971917
31,0.966592
32,0.965634
33,0.972141
34,0.964266
35,0.962488
36,0.970214
37,0.951348
38,0.887373
39,0.909275
40,0.920123
41,0.872148
42,0.883716
43,0.902812
44,0.898909
45,0.874613
46,0.913693
47,0.924832
48,0.961397
49,0.966083
50,0.969069
51,0.976475
52,0.945146
53,0.940807
54,0.963304
55,0.961136
56,0.964426
57,0.962657
58,0.969074
59,0.973351
60,0.974344
61,0.975617
62,0.965833
63,0.960878
64,0.970314
65,0.968304
66,0.96725
67,0.962464
68,0.965922
69,0.967261
70,0.96712
71,0.954949
72,0.952252
73,0.8967
74,0.888646
75,0.892839
76,0.887481
77,0.886761
78,0.838259
79,0.796576
80,0.815667
81,0.826978
82,0.853629
83,0.81933
84,0.899782
85,0.844991
86,0.857464
87,0.904918
88,0.882194
89,0.877073
90,0.854357
91,0.897949
92,0.913196
93,0.901595
94,0.833737
95,0.843271
96,0.871422
97,0.822776
98,0.831545
99,0.784826
100,0.781759
101,0.781033
102,0.664224
103,0.191448
104,0.071876
105,0.250364
106,0.159988
107,0.343623
108,0.670613
109,0.686655
110,0.700756
111,0.783748
112,0.685639
113,0.592345
114,0.820288
115,0.798941
116,0.748235
117,0.811754
118,0.80137
119,0.73637
120,0.645011
121,0.653967
122,0.829805
123,0.860295
124,0.953852
125,0.925519
126,0.94785
127,0.964047
128,0.949713
129,0.935449
130,0.941998
131,0.953894
132,0.928117
133,0.94815
134,0.952056
135,0.95879
136,0.973489
137,0.971134
138,0.968785
139,0.970165
140,0.975451
141,0.972541
142,0.981145
143,0.981695
144,0.981926
145,0.979102
146,0.978918
147,0.980539
148,0.981507
149,0.972198
150,0.972783
151,0.983339
152,0.980415
153,0.98027
154,0.981827
155,0.982667
156,0.974238
157,0.980935
158,0.981049
159,0.980242
160,0.98849
161,0.687268
162,0.697047
163,0.552254
164,0.64934
165,0.625329
166,0.291346
167,0.136416
168,0.133499
169,0.121037
170,0.17664
171,0.147847
172,0.135085
173,0.142425
174,0.16034
175,0.237995
176,0.193875
177,0.183193
178,0.229908
179,0.223494
180,0.18836
181,0.250417
182,0.338144
183,0.91112
184,0.938899
185,0.535235
186,0.643379
187,0.622096
188,0.534461
189,0.568787
190,0.780494
191,0.894274
192,0.181494
193,0.122478
194,0.179737
195,0.164204
196,0.234164
197,0.32164
198,0.277273
199,0.274143
200,0.323608
201,0.326775
202,0.354114
203,0.395288
204,0.372264
205,0.338235
206,0.34089
207,0.89774
208,0.796934
209,0.466438
210,0.445932
211,0.492444
212,0.508653
213,0.491055
214,0.44823
215,0.626148
216,0.889509
217,0.056248
218,0.112597
219,0.098303
220,0.089146
221,0.113257
222,0.149665
223,0.128011
224,0.156145
225,0.119273
226,0.265856
227,0.283173
228,0.257115
229,0.24187
230,0.196003
231,0.362193
232,0.271206
233,0.877322
234,0.870313
235,0.761057
236,0.771268
237,0.842568
238,0.851828
239,0.849486
240,0.935912
241,0.510059
242,0.054902
243,0.096295
244,0.070715
245,0.065735
246,0.176186
247,0.261054
248,0.246509
249,0.163209
250,0.256809
251,0.068832
252,0.066918
253,0.915011
254,0.83369
255,0.861226
256,0.92594
257,0.898561
258,0.904025
259,0.924916
260,0.907921
261,0.917474
262,0.921074
263,0.91815
264,0.923593
265,0.94178
266,0.937205
267,0.939807
268,0.927954
269,0.926006
270,0.92897
271,0.928069
272,0.933152
273,0.936278
274,0.933281
275,0.93551
276,0.928448
277,0.293601
278,0.185504
279,0.155294
280,0.139013
281,0.108255
282,0.161398
283,0.25676
284,0.168922
285,0.262851
286,0.30095
287,0.225614
288,0.37052
289,0.310686
290,0.294
291,0.284009
292,0.248145
293,0.265174
294,0.266248
295,0.31674
296,0.57473
297,0.205008
298,0.191623
299,0.443112
300,0.423542
301,0.281092
302,0.435799
303,0.23227
304,0.143533
305,0.075259
306,0.194942
307,0.045094
308,0.108225
309,0.0855
310,0.090287
311,0.058362
312,0.05329
313,0.039031
314,0.045263
315,0.015684
316,0.016699
317,0.020772
318,0.011259
319,0.010473
320,0.010844
321,0.011536
322,0.028749
323,0.052609
324,0.061146
325,0.012376
326,0.022057
327,0.025963
328,0.074623
329,0.062031
330,0.051989
331,0.031021
332,0.047747
333,0.031115
334,0.023052
335,0.016655
336,0.016821
337,0.007305
338,0.007737
339,0.006737
340,0.006947
341,0.007604
342,0.008215
343,0.014161
344,0.017247
345,0.015222
346,0.012119
347,0.011752
348,0.009092
349,0.014537
350,0.025353
351,0.041824
352,0.050271
353,0.046658
354,0.055053
355,0.024115
356,0.027874
357,0.056556
358,0.046205
359,0.092411
360,0.091203
361,0.074597
362,0.009084
363,0.021401
364,0.045702
365,0.053303
366,0.126077
367,0.133282
368,0.442404
369,0.567708
370,0.825956
371,0.903596
372,0.899895
373,0.964129
374,0.965665
375,0.969837
376,0.962452
377,0.956164
378,0.956789
379,0.957632
380,0.956281
381,0.95691
382,0.956017
383,0.938656
384,0.922912
385,0.527023
386,0.090233
387,0.064764
388,0.012204
389,0.00949
390,0.039919
391,0.014614
392,0.024606
393,0.254013
394,0.041081
395,0.023667
396,0.043047
397,0.006672
398,0.003318
399,0.004362
400,0.002314
401,0.019398
402,0.019163
403,0.016403
404,0.00885
405,0.009032
406,0.003637
407,0.005449
408,0.006671
409,0.011105
410,0.005305
411,0.013234
412,0.02206
413,0.029288
414,0.018643
415,0.026285
416,0.015722
417,0.003921
418,0.007643
419,0.007213
420,0.004454
421,0.004909
422,0.007061
423,0.004477
424,0.012438
425,0.00585
426,0.010445
427,0.013003
428,0.016157
429,0.029501
430,0.045094
431,0.030697
432,0.065664
433,0.057331
434,0.047698
435,0.095961
436,0.08278
437,0.155602
438,0.18731
439,0.293491
440,0.015178
441,0.032094
442,0.718255
443,0.910948
444,0.630305
445,0.872989
446,0.874403
447,0.897134
448,0.922087
449,0.902257
450,0.907148
451,0.933881
452,0.951679
453,0.902294
454,0.886781
455,0.875074
456,0.83316
457,0.774005
458,0.776806
459,0.711535
460,0.760907
461,0.837278
462,0.810168
463,0.802901
464,0.785435
465,0.716673
466,0.702424
467,0.743098
468,0.711609
469,0.714718
470,0.7351
471,0.742096
472,0.619882
473,0.605418
474,0.678118
475,0.62318
476,0.690829
477,0.699146
478,0.64105
479,0.569267
480,0.599061
481,0.621006
482,0.58807
483,0.622451
484,0.644767
485,0.64391
486,0.645817
487,0.659727
488,0.610551
489,0.623613
490,0.706458
491,0.816436
492,0.889907
493,0.644467
494,0.423867
495,0.265437
496,0.129954
497,0.070421
498,0.108904
499,0.115817
500,0.07801
501,0.066794
502,0.073096
503,0.112237
504,0.075947
505,0.089814
506,0.116898
507,0.123344
508,0.121952
509,0.113706
510,0.148245
511,0.084994
512,0.124982
513,0.158575
514,0.876241
515,0.465349
516,0.540039
517,0.410315
518,0.564524
519,0.749748
520,0.774246
521,0.74767
522,0.751783
523,0.757309
524,0.787169
525,0.808661
526,0.779328
527,0.735897
528,0.730536
529,0.734504
530,0.697847
531,0.670412
532,0.606104
533,0.587072
534,0.592614
535,0.712897
536,0.721066
537,0.70781
538,0.650196
539,0.520209
540,0.586943
541,0.584789
542,0.627706
543,0.67527
544,0.735529
545,0.727072
546,0.731664
547,0.734362
548,0.736306
549,0.770968
550,0.76605
551,0.768297
552,0.730934
553,0.746357
554,0.710636
555,0.839753
556,0.96121
557,0.962756
558,0.952995
559,0.907615
560,0.946529
561,0.961966
562,0.964321
563,0.975556
564,0.978468
565,0.976482
566,0.97895
567,0.648038
568,0.509364
569,0.56395
570,0.579221
571,0.513355
572,0.442087
573,0.435489
574,0.340517
575,0.241281
576,0.115088
577,0.107929
578,0.117533
579,0.057152
580,0.065426
581,0.043019
582,0.027221
583,0.042192
584,0.094783
585,0.081154
586,0.068097
587,0.058152
588,0.742672
589,0.595083
590,0.853453
591,0.869349
592,0.875637
593,0.891141
594,0.883236
595,0.847317
596,0.876708
597,0.890593
598,0.893234
599,0.893254
600,0.871646
601,0.85475
602,0.820686
603,0.835965
604,0.824231
605,0.861011
606,0.906962
607,0.893669
608,0.153454
609,0.04278
610,0.053143
611,0.018424
612,0.020659
613,0.01109
614,0.017145
615,0.008081
616,0.009787
617,0.007991
618,0.008305
619,0.012072
620,0.016422
621,0.016067
622,0.014627
623,0.016219
624,0.015229
625,0.008813
626,0.009477
627,0.00923
628,0.012243
629,0.011833
630,0.006249
631,0.002205
632,0.009245
633,0.01143
634,0.024935
635,0.026036
636,0.028784
637,0.0285
638,0.015853
639,0.015934
640,0.023803
641,0.013975
642,0.010674
643,0.009119
644,0.007515
645,0.004897
646,0.007458
647,0.005054
648,0.006931
649,0.012524
650,0.050391
651,0.05313
652,0.10452
653,0.068736
654,0.05273
655,0.067621
656,0.058107
657,0.073622
658,0.096456
659,0.1249
660,0.110714
661,0.301739
662,0.275607
663,0.193749
664,0.198681
665,0.189628
666,0.197493
667,0.232691
668,0.238392
669,0.288443
670,0.306716
671,0.313299
672,0.329548
673,0.399562
674,0.404282
675,0.459365
676,0.308559
677,0.189817
678,0.296999
679,0.572624
680,0.2164
681,0.215355
682,0.305104
683,0.55922
684,0.643171
685,0.792358
686,0.695525
687,0.573922
688,0.616729
689,0.699517
690,0.675653
691,0.648581
692,0.65076
693,0.59367
694,0.580205
695,0.600668
696,0.575024
697,0.684386
698,0.681526
699,0.659983
700,0.633258
701,0.596843
702,0.651203
703,0.617805
704,0.437287
705,0.534675
706,0.547886
707,0.609217
708,0.609196
709,0.719129
710,0.68702
711,0.708399
712,0.784708
713,0.747404
714,0.817038
715,0.813403
716,0.812853
717,0.80797
718,0.818866
719,0.790207
720,0.786935
721,0.833115
722,0.824584
723,0.825213
724,0.846051
725,0.83056
726,0.819413
727,0.811223
728,0.836811
729,0.87442
730,0.884875
731,0.894192
732,0.876213
733,0.897069
734,0.880945
735,0.884232
736,0.872205
737,0.868321
738,0.825907
739,0.822008
740,0.814891
741,0.893167
742,0.878584
743,0.875915
744,0.882731
745,0.931924
746,0.930304
747,0.915368
748,0.930847
749,0.924335
750,0.916629
751,0.925593
752,0.935983
753,0.940086
754,0.942058
755,0.939512
756,0.946249
757,0.945377
758,0.94324
759,0.935977
760,0.939734
761,0.936649
762,0.963286
763,0.921912
764,0.963404
765,0.911952
766,0.963198
767,0.933519
768,0.968306
769,0.936278
770,0.97104
771,0.969176
772,0.968169
773,0.967648
774,0.967514
775,0.966372
776,0.962664
777,0.960526
778,0.962686
779,0.966813
780,0.972216
781,0.940128
782,0.96853
783,0.93632
784,0.939169
785,0.941753
786,0.935216
787,0.924154
788,0.928711
789,0.926434
790,0.923673
791,0.894051
792,0.913713
793,0.91903
794,0.905168
795,0.922911
796,0.926878
797,0.909529
798,0.916041
799,0.919568
800,0.904953
801,0.905567
802,0.955233
803,0.840171
804,0.121484
805,0.007469
806,0.004056
807,0.003315
808,0.008052
809,0.062135
810,0.035189
811,0.006435
812,0.004767
813,0.005801
814,0.007903
815,0.006999
816,0.004378
817,0.007989
818,0.008992
819,0.006311
820,0.007564
821,0.287794
822,0.224668
823,0.219238
824,0.263997
825,0.26441
826,0.384901
827,0.412013
828,0.496474
829,0.484008
830,0.521473
831,0.480742
832,0.366001
833,0.17639
834,0.147081
835,0.116536
836,0.122479
837,0.119856
838,0.107563
839,0.090838
840,0.103991
841,0.069201
842,0.060111
843,0.071719
844,0.12003
845,0.106888
846,0.245481
847,0.701018
848,0.757683
849,0.728878
850,0.768583
851,0.720665
852,0.748203
853,0.727147
854,0.774524
855,0.67394
856,0.715558
857,0.699778
858,0.949016
859,0.917968
860,0.119894
861,0.041971
862,0.063242
863,0.228795
864,0.224689
865,0.057741
866,0.038521
867,0.014233
868,0.013846
869,0.011657
870,0.010815
871,0.007374
872,0.009719
873,0.005389
874,0.020224
875,0.022425
876,0.041631
877,0.009103
878,0.013097
879,0.012054
880,0.021495
881,0.04279
882,0.049904
883,0.050815
884,0.064749
885,0.091237
886,0.09945
887,0.104478
888,0.124379
889,0.047542
890,0.086466
891,0.057523
892,0.067528
893,0.049547
894,0.033991
895,0.039265
896,0.068221
897,0.086457
898,0.078191
899,0.055699
900,0.050131
901,0.103321
902,0.148275
903,0.097112
904,0.112291
905,0.154686
906,0.133322
907,0.181518
908,0.186726
909,0.226547
910,0.158243
911,0.126928
912,0.063944
913,0.045388
914,0.025823
915,0.042365
916,0.042602
917,0.044816
918,0.069793
919,0.760979
920,0.689124
921,0.712597
922,0.607554
923,0.567404
924,0.622922
925,0.610129
926,0.502601
927,0.506731
928,0.525929
929,0.581496
930,0.579144
931,0.553614
932,0.595853
933,0.591857
934,0.55381
935,0.598711
936,0.617741
937,0.575968
938,0.582538
939,0.582044
940,0.66608
941,0.584285
942,0.640183
943,0.639744
944,0.613231
945,0.634384
946,0.608188
947,0.636836
948,0.632875
949,0.692766
950,0.568985
951,0.606661
952,0.547184
953,0.551024
954,0.567223
955,0.539366
956,0.476445
957,0.528446
958,0.493532
959,0.483822
960,0.550723
961,0.573015
962,0.602261
963,0.597375
964,0.647861
965,0.634986
966,0.62347
967,0.622308
968,0.657488
969,0.627415
970,0.617271
971,0.613567
972,0.544935
973,0.617239
974,0.579775
975,0.588688
976,0.609061
977,0.604549
978,0.600201
979,0.588775
980,0.626186
981,0.615097
982,0.598261
983,0.60926
984,0.81778
985,0.284056
986,0.02055
987,0.013607
988,0.015172
989,0.030389
990,0.037671
991,0.014704
992,0.033509
993,0.035775
994,0.041231
995,0.057172
996,0.043389
997,0.093776
998,0.143836
999,0.13806
1000,0.237937
1001,0.215915
1002,0.216836
1003,0.13198
1004,0.12443
1005,0.248099
1006,0.200534
1007,0.197979
1008,0.163708
1009,0.141186
1010,0.137267
1011,0.16329
1012,0.204764
1013,0.191655
1014,0.226142
1015,0.216689
1016,0.204811
1017,0.237436
1018,0.272446
1019,0.1998
1020,0.05788
1021,0.090251
1022,0.082726
1023,0.12715
1024,0.097819
1025,0.151727
1026,0.143157
1027,0.177757
1028,0.174949
1029,0.169618
1030,0.13068
1031,0.148107
1032,0.239712
1033,0.319897
1034,0.348046
1035,0.514881
1036,0.444478
1037,0.441761
1038,0.505812
1039,0.365489
1040,0.271851
1041,0.132305
1042,0.103579
1043,0.063857
1044,0.075195
1045,0.290316
1046,0.828906
1047,0.448617
1048,0.101273
1049,0.212548
1050,0.353638
1051,0.443945
1052,0.540061
1053,0.505345
1054,0.371949
1055,0.320459
1056,0.297037
1057,0.316895
1058,0.332494
1059,0.587728
1060,0.954632
1061,0.209068
1062,0.009515
1063,0.010855
1064,0.06121
1065,0.032842
1066,0.043053
1067,0.046203
1068,0.037032
1069,0.024111
1070,0.042633
1071,0.02807
1072,0.030594
1073,0.0265
1074,0.035082
1075,0.02406
1076,0.021102
1077,0.019076
1078,0.015287
1079,0.020498
1080,0.017729
1081,0.031678
1082,0.02556
1083,0.055928
1084,0.055412
1085,0.033567
1086,0.096373
1087,0.085659
1088,0.061483
1089,0.065357
1090,0.047297
1091,0.032367
1092,0.01832
1093,0.051162
1094,0.047908
1095,0.030365
1096,0.036132
1097,0.048429
1098,0.054778
1099,0.055387
1100,0.056817
1101,0.059084
1102,0.074698
1103,0.09572
1104,0.083621
1105,0.869694
1106,0.766713
1107,0.766928
1108,0.764515
1109,0.723236
1110,0.597415
1111,0.482139
1112,0.564193
1113,0.503348
1114,0.548133
1115,0.549764
1116,0.58409
1117,0.907406
1118,0.365406
1119,0.219984
1120,0.183055
1121,0.140708
1122,0.121054
1123,0.112195
1124,0.066571
1125,0.062215
1126,0.102723
1127,0.137084
1128,0.145905
1129,0.086448
1130,0.069068
1131,0.058382
1132,0.052699
1133,0.034445
1134,0.015653
1135,0.020027
1136,0.062755
1137,0.063046
1138,0.069117
1139,0.066241
1140,0.070699
1141,0.054274
1142,0.099984
1143,0.161312
1144,0.13904
1145,0.155704
1146,0.205783
1147,0.170485
1148,0.106905
1149,0.099939
1150,0.09503
1151,0.070062
1152,0.059172
1153,0.036849
1154,0.046112
1155,0.042425
1156,0.043185
1157,0.035574
1158,0.04206
1159,0.044082
1160,0.046414
1161,0.040098
1162,0.034739
1163,0.046308
1164,0.039211
1165,0.077823
1166,0.078489
1167,0.057337
1168,0.050267
1169,0.0362
1170,0.043431
1171,0.042934
1172,0.088925
1173,0.096817
1174,0.086535
1175,0.097135
1176,0.10137
1177,0.114643
1178,0.116942
1179,0.105165
1180,0.094051
1181,0.106913
1182,0.113483
1183,0.141894
1184,0.133572
1185,0.157917
1186,0.168905
1187,0.195071
1188,0.116147
1189,0.463736
1190,0.474426
1191,0.724995
1192,0.859477
1193,0.880348
1194,0.873699
1195,0.832298
1196,0.782032
1197,0.697767
1198,0.610661
1199,0.762412
1200,0.881881
1201,0.583284
1202,0.099867
1203,0.10014
1204,0.222576
1205,0.195068
1206,0.160436
1207,0.370068
1208,0.394638
1209,0.397014
1210,0.460053
1211,0.482351
1212,0.394323
1213,0.287467
1214,0.333879
1215,0.415079
1216,0.093032
1217,0.002794
1218,0.194519
1219,0.285027
1220,0.537105
1221,0.453234
1222,0.585859
1223,0.799959
1224,0.772293
1225,0.778687
1226,0.783295
1227,0.799708
1228,0.765325
1229,0.53519
1230,0.864513
1231,0.631023
1232,0.009205
1233,0.008295
1234,0.021666
1235,0.069597
1236,0.148196
1237,0.174978
1238,0.075221
1239,0.055663
1240,0.022181
1241,0.010574
1242,0.00303
1243,0.002093
1244,0.002579
1245,0.004347
1246,0.004511
1247,0.006663
1248,0.0042
1249,0.003211
1250,0.003021
1251,0.004023
1252,0.004248
1253,0.005396
1254,0.004254
1255,0.007178
1256,0.005882
1257,0.005323
1258,0.008612
1259,0.010373
1260,0.010187
1261,0.038001
1262,0.024629
1263,0.023597
1264,0.024758
1265,0.022039
1266,0.024043
1267,0.027215
1268,0.033078
1269,0.034527
1270,0.038869
1271,0.051494
1272,0.047402
1273,0.065004
1274,0.061466
1275,0.124933
1276,0.120522
1277,0.112921
1278,0.037657
1279,0.023218
1280,0.035295
1281,0.032314
1282,0.017422
1283,0.018142
1284,0.031658
1285,0.080343
1286,0.053797
1287,0.04176
1288,0.051181
1289,0.128861
1290,0.211589
1291,0.088458
1292,0.432542
1293,0.754334
1294,0.860315
1295,0.840458
1296,0.88292
1297,0.907205
1298,0.939227
1299,0.932032
1300,0.935281
1301,0.939705
1302,0.936199
1303,0.939587
1304,0.937082
1305,0.93915
1306,0.936134
1307,0.942819
1308,0.943043
1309,0.94397
1310,0.94637
1311,0.948949
1312,0.952043
1313,0.956626
1314,0.857544
1315,0.950101
1316,0.951905
1317,0.956315
1318,0.836809
1319,0.952426
1320,0.949268
1321,0.946968
1322,0.945687
1323,0.940012
1324,0.939829
1325,0.936764
1326,0.923811
1327,0.92601
1328,0.932067
1329,0.900593
1330,0.902494
1331,0.899195
1332,0.915776
1333,0.902048
1334,0.899367
1335,0.906892
1336,0.894727
1337,0.879731
1338,0.906956
1339,0.897258
1340,0.896499
1341,0.860064
1342,0.832559
1343,0.839209
1344,0.661502
1345,0.474906
1346,0.722041
1347,0.491632
1348,0.501889
1349,0.552286
1350,0.578045
1351,0.517216
1352,0.658412
1353,0.771337
1354,0.3579
1355,0.036322
1356,0.01012
1357,0.022552
1358,0.11199
1359,0.00943
1360,0.048859
1361,0.124232
1362,0.306543
1363,0.250749
1364,0.330413
1365,0.471406
1366,0.409989
1367,0.289967
1368,0.303298
1369,0.299229
1370,0.310623
1371,0.305837
1372,0.354652
1373,0.407578
1374,0.386825
1375,0.332497
1376,0.4071
1377,0.372955
1378,0.402781
1379,0.463657
1380,0.390623
1381,0.449972
1382,0.505017
1383,0.459734
1384,0.478783
1385,0.355338
1386,0.389216
1387,0.294757
1388,0.316322
1389,0.23081
1390,0.28044
1391,0.407499
1392,0.377707
1393,0.482285
1394,0.473793
1395,0.56421
1396,0.606083
1397,0.555266
1398,0.564686
1399,0.539339
1400,0.560638
1401,0.57222
1402,0.564244
1403,0.576184
1404,0.640032
1405,0.528624
1406,0.532954
1407,0.402521
1408,0.293852
1409,0.238915
1410,0.169295
1411,0.290702
1412,0.24525
1413,0.193818
1414,0.561378
1415,0.334249
1416,0.093697
1417,0.045096
1418,0.519641
1419,0.645435
1420,0.627495
1421,0.559654
1422,0.503671
1423,0.554911
1424,0.52529
1425,0.630559
1426,0.469376
1427,0.888782
1428,0.301184
1429,0.010192
1430,0.01166
1431,0.02278
1432,0.027714
1433,0.005549
1434,0.014789
1435,0.039578
1436,0.046826
1437,0.032302
1438,0.074896
1439,0.130179
1440,0.139552
1441,0.316305
1442,0.231645
1443,0.294575
1444,0.319511
1445,0.312032
1446,0.227747
1447,0.243104
1448,0.204902
1449,0.248185
1450,0.197891
1451,0.224284
1452,0.244369
1453,0.331565
1454,0.321785
1455,0.368865
1456,0.391401
1457,0.337626
1458,0.355301
1459,0.383438
1460,0.393871
1461,0.373164
1462,0.406223
1463,0.388291
1464,0.306519
1465,0.3803
1466,0.451211
1467,0.438175
1468,0.512317
1469,0.525267
1470,0.538115
1471,0.573906
1472,0.540077
1473,0.430931
1474,0.340629
1475,0.324785
1476,0.281109
1477,0.26048
1478,0.204057
1479,0.229023
1480,0.273273
1481,0.268822
1482,0.331337
1483,0.458263
1484,0.277686
1485,0.236299
1486,0.408016
1487,0.584219
1488,0.671007
1489,0.773157
1490,0.536083
1491,0.600935
1492,0.569085
1493,0.370522
1494,0.751674
1495,0.700105
1496,0.240872
1497,0.349573
1498,0.575618
1499,0.585049
1500,0.584461
1501,0.443192
1502,0.467372
1503,0.447723
1504,0.476163
1505,0.431926
1506,0.380518
1507,0.153015
1508,0.159957
1509,0.190936
1510,0.281966
1511,0.377248
1512,0.360964
1513,0.265361
1514,0.179635
1515,0.228921
1516,0.254931
1517,0.328785
1518,0.311634
1519,0.262705
1520,0.426333
1521,0.339657
1522,0.27402
1523,0.233994
1524,0.257702
1525,0.425051
1526,0.27371
1527,0.151095
1528,0.182186
1529,0.178563
1530,0.192989
1531,0.309018
1532,0.335022
1533,0.300741
1534,0.341312
1535,0.284234
1536,0.324505
1537,0.209174
1538,0.271672
1539,0.267654
1540,0.230192
1541,0.250023
1542,0.353295
1543,0.264894
1544,0.23787
1545,0.224372
1546,0.193216
1547,0.173883
1548,0.180655
1549,0.23719
1550,0.117969
1551,0.154312
1552,0.328391
1553,0.485876
1554,0.432976
1555,0.392672
1556,0.271538
1557,0.192098
1558,0.27586
1559,0.086528
1560,0.019661
1561,0.018503
1562,0.013381
1563,0.018919
1564,0.016071
1565,0.01669
1566,0.006233
1567,0.000735
1568,0.000863
1569,0.42031
1570,0.111898
1571,0.514764
1572,0.194226
1573,0.787927
1574,0.856395
1575,0.892427
1576,0.949751
1577,0.956921
1578,0.786691
1579,0.812518
1580,0.816061
1581,0.796605
1582,0.718636
1583,0.716244
1584,0.692675
1585,0.698614
1586,0.749593
1587,0.780972
1588,0.691261
1589,0.771056
1590,0.73484
1591,0.788735
1592,0.835477
1593,0.840462
1594,0.800942
1595,0.802064
1596,0.783638
1597,0.713092
1598,0.766553
1599,0.826243
1600,0.782569
1601,0.770081
1602,0.844855
1603,0.833006
1604,0.78015
1605,0.798192
1606,0.825548
1607,0.762114
1608,0.801212
1609,0.82039
1610,0.724905
1611,0.777767
1612,0.82816
1613,0.821332
1614,0.720334
1615,0.783485
1616,0.733162
1617,0.753837
1618,0.781064
1619,0.796312
1620,0.668253
1621,0.700887
1622,0.751418
1623,0.71764
1624,0.729295
1625,0.794488
1626,0.770936
1627,0.742304
1628,0.817338
1629,0.756181
1630,0.733872
1631,0.757303
1632,0.810426
1633,0.760374
1634,0.777488
1635,0.818401
1636,0.793558
1637,0.80737
1638,0.827856
1639,0.968571
1640,0.873603
1641,0.271815
1642,0.052016
1643,0.030068
1644,0.029287
1645,0.0738
1646,0.114801
1647,0.226652
1648,0.269053
1649,0.478561
1650,0.341984
1651,0.428706
1652,0.384732
1653,0.063062
1654,0.060676
1655,0.015169
1656,0.04479
1657,0.182995
1658,0.20196
1659,0.056012
1660,0.043882
1661,0.133518
1662,0.097344
1663,0.147661
1664,0.393603
1665,0.387431
1666,0.366348
1667,0.507883
1668,0.475582
1669,0.416201
1670,0.457152
1671,0.526994
1672,0.371252
1673,0.430786
1674,0.54006
1675,0.44775
1676,0.530962
1677,0.418488
1678,0.379629
1679,0.337246
1680,0.420984
1681,0.521989
1682,0.426776
1683,0.467815
1684,0.491948
1685,0.450137
1686,0.42995
1687,0.433447
1688,0.38893
1689,0.417237
1690,0.479291
1691,0.478781
1692,0.386794
1693,0.517855
1694,0.499021
1695,0.302085
1696,0.366337
1697,0.346407
1698,0.358379
1699,0.477728
1700,0.495162
1701,0.446555
1702,0.400993
1703,0.439936
1704,0.436915
1705,0.476302
1706,0.513992
1707,0.439859
1708,0.507658
1709,0.428287
1710,0.403172
1711,0.390652
1712,0.333418
1713,0.349651
1714,0.380352
1715,0.354928
1716,0.416578
1717,0.491804
1718,0.48071
1719,0.480638
1720,0.450658
1721,0.485266
1722,0.446901
1723,0.524458
1724,0.477197
1725,0.457761
1726,0.426482
1727,0.408451
1728,0.44836
1729,0.515112
1730,0.531171
1731,0.51304
1732,0.463335
1733,0.485784
1734,0.420097
1735,0.511354
1736,0.547543
1737,0.537148
1738,0.543988
1739,0.561784
1740,0.57714
1741,0.572541
1742,0.580226
1743,0.561725
1744,0.543748
1745,0.552579
1746,0.516317
1747,0.397227
1748,0.361813
1749,0.25417
1750,0.262622
1751,0.334659
1752,0.111362
1753,0.292681
1754,0.468245
1755,0.334512
1756,0.184473
1757,0.180885
1758,0.273146
1759,0.224268
1760,0.280699
1761,0.184272
1762,0.226096
1763,0.219123
1764,0.199906
1765,0.161353
1766,0.159795
1767,0.151476
1768,0.15153
1769,0.199867
1770,0.174452
1771,0.176603
1772,0.171282
1773,0.186468
1774,0.164846
1775,0.170804
1776,0.214857
1777,0.126864
1778,0.116619
1779,0.154686
1780,0.318902
1781,0.350996
1782,0.328053
1783,0.309979
1784,0.328548
1785,0.306035
1786,0.306568
1787,0.304983
1788,0.451388
1789,0.61759
1790,0.69826
1791,0.610205
1792,0.649659
1793,0.660666
1794,0.669673
1795,0.650205
1796,0.542142
1797,0.563147
1798,0.59991
1799,0.418775
1800,0.30185
1801,0.558625
1802,0.427447
1803,0.689576
1804,0.549155
1805,0.331079
1806,0.869219
1807,0.805375
1808,0.747922
1809,0.829095
1810,0.850854
1811,0.866397
1812,0.861504
1813,0.853354
1814,0.817406
1815,0.786777
1816,0.74951
1817,0.745258
1818,0.774297
1819,0.768992
1820,0.74766
1821,0.716695
1822,0.730636
1823,0.762467
1824,0.77297
1825,0.688002
1826,0.870149
1827,0.852816
1828,0.083037
1829,0.025288
1830,0.033771
1831,0.081859
1832,0.109173
1833,0.257223
1834,0.434203
1835,0.350905
1836,0.287396
1837,0.261407
1838,0.19775
1839,0.193039
1840,0.127757
1841,0.132694
1842,0.109246
1843,0.118625
1844,0.151897
1845,0.07996
1846,0.116191
1847,0.121907
1848,0.125337
1849,0.148995
1850,0.13728
1851,0.099438
1852,0.089205
1853,0.09675
1854,0.139093
1855,0.124304
1856,0.096408
1857,0.098945
1858,0.068014
1859,0.070921
1860,0.083197
1861,0.063022
1862,0.051177
1863,0.050274
1864,0.056899
1865,0.053289
1866,0.032842
1867,0.021203
1868,0.037059
1869,0.08383
1870,0.102928
1871,0.072916
1872,0.058002
1873,0.060051
1874,0.071512
1875,0.051597
1876,0.051974
1877,0.040905
1878,0.037953
1879,0.028886
1880,0.026795
1881,0.028451
1882,0.075295
1883,0.044404
1884,0.042028
1885,0.065399
1886,0.055039
1887,0.056749
1888,0.070073
1889,0.066454
1890,0.080396
1891,0.058958
1892,0.05608
1893,0.060813
1894,0.060309
1895,0.05258
1896,0.044201
1897,0.087205
1898,0.109292
1899,0.073449
1900,0.095821
1901,0.104784
1902,0.104984
1903,0.105586
1904,0.089494
1905,0.06005
1906,0.033213
1907,0.024813
1908,0.112287
1909,0.222498
1910,0.179113
1911,0.206628
1912,0.257376
1913,0.291578
1914,0.301914
1915,0.261763
1916,0.270749
1917,0.217592
1918,0.06885
1919,0.221593
1920,0.23559
1921,0.190428
1922,0.090796
1923,0.246963
1924,0.143821
1925,0.256569
1926,0.0444
1927,0.044954
1928,0.052825
1929,0.21288
1930,0.104858
1931,0.295061
1932,0.212571
1933,0.181517
1934,0.169086
1935,0.174693
1936,0.172463
1937,0.161429
1938,0.179534
1939,0.214807
1940,0.218683
1941,0.231937
1942,0.164704
1943,0.192745
1944,0.227935
1945,0.08604
1946,0.089526
1947,0.073069
1948,0.041228
1949,0.07994
1950,0.10833
1951,0.089981
1952,0.119716
1953,0.124738
1954,0.109922
1955,0.151927
1956,0.182789
1957,0.088195
1958,0.011915
1959,0.017114
1960,0.100793
1961,0.250111
1962,0.449389
1963,0.504241
1964,0.670854
1965,0.702677
1966,0.738911
1967,0.770276
1968,0.783767
1969,0.665691
1970,0.682626
1971,0.678667
1972,0.560225
1973,0.577895
1974,0.602457
1975,0.537033
1976,0.497568
1977,0.437029
1978,0.442365
1979,0.397106
1980,0.457105
1981,0.596809
1982,0.598322
1983,0.681793
1984,0.704063
1985,0.685572
1986,0.77005
1987,0.790293
1988,0.71467
1989,0.718496
1990,0.756625
1991,0.743847
1992,0.720362
1993,0.731828
1994,0.583076
1995,0.551854
1996,0.512406
1997,0.542412
1998,0.565412
1999,0.519544
2000,0.533718
2001,0.429328
2002,0.364798
2003,0.361023
2004,0.252305
2005,0.287928
2006,0.308529
2007,0.22895
2008,0.23228
2009,0.285759
2010,0.363061
2011,0.298051
2012,0.274472
2013,0.275816
2014,0.228119
2015,0.255522
2016,0.239353
2017,0.253486
2018,0.285496
2019,0.318489
2020,0.320002
2021,0.270806
2022,0.358249
2023,0.298134
2024,0.162228
2025,0.176981
2026,0.139428
2027,0.065666
2028,0.055022
2029,0.063147
2030,0.051484
2031,0.052593
2032,0.043251
2033,0.053072
2034,0.340614
2035,0.064527
2036,0.035419
2037,0.074468
2038,0.205005
2039,0.311281
2040,0.425954
2041,0.415467
2042,0.454923
2043,0.492215
2044,0.540506
2045,0.607108
2046,0.545742
2047,0.565383
2048,0.583049
2049,0.519733
2050,0.641993
2051,0.640879
2052,0.626905
2053,0.598004
2054,0.564413
2055,0.545572
2056,0.540173
2057,0.589888
2058,0.558532
2059,0.485331
2060,0.168468
2061,0.014228
2062,0.041046
2063,0.207711
2064,0.567121
2065,0.776854
2066,0.797236
2067,0.773484
2068,0.805562
2069,0.876274
2070,0.825291
2071,0.743875
2072,0.753261
2073,0.78165
2074,0.781199
2075,0.790655
2076,0.737745
2077,0.652666
2078,0.650604
2079,0.623295
2080,0.666705
2081,0.60964
2082,0.595856
2083,0.555182
2084,0.554223
2085,0.497156
2086,0.482016
2087,0.547346
2088,0.458488
2089,0.580929
2090,0.537897
2091,0.35643
2092,0.354324
2093,0.359389
2094,0.359665
2095,0.376017
2096,0.403098
2097,0.254254
2098,0.27031
2099,0.370233
2100,0.370809
2101,0.440088
2102,0.467728
2103,0.44395
2104,0.388476
2105,0.390687
2106,0.542035
2107,0.504533
2108,0.342441
2109,0.410433
2110,0.434297
2111,0.27801
2112,0.380201
2113,0.505451
2114,0.590907
2115,0.499998
2116,0.566666
2117,0.465427
2118,0.414786
2119,0.462963
2120,0.531277
2121,0.655958
2122,0.629519
2123,0.744818
2124,0.780665
2125,0.869493
2126,0.890928
2127,0.869179
2128,0.847731
2129,0.817662
2130,0.833022
2131,0.826327
2132,0.82652
2133,0.82633
2134,0.820521
2135,0.829604
2136,0.83728
2137,0.899054
2138,0.897907
2139,0.896343
2140,0.8881
2141,0.869035
2142,0.868423
2143,0.833044
2144,0.813293
2145,0.833842
2146,0.851312
2147,0.848357
2148,0.871802
2149,0.898199
2150,0.908842
2151,0.917062
2152,0.917441
2153,0.91288
2154,0.919439
2155,0.932117
2156,0.91839
2157,0.922698
2158,0.92564
