1,0.984632
2,0.979539
3,0.946816
4,0.950387
5,0.950709
6,0.970488
7,0.970992
8,0.981334
9,0.980332
10,0.986382
11,0.986088
12,0.986535
13,0.987023
14,0.984702
15,0.980125
16,0.987205
17,0.98893
18,0.988793
19,0.988886
20,0.989786
21,0.988946
22,0.988642
23,0.986647
24,0.985374
25,0.985175
26,0.9871
27,0.985232
28,0.985819
29,0.985885
30,0.987384
31,0.983514
32,0.982678
33,0.985762
34,0.983018
35,0.981457
36,0.983033
37,0.944569
38,0.956973
39,0.95174
40,0.98048
41,0.983391
42,0.98385
43,0.983697
44,0.985638
45,0.986071
46,0.985055
47,0.984149
48,0.984443
49,0.985914
50,0.983768
51,0.984494
52,0.979615
53,0.971791
54,0.980993
55,0.965653
56,0.9535
57,0.952401
58,0.950266
59,0.941799
60,0.987834
61,0.988778
62,0.982789
63,0.982932
64,0.983907
65,0.977006
66,0.949132
67,0.942207
68,0.956288
69,0.954619
70,0.92518
71,0.906722
72,0.925291
73,0.885831
74,0.839883
75,0.770667
76,0.887986
77,0.882844
78,0.856553
79,0.835963
80,0.881171
81,0.897751
82,0.846467
83,0.889627
84,0.794616
85,0.562827
86,0.510252
87,0.643123
88,0.696241
89,0.669519
90,0.709422
91,0.779472
92,0.784761
93,0.77836
94,0.753544
95,0.671374
96,0.734554
97,0.750775
98,0.813242
99,0.72263
100,0.71455
101,0.731224
102,0.726018
103,0.790303
104,0.825919
105,0.823824
106,0.841795
107,0.859087
108,0.873481
109,0.767809
110,0.815436
111,0.841211
112,0.833673
113,0.858643
114,0.823143
115,0.76919
116,0.750366
117,0.803899
118,0.83013
119,0.758119
120,0.949031
121,0.97024
122,0.963854
123,0.957531
124,0.946969
125,0.941705
126,0.950264
127,0.243854
128,0.149454
129,0.119398
130,0.154872
131,0.059516
132,0.104399
133,0.080189
134,0.030302
135,0.204329
136,0.922666
137,0.877385
138,0.951631
139,0.95205
140,0.953352
141,0.946688
142,0.957031
143,0.961248
144,0.961454
145,0.965189
146,0.954741
147,0.960163
148,0.969078
149,0.949501
150,0.930063
151,0.953732
152,0.94711
153,0.956903
154,0.935675
155,0.958186
156,0.604641
157,0.047033
158,0.062008
159,0.015176
160,0.01582
161,0.041191
162,0.053494
163,0.157333
164,0.232597
165,0.175081
166,0.198581
167,0.2187
168,0.306475
169,0.279305
170,0.588547
171,0.896427
172,0.467953
173,0.882331
174,0.957618
175,0.914666
176,0.973541
177,0.982845
178,0.984049
179,0.979456
180,0.962295
181,0.954076
182,0.956036
183,0.936378
184,0.949169
185,0.950996
186,0.933077
187,0.978709
188,0.980392
189,0.978609
190,0.979901
191,0.974439
192,0.97891
193,0.973041
194,0.97996
195,0.932667
196,0.943365
197,0.947584
198,0.952359
199,0.960957
200,0.96491
201,0.966858
202,0.952513
203,0.937693
204,0.951
205,0.944981
206,0.949961
207,0.942015
208,0.94448
209,0.954778
210,0.932344
211,0.946429
212,0.937087
213,0.916661
214,0.925235
215,0.910802
216,0.987731
217,0.98615
218,0.930787
219,0.983025
220,0.981506
221,0.982749
222,0.98599
223,0.96489
224,0.95894
225,0.956585
226,0.952165
227,0.944129
228,0.949277
229,0.95279
230,0.947988
231,0.952238
232,0.953865
233,0.947855
234,0.939288
235,0.940731
236,0.944718
237,0.948763
238,0.945691
239,0.952131
240,0.951328
241,0.944158
242,0.943552
243,0.94508
244,0.942389
245,0.938874
246,0.943206
247,0.93929
248,0.934711
249,0.923168
250,0.924899
251,0.947158
252,0.952626
253,0.946251
254,0.929703
255,0.93062
256,0.938708
257,0.946236
258,0.955195
259,0.955221
260,0.952515
261,0.948419
262,0.957429
263,0.958737
264,0.957627
265,0.944809
266,0.944922
267,0.94693
268,0.94395
269,0.93806
270,0.940746
271,0.943837
272,0.942411
273,0.948285
274,0.94762
275,0.947563
276,0.944461
277,0.951752
278,0.946427
279,0.943881
280,0.950579
281,0.958697
282,0.956399
283,0.953328
284,0.952649
285,0.964976
286,0.971419
287,0.970791
288,0.960822
289,0.964053
290,0.97393
291,0.973225
292,0.973221
293,0.973001
294,0.971614
295,0.972823
296,0.97536
297,0.974677
298,0.974976
299,0.975444
300,0.97767
301,0.965163
302,0.962271
303,0.95807
304,0.966219
305,0.968969
306,0.967597
307,0.965647
308,0.964946
309,0.96715
310,0.96698
311,0.971198
312,0.968035
313,0.976129
314,0.97457
315,0.981738
316,0.980266
317,0.980043
318,0.980038
319,0.98225
320,0.982016
321,0.981457
322,0.974958
323,0.71837
324,0.796214
325,0.928968
326,0.813837
327,0.528619
328,0.428226
329,0.394648
330,0.409591
331,0.470395
332,0.391427
333,0.43493
334,0.434089
335,0.386845
336,0.388617
337,0.324592
338,0.286
339,0.311401
340,0.309041
341,0.26971
342,0.255608
343,0.279689
344,0.300547
345,0.268579
346,0.292989
347,0.479842
348,0.371471
349,0.465249
350,0.407789
351,0.426448
352,0.460531
353,0.444143
354,0.7337
355,0.945192
356,0.773402
357,0.782658
358,0.872559
359,0.874868
360,0.83362
361,0.938276
362,0.864139
363,0.842533
364,0.877417
365,0.636739
366,0.669856
367,0.565045
368,0.517302
369,0.359843
370,0.372905
371,0.315277
372,0.250901
373,0.163135
374,0.1673
375,0.185545
376,0.192872
377,0.189332
378,0.199458
379,0.225176
380,0.181828
381,0.199097
382,0.249781
383,0.182823
384,0.324727
385,0.331595
386,0.215911
387,0.241283
388,0.12629
389,0.103421
390,0.095862
391,0.155657
392,0.194477
393,0.147151
394,0.174845
395,0.142175
396,0.151171
397,0.098572
398,0.11966
399,0.111119
400,0.083059
401,0.079482
402,0.094244
403,0.065929
404,0.058193
405,0.051706
406,0.071543
407,0.076171
408,0.082635
409,0.100468
410,0.085973
411,0.06394
412,0.058047
413,0.035344
414,0.82633
415,0.809706
416,0.322776
417,0.303109
418,0.215082
419,0.307385
420,0.220313
421,0.204556
422,0.353418
423,0.391006
424,0.203246
425,0.245976
426,0.252508
427,0.210721
428,0.261564
429,0.327469
430,0.237237
431,0.31743
432,0.229462
433,0.201177
434,0.185875
435,0.644414
436,0.207635
437,0.010103
438,0.005621
439,0.002908
440,0.0085
441,0.007742
442,0.007088
443,0.003936
444,0.004258
445,0.002118
446,0.001653
447,0.001172
448,0.002253
449,0.008322
450,0.007285
451,0.005508
452,0.007356
453,0.006198
454,0.007746
455,0.003337
456,0.00429
457,0.004959
458,0.042041
459,0.799481
460,0.576624
461,0.152346
462,0.442884
463,0.30751
464,0.473248
465,0.414024
466,0.377223
467,0.434366
468,0.511288
469,0.509261
470,0.568492
471,0.550968
472,0.323055
473,0.548617
474,0.273728
475,0.115872
476,0.206692
477,0.084776
478,0.025526
479,0.021066
480,0.006452
481,0.020199
482,0.019576
483,0.011175
484,0.009997
485,0.01699
486,0.030767
487,0.020149
488,0.02212
489,0.033551
490,0.034246
491,0.042095
492,0.037549
493,0.02641
494,0.033176
495,0.016905
496,0.012709
497,0.019621
498,0.012236
499,0.012001
500,0.006311
501,0.008011
502,0.009551
503,0.008703
504,0.008967
505,0.013163
506,0.004559
507,0.007022
508,0.00603
509,0.010452
510,0.006071
511,0.005296
512,0.002733
513,0.004159
514,0.005553
515,0.009353
516,0.008792
517,0.002739
518,0.00139
519,0.002903
520,0.001512
521,0.002159
522,0.005425
523,0.008672
524,0.009184
525,0.011064
526,0.00574
527,0.005151
528,0.004812
529,0.010644
530,0.027795
531,0.894596
532,0.54395
533,0.218563
534,0.20197
535,0.286212
536,0.296332
537,0.323768
538,0.344
539,0.345431
540,0.355514
541,0.389287
542,0.441796
543,0.644565
544,0.892934
545,0.204409
546,0.117598
547,0.062835
548,0.050878
549,0.03363
550,0.076962
551,0.077213
552,0.088257
553,0.083322
554,0.043117
555,0.038136
556,0.045703
557,0.050036
558,0.160895
559,0.14582
560,0.118104
561,0.110475
562,0.145083
563,0.168661
564,0.13684
565,0.095877
566,0.095787
567,0.092547
568,0.074336
569,0.131353
570,0.120927
571,0.094819
572,0.095203
573,0.103303
574,0.211107
575,0.956304
576,0.911782
577,0.861559
578,0.664
579,0.873606
580,0.893523
581,0.910974
582,0.920934
583,0.93714
584,0.943292
585,0.952297
586,0.952049
587,0.958452
588,0.94672
589,0.948261
590,0.94518
591,0.954319
592,0.947831
593,0.94571
594,0.930964
595,0.934135
596,0.917122
597,0.925635
598,0.906192
599,0.910134
600,0.912536
601,0.904913
602,0.917032
603,0.916033
604,0.905205
605,0.904947
606,0.886911
607,0.865244
608,0.859009
609,0.840092
610,0.841451
611,0.847975
612,0.889905
613,0.037849
614,0.043186
615,0.04011
616,0.166896
617,0.144409
618,0.110176
619,0.08782
620,0.051493
621,0.035046
622,0.052332
623,0.056102
624,0.039909
625,0.068096
626,0.059671
627,0.061247
628,0.064558
629,0.047065
630,0.034649
631,0.034584
632,0.044161
633,0.061757
634,0.099926
635,0.043377
636,0.060781
637,0.087436
638,0.054773
639,0.020445
640,0.022509
641,0.022242
642,0.028892
643,0.052048
644,0.036666
645,0.036324
646,0.046899
647,0.036272
648,0.030933
649,0.060335
650,0.071975
651,0.062659
652,0.091975
653,0.079592
654,0.075775
655,0.075009
656,0.092208
657,0.094619
658,0.095423
659,0.071172
660,0.052659
661,0.051883
662,0.047293
663,0.081685
664,0.627867
665,0.792522
666,0.346376
667,0.37498
668,0.502499
669,0.586979
670,0.705458
671,0.719021
672,0.733117
673,0.721159
674,0.692884
