1,0.986902
2,0.989817
3,0.988826
4,0.987051
5,0.98774
6,0.986776
7,0.989
8,0.989057
9,0.990756
10,0.992479
11,0.990688
12,0.982774
13,0.817845
14,0.802897
15,0.908322
16,0.969588
17,0.982816
18,0.985618
19,0.982719
20,0.983399
21,0.982916
22,0.982159
23,0.982079
24,0.981278
25,0.980529
26,0.983796
27,0.981258
28,0.981388
29,0.981616
30,0.9799
31,0.981867
32,0.981526
33,0.978976
34,0.981756
35,0.983278
36,0.980362
37,0.979953
38,0.982976
39,0.984116
40,0.980672
41,0.982935
42,0.977625
43,0.968381
44,0.957973
45,0.959086
46,0.962115
47,0.954871
48,0.965003
49,0.966025
50,0.971078
51,0.959133
52,0.962177
53,0.956176
54,0.954878
55,0.940363
56,0.942055
57,0.935328
58,0.947289
59,0.966411
60,0.879905
61,0.902782
62,0.967229
63,0.955611
64,0.935157
65,0.933322
66,0.919504
67,0.895948
68,0.875125
69,0.871425
70,0.86334
71,0.807345
72,0.825292
73,0.871532
74,0.868889
75,0.852952
76,0.859926
77,0.801821
78,0.77348
79,0.70878
80,0.69169
81,0.652553
82,0.671688
83,0.695275
84,0.723649
85,0.756501
86,0.798899
87,0.801921
88,0.802232
89,0.805334
90,0.803061
91,0.786445
92,0.731393
93,0.741388
94,0.756311
95,0.77755
96,0.741931
97,0.690968
98,0.687907
99,0.684536
100,0.699192
101,0.698645
102,0.755651
103,0.788027
104,0.748134
105,0.734368
106,0.755113
107,0.772179
108,0.767022
109,0.784299
110,0.754591
111,0.755691
112,0.775851
113,0.779964
114,0.78478
115,0.822589
116,0.837722
117,0.820622
118,0.805894
119,0.822352
120,0.837003
121,0.831758
122,0.834354
123,0.848634
124,0.848336
125,0.871345
126,0.882436
127,0.883098
128,0.878626
129,0.90083
130,0.913782
131,0.89345
132,0.911346
133,0.93467
134,0.961223
135,0.957601
136,0.946663
137,0.956843
138,0.960775
139,0.95931
140,0.962314
141,0.959655
142,0.963386
143,0.961688
144,0.963665
145,0.968619
146,0.971035
147,0.969088
148,0.9695
149,0.969202
150,0.964554
151,0.964748
152,0.968852
153,0.96824
154,0.968457
155,0.967259
156,0.966141
157,0.962558
158,0.963084
159,0.96672
160,0.970375
161,0.970628
162,0.972493
163,0.971385
164,0.969094
165,0.969048
166,0.968469
167,0.967949
168,0.972282
169,0.968932
170,0.93861
171,0.86681
172,0.935421
173,0.97569
174,0.981363
175,0.979535
176,0.978394
177,0.975691
178,0.975405
179,0.976778
180,0.978198
181,0.977637
182,0.975677
183,0.973142
184,0.972303
185,0.975186
186,0.973912
187,0.973524
188,0.97054
189,0.969885
190,0.974362
191,0.969224
192,0.971579
193,0.966292
194,0.965586
195,0.958963
196,0.966913
197,0.964642
198,0.970921
199,0.978025
200,0.978109
201,0.977139
202,0.974226
203,0.977325
204,0.979609
205,0.969106
206,0.970999
207,0.974656
208,0.976124
209,0.975776
210,0.972541
211,0.974024
212,0.972134
213,0.972994
214,0.973897
215,0.972412
216,0.968131
217,0.961557
218,0.964515
219,0.961677
220,0.951351
221,0.95783
222,0.959098
223,0.957676
224,0.959219
225,0.965713
226,0.967249
227,0.967957
228,0.958074
229,0.960929
230,0.947245
231,0.942441
232,0.925955
233,0.926163
234,0.937949
235,0.921765
236,0.91627
237,0.912603
238,0.90568
239,0.921485
240,0.908508
241,0.863136
242,0.858587
243,0.844725
244,0.852605
245,0.838287
246,0.850714
247,0.84902
248,0.802683
249,0.815784
250,0.817762
251,0.781187
252,0.793566
253,0.775616
254,0.778255
255,0.770473
256,0.759935
257,0.948241
258,0.853663
259,0.876477
260,0.958705
261,0.952521
262,0.910287
263,0.897144
264,0.889519
265,0.842174
266,0.842217
267,0.833891
268,0.822081
269,0.800171
270,0.820441
271,0.882239
272,0.872618
273,0.855496
274,0.859298
275,0.85817
276,0.846318
277,0.831049
278,0.834183
279,0.849663
280,0.805721
281,0.793362
282,0.860199
283,0.866142
284,0.856024
285,0.847205
286,0.834189
287,0.829386
288,0.830942
289,0.818486
290,0.811949
291,0.841017
292,0.847938
293,0.856602
294,0.856737
295,0.860766
296,0.852967
297,0.87344
298,0.882365
299,0.884641
300,0.898608
301,0.919782
302,0.925986
303,0.927551
304,0.936229
305,0.94752
306,0.945382
307,0.951152
308,0.956646
309,0.957321
310,0.949633
311,0.963903
312,0.957682
313,0.950188
314,0.952862
315,0.950164
316,0.960271
317,0.957052
318,0.944824
319,0.9445
320,0.951667
321,0.949304
322,0.955936
323,0.955728
324,0.958987
325,0.953776
326,0.955103
327,0.946219
328,0.951397
329,0.942319
330,0.938964
331,0.940548
332,0.943548
333,0.943906
334,0.934916
335,0.951343
336,0.955102
337,0.948687
338,0.944512
339,0.944613
340,0.948114
341,0.942253
342,0.943782
343,0.949346
344,0.943884
345,0.945804
346,0.955693
347,0.958097
348,0.946744
349,0.974684
350,0.68564
351,0.663249
352,0.579377
353,0.892459
354,0.965051
355,0.979678
356,0.978197
357,0.981492
358,0.980193
359,0.980104
360,0.980872
361,0.973275
362,0.973137
363,0.9728
364,0.974342
365,0.968203
366,0.966184
367,0.970427
368,0.968816
369,0.969346
370,0.969852
371,0.968749
372,0.969523
373,0.962742
374,0.961611
375,0.96241
376,0.958135
377,0.950703
378,0.951231
379,0.945654
380,0.944907
381,0.944847
382,0.95072
383,0.9441
384,0.945999
385,0.933248
386,0.937906
387,0.937516
388,0.952016
389,0.950729
390,0.953182
391,0.947115
392,0.944384
393,0.943065
394,0.93824
395,0.93278
396,0.933434
397,0.943223
398,0.947326
399,0.947391
400,0.952725
401,0.950898
402,0.944791
403,0.943143
404,0.946204
405,0.944689
406,0.957658
407,0.961896
408,0.96703
409,0.959935
410,0.963802
411,0.965356
412,0.962545
413,0.961758
414,0.958054
415,0.95479
416,0.952141
417,0.954793
418,0.954074
419,0.952919
420,0.950402
421,0.965069
422,0.965896
423,0.965166
424,0.968467
425,0.967574
426,0.965313
427,0.965533
428,0.95847
429,0.957582
430,0.962944
431,0.959031
432,0.957831
433,0.954235
434,0.955689
435,0.957229
436,0.960079
437,0.95739
438,0.959471
439,0.958707
440,0.956201
441,0.958294
442,0.959236
443,0.960956
444,0.954874
445,0.951966
446,0.953701
447,0.944544
448,0.953254
449,0.948988
450,0.943222
451,0.944067
452,0.937102
453,0.934097
454,0.933392
455,0.937332
456,0.925226
457,0.93701
458,0.940573
459,0.942146
460,0.951506
461,0.957469
462,0.960531
463,0.955211
464,0.954078
465,0.948791
466,0.949489
467,0.95527
468,0.952838
469,0.940345
470,0.936536
471,0.937803
472,0.937178
473,0.929413
474,0.933919
475,0.928598
476,0.923094
477,0.92588
478,0.926331
479,0.921896
480,0.915804
481,0.883095
482,0.896271
483,0.891672
484,0.891871
485,0.909557
486,0.902229
487,0.899099
488,0.905721
489,0.893336
490,0.885861
491,0.886861
492,0.88938
493,0.891849
494,0.894292
495,0.887475
496,0.905622
497,0.902354
498,0.878151
499,0.860452
500,0.852703
501,0.90593
502,0.914082
503,0.934041
504,0.927905
505,0.927791
506,0.928058
507,0.9205
508,0.934807
509,0.930681
510,0.928784
511,0.926284
512,0.930367
513,0.931564
514,0.944134
515,0.941572
516,0.94842
517,0.956208
518,0.954415
519,0.951828
520,0.959818
521,0.956729
522,0.955482
523,0.953227
524,0.956666
525,0.964621
526,0.966908
527,0.973222
528,0.96879
529,0.963997
530,0.968397
531,0.967509
532,0.961762
533,0.963785
534,0.9591
535,0.965755
536,0.966098
537,0.969375
538,0.972145
539,0.970659
540,0.965241
541,0.978876
542,0.978758
543,0.977443
544,0.975976
545,0.972205
546,0.968129
547,0.968227
548,0.968307
549,0.962151
550,0.957262
551,0.960102
552,0.955413
553,0.960133
554,0.959722
555,0.949455
556,0.935418
557,0.917628
558,0.911022
559,0.901152
560,0.904287
561,0.909664
562,0.89456
563,0.883355
564,0.905143
565,0.928431
566,0.904675
567,0.950457
568,0.771122
569,0.930683
570,0.968931
571,0.920453
572,0.896123
573,0.861614
574,0.852337
575,0.824206
576,0.840562
577,0.960961
578,0.69966
579,0.690682
580,0.943018
581,0.934734
582,0.870769
583,0.811524
584,0.804176
585,0.814875
586,0.834455
587,0.828092
588,0.856112
589,0.760982
590,0.754423
591,0.76168
592,0.706002
593,0.605001
594,0.685259
595,0.679453
596,0.72742
597,0.720829
598,0.742865
599,0.737388
600,0.749096
601,0.822864
602,0.809147
603,0.831418
604,0.836744
605,0.795795
606,0.798474
607,0.798051
608,0.810894
609,0.811584
610,0.800609
611,0.783059
612,0.845716
613,0.871666
614,0.869379
615,0.860508
616,0.868285
617,0.867591
618,0.864723
619,0.857761
620,0.882948
621,0.896029
622,0.885806
623,0.884448
624,0.874508
625,0.881921
626,0.888696
627,0.882472
628,0.918061
629,0.916273
630,0.913644
631,0.917216
632,0.917281
633,0.914738
634,0.92579
635,0.92873
636,0.940157
637,0.958616
638,0.958487
639,0.960322
640,0.960761
641,0.963781
642,0.966428
643,0.966455
644,0.969199
645,0.96552
646,0.964765
647,0.961235
648,0.965769
649,0.974238
650,0.977148
651,0.978428
652,0.97807
653,0.874964
654,0.805696
655,0.952367
656,0.959564
657,0.970979
658,0.971232
659,0.969474
660,0.972404
661,0.981477
662,0.981756
663,0.981121
664,0.983402
665,0.982166
666,0.982642
667,0.980635
668,0.979461
669,0.978965
670,0.979574
671,0.979088
672,0.978058
673,0.975157
674,0.975198
675,0.976414
676,0.976381
677,0.975991
678,0.976475
679,0.979409
680,0.978405
681,0.977255
682,0.97681
683,0.979776
684,0.979317
685,0.981398
686,0.981244
687,0.980771
688,0.981917
689,0.978867
690,0.980496
691,0.9821
692,0.982183
693,0.982072
694,0.982203
695,0.983054
696,0.981859
697,0.978546
698,0.977943
699,0.973301
700,0.971634
701,0.969808
702,0.975353
703,0.974891
704,0.976102
705,0.975247
706,0.974469
707,0.975201
708,0.967771
709,0.981633
710,0.98125
711,0.98131
712,0.980682
713,0.978608
714,0.977316
715,0.984985
716,0.984588
717,0.982626
718,0.980716
719,0.982386
720,0.974827
721,0.970863
722,0.971603
723,0.970517
724,0.970193
725,0.974708
726,0.970107
727,0.965259
728,0.962194
729,0.955836
730,0.955276
731,0.96514
732,0.966876
733,0.959141
734,0.950212
735,0.94762
736,0.969062
737,0.894285
738,0.858189
739,0.956799
740,0.975198
741,0.97589
742,0.971107
743,0.969428
744,0.968008
745,0.971432
746,0.971016
747,0.970253
748,0.968057
749,0.967576
750,0.958884
751,0.964358
752,0.846548
753,0.837108
754,0.954935
755,0.959204
756,0.892697
757,0.920676
758,0.915815
759,0.907523
760,0.904934
761,0.844263
762,0.813808
763,0.790151
764,0.745261
765,0.750641
766,0.670235
767,0.682457
768,0.740235
769,0.761807
770,0.777755
771,0.760365
772,0.791929
773,0.769748
774,0.774196
775,0.740216
776,0.749518
777,0.733865
778,0.755367
779,0.801944
780,0.804543
781,0.769851
782,0.770307
783,0.746126
784,0.74492
785,0.727105
786,0.753467
787,0.763293
788,0.783308
789,0.789382
790,0.775491
791,0.772027
792,0.775944
793,0.785373
794,0.785883
795,0.794573
796,0.771605
797,0.809848
798,0.788954
799,0.79334
800,0.786023
801,0.783345
802,0.818895
803,0.832966
804,0.832824
805,0.808922
806,0.834182
807,0.843434
808,0.855212
809,0.820209
810,0.819198
811,0.768656
812,0.793833
813,0.799798
814,0.839348
815,0.86622
816,0.851086
817,0.859322
818,0.855541
819,0.855226
820,0.869176
821,0.887054
822,0.893766
823,0.880186
824,0.882046
825,0.88117
826,0.86665
827,0.933053
828,0.924615
829,0.817812
830,0.903585
831,0.964658
832,0.963126
833,0.961693
834,0.969156
835,0.968485
836,0.972058
837,0.974054
838,0.97346
839,0.846143
840,0.817056
841,0.771525
842,0.93682
843,0.972256
844,0.976189
845,0.978115
846,0.977671
847,0.974967
848,0.975637
849,0.97262
850,0.96919
851,0.971685
852,0.973711
853,0.96542
854,0.967172
855,0.965815
856,0.967102
857,0.966763
858,0.964384
859,0.960733
860,0.96323
861,0.960698
862,0.959052
863,0.960917
864,0.96596
865,0.967142
866,0.973385
867,0.970647
868,0.97405
869,0.972818
870,0.972099
871,0.966368
872,0.966378
873,0.962658
874,0.965217
875,0.967751
876,0.967565
877,0.960712
878,0.95298
879,0.957658
880,0.968177
881,0.970638
882,0.972585
883,0.97267
884,0.971785
885,0.970616
886,0.97005
887,0.970384
888,0.969303
889,0.97764
890,0.977286
891,0.977026
892,0.977603
893,0.972014
894,0.973466
895,0.972869
896,0.977374
897,0.97876
898,0.978535
899,0.978701
900,0.977585
901,0.97853
902,0.978591
903,0.969371
904,0.969993
905,0.966076
906,0.967106
907,0.967354
908,0.968807
909,0.96687
910,0.966054
911,0.965756
912,0.969511
913,0.969725
914,0.969935
915,0.972376
916,0.970607
917,0.973089
918,0.97163
919,0.971147
920,0.970299
921,0.942751
922,0.86341
923,0.935438
924,0.949262
925,0.96496
926,0.975954
927,0.970577
928,0.974393
929,0.974792
930,0.97632
931,0.97778
932,0.976833
933,0.974367
934,0.974935
935,0.973842
936,0.970976
937,0.965967
938,0.967369
939,0.965086
940,0.96616
941,0.967521
942,0.966198
943,0.96676
944,0.967195
945,0.968541
946,0.96715
947,0.964395
948,0.972138
949,0.962417
950,0.963383
951,0.961757
952,0.963595
953,0.962167
954,0.959097
955,0.952323
956,0.957778
957,0.960195
958,0.960187
959,0.959908
960,0.957195
961,0.970993
962,0.972987
963,0.970088
964,0.970201
965,0.970992
966,0.971157
967,0.974416
968,0.973591
969,0.971764
970,0.973718
971,0.970354
972,0.976352
973,0.977508
974,0.977822
975,0.978642
976,0.977929
977,0.978716
978,0.978337
979,0.973931
980,0.971097
981,0.972941
982,0.97241
983,0.968086
984,0.959087
985,0.959977
986,0.956473
987,0.959619
988,0.958005
989,0.948859
990,0.947622
991,0.941571
992,0.944637
993,0.95297
994,0.948367
995,0.955672
996,0.958782
997,0.96413
998,0.962594
999,0.963021
1000,0.960606
1001,0.959261
1002,0.953971
1003,0.957115
1004,0.953647
1005,0.95057
1006,0.945928
1007,0.952206
1008,0.95065
1009,0.950509
1010,0.951745
1011,0.952213
1012,0.9367
1013,0.933426
1014,0.926526
1015,0.926294
1016,0.926891
1017,0.926947
1018,0.932227
1019,0.924971
1020,0.9231
1021,0.908562
1022,0.91875
1023,0.90403
1024,0.910712
1025,0.914466
1026,0.922563
1027,0.93483
1028,0.940932
1029,0.939908
1030,0.941677
1031,0.941597
1032,0.942532
1033,0.956681
1034,0.951162
1035,0.947214
1036,0.778343
1037,0.564221
1038,0.599003
1039,0.790537
1040,0.752167
1041,0.846421
1042,0.865279
1043,0.838115
1044,0.908688
1045,0.923544
1046,0.921933
1047,0.925417
1048,0.933339
1049,0.938097
1050,0.943237
1051,0.922734
1052,0.907539
1053,0.90772
1054,0.913224
1055,0.933167
1056,0.952303
1057,0.960081
1058,0.959022
1059,0.956989
1060,0.955765
1061,0.956091
1062,0.949341
1063,0.954467
1064,0.956657
1065,0.96127
1066,0.964305
1067,0.958776
1068,0.780155
1069,0.840997
1070,0.699567
1071,0.800497
1072,0.749569
1073,0.831633
1074,0.861197
1075,0.910632
1076,0.880919
1077,0.868681
1078,0.880017
1079,0.878534
1080,0.862393
1081,0.928945
1082,0.909784
1083,0.929223
1084,0.942158
1085,0.932711
1086,0.940238
1087,0.953345
1088,0.947857
1089,0.941089
1090,0.947406
1091,0.94987
1092,0.930798
1093,0.964632
1094,0.968646
1095,0.975233
1096,0.977551
1097,0.977416
1098,0.980063
1099,0.978293
1100,0.976638
1101,0.97801
1102,0.975263
1103,0.974818
1104,0.977775
1105,0.974374
1106,0.969271
1107,0.972898
1108,0.97269
1109,0.970027
1110,0.974558
1111,0.967251
1112,0.954879
1113,0.964237
1114,0.952629
1115,0.944727
1116,0.941652
1117,0.967308
1118,0.968718
1119,0.97109
1120,0.974878
1121,0.977057
1122,0.978193
1123,0.976056
1124,0.976324
1125,0.975224
1126,0.973427
1127,0.976497
1128,0.975795
1129,0.968633
1130,0.968866
1131,0.969327
1132,0.969335
1133,0.968763
1134,0.967212
1135,0.958238
1136,0.95643
1137,0.964878
1138,0.966118
1139,0.965603
1140,0.963081
1141,0.96665
1142,0.969149
1143,0.972332
1144,0.973808
1145,0.971581
1146,0.969809
1147,0.967467
1148,0.968053
1149,0.963596
1150,0.962972
1151,0.9608
1152,0.959784
1153,0.969881
1154,0.970189
1155,0.966414
1156,0.96349
1157,0.957573
1158,0.951489
1159,0.941472
1160,0.939472
1161,0.953306
1162,0.960528
1163,0.95845
1164,0.957057
1165,0.94398
1166,0.946441
1167,0.948089
1168,0.948022
1169,0.950798
1170,0.942559
1171,0.9414
1172,0.949716
1173,0.944327
1174,0.945536
1175,0.950208
1176,0.958753
1177,0.737451
1178,0.774266
1179,0.760944
1180,0.83908
1181,0.837968
1182,0.928614
1183,0.909633
1184,0.920068
1185,0.901111
1186,0.904432
1187,0.900572
1188,0.909594
1189,0.93559
1190,0.930577
1191,0.942684
1192,0.940882
1193,0.939155
1194,0.937418
1195,0.957356
1196,0.956507
1197,0.937369
1198,0.941677
1199,0.95121
1200,0.954517
1201,0.946003
1202,0.945724
1203,0.949193
1204,0.954762
1205,0.958714
1206,0.956238
1207,0.962093
1208,0.962908
1209,0.96458
1210,0.96262
1211,0.96046
1212,0.957966
1213,0.960665
1214,0.958076
1215,0.800578
1216,0.775377
1217,0.739368
1218,0.895829
1219,0.913246
1220,0.971905
1221,0.973863
1222,0.97462
1223,0.975548
1224,0.975465
1225,0.978085
1226,0.979327
1227,0.976657
1228,0.979575
1229,0.979181
1230,0.97857
1231,0.978215
1232,0.975524
1233,0.975353
1234,0.976716
1235,0.976529
1236,0.978386
1237,0.883637
1238,0.798152
1239,0.887485
1240,0.963198
1241,0.951733
1242,0.972796
1243,0.975099
1244,0.974907
1245,0.978072
1246,0.979516
1247,0.980585
1248,0.979075
1249,0.981179
1250,0.980564
1251,0.978366
1252,0.974282
1253,0.976211
1254,0.978196
1255,0.975893
1256,0.972491
1257,0.969129
1258,0.970534
1259,0.968816
1260,0.969111
1261,0.976044
1262,0.976264
1263,0.975516
1264,0.975154
1265,0.970925
1266,0.971188
1267,0.970946
1268,0.964764
1269,0.956293
1270,0.959071
1271,0.959346
1272,0.961597
1273,0.9542
1274,0.953852
1275,0.937749
1276,0.931805
1277,0.927917
1278,0.918832
1279,0.925167
1280,0.918337
1281,0.910081
1282,0.918655
1283,0.911321
1284,0.912234
1285,0.908964
1286,0.915526
1287,0.903159
1288,0.906254
1289,0.891399
1290,0.878898
1291,0.861954
1292,0.866432
1293,0.856345
1294,0.830009
1295,0.839608
1296,0.852377
1297,0.804777
1298,0.811292
1299,0.818833
1300,0.799206
1301,0.779736
1302,0.784578
1303,0.767101
1304,0.793215
1305,0.76372
1306,0.817644
1307,0.80947
1308,0.826143
1309,0.862744
1310,0.866692
1311,0.873519
1312,0.885845
1313,0.891784
1314,0.913439
1315,0.925882
1316,0.928572
1317,0.942463
1318,0.943097
1319,0.949198
1320,0.945332
1321,0.949109
1322,0.952653
1323,0.951037
1324,0.96877
1325,0.968781
1326,0.97115
1327,0.977145
1328,0.968799
1329,0.887012
1330,0.934123
1331,0.977232
1332,0.981662
1333,0.984402
1334,0.984897
1335,0.985325
1336,0.985978
1337,0.986384
1338,0.986064
1339,0.985222
1340,0.984681
1341,0.984012
1342,0.982331
1343,0.977719
1344,0.977425
1345,0.976551
1346,0.973955
1347,0.975832
1348,0.976907
1349,0.976045
1350,0.976366
1351,0.979282
1352,0.979877
1353,0.979455
1354,0.978084
