1,0.9899
2,0.987295
3,0.986587
4,0.985337
5,0.984699
6,0.996275
7,0.995257
8,0.980785
9,0.995069
10,0.995257
11,0.988177
12,0.996974
13,0.992211
14,0.994506
15,0.993906
16,0.993408
17,0.993289
18,0.994064
19,0.993498
20,0.992572
21,0.992801
22,0.993833
23,0.99367
24,0.99367
25,0.99346
26,0.992629
27,0.992812
28,0.990051
29,0.989975
30,0.989697
31,0.989542
32,0.98915
33,0.989244
34,0.988073
35,0.985244
36,0.981328
37,0.984113
38,0.986272
39,0.985132
40,0.981391
41,0.980135
42,0.978461
43,0.971261
44,0.974235
45,0.970301
46,0.972442
47,0.980331
48,0.970418
49,0.977752
50,0.972493
51,0.969487
52,0.975115
53,0.969546
54,0.972418
55,0.930285
56,0.8262
57,0.786525
58,0.680994
59,0.652502
60,0.64144
61,0.596083
62,0.691121
63,0.644652
64,0.653527
65,0.646466
66,0.864659
67,0.836679
68,0.8286
69,0.831627
70,0.864307
71,0.879298
72,0.791523
73,0.814077
74,0.861291
75,0.854318
76,0.866294
77,0.894114
78,0.854695
79,0.91434
80,0.903446
81,0.890484
82,0.909499
83,0.884569
84,0.879322
85,0.943345
86,0.932356
87,0.902511
88,0.904834
89,0.879648
90,0.901312
91,0.911962
92,0.900917
93,0.918469
94,0.89547
95,0.898553
96,0.877611
97,0.888868
98,0.902143
99,0.89816
100,0.863311
101,0.872739
102,0.89137
103,0.917549
104,0.922188
105,0.925077
106,0.929778
107,0.918965
108,0.929035
109,0.938874
110,0.939161
111,0.950002
112,0.955239
113,0.941721
114,0.938024
115,0.933403
116,0.934749
117,0.956856
118,0.964711
119,0.963026
120,0.954614
121,0.650695
122,0.921983
123,0.912859
124,0.918258
125,0.906058
126,0.594632
127,0.60243
128,0.582042
129,0.802371
130,0.524091
131,0.624827
132,0.681509
133,0.665918
134,0.727802
135,0.78364
136,0.76588
137,0.812272
138,0.816711
139,0.807228
140,0.786115
141,0.827323
142,0.805204
143,0.835926
144,0.865149
145,0.892102
146,0.900761
147,0.884356
148,0.891198
149,0.902452
150,0.902287
151,0.908364
152,0.91509
153,0.934368
154,0.945249
155,0.950012
156,0.946456
157,0.955183
158,0.94562
159,0.983904
160,0.967181
161,0.991214
162,0.990894
163,0.991884
164,0.993164
165,0.992814
166,0.990995
167,0.989301
168,0.987878
169,0.988512
170,0.98894
171,0.990852
172,0.988619
173,0.990137
174,0.988968
175,0.985324
176,0.989971
177,0.99034
178,0.991355
179,0.982916
180,0.983438
181,0.992381
182,0.993324
183,0.993338
184,0.992617
185,0.991668
186,0.984414
187,0.986228
188,0.986185
189,0.992094
190,0.992693
191,0.993752
192,0.991083
193,0.987164
194,0.988557
195,0.990358
196,0.990925
197,0.989289
198,0.989341
199,0.98798
200,0.990598
201,0.990867
202,0.990641
203,0.990494
204,0.992984
205,0.990621
206,0.990313
207,0.991992
208,0.990678
209,0.992719
210,0.992193
211,0.992347
212,0.992078
213,0.990532
214,0.990692
215,0.98978
216,0.990696
217,0.98597
218,0.986184
219,0.982449
220,0.984264
221,0.981026
222,0.982505
223,0.987404
224,0.981816
225,0.983001
226,0.981266
227,0.983235
228,0.98253
229,0.971084
230,0.974314
231,0.955619
232,0.950442
233,0.934109
234,0.912284
235,0.950178
236,0.954042
237,0.941903
238,0.908039
239,0.911754
240,0.926841
241,0.931454
242,0.933494
243,0.9293
244,0.929599
245,0.90747
246,0.934976
247,0.979882
248,0.895713
249,0.823339
250,0.934798
251,0.937406
252,0.901222
253,0.846774
254,0.805969
255,0.834973
256,0.751275
257,0.790421
258,0.368828
259,0.510586
260,0.497395
261,0.572259
262,0.553079
263,0.543588
264,0.750337
265,0.828047
266,0.813912
267,0.824381
268,0.764573
269,0.749275
270,0.82291
271,0.780839
272,0.766867
273,0.813557
274,0.827377
275,0.83558
276,0.849062
277,0.899271
278,0.907153
279,0.902744
280,0.902244
281,0.891204
282,0.899226
283,0.839905
284,0.898327
285,0.920649
286,0.954483
287,0.963512
288,0.95316
289,0.955098
290,0.946136
291,0.953879
292,0.942546
293,0.936172
294,0.917651
295,0.937056
296,0.940291
297,0.961915
298,0.949579
299,0.950204
300,0.941866
301,0.946635
302,0.952137
303,0.948789
304,0.930648
305,0.951787
306,0.959037
307,0.96987
308,0.976572
309,0.979159
310,0.980302
311,0.980454
312,0.990272
313,0.980045
314,0.986952
315,0.982422
316,0.980459
317,0.97601
318,0.97853
319,0.982179
320,0.978674
321,0.981511
322,0.979682
323,0.984388
324,0.982372
325,0.979235
326,0.954902
327,0.866906
328,0.871637
329,0.889289
330,0.897604
331,0.903696
332,0.882369
333,0.92999
334,0.896471
335,0.934291
336,0.838927
337,0.855529
338,0.816868
339,0.966857
340,0.97915
341,0.982838
342,0.985115
343,0.987437
344,0.990458
345,0.994266
346,0.990141
347,0.987572
348,0.987854
349,0.993701
350,0.991945
351,0.993474
352,0.992023
353,0.990613
354,0.989179
355,0.99073
356,0.991941
357,0.901919
358,0.897411
359,0.959412
360,0.928108
361,0.710108
362,0.595954
363,0.594206
364,0.627165
365,0.521783
366,0.533099
367,0.552412
368,0.620788
369,0.6373
370,0.634793
371,0.675353
372,0.674388
373,0.679406
374,0.694167
375,0.698041
376,0.757997
377,0.828096
378,0.848577
379,0.850255
380,0.788814
381,0.771284
382,0.784613
383,0.767697
384,0.831209
385,0.86967
386,0.847867
387,0.733632
388,0.812937
389,0.951418
390,0.956207
391,0.959355
392,0.955107
393,0.921259
394,0.928722
395,0.918536
396,0.920108
397,0.941284
398,0.945308
399,0.9643
400,0.964989
401,0.953058
402,0.933723
403,0.951656
404,0.916498
405,0.930084
406,0.913396
407,0.922757
408,0.927006
409,0.891079
410,0.887216
411,0.905223
412,0.908013
413,0.917692
414,0.464112
415,0.437141
416,0.495872
417,0.636617
418,0.386861
419,0.349205
420,0.418314
421,0.405406
422,0.438284
423,0.462893
424,0.42169
425,0.285828
426,0.285556
427,0.245119
428,0.156344
429,0.707863
430,0.978884
431,0.979463
432,0.979638
433,0.981981
434,0.982835
435,0.984974
436,0.987723
437,0.987032
438,0.989198
439,0.990369
440,0.988539
441,0.990137
442,0.988586
443,0.987301
444,0.987333
445,0.97703
446,0.977883
447,0.972225
448,0.969019
449,0.979555
450,0.974385
451,0.975937
452,0.980428
453,0.977596
454,0.980256
455,0.980453
456,0.979212
457,0.98035
458,0.979003
459,0.981088
460,0.987762
461,0.821771
462,0.56081
463,0.436383
464,0.526044
465,0.529932
466,0.55956
467,0.479081
468,0.519429
469,0.5957
470,0.601686
471,0.655455
472,0.662015
473,0.514903
474,0.445359
475,0.517749
476,0.610404
477,0.503429
478,0.47409
479,0.600834
480,0.803397
481,0.994909
482,0.995185
483,0.994426
484,0.993961
485,0.994071
486,0.988419
487,0.971457
488,0.968138
489,0.965586
490,0.971167
491,0.975854
492,0.975264
493,0.977152
494,0.977346
495,0.958184
496,0.949055
497,0.968933
498,0.966285
499,0.977105
500,0.974912
501,0.979927
502,0.984465
503,0.986185
504,0.992719
505,0.915492
506,0.796167
507,0.591712
508,0.40283
509,0.397459
510,0.456853
511,0.322113
512,0.436364
513,0.399742
514,0.330835
515,0.169839
516,0.097273
517,0.152251
518,0.143792
519,0.153626
520,0.192596
521,0.219069
522,0.238678
523,0.381784
524,0.353612
525,0.33619
526,0.6334
527,0.921516
528,0.981467
529,0.985183
530,0.987323
531,0.99019
532,0.979015
533,0.978652
534,0.981006
535,0.982247
536,0.982802
537,0.981421
538,0.980082
539,0.673967
540,0.220901
541,0.28632
542,0.183548
543,0.26008
544,0.165626
545,0.153519
546,0.169009
547,0.170046
548,0.161006
549,0.157438
550,0.163627
551,0.373224
552,0.131154
553,0.171048
554,0.155145
555,0.150878
556,0.185475
557,0.256629
558,0.794281
559,0.834454
560,0.863746
561,0.842013
562,0.907148
563,0.924724
564,0.915509
565,0.937815
566,0.939822
567,0.91659
568,0.933604
569,0.914712
570,0.91033
571,0.890683
572,0.867657
573,0.892091
574,0.856784
575,0.854382
576,0.869063
577,0.870646
578,0.80711
579,0.783904
580,0.742091
581,0.775635
582,0.818242
583,0.83522
584,0.768884
585,0.813818
586,0.808535
587,0.840225
588,0.689512
589,0.392899
590,0.458852
591,0.444693
592,0.434496
593,0.399781
594,0.400388
595,0.38527
596,0.376108
597,0.441862
598,0.450067
599,0.446711
600,0.479451
601,0.531222
602,0.427727
603,0.356735
604,0.426701
605,0.447149
606,0.467483
607,0.308206
608,0.277604
609,0.302458
610,0.947904
611,0.941725
612,0.968344
613,0.965967
614,0.965122
615,0.963509
616,0.960675
617,0.962639
618,0.948397
619,0.950163
620,0.949927
621,0.948397
622,0.953823
623,0.958843
624,0.972134
625,0.968864
626,0.94744
627,0.964582
628,0.971055
629,0.977256
630,0.583218
631,0.480426
632,0.423374
633,0.370655
634,0.349152
635,0.490807
636,0.582874
637,0.563392
638,0.798773
639,0.979138
640,0.956652
641,0.974457
642,0.979716
643,0.95657
644,0.945953
645,0.97495
646,0.977516
647,0.984551
648,0.989589
649,0.978189
650,0.981474
651,0.971796
652,0.972845
653,0.966105
654,0.972437
655,0.970447
656,0.969215
657,0.958141
658,0.95355
659,0.962372
660,0.958361
661,0.975039
662,0.979843
663,0.981835
664,0.969007
665,0.97052
666,0.967308
667,0.995364
668,0.996783
669,0.997049
670,0.997168
671,0.997184
672,0.996753
673,0.996784
674,0.996716
675,0.996574
676,0.995884
677,0.995952
678,0.995017
679,0.99595
680,0.996024
681,0.995798
682,0.995803
683,0.995952
684,0.996392
685,0.995984
686,0.995368
687,0.995889
688,0.996015
689,0.996389
690,0.996461
691,0.996314
692,0.996364
693,0.995294
694,0.995379
695,0.995315
696,0.995081
697,0.987497
698,0.919046
699,0.984577
700,0.980474
701,0.935482
702,0.945936
703,0.87781
704,0.884081
705,0.892917
706,0.904159
707,0.811046
708,0.732944
709,0.637364
710,0.967488
711,0.941479
712,0.956977
713,0.971694
714,0.963255
715,0.976284
716,0.977413
717,0.982179
718,0.984309
719,0.984239
720,0.984479
721,0.983074
722,0.982428
723,0.983699
724,0.981558
725,0.982648
726,0.981761
727,0.984937
728,0.982484
729,0.974304
730,0.983362
731,0.97817
732,0.97915
733,0.977989
734,0.97996
735,0.982946
736,0.981097
737,0.949412
738,0.962408
739,0.960166
740,0.929396
741,0.950777
742,0.894849
743,0.876183
744,0.870061
745,0.90012
746,0.879244
747,0.832596
748,0.859059
749,0.836403
750,0.853062
751,0.754651
752,0.724334
753,0.724408
754,0.709208
755,0.670067
756,0.459371
757,0.429704
758,0.291758
759,0.479806
760,0.502752
761,0.436781
762,0.39851
763,0.313866
764,0.350595
765,0.320221
766,0.399026
767,0.38692
768,0.503085
769,0.451113
770,0.385033
771,0.343642
772,0.266818
773,0.5376
774,0.75736
775,0.724242
776,0.71009
777,0.783825
778,0.66052
779,0.681631
780,0.489567
781,0.496782
782,0.608054
783,0.285248
784,0.426351
785,0.487566
786,0.505597
787,0.555471
788,0.576341
789,0.547331
790,0.506627
791,0.437668
792,0.422912
793,0.436921
794,0.498345
795,0.479871
796,0.481607
797,0.516133
798,0.512836
799,0.473991
800,0.499114
801,0.314757
802,0.128563
803,0.197295
804,0.245318
805,0.227706
806,0.313086
807,0.293856
808,0.246873
809,0.298635
810,0.291569
811,0.287059
812,0.250749
813,0.264656
814,0.701937
815,0.654463
816,0.649422
817,0.836841
818,0.919892
819,0.914321
820,0.90872
821,0.929833
822,0.92745
823,0.952256
824,0.958982
825,0.959613
826,0.325593
827,0.247648
828,0.212357
829,0.247552
830,0.136588
831,0.410865
832,0.217412
833,0.207023
834,0.167681
835,0.136642
836,0.182814
837,0.211158
838,0.234288
839,0.121237
840,0.124346
841,0.149323
842,0.740096
843,0.94145
844,0.96547
845,0.980735
846,0.99084
847,0.989926
848,0.991076
849,0.990574
850,0.989668
851,0.98702
852,0.98873
853,0.987715
854,0.990869
855,0.988661
856,0.986844
857,0.989994
858,0.992679
859,0.993984
860,0.992617
861,0.992196
862,0.987553
863,0.988704
864,0.994736
865,0.994999
866,0.993856
867,0.992751
868,0.992082
869,0.993203
870,0.99333
871,0.993418
872,0.993627
873,0.993949
874,0.993024
875,0.992073
876,0.992238
877,0.991129
878,0.989557
