1,0.993182
2,0.992891
3,0.99335
4,0.993032
5,0.992588
6,0.992337
7,0.984998
8,0.986015
9,0.984364
10,0.989158
11,0.990514
12,0.982111
13,0.982004
14,0.977072
15,0.950576
16,0.99162
17,0.982041
18,0.987854
19,0.995004
20,0.976568
21,0.989181
22,0.991426
23,0.988569
24,0.979014
25,0.985969
26,0.985829
27,0.991021
28,0.992942
29,0.988819
30,0.988292
31,0.99059
32,0.992255
33,0.992778
34,0.993735
35,0.984892
36,0.981508
37,0.988057
38,0.987247
39,0.978685
40,0.982894
41,0.980444
42,0.978225
43,0.969237
44,0.952627
45,0.968794
46,0.952577
47,0.920083
48,0.927641
49,0.892023
50,0.901171
51,0.810904
52,0.779361
53,0.780842
54,0.726768
55,0.717459
56,0.592137
57,0.595045
58,0.548704
59,0.570493
60,0.367567
61,0.719405
62,0.645247
63,0.705353
64,0.714232
65,0.50761
66,0.369464
67,0.421691
68,0.409626
69,0.415716
70,0.840257
71,0.747927
72,0.573264
73,0.319925
74,0.376761
75,0.449211
76,0.462551
77,0.528339
78,0.543313
79,0.513913
80,0.460743
81,0.523582
82,0.596044
83,0.65137
84,0.708342
85,0.664147
86,0.627255
87,0.672106
88,0.628081
89,0.517475
90,0.513131
91,0.376427
92,0.437239
93,0.539841
94,0.435776
95,0.461978
96,0.438169
97,0.820961
98,0.765752
99,0.743043
100,0.777381
101,0.510622
102,0.484819
103,0.663453
104,0.636384
105,0.582699
106,0.575234
107,0.617674
108,0.694369
109,0.62744
110,0.578028
111,0.58576
112,0.501939
113,0.460973
114,0.481095
115,0.480394
116,0.529198
117,0.565898
118,0.682722
119,0.60827
120,0.410901
121,0.565193
122,0.531774
123,0.345325
124,0.213719
125,0.165265
126,0.167514
127,0.171738
128,0.153907
129,0.149139
130,0.175139
131,0.21311
132,0.266258
133,0.386285
134,0.420594
135,0.393076
136,0.534293
137,0.889997
138,0.933725
139,0.974116
140,0.976566
141,0.971523
142,0.974307
143,0.89125
144,0.952393
145,0.906119
146,0.95907
147,0.930668
148,0.897321
149,0.959959
150,0.954328
151,0.877462
152,0.938109
153,0.910308
154,0.830865
155,0.795254
156,0.946175
157,0.904599
158,0.981866
159,0.983384
160,0.986945
161,0.988825
162,0.991297
163,0.986849
164,0.988832
165,0.989616
166,0.989625
167,0.992881
168,0.992703
169,0.988197
170,0.979146
171,0.349648
172,0.287622
173,0.292494
174,0.204859
175,0.199535
176,0.143126
177,0.163432
178,0.16279
179,0.228182
180,0.174718
181,0.228887
182,0.28292
183,0.339065
184,0.357944
185,0.328502
186,0.30228
187,0.282706
188,0.259439
189,0.269248
190,0.254311
191,0.268482
192,0.220774
193,0.34972
194,0.795566
195,0.990382
196,0.988361
197,0.981721
198,0.987965
199,0.992722
200,0.99463
201,0.993739
202,0.98835
203,0.98783
204,0.977848
205,0.977487
206,0.967265
207,0.966729
208,0.976782
209,0.975009
210,0.973132
211,0.972967
212,0.983176
213,0.971206
214,0.964442
215,0.54035
216,0.136658
217,0.178864
218,0.201709
219,0.124663
220,0.115509
221,0.10036
222,0.094535
223,0.100433
224,0.11002
225,0.106107
226,0.103966
227,0.093435
228,0.1217
229,0.133399
230,0.145625
231,0.156272
232,0.233072
233,0.247654
234,0.31646
235,0.400877
236,0.719067
237,0.9389
238,0.945037
239,0.946559
240,0.953319
241,0.88704
242,0.934043
243,0.925176
244,0.937106
245,0.930865
246,0.927121
247,0.910739
248,0.891579
249,0.880123
250,0.870808
251,0.713166
252,0.741096
253,0.879036
254,0.884528
255,0.865557
256,0.681826
257,0.328701
258,0.301017
259,0.232557
260,0.144681
261,0.154459
262,0.172206
263,0.143304
264,0.144525
265,0.140532
266,0.153964
267,0.190998
268,0.171118
269,0.187082
270,0.197616
271,0.178237
272,0.212797
273,0.518744
274,0.716469
275,0.898735
276,0.895436
277,0.926291
278,0.906982
279,0.936225
280,0.958387
281,0.922262
282,0.891307
283,0.934064
284,0.92058
285,0.93756
286,0.960887
287,0.957729
288,0.966401
289,0.956854
290,0.960933
291,0.971578
292,0.962852
293,0.944245
294,0.940119
295,0.875409
296,0.805237
297,0.653263
298,0.802681
299,0.862294
300,0.868276
301,0.908815
302,0.943042
303,0.941325
304,0.749472
305,0.588449
306,0.577247
307,0.524325
308,0.261686
309,0.408759
310,0.613762
311,0.753709
312,0.790411
313,0.72645
314,0.761873
315,0.584262
316,0.526147
317,0.51877
318,0.540298
319,0.519635
320,0.497104
321,0.513338
322,0.540051
323,0.51503
324,0.28749
325,0.323478
326,0.351016
327,0.462237
328,0.356971
329,0.391933
330,0.311954
331,0.315599
332,0.349912
333,0.322052
334,0.290932
335,0.561053
336,0.946941
337,0.938872
338,0.926193
339,0.949499
340,0.9478
341,0.946382
342,0.950841
343,0.944181
344,0.933957
345,0.940533
346,0.467526
347,0.192643
348,0.137919
349,0.118255
350,0.354283
351,0.369841
352,0.374002
353,0.446485
354,0.48451
355,0.460011
356,0.483345
357,0.467153
358,0.515496
359,0.608211
360,0.559356
361,0.628587
362,0.534479
363,0.517619
364,0.504494
365,0.465122
366,0.45797
367,0.401974
368,0.350047
369,0.387994
370,0.432475
371,0.406388
372,0.405702
373,0.420101
374,0.31127
375,0.924887
376,0.794548
377,0.876701
378,0.894186
379,0.942779
380,0.969416
381,0.958977
382,0.974091
383,0.966355
384,0.975813
385,0.980357
386,0.98281
387,0.981912
388,0.988426
389,0.987772
390,0.986046
391,0.988219
392,0.988071
393,0.988751
394,0.790103
395,0.954737
396,0.972058
397,0.962061
398,0.897329
399,0.888354
400,0.954235
401,0.893067
402,0.72087
403,0.566147
404,0.550691
405,0.552544
406,0.627036
407,0.649093
408,0.651051
409,0.749942
410,0.737272
411,0.690089
412,0.652213
413,0.65444
414,0.65195
415,0.76476
416,0.700745
417,0.71089
418,0.71627
419,0.638527
420,0.635432
421,0.469243
422,0.462644
423,0.433548
424,0.414871
425,0.423909
426,0.431129
427,0.864004
428,0.981867
429,0.965516
430,0.900327
431,0.830868
432,0.957792
433,0.955818
434,0.96474
435,0.981468
436,0.970217
437,0.979835
438,0.966509
439,0.981458
440,0.992892
441,0.99404
442,0.946332
443,0.948968
444,0.982324
445,0.985356
446,0.987772
447,0.985891
448,0.985754
449,0.98918
450,0.989285
451,0.989899
452,0.990314
453,0.988487
454,0.989688
455,0.936423
456,0.318794
457,0.305042
458,0.314067
459,0.30647
460,0.278283
461,0.34216
462,0.369132
463,0.435794
464,0.408391
465,0.345092
466,0.307152
467,0.303642
468,0.294254
469,0.288269
470,0.2665
471,0.97834
472,0.989811
473,0.996402
474,0.996785
475,0.995096
476,0.979586
477,0.979541
478,0.981329
479,0.980104
480,0.966297
481,0.99476
482,0.993939
483,0.9937
484,0.991936
485,0.993098
486,0.933246
487,0.891736
488,0.988918
489,0.345649
490,0.341046
491,0.250093
492,0.297888
493,0.36515
494,0.333995
495,0.316229
496,0.296358
497,0.28196
498,0.279841
499,0.244601
500,0.261277
501,0.376032
502,0.381303
503,0.38076
504,0.370936
505,0.32393
506,0.402781
507,0.971882
508,0.993303
509,0.989216
510,0.990001
511,0.97824
512,0.974519
513,0.96323
514,0.958753
515,0.955344
516,0.961353
517,0.954023
518,0.954274
519,0.950773
520,0.944409
521,0.94144
522,0.946052
523,0.954838
524,0.977182
525,0.985635
526,0.99687
527,0.99586
528,0.996351
529,0.996756
530,0.996086
531,0.996191
532,0.996362
533,0.997196
534,0.99684
535,0.996533
536,0.996367
537,0.996195
538,0.995347
539,0.994599
540,0.994471
541,0.985537
542,0.988966
543,0.988554
544,0.991058
545,0.991928
546,0.98512
547,0.983433
548,0.984333
549,0.979722
550,0.971188
551,0.963667
552,0.94449
553,0.962168
554,0.952319
555,0.952228
556,0.951217
557,0.95132
558,0.960781
559,0.956364
560,0.956921
561,0.948804
562,0.957483
563,0.965205
564,0.963801
565,0.960106
566,0.965243
567,0.972542
568,0.953421
569,0.602201
570,0.42088
571,0.491226
572,0.533514
573,0.561877
574,0.570277
575,0.585739
576,0.576804
577,0.516733
578,0.478118
579,0.470885
580,0.449929
581,0.41736
582,0.352088
583,0.372123
584,0.39996
585,0.534978
586,0.896268
587,0.955186
588,0.961155
589,0.939014
590,0.938413
591,0.886684
592,0.756131
593,0.698519
594,0.606522
595,0.713245
596,0.797386
597,0.819173
598,0.817029
599,0.874759
600,0.925518
601,0.918182
602,0.939127
603,0.515962
604,0.27316
605,0.315333
606,0.352351
607,0.371309
608,0.455034
609,0.477955
610,0.398024
611,0.43509
612,0.45323
613,0.502142
614,0.47639
615,0.537932
616,0.468551
617,0.456688
618,0.397216
619,0.493972
620,0.472214
621,0.474157
622,0.502307
623,0.430601
624,0.376503
625,0.374896
626,0.378309
627,0.426849
628,0.384632
629,0.310747
630,0.281506
631,0.907219
632,0.901438
633,0.93299
634,0.926028
635,0.927088
636,0.900442
637,0.941317
638,0.943357
639,0.889084
640,0.122675
641,0.298363
642,0.362946
643,0.438139
644,0.494775
645,0.45688
646,0.398894
647,0.536771
648,0.554317
649,0.501112
650,0.482044
651,0.221944
652,0.249395
653,0.269442
654,0.352159
655,0.468327
656,0.469035
657,0.483781
658,0.517886
659,0.493614
660,0.483257
661,0.401662
662,0.460946
663,0.449151
664,0.456206
665,0.427881
666,0.917719
667,0.96725
668,0.952038
669,0.976159
670,0.984165
671,0.983387
672,0.98667
673,0.988283
674,0.985348
675,0.975288
676,0.97508
677,0.977096
678,0.982374
679,0.994756
680,0.994567
681,0.993224
682,0.426668
683,0.500649
684,0.432584
685,0.684066
686,0.464946
687,0.441369
688,0.357972
689,0.384429
690,0.323662
691,0.345711
692,0.279984
693,0.405396
694,0.509021
695,0.612836
696,0.710548
697,0.593325
698,0.67963
699,0.680206
700,0.684476
701,0.667484
702,0.607113
703,0.661225
704,0.591508
705,0.645153
706,0.585606
707,0.49138
708,0.423259
709,0.473911
710,0.449182
711,0.440094
712,0.550526
713,0.643101
714,0.657375
715,0.370015
716,0.386501
717,0.331766
718,0.313635
719,0.313335
720,0.262737
721,0.27371
722,0.264112
723,0.212487
724,0.254901
725,0.403552
726,0.380959
727,0.436604
728,0.414238
729,0.439197
730,0.643352
731,0.382752
732,0.400949
733,0.40874
734,0.467994
735,0.44577
736,0.403267
737,0.374064
738,0.40832
739,0.385549
740,0.667829
741,0.951359
742,0.95443
743,0.949586
744,0.94987
745,0.927776
746,0.894294
747,0.915488
748,0.915241
749,0.887958
750,0.903046
751,0.897482
752,0.855833
753,0.788594
754,0.292289
755,0.309362
756,0.28381
757,0.331791
758,0.335681
759,0.333565
760,0.327734
761,0.340592
762,0.352739
763,0.365071
764,0.394443
765,0.399855
766,0.401742
767,0.40581
768,0.415213
769,0.425847
770,0.402259
771,0.32057
772,0.351271
773,0.340999
774,0.367402
775,0.455718
776,0.420706
777,0.446993
778,0.462197
779,0.479084
780,0.448459
781,0.404486
782,0.399833
783,0.409143
784,0.552532
785,0.533661
786,0.512232
787,0.547377
788,0.54582
789,0.740292
790,0.75186
791,0.78017
792,0.766206
793,0.671214
794,0.680468
795,0.677622
796,0.616101
797,0.622429
798,0.593773
799,0.621067
800,0.628597
801,0.574041
802,0.540663
803,0.508424
804,0.365053
805,0.306245
806,0.315891
807,0.226472
808,0.182406
809,0.220791
810,0.197347
811,0.478689
812,0.444056
813,0.451205
814,0.478822
815,0.548627
816,0.618091
817,0.609272
818,0.592265
819,0.718235
820,0.683649
821,0.691982
822,0.958012
823,0.970341
824,0.969874
825,0.968386
826,0.951564
827,0.934456
828,0.936034
829,0.953454
830,0.950759
831,0.919178
832,0.825862
833,0.169774
834,0.169115
835,0.182395
836,0.232427
837,0.219524
838,0.219308
839,0.226487
840,0.193088
841,0.280663
842,0.253243
843,0.251446
844,0.231871
845,0.216862
846,0.23766
847,0.217704
848,0.229151
849,0.237844
850,0.078298
851,0.084474
852,0.086346
853,0.297911
854,0.349381
855,0.405471
856,0.394712
857,0.334267
858,0.327407
859,0.378164
860,0.410093
861,0.494672
862,0.524919
863,0.531784
864,0.526816
865,0.436926
866,0.567778
867,0.624266
868,0.624912
869,0.65466
870,0.714599
871,0.685652
872,0.73571
873,0.712601
874,0.705037
875,0.709816
876,0.666192
877,0.442701
878,0.399483
879,0.412979
880,0.514239
881,0.55154
882,0.464246
883,0.450836
884,0.459027
885,0.625181
886,0.995413
887,0.996951
888,0.994345
889,0.99244
890,0.995527
891,0.996085
892,0.996087
893,0.984156
894,0.991522
895,0.984061
896,0.982864
897,0.990848
898,0.993305
899,0.994121
900,0.985167
901,0.980388
902,0.970964
903,0.355202
904,0.497072
905,0.549485
906,0.597628
907,0.63363
908,0.62498
909,0.646871
910,0.637901
911,0.631498
912,0.673196
913,0.626594
914,0.619819
915,0.538503
916,0.473906
917,0.490405
918,0.478154
919,0.433609
920,0.438151
921,0.474509
922,0.468525
923,0.379034
924,0.387831
925,0.403254
926,0.477637
927,0.482139
928,0.443515
929,0.300663
930,0.265626
931,0.311304
932,0.340221
933,0.32264
934,0.303049
935,0.279288
936,0.463195
937,0.440223
938,0.533913
939,0.688622
940,0.902881
941,0.980317
942,0.983098
943,0.974254
944,0.976396
945,0.97448
946,0.977932
947,0.982723
948,0.985564
949,0.988621
950,0.985549
951,0.984722
952,0.985095
953,0.962667
954,0.310076
955,0.201234
956,0.28604
957,0.294275
958,0.504887
959,0.488135
960,0.512321
961,0.532879
962,0.527489
963,0.523685
964,0.554457
965,0.539551
966,0.57664
967,0.573526
968,0.647432
969,0.546417
970,0.644192
971,0.952424
972,0.992718
973,0.992584
974,0.983769
975,0.981377
976,0.980987
977,0.971832
978,0.89254
979,0.968223
980,0.97681
981,0.97243
982,0.427559
983,0.385748
984,0.489626
985,0.596935
986,0.531354
987,0.50567
988,0.55232
989,0.551492
990,0.524831
991,0.521876
992,0.618132
993,0.613272
994,0.611835
995,0.582907
996,0.50659
997,0.633693
998,0.637964
999,0.64147
1000,0.651028
1001,0.671522
1002,0.689148
1003,0.684022
1004,0.670747
1005,0.731463
1006,0.743077
1007,0.780652
1008,0.775565
1009,0.758192
1010,0.750297
1011,0.758186
1012,0.706831
1013,0.758966
1014,0.775208
1015,0.81246
1016,0.805726
1017,0.779816
1018,0.79851
1019,0.847494
1020,0.822907
1021,0.790834
1022,0.826899
1023,0.7472
1024,0.708601
1025,0.736012
1026,0.735349
1027,0.706295
1028,0.707117
1029,0.69501
1030,0.704839
1031,0.66685
1032,0.694593
1033,0.738857
1034,0.778256
1035,0.801594
1036,0.78074
1037,0.75204
1038,0.759391
1039,0.730684
1040,0.737299
1041,0.752719
1042,0.757438
1043,0.755835
1044,0.676643
1045,0.653598
1046,0.648217
1047,0.678475
1048,0.651073
1049,0.621791
1050,0.64474
1051,0.57466
1052,0.609426
1053,0.97998
1054,0.994238
1055,0.992521
1056,0.991421
1057,0.993801
1058,0.994084
1059,0.993452
1060,0.993444
1061,0.99279
1062,0.993112
1063,0.99095
1064,0.990965
1065,0.991941
1066,0.9853
1067,0.986379
1068,0.990814
1069,0.987074
1070,0.988627
1071,0.417611
1072,0.346979
1073,0.419179
1074,0.400778
1075,0.390127
1076,0.356719
1077,0.396426
1078,0.394248
1079,0.358104
1080,0.398189
1081,0.519397
1082,0.5219
1083,0.480907
1084,0.471115
1085,0.4586
1086,0.449273
1087,0.447117
1088,0.354694
1089,0.343347
1090,0.319022
1091,0.347058
1092,0.346944
1093,0.368032
1094,0.370755
1095,0.42134
1096,0.434919
1097,0.439041
1098,0.452479
1099,0.413605
1100,0.450042
1101,0.479907
1102,0.509338
1103,0.547907
1104,0.501069
1105,0.565224
1106,0.619054
1107,0.582448
1108,0.450904
1109,0.534717
1110,0.49577
1111,0.519616
1112,0.494361
1113,0.521529
1114,0.477914
1115,0.480444
1116,0.486379
1117,0.408584
1118,0.470067
1119,0.422566
1120,0.474751
1121,0.421889
1122,0.385808
1123,0.279434
1124,0.307286
1125,0.288132
1126,0.294897
1127,0.296149
1128,0.317665
1129,0.544989
1130,0.988069
1131,0.987479
1132,0.987548
1133,0.982386
1134,0.928121
1135,0.903218
1136,0.852653
1137,0.920237
1138,0.908993
1139,0.928606
1140,0.93561
1141,0.929194
1142,0.923449
1143,0.925622
1144,0.927424
1145,0.911057
1146,0.89238
1147,0.924058
1148,0.977194
1149,0.977904
1150,0.97521
1151,0.976198
1152,0.964267
1153,0.975554
1154,0.979186
1155,0.990576
1156,0.990008
1157,0.986663
1158,0.983007
1159,0.983936
1160,0.984948
1161,0.982682
1162,0.984219
1163,0.985732
1164,0.987441
1165,0.988732
1166,0.988165
1167,0.988131
1168,0.987663
1169,0.988613
1170,0.989574
1171,0.991417
1172,0.98437
1173,0.986399
1174,0.987935
1175,0.988642
1176,0.990642
1177,0.985066
1178,0.986312
1179,0.983288
1180,0.915397
1181,0.827154
1182,0.789787
1183,0.73603
1184,0.758473
1185,0.758388
1186,0.76109
1187,0.734268
1188,0.700498
1189,0.790683
1190,0.780216
1191,0.718248
1192,0.727167
1193,0.692677
1194,0.689416
1195,0.682465
1196,0.652547
1197,0.649966
1198,0.665261
1199,0.674201
1200,0.649779
1201,0.616736
1202,0.63434
1203,0.632079
1204,0.624095
1205,0.710451
1206,0.731721
1207,0.746655
1208,0.747852
1209,0.973605
1210,0.976532
1211,0.984307
1212,0.989683
1213,0.983693
1214,0.985626
1215,0.98416
1216,0.987541
1217,0.987331
1218,0.986415
1219,0.982777
1220,0.983477
1221,0.985632
1222,0.983108
1223,0.980437
1224,0.972077
1225,0.876799
1226,0.836855
1227,0.831182
1228,0.799715
1229,0.755042
1230,0.777295
1231,0.774907
1232,0.754502
1233,0.727266
1234,0.767915
1235,0.807462
1236,0.771205
1237,0.827598
1238,0.801521
1239,0.792316
1240,0.811945
1241,0.765466
1242,0.768459
1243,0.713759
1244,0.71772
1245,0.682985
1246,0.677468
1247,0.58202
1248,0.623726
1249,0.68383
1250,0.728745
1251,0.750114
1252,0.748448
1253,0.748758
1254,0.757121
1255,0.785362
1256,0.82193
1257,0.844009
1258,0.83709
1259,0.821231
1260,0.753261
1261,0.78091
1262,0.917234
1263,0.765699
1264,0.773378
1265,0.765055
1266,0.823373
1267,0.823183
1268,0.743666
1269,0.767404
1270,0.639421
1271,0.697492
1272,0.624258
1273,0.541317
1274,0.559692
1275,0.547695
1276,0.665296
1277,0.764373
1278,0.784271
1279,0.751082
1280,0.829004
1281,0.804409
1282,0.331376
1283,0.506794
1284,0.508368
1285,0.572946
1286,0.637994
1287,0.661531
1288,0.669851
1289,0.666134
1290,0.659928
1291,0.643975
1292,0.682992
1293,0.747021
1294,0.68885
1295,0.725273
1296,0.644664
1297,0.71091
1298,0.655638
1299,0.612809
1300,0.604871
1301,0.590819
1302,0.56556
1303,0.572609
1304,0.516102
1305,0.56942
1306,0.56152
1307,0.656114
1308,0.635405
1309,0.59198
1310,0.588519
1311,0.670602
1312,0.658979
1313,0.658335
1314,0.645797
1315,0.635867
1316,0.597901
1317,0.62301
1318,0.693462
1319,0.652548
1320,0.646486
1321,0.591052
1322,0.585945
1323,0.661291
1324,0.645012
1325,0.563122
1326,0.566259
1327,0.59288
1328,0.587236
1329,0.615675
1330,0.619952
1331,0.611387
1332,0.596072
1333,0.56182
1334,0.566231
1335,0.578282
1336,0.501219
1337,0.491083
1338,0.518907
1339,0.525348
1340,0.53038
1341,0.546268
1342,0.550995
1343,0.616311
1344,0.622242
1345,0.617349
1346,0.631709
1347,0.655016
1348,0.606262
1349,0.515142
1350,0.57795
1351,0.561796
1352,0.628308
1353,0.619725
1354,0.594518
1355,0.542436
1356,0.538285
1357,0.565598
1358,0.53991
1359,0.566859
1360,0.532725
1361,0.558262
1362,0.56516
1363,0.564347
1364,0.60875
1365,0.61818
1366,0.630661
1367,0.635351
1368,0.581531
1369,0.529352
1370,0.446239
1371,0.472599
1372,0.46519
1373,0.461681
1374,0.49514
1375,0.46902
1376,0.413462
1377,0.392456
1378,0.384239
1379,0.408721
1380,0.396801
1381,0.36674
1382,0.404109
1383,0.400441
1384,0.411526
1385,0.438072
1386,0.464276
1387,0.583383
1388,0.595081
1389,0.570607
1390,0.614048
1391,0.640753
1392,0.617446
1393,0.565121
1394,0.571323
1395,0.587462
1396,0.599567
1397,0.628072
1398,0.94368
1399,0.995672
1400,0.996416
1401,0.996361
1402,0.995897
1403,0.994925
1404,0.992066
1405,0.992502
1406,0.990533
1407,0.992027
1408,0.991416
1409,0.993437
1410,0.993548
1411,0.993058
1412,0.992829
1413,0.990479
1414,0.991966
1415,0.940906
1416,0.981523
1417,0.984571
1418,0.968866
1419,0.936697
1420,0.959002
1421,0.91465
1422,0.881881
1423,0.861592
1424,0.915451
1425,0.938667
1426,0.918771
1427,0.926803
1428,0.941415
1429,0.973159
1430,0.97143
1431,0.9714
1432,0.966668
1433,0.958698
1434,0.955613
1435,0.935231
1436,0.90656
1437,0.854119
1438,0.789017
1439,0.903452
1440,0.930963
1441,0.96308
1442,0.956832
1443,0.960628
1444,0.954398
1445,0.947091
1446,0.939286
1447,0.926319
1448,0.895389
1449,0.908451
1450,0.88236
1451,0.880719
1452,0.924254
1453,0.936602
1454,0.992234
1455,0.992353
1456,0.987895
1457,0.972031
1458,0.92844
1459,0.940256
1460,0.934501
1461,0.923619
1462,0.916089
1463,0.92402
1464,0.918718
1465,0.796256
1466,0.801363
1467,0.768262
1468,0.762735
1469,0.710044
1470,0.759181
1471,0.748915
1472,0.74065
1473,0.669517
1474,0.692555
1475,0.660976
1476,0.698282
1477,0.589313
1478,0.59888
1479,0.600899
1480,0.779888
1481,0.886973
1482,0.873087
1483,0.873582
1484,0.888984
1485,0.888025
1486,0.916045
1487,0.933393
1488,0.934613
1489,0.948236
1490,0.93964
1491,0.939333
1492,0.935961
1493,0.97203
1494,0.953385
1495,0.946144
1496,0.364386
1497,0.447795
1498,0.421168
1499,0.439243
1500,0.424001
1501,0.564309
1502,0.562012
1503,0.568522
1504,0.505164
1505,0.532039
1506,0.499357
1507,0.490996
1508,0.436946
1509,0.404554
1510,0.4193
1511,0.447566
1512,0.434461
1513,0.433303
1514,0.45308
1515,0.485416
1516,0.444607
1517,0.496249
1518,0.497858
1519,0.519058
1520,0.449316
1521,0.455073
1522,0.463675
1523,0.456422
1524,0.449502
1525,0.398654
1526,0.408774
1527,0.45019
1528,0.523011
1529,0.519475
1530,0.524372
1531,0.538039
1532,0.564549
1533,0.588255
1534,0.590665
1535,0.495779
1536,0.509277
1537,0.378861
1538,0.384651
1539,0.398318
1540,0.443592
1541,0.475029
1542,0.483389
1543,0.453984
1544,0.533749
1545,0.452488
1546,0.541978
1547,0.991093
1548,0.989056
1549,0.981254
1550,0.984073
1551,0.987303
1552,0.985227
1553,0.989399
1554,0.989338
1555,0.987604
1556,0.987984
1557,0.989106
1558,0.988481
1559,0.988277
1560,0.988576
1561,0.987481
1562,0.98638
1563,0.986372
1564,0.987889
1565,0.987508
1566,0.987383
1567,0.98224
1568,0.976009
1569,0.448866
1570,0.288015
1571,0.251828
1572,0.273508
1573,0.317305
1574,0.314359
1575,0.296779
1576,0.333391
1577,0.343331
1578,0.357101
1579,0.420947
1580,0.378393
1581,0.39389
1582,0.37841
1583,0.411761
1584,0.358346
1585,0.460045
1586,0.531524
1587,0.544576
1588,0.860465
1589,0.941559
1590,0.945124
1591,0.948303
1592,0.954851
1593,0.942205
1594,0.934575
1595,0.921215
1596,0.881955
1597,0.886047
1598,0.894741
1599,0.879043
1600,0.882802
1601,0.919277
1602,0.867154
1603,0.91975
1604,0.863913
1605,0.862449
1606,0.839398
1607,0.794985
1608,0.821728
1609,0.864437
1610,0.862333
1611,0.881527
1612,0.87614
1613,0.852857
1614,0.857479
1615,0.853005
1616,0.847141
1617,0.809701
1618,0.813451
1619,0.797228
1620,0.762168
1621,0.749333
1622,0.751077
1623,0.760402
1624,0.805662
1625,0.809593
1626,0.800585
1627,0.793611
1628,0.741689
1629,0.803382
1630,0.945045
1631,0.978846
1632,0.978642
1633,0.97702
1634,0.977012
1635,0.979241
1636,0.97935
1637,0.988265
1638,0.985371
1639,0.987578
1640,0.992945
1641,0.99353
1642,0.992613
1643,0.99219
1644,0.992784
1645,0.952597
1646,0.466757
1647,0.565078
1648,0.607629
1649,0.60006
1650,0.59912
1651,0.595169
1652,0.587624
1653,0.626847
1654,0.628926
1655,0.606703
1656,0.596028
1657,0.582124
1658,0.524166
1659,0.407047
1660,0.385594
1661,0.411437
1662,0.409914
1663,0.405571
1664,0.451883
1665,0.496515
1666,0.503124
1667,0.435915
1668,0.464029
1669,0.370044
1670,0.366033
1671,0.343452
1672,0.413227
1673,0.435782
1674,0.477518
1675,0.526783
1676,0.542411
1677,0.509923
1678,0.526973
1679,0.488358
1680,0.699629
1681,0.506184
1682,0.555455
1683,0.454441
1684,0.452507
1685,0.457128
1686,0.424549
1687,0.456435
1688,0.432177
1689,0.490075
1690,0.502837
1691,0.491925
1692,0.633093
1693,0.909835
1694,0.980035
1695,0.975204
1696,0.975037
1697,0.97977
1698,0.981622
1699,0.990264
1700,0.989933
1701,0.99153
1702,0.992057
1703,0.991581
1704,0.991527
1705,0.997357
1706,0.997146
1707,0.996879
1708,0.996434
1709,0.995452
1710,0.995576
1711,0.978971
1712,0.612621
1713,0.562559
1714,0.952578
1715,0.982512
1716,0.990489
1717,0.992385
1718,0.989491
1719,0.990588
1720,0.992907
1721,0.993851
1722,0.993456
1723,0.992475
1724,0.992213
1725,0.990486
1726,0.991246
1727,0.99611
1728,0.957483
1729,0.953334
1730,0.991089
1731,0.993534
1732,0.992475
1733,0.989644
1734,0.991163
1735,0.982886
1736,0.785349
1737,0.905985
1738,0.908438
1739,0.876282
1740,0.817609
1741,0.827257
1742,0.838682
1743,0.830519
1744,0.833442
1745,0.836972
1746,0.846143
1747,0.836413
1748,0.703352
1749,0.726555
1750,0.708989
1751,0.510481
1752,0.475653
1753,0.506726
1754,0.490896
1755,0.472927
1756,0.464873
1757,0.396473
1758,0.763635
1759,0.750796
1760,0.707122
1761,0.702308
1762,0.648659
1763,0.650861
1764,0.660267
1765,0.525705
1766,0.974211
1767,0.973646
1768,0.971148
1769,0.952063
1770,0.879276
1771,0.80496
1772,0.785895
1773,0.807903
1774,0.738777
1775,0.671857
1776,0.60846
1777,0.692414
1778,0.701325
1779,0.695578
1780,0.72516
1781,0.749211
1782,0.684662
1783,0.666163
1784,0.826244
1785,0.897286
1786,0.847377
1787,0.875006
1788,0.901549
1789,0.890156
1790,0.916285
1791,0.911557
1792,0.953722
1793,0.956268
1794,0.938162
1795,0.938245
1796,0.939071
1797,0.531311
1798,0.749144
1799,0.702447
1800,0.781009
1801,0.861024
1802,0.765487
1803,0.732996
1804,0.699111
1805,0.651748
1806,0.620132
1807,0.573498
1808,0.590906
1809,0.595006
1810,0.59656
1811,0.689867
1812,0.691824
1813,0.649358
1814,0.679763
1815,0.713114
1816,0.668837
1817,0.731486
1818,0.727151
1819,0.744683
1820,0.699023
1821,0.712082
1822,0.688241
1823,0.793225
1824,0.811906
1825,0.830389
1826,0.820233
1827,0.871957
1828,0.865243
1829,0.887029
1830,0.878493
1831,0.896197
1832,0.880923
1833,0.854779
1834,0.838675
1835,0.862461
1836,0.817349
1837,0.819506
1838,0.825141
1839,0.827173
1840,0.844435
1841,0.829662
1842,0.847565
1843,0.832971
1844,0.818983
1845,0.841644
1846,0.822479
1847,0.827755
1848,0.835669
1849,0.808541
1850,0.823966
1851,0.847241
1852,0.911848
1853,0.992701
1854,0.996016
1855,0.984437
1856,0.986794
1857,0.989538
1858,0.990321
1859,0.98679
1860,0.981205
1861,0.982058
1862,0.983339
1863,0.980701
1864,0.982495
1865,0.980996
1866,0.979936
1867,0.980571
1868,0.980633
1869,0.961994
1870,0.574985
1871,0.362589
1872,0.413189
1873,0.491691
1874,0.483685
1875,0.519462
1876,0.497655
1877,0.548863
1878,0.530415
1879,0.495736
1880,0.440189
1881,0.489128
1882,0.531116
1883,0.523672
1884,0.535595
1885,0.435284
1886,0.43236
1887,0.427961
1888,0.430382
1889,0.405145
1890,0.428285
1891,0.971349
1892,0.983812
1893,0.986839
1894,0.987904
1895,0.989291
1896,0.989523
1897,0.990473
1898,0.988245
1899,0.988165
1900,0.988231
1901,0.989539
1902,0.874456
1903,0.431503
1904,0.42361
1905,0.452218
1906,0.6178
1907,0.538144
1908,0.604195
1909,0.528086
1910,0.534682
1911,0.571085
1912,0.563824
1913,0.549401
1914,0.537558
1915,0.547737
1916,0.548466
1917,0.56278
1918,0.549538
1919,0.569504
1920,0.613664
1921,0.628644
1922,0.693222
1923,0.648147
1924,0.698573
1925,0.634254
1926,0.610848
1927,0.688558
1928,0.642411
1929,0.656608
1930,0.625186
1931,0.779342
1932,0.990364
1933,0.976511
1934,0.976171
1935,0.98294
1936,0.983058
1937,0.981501
1938,0.982508
1939,0.982925
1940,0.982505
1941,0.982185
1942,0.978619
1943,0.97588
1944,0.977042
1945,0.984444
1946,0.588594
1947,0.372009
1948,0.375227
1949,0.394763
1950,0.371148
1951,0.356994
1952,0.478993
1953,0.510549
1954,0.459212
1955,0.335846
1956,0.357223
1957,0.553229
1958,0.365759
1959,0.519061
1960,0.556113
1961,0.456234
1962,0.463693
1963,0.433554
1964,0.465185
1965,0.454274
1966,0.439871
1967,0.426063
1968,0.645414
1969,0.648798
1970,0.649744
1971,0.637012
1972,0.611604
1973,0.614117
1974,0.620419
1975,0.536921
1976,0.531986
1977,0.700256
1978,0.932213
1979,0.912025
1980,0.900647
1981,0.881926
1982,0.909395
1983,0.928771
1984,0.930631
1985,0.314947
1986,0.386506
1987,0.395282
1988,0.408237
1989,0.47602
1990,0.478308
1991,0.503425
1992,0.455732
1993,0.584902
1994,0.532934
1995,0.421629
1996,0.384147
1997,0.353884
1998,0.316815
1999,0.323426
2000,0.458005
2001,0.329309
2002,0.34054
2003,0.359122
2004,0.417507
2005,0.52908
2006,0.489621
2007,0.497319
2008,0.493498
2009,0.53245
2010,0.563561
2011,0.505494
2012,0.500251
2013,0.481224
2014,0.492599
2015,0.428622
2016,0.454855
2017,0.447234
2018,0.435931
2019,0.415023
2020,0.370066
2021,0.331729
2022,0.358824
2023,0.375372
2024,0.381671
2025,0.409435
2026,0.32469
2027,0.252229
2028,0.264894
2029,0.273415
2030,0.272429
2031,0.25295
2032,0.270344
2033,0.25814
2034,0.262888
2035,0.265184
2036,0.381589
2037,0.426236
2038,0.379307
2039,0.419183
2040,0.393714
2041,0.964479
2042,0.964889
2043,0.986299
2044,0.990316
2045,0.988294
2046,0.988772
2047,0.988519
2048,0.990004
2049,0.98976
2050,0.989625
2051,0.988497
2052,0.988581
2053,0.991238
2054,0.990797
2055,0.972707
2056,0.98954
2057,0.990386
2058,0.980428
2059,0.976663
2060,0.975815
2061,0.975698
2062,0.978604
2063,0.977907
2064,0.977476
2065,0.981523
2066,0.980573
2067,0.97622
2068,0.972642
2069,0.986865
2070,0.986976
2071,0.988886
2072,0.990099
2073,0.988598
2074,0.989403
2075,0.98871
2076,0.987893
2077,0.987162
2078,0.987446
2079,0.985312
2080,0.986445
2081,0.987613
2082,0.99554
2083,0.989943
2084,0.989644
2085,0.990602
2086,0.996345
2087,0.975079
2088,0.973177
2089,0.989791
2090,0.989663
2091,0.990154
2092,0.990083
2093,0.990728
2094,0.990698
2095,0.991359
2096,0.989826
2097,0.98988
2098,0.986689
2099,0.987176
2100,0.986395
2101,0.990856
2102,0.992332
2103,0.992038
2104,0.992447
2105,0.992769
2106,0.960508
2107,0.969952
2108,0.961502
2109,0.95781
2110,0.978188
2111,0.968365
2112,0.958057
2113,0.938463
2114,0.945543
2115,0.948833
2116,0.971705
2117,0.970699
2118,0.970307
2119,0.979246
2120,0.978271
2121,0.977333
2122,0.969659
2123,0.973641
2124,0.974579
2125,0.98068
2126,0.98619
2127,0.987333
2128,0.987344
2129,0.986396
2130,0.984427
2131,0.940633
2132,0.980566
2133,0.986422
2134,0.985178
2135,0.982195
2136,0.986547
2137,0.870349
2138,0.691428
2139,0.529348
2140,0.492664
2141,0.501771
2142,0.500549
2143,0.50044
2144,0.456217
2145,0.432346
2146,0.454683
2147,0.451087
2148,0.660218
2149,0.468453
2150,0.687112
2151,0.679774
2152,0.488528
2153,0.498292
2154,0.468251
2155,0.515967
2156,0.506763
2157,0.525382
2158,0.489291
2159,0.579327
2160,0.539686
2161,0.568251
2162,0.592103
2163,0.561827
2164,0.561696
2165,0.546722
2166,0.545081
2167,0.551219
2168,0.937664
2169,0.97189
2170,0.994463
2171,0.994933
2172,0.995379
2173,0.995715
2174,0.995152
2175,0.995687
2176,0.995235
2177,0.994606
2178,0.994862
2179,0.994634
2180,0.995221
2181,0.996057
2182,0.503688
2183,0.398104
2184,0.424066
2185,0.444964
2186,0.410589
2187,0.401639
2188,0.45065
2189,0.439243
2190,0.461401
2191,0.443132
2192,0.453662
2193,0.427392
2194,0.446852
2195,0.45883
2196,0.422194
2197,0.398125
2198,0.400519
2199,0.396191
2200,0.45422
2201,0.459004
2202,0.466374
2203,0.501542
2204,0.549419
2205,0.550744
2206,0.494044
2207,0.505309
2208,0.589643
2209,0.444778
2210,0.437503
2211,0.449898
2212,0.504457
2213,0.454292
2214,0.433194
2215,0.424428
2216,0.39874
2217,0.420479
2218,0.404579
2219,0.38016
2220,0.402648
2221,0.435949
2222,0.434509
2223,0.443076
2224,0.743901
2225,0.980225
2226,0.993012
2227,0.992865
2228,0.993673
2229,0.99428
2230,0.992036
2231,0.991404
2232,0.990713
2233,0.983023
2234,0.983041
2235,0.984026
2236,0.954876
2237,0.260156
2238,0.309656
2239,0.266859
2240,0.308611
2241,0.28778
2242,0.288113
2243,0.30861
2244,0.326149
2245,0.390452
2246,0.401308
2247,0.406756
2248,0.394038
2249,0.38253
2250,0.392306
2251,0.520874
2252,0.518349
2253,0.525478
2254,0.429753
2255,0.42829
2256,0.420097
2257,0.41008
2258,0.432671
2259,0.474695
2260,0.426954
2261,0.465642
2262,0.437123
2263,0.430902
2264,0.471671
2265,0.576729
2266,0.54697
2267,0.557219
2268,0.600636
2269,0.63289
2270,0.65173
2271,0.649631
2272,0.640749
2273,0.642807
2274,0.679639
2275,0.67936
2276,0.707938
2277,0.686034
2278,0.65403
2279,0.670009
2280,0.657569
2281,0.732745
2282,0.720623
2283,0.700211
2284,0.68432
2285,0.657557
2286,0.672354
2287,0.664326
2288,0.756316
2289,0.980574
2290,0.982379
2291,0.984584
2292,0.977228
2293,0.980049
2294,0.978401
2295,0.980672
2296,0.976509
2297,0.980742
2298,0.987385
2299,0.810763
2300,0.426174
2301,0.402087
2302,0.32644
2303,0.347189
2304,0.360057
2305,0.411696
2306,0.40592
2307,0.325593
2308,0.373969
2309,0.293967
2310,0.326967
2311,0.296417
2312,0.289622
2313,0.260621
2314,0.267712
2315,0.292258
2316,0.29258
2317,0.251764
2318,0.258717
2319,0.278559
2320,0.292968
2321,0.284914
2322,0.286552
2323,0.303052
2324,0.312401
2325,0.330041
2326,0.330663
2327,0.587924
2328,0.992314
2329,0.981786
2330,0.99419
2331,0.993821
2332,0.99425
2333,0.98284
2334,0.985717
2335,0.986554
2336,0.986287
2337,0.683102
2338,0.351676
2339,0.287792
2340,0.281017
2341,0.337655
2342,0.505865
2343,0.332093
2344,0.327386
2345,0.329308
2346,0.329752
2347,0.312429
2348,0.364806
2349,0.337081
2350,0.350084
2351,0.347432
2352,0.354752
2353,0.383198
2354,0.411422
2355,0.387388
2356,0.415257
2357,0.441953
2358,0.390218
2359,0.400253
2360,0.362096
2361,0.345953
2362,0.435139
2363,0.36873
2364,0.310312
2365,0.479676
2366,0.437016
2367,0.424628
2368,0.437488
2369,0.454389
2370,0.462182
2371,0.45978
2372,0.430679
2373,0.386232
2374,0.389097
2375,0.374389
2376,0.372392
2377,0.403241
2378,0.403791
2379,0.401221
2380,0.428085
2381,0.401739
2382,0.408433
2383,0.3755
2384,0.383488
2385,0.425956
2386,0.448377
2387,0.440213
2388,0.463795
2389,0.397058
2390,0.399903
2391,0.400067
2392,0.40724
2393,0.386867
2394,0.422762
2395,0.426628
2396,0.480438
2397,0.426259
2398,0.460464
2399,0.458722
2400,0.398775
2401,0.400712
2402,0.403518
2403,0.425292
2404,0.391181
2405,0.389339
2406,0.358835
2407,0.336974
2408,0.375187
2409,0.419879
2410,0.388303
2411,0.421893
2412,0.405165
2413,0.415026
2414,0.416316
2415,0.413509
2416,0.374166
2417,0.426389
2418,0.389482
2419,0.972002
2420,0.987282
2421,0.991458
2422,0.989685
2423,0.989816
2424,0.990432
2425,0.985626
2426,0.983281
2427,0.982972
2428,0.986974
2429,0.984176
2430,0.985748
2431,0.976029
2432,0.973296
2433,0.980121
2434,0.980597
2435,0.97401
2436,0.975196
2437,0.974504
2438,0.974095
2439,0.973984
2440,0.979501
2441,0.976845
2442,0.977256
2443,0.979362
2444,0.972543
2445,0.9716
2446,0.973088
2447,0.969724
2448,0.880879
2449,0.972638
2450,0.976377
2451,0.977191
2452,0.978344
2453,0.963849
2454,0.961032
2455,0.960096
2456,0.959503
2457,0.96069
2458,0.957152
2459,0.802822
2460,0.967864
2461,0.972519
2462,0.974557
2463,0.909522
2464,0.954601
2465,0.945702
2466,0.920764
2467,0.905664
2468,0.838064
2469,0.766347
2470,0.75963
2471,0.733795
2472,0.672909
2473,0.55595
2474,0.566331
2475,0.594687
2476,0.59804
2477,0.573139
2478,0.549388
2479,0.613208
2480,0.596679
2481,0.555017
2482,0.551624
2483,0.585521
2484,0.579287
2485,0.645189
2486,0.637475
2487,0.611477
2488,0.57144
2489,0.605637
2490,0.669845
2491,0.680272
2492,0.649313
2493,0.630904
2494,0.613127
2495,0.595851
2496,0.626533
2497,0.692773
2498,0.698539
2499,0.682436
2500,0.697125
2501,0.716523
2502,0.694544
2503,0.587183
2504,0.57751
2505,0.726907
2506,0.70789
2507,0.702766
2508,0.739391
2509,0.805761
2510,0.810996
2511,0.793761
2512,0.622492
2513,0.808713
2514,0.765445
2515,0.771093
2516,0.769574
2517,0.762108
2518,0.818913
2519,0.840817
2520,0.824588
2521,0.812047
2522,0.792419
2523,0.783885
2524,0.783009
2525,0.797042
2526,0.783753
2527,0.749577
2528,0.937392
2529,0.979307
2530,0.984902
2531,0.986317
2532,0.984834
2533,0.98159
2534,0.979495
2535,0.982882
2536,0.985951
2537,0.988316
2538,0.988677
2539,0.987203
2540,0.957851
2541,0.9905
2542,0.454292
2543,0.339264
2544,0.336934
2545,0.308211
2546,0.327879
2547,0.323977
2548,0.321327
2549,0.262044
2550,0.270534
2551,0.251054
2552,0.260765
2553,0.268945
2554,0.289576
2555,0.30516
2556,0.324282
2557,0.358068
2558,0.359922
2559,0.344574
2560,0.363015
2561,0.316714
2562,0.327341
2563,0.325822
2564,0.32226
2565,0.290319
2566,0.293289
2567,0.295726
2568,0.340584
2569,0.314814
2570,0.343445
2571,0.365019
2572,0.295738
2573,0.341202
2574,0.417658
2575,0.402118
2576,0.413341
2577,0.432238
2578,0.435392
2579,0.415503
2580,0.416352
2581,0.343822
2582,0.327378
2583,0.310785
2584,0.30251
2585,0.341624
2586,0.349286
2587,0.32531
2588,0.309068
2589,0.31946
2590,0.362202
2591,0.336112
2592,0.290385
2593,0.282128
2594,0.328818
2595,0.325627
2596,0.302954
2597,0.297672
2598,0.343393
2599,0.327629
2600,0.285873
2601,0.307585
2602,0.272267
2603,0.242489
2604,0.295283
2605,0.274208
2606,0.349903
2607,0.338058
2608,0.405631
2609,0.339616
2610,0.870105
2611,0.987309
2612,0.985228
2613,0.987571
2614,0.987486
2615,0.988795
2616,0.988937
2617,0.988692
2618,0.986597
2619,0.985235
2620,0.984474
2621,0.978477
2622,0.978844
2623,0.981317
2624,0.978738
2625,0.426136
2626,0.166796
2627,0.132169
2628,0.133543
2629,0.224176
2630,0.232148
2631,0.23003
2632,0.272641
2633,0.321681
2634,0.301782
2635,0.33287
2636,0.42978
2637,0.310056
2638,0.302091
2639,0.506157
2640,0.298472
2641,0.367855
2642,0.36346
2643,0.400051
2644,0.27406
2645,0.345325
2646,0.35196
2647,0.360408
2648,0.403108
2649,0.409555
2650,0.399223
2651,0.410792
2652,0.463686
2653,0.456445
2654,0.444511
2655,0.406693
2656,0.387638
2657,0.34207
2658,0.355849
2659,0.380304
2660,0.402382
2661,0.388521
2662,0.389259
2663,0.403324
2664,0.367663
2665,0.39
2666,0.966003
2667,0.871875
2668,0.888251
2669,0.854555
2670,0.863183
2671,0.867914
2672,0.892714
2673,0.883583
2674,0.871429
2675,0.954919
2676,0.939754
2677,0.949806
2678,0.959647
2679,0.96003
2680,0.966158
2681,0.470235
2682,0.332851
2683,0.378175
2684,0.240285
2685,0.265141
2686,0.29319
2687,0.292958
2688,0.347538
2689,0.278351
2690,0.311361
2691,0.285392
2692,0.34645
2693,0.308998
2694,0.323948
2695,0.335019
2696,0.353729
2697,0.384744
2698,0.395808
2699,0.40478
2700,0.28929
2701,0.281033
2702,0.308465
2703,0.307575
2704,0.257664
2705,0.238708
2706,0.247168
2707,0.237597
2708,0.292148
2709,0.291989
2710,0.318736
2711,0.31634
2712,0.330086
2713,0.295266
2714,0.398249
2715,0.394824
2716,0.388457
2717,0.319465
2718,0.342642
2719,0.369423
2720,0.359179
2721,0.291019
2722,0.321332
2723,0.315259
2724,0.345122
2725,0.254485
2726,0.322575
2727,0.325968
2728,0.362482
2729,0.408759
2730,0.442071
2731,0.466856
2732,0.552613
2733,0.495303
2734,0.52184
2735,0.510591
2736,0.474451
2737,0.380929
2738,0.480567
2739,0.973743
2740,0.989509
2741,0.990939
2742,0.992015
2743,0.986165
2744,0.98454
2745,0.979289
2746,0.979733
2747,0.975479
2748,0.977851
2749,0.976143
2750,0.977395
2751,0.967852
2752,0.97213
2753,0.973257
2754,0.974336
2755,0.986147
2756,0.971875
2757,0.961834
2758,0.958722
2759,0.895365
2760,0.800267
2761,0.716425
2762,0.689756
2763,0.542264
2764,0.528086
2765,0.565521
2766,0.482374
2767,0.525637
2768,0.433969
2769,0.448174
2770,0.41764
2771,0.438265
2772,0.452577
2773,0.439884
2774,0.992088
2775,0.99516
2776,0.995415
2777,0.995204
2778,0.995894
2779,0.996079
2780,0.986262
2781,0.973913
2782,0.967899
2783,0.949297
2784,0.984761
2785,0.978669
2786,0.980443
2787,0.914398
2788,0.969397
2789,0.974697
2790,0.875445
2791,0.91707
2792,0.900299
2793,0.924463
2794,0.981936
2795,0.979764
2796,0.965718
2797,0.980433
2798,0.982212
2799,0.978157
2800,0.974855
2801,0.973132
2802,0.978095
2803,0.981902
2804,0.980942
2805,0.984383
2806,0.98025
2807,0.989017
2808,0.989691
2809,0.984402
2810,0.986707
2811,0.376626
2812,0.316114
2813,0.301528
2814,0.297568
2815,0.31755
2816,0.340352
2817,0.267145
2818,0.266023
2819,0.261043
2820,0.240705
2821,0.299845
2822,0.279646
2823,0.300904
2824,0.264693
2825,0.281615
2826,0.249039
2827,0.238533
2828,0.237746
2829,0.215841
2830,0.553267
2831,0.997248
2832,0.996446
2833,0.996877
2834,0.991206
2835,0.991173
2836,0.99682
2837,0.996492
2838,0.99654
2839,0.996435
2840,0.995575
2841,0.995162
2842,0.995622
2843,0.995929
2844,0.994869
2845,0.994484
2846,0.995284
2847,0.995394
2848,0.995289
2849,0.99542
2850,0.995365
2851,0.995627
2852,0.995541
2853,0.994734
2854,0.994588
2855,0.994219
2856,0.993871
2857,0.991654
2858,0.993749
2859,0.992452
2860,0.991377
2861,0.978502
2862,0.276769
2863,0.291852
2864,0.264547
2865,0.255445
2866,0.282875
2867,0.264462
2868,0.274113
2869,0.314654
2870,0.305543
2871,0.301869
2872,0.263296
2873,0.298706
2874,0.282014
2875,0.246339
2876,0.262991
2877,0.258283
2878,0.314234
2879,0.278976
2880,0.249361
2881,0.368682
2882,0.28675
2883,0.276449
2884,0.225776
2885,0.383652
2886,0.403354
2887,0.449312
2888,0.465388
2889,0.463286
2890,0.501812
2891,0.523947
2892,0.533433
2893,0.622462
2894,0.881368
2895,0.970818
2896,0.972634
2897,0.967411
2898,0.968103
2899,0.977228
2900,0.978332
2901,0.980115
2902,0.974159
2903,0.980538
2904,0.641848
2905,0.388627
2906,0.420589
2907,0.418381
2908,0.444058
2909,0.360497
2910,0.393934
2911,0.381512
2912,0.389641
2913,0.328441
2914,0.321778
2915,0.347798
2916,0.363577
2917,0.34212
2918,0.343966
2919,0.352349
2920,0.351247
2921,0.379483
2922,0.409016
2923,0.377206
2924,0.369418
2925,0.29293
2926,0.237917
2927,0.233699
2928,0.260373
2929,0.215723
2930,0.261089
2931,0.249521
2932,0.248617
2933,0.255194
2934,0.231059
2935,0.221565
