1,0.965743
2,0.968257
3,0.954487
4,0.960999
5,0.945181
6,0.949303
7,0.926244
8,0.948068
9,0.939991
10,0.965726
11,0.980488
12,0.968196
13,0.975544
14,0.966964
15,0.96629
16,0.971406
17,0.951097
18,0.976873
19,0.981157
20,0.965345
21,0.964523
22,0.971312
23,0.989865
24,0.988114
25,0.990167
26,0.99041
27,0.990666
28,0.987151
29,0.984534
30,0.98101
31,0.980004
32,0.968801
33,0.97806
34,0.975289
35,0.979361
36,0.981352
37,0.978289
38,0.970778
39,0.96486
40,0.955976
41,0.962137
42,0.962249
43,0.956627
44,0.959382
45,0.885758
46,0.73697
47,0.482769
48,0.343711
49,0.277515
50,0.270645
51,0.313736
52,0.755014
53,0.687371
54,0.515688
55,0.652288
56,0.561633
57,0.738241
58,0.764178
59,0.64339
60,0.659291
61,0.624852
62,0.583396
63,0.610938
64,0.540831
65,0.661411
66,0.642313
67,0.652063
68,0.678144
69,0.743889
70,0.711519
71,0.641594
72,0.660796
73,0.24405
74,0.266083
75,0.234527
76,0.074925
77,0.073943
78,0.273822
79,0.349683
80,0.240898
81,0.480594
82,0.554771
83,0.51277
84,0.550977
85,0.49936
86,0.518162
87,0.587767
88,0.625805
89,0.551085
90,0.520104
91,0.377477
92,0.456616
93,0.506008
94,0.643517
95,0.621571
96,0.633017
97,0.654248
98,0.678915
99,0.631241
100,0.560825
101,0.454559
102,0.365761
103,0.425945
104,0.45352
105,0.547485
106,0.469058
107,0.545989
108,0.61601
109,0.301823
110,0.504169
111,0.540134
112,0.503368
113,0.472238
114,0.4004
115,0.43369
116,0.407342
117,0.383483
118,0.402453
119,0.443232
120,0.326082
121,0.365964
122,0.415149
123,0.434487
124,0.426887
125,0.435103
126,0.364005
127,0.468416
128,0.405594
129,0.252275
130,0.223033
131,0.164556
132,0.203524
133,0.131542
134,0.205314
135,0.240355
136,0.352998
137,0.396727
138,0.313396
139,0.402379
140,0.630122
141,0.964252
142,0.983489
143,0.982496
144,0.981916
145,0.985632
146,0.983395
147,0.985198
148,0.984023
149,0.976062
150,0.980116
151,0.97454
152,0.977044
153,0.979471
154,0.985984
155,0.979795
156,0.9803
157,0.977948
158,0.977617
159,0.979677
160,0.986534
161,0.9881
162,0.987801
163,0.989346
164,0.988638
165,0.987076
166,0.987367
167,0.98599
168,0.98638
169,0.985145
170,0.987121
171,0.982821
172,0.983889
173,0.983708
174,0.985134
175,0.986793
176,0.987019
177,0.98733
178,0.987707
179,0.986682
180,0.98291
181,0.986257
182,0.989397
183,0.990178
184,0.972938
185,0.740562
186,0.283253
187,0.151121
188,0.19079
189,0.103858
190,0.10037
191,0.107056
192,0.113723
193,0.085394
194,0.081734
195,0.088835
196,0.091123
197,0.096421
198,0.091275
199,0.082446
200,0.0851
201,0.10781
202,0.108398
203,0.09296
204,0.094382
205,0.073717
206,0.246859
207,0.91919
208,0.875612
209,0.894031
210,0.891569
211,0.916223
212,0.851886
213,0.836265
214,0.951122
215,0.946525
216,0.942603
217,0.915594
218,0.910337
219,0.907314
220,0.870364
221,0.847053
222,0.839425
223,0.803949
224,0.667126
225,0.672112
226,0.622563
227,0.579241
228,0.580934
229,0.613624
230,0.325295
231,0.137285
232,0.409031
233,0.44287
234,0.340153
235,0.193681
236,0.141562
237,0.135198
238,0.131553
239,0.123121
240,0.089276
241,0.118777
242,0.171629
243,0.171277
244,0.188578
245,0.164311
246,0.219146
247,0.183019
248,0.178703
249,0.161243
250,0.166022
251,0.176917
252,0.150783
253,0.200044
254,0.166502
255,0.173077
256,0.143592
257,0.106452
258,0.1038
259,0.094007
260,0.125462
261,0.13761
262,0.160164
263,0.15348
264,0.128326
265,0.153104
266,0.12959
267,0.1128
268,0.103828
269,0.089197
270,0.089335
271,0.085103
272,0.086392
273,0.07219
274,0.127155
275,0.422347
276,0.538945
277,0.557056
278,0.547887
279,0.547376
280,0.581847
281,0.619884
282,0.65898
283,0.749584
284,0.782542
285,0.812511
286,0.718178
287,0.62209
288,0.597062
289,0.611505
290,0.648885
291,0.686199
292,0.147467
293,0.057436
294,0.093722
295,0.042179
296,0.041128
297,0.381922
298,0.347316
299,0.343608
300,0.426188
301,0.430385
302,0.177303
303,0.397498
304,0.105783
305,0.066878
306,0.064694
307,0.063866
308,0.080951
309,0.049202
310,0.076599
311,0.0784
312,0.070227
313,0.064211
314,0.060998
315,0.05283
316,0.055089
317,0.048346
318,0.048314
319,0.052794
320,0.058998
321,0.07184
322,0.091487
323,0.126392
324,0.103371
325,0.155126
326,0.099389
327,0.095652
328,0.115739
329,0.122332
330,0.127198
331,0.121819
332,0.141292
333,0.099807
334,0.104051
335,0.103999
336,0.122709
337,0.14054
338,0.133551
339,0.166088
340,0.181829
341,0.201239
342,0.217439
343,0.21024
344,0.212392
345,0.22527
346,0.249112
347,0.203502
348,0.193915
349,0.211593
350,0.20156
351,0.19532
352,0.226113
353,0.327281
354,0.354831
355,0.358286
356,0.397229
357,0.905044
358,0.992378
359,0.995169
360,0.981018
361,0.968981
362,0.956268
363,0.955871
364,0.96926
365,0.981353
366,0.988303
367,0.984201
368,0.981196
369,0.981872
370,0.975063
371,0.966352
372,0.977782
373,0.986353
374,0.952051
375,0.50976
376,0.276133
377,0.242327
378,0.20674
379,0.135307
380,0.128394
381,0.492189
382,0.732575
383,0.675426
384,0.536222
385,0.568789
386,0.559597
387,0.568008
388,0.512236
389,0.506535
390,0.533669
391,0.466056
392,0.461508
393,0.382719
394,0.266098
395,0.254476
396,0.247622
397,0.231679
398,0.240325
399,0.285445
400,0.395255
401,0.573136
402,0.748726
403,0.764366
404,0.803062
405,0.672965
406,0.623776
407,0.644277
408,0.559213
409,0.507885
410,0.657444
411,0.652899
412,0.625245
413,0.675126
414,0.529502
415,0.51847
416,0.858657
417,0.967323
418,0.945811
419,0.9811
420,0.985492
421,0.988489
422,0.984463
423,0.984064
424,0.977785
425,0.984417
426,0.99386
427,0.994985
428,0.9945
429,0.993662
430,0.993817
431,0.994144
432,0.993696
433,0.945724
434,0.71008
435,0.93575
436,0.957598
437,0.867189
438,0.786253
439,0.613772
440,0.371322
441,0.518824
442,0.894364
443,0.891235
444,0.800507
445,0.90099
446,0.886801
447,0.844565
448,0.981309
449,0.98848
450,0.98539
451,0.984523
452,0.992657
453,0.993801
454,0.988052
455,0.98296
456,0.988819
457,0.98352
458,0.99039
459,0.931038
460,0.972552
461,0.906513
462,0.883397
463,0.919385
464,0.901393
465,0.922855
466,0.950684
467,0.889176
468,0.884587
469,0.826046
470,0.842428
471,0.836914
472,0.878816
473,0.928389
474,0.887562
475,0.865656
476,0.857017
477,0.886145
478,0.874373
479,0.876274
480,0.820199
481,0.813062
482,0.842354
483,0.912705
484,0.908795
485,0.937117
486,0.913359
487,0.940042
488,0.932477
489,0.961511
490,0.945128
491,0.950009
492,0.948618
493,0.976648
494,0.991668
495,0.99092
496,0.993649
497,0.994741
498,0.991248
499,0.991873
500,0.993432
501,0.995154
502,0.996288
503,0.994643
504,0.99659
505,0.996484
506,0.996222
507,0.995888
508,0.99549
509,0.99679
510,0.997596
511,0.997534
512,0.996784
513,0.99684
514,0.993548
515,0.99435
516,0.99503
517,0.994855
518,0.994576
519,0.99386
520,0.994234
521,0.99348
522,0.992242
523,0.988502
524,0.996046
525,0.997251
526,0.995593
527,0.991183
528,0.994903
529,0.990654
530,0.991171
531,0.989284
532,0.992361
533,0.992674
534,0.99313
535,0.991059
536,0.989043
537,0.98803
538,0.979819
539,0.978592
540,0.973644
541,0.969054
542,0.969249
543,0.97408
544,0.962052
545,0.968665
546,0.964512
547,0.960713
548,0.96079
549,0.953527
550,0.960541
551,0.966866
552,0.971748
553,0.947529
554,0.933921
555,0.938289
556,0.920597
557,0.911233
558,0.89074
559,0.892907
560,0.852218
561,0.807546
562,0.710561
563,0.744731
564,0.738695
565,0.740588
566,0.747465
567,0.709089
568,0.714531
569,0.69916
570,0.651955
571,0.687288
572,0.695408
573,0.694042
574,0.687712
575,0.703466
576,0.687479
577,0.69693
578,0.733817
579,0.728255
580,0.694118
581,0.700649
582,0.575632
583,0.579259
584,0.550086
585,0.542661
586,0.534211
587,0.490396
588,0.505954
589,0.514378
590,0.489239
591,0.523535
592,0.4951
593,0.476468
594,0.491417
595,0.495556
596,0.485365
597,0.511864
598,0.569899
599,0.559412
600,0.546969
601,0.603982
602,0.57439
603,0.491605
604,0.517598
605,0.540933
606,0.521189
607,0.564283
608,0.632657
609,0.66573
610,0.717713
611,0.860859
612,0.857896
613,0.964692
614,0.966463
615,0.968642
616,0.976907
617,0.96092
618,0.962915
619,0.960345
620,0.990575
621,0.979835
622,0.989
623,0.990125
624,0.989518
625,0.967824
626,0.978032
627,0.990246
628,0.980601
629,0.987486
630,0.988076
631,0.989577
