1,0.98918
2,0.982309
3,0.977823
4,0.974028
5,0.953712
6,0.954848
7,0.954294
8,0.967421
9,0.960858
10,0.976817
11,0.981158
12,0.986297
13,0.98618
14,0.984339
15,0.931422
16,0.642842
17,0.478962
18,0.54214
19,0.30971
20,0.30125
21,0.313562
22,0.326168
23,0.564843
24,0.584334
25,0.521564
26,0.611284
27,0.642963
28,0.640232
29,0.732617
30,0.963439
31,0.971337
32,0.982531
33,0.985073
34,0.984855
35,0.980293
36,0.987803
37,0.987927
38,0.983436
39,0.987893
40,0.989016
41,0.983457
42,0.979305
43,0.98325
44,0.984555
45,0.983167
46,0.960108
47,0.94385
48,0.953435
49,0.88105
50,0.893576
51,0.790916
52,0.682616
53,0.766591
54,0.562983
55,0.510799
56,0.411175
57,0.178039
58,0.130298
59,0.170751
60,0.131683
61,0.128152
62,0.119883
63,0.09746
64,0.115479
65,0.150842
66,0.178956
67,0.140191
68,0.286641
69,0.208243
70,0.164642
71,0.211954
72,0.245799
73,0.16595
74,0.266302
75,0.226797
76,0.226413
77,0.15938
78,0.120224
79,0.057659
80,0.044014
81,0.054792
82,0.068411
83,0.097126
84,0.134355
85,0.493446
86,0.431715
87,0.391376
88,0.473342
89,0.389105
90,0.382582
91,0.463847
92,0.527006
93,0.563784
94,0.49998
95,0.45844
96,0.381102
97,0.380393
98,0.419952
99,0.454919
100,0.173138
101,0.190339
102,0.155567
103,0.131781
104,0.176367
105,0.167374
106,0.270482
107,0.254399
108,0.26373
109,0.228909
110,0.27083
111,0.183779
112,0.276231
113,0.325843
114,0.51251
115,0.285661
116,0.245765
117,0.188822
118,0.217106
119,0.240226
120,0.345608
121,0.365885
122,0.406699
123,0.388219
124,0.521613
125,0.533516
126,0.55649
127,0.510127
128,0.509761
129,0.566654
130,0.52049
131,0.434869
132,0.541742
133,0.497153
134,0.440953
135,0.596838
136,0.481481
137,0.476356
138,0.422193
139,0.433274
140,0.245867
141,0.170271
142,0.237905
143,0.296535
144,0.370658
145,0.47876
146,0.920633
147,0.990713
148,0.989937
149,0.974831
150,0.982038
151,0.974993
152,0.981373
153,0.98778
154,0.989559
155,0.991887
156,0.991999
157,0.992472
158,0.98863
159,0.991655
160,0.99092
161,0.993724
162,0.99401
163,0.992771
164,0.6574
165,0.320574
166,0.255054
167,0.260202
168,0.282704
169,0.323989
170,0.237707
171,0.183982
172,0.126447
173,0.137192
174,0.138517
175,0.139547
176,0.142748
177,0.148789
178,0.077528
179,0.085118
180,0.094538
181,0.084208
182,0.104918
183,0.075587
184,0.074912
185,0.08402
186,0.150412
187,0.143438
188,0.26582
189,0.372531
190,0.984699
191,0.994273
192,0.994751
193,0.995799
194,0.99706
195,0.99479
196,0.993587
197,0.99512
198,0.994871
199,0.994889
200,0.962196
201,0.375913
202,0.343211
203,0.250373
204,0.249825
205,0.122397
206,0.319274
207,0.426566
208,0.348629
209,0.518898
210,0.534609
211,0.551817
212,0.564516
213,0.62023
214,0.584297
215,0.604598
216,0.635262
217,0.604047
218,0.592861
219,0.63651
220,0.667519
221,0.472917
222,0.288636
223,0.309375
224,0.282072
225,0.098948
226,0.092055
227,0.110187
228,0.083646
229,0.062015
230,0.049606
231,0.040216
232,0.062364
233,0.071841
234,0.102971
235,0.137984
236,0.149026
237,0.176579
238,0.124499
239,0.39226
240,0.382654
241,0.626855
242,0.757383
243,0.835341
244,0.818408
245,0.612872
246,0.694913
247,0.774256
248,0.753807
249,0.786215
250,0.821989
251,0.732593
252,0.795001
253,0.812339
254,0.787134
255,0.851459
256,0.833334
257,0.834427
258,0.783156
259,0.797074
260,0.863926
261,0.904153
262,0.892792
263,0.936618
264,0.940251
265,0.921803
266,0.925147
267,0.880155
268,0.880743
269,0.949499
270,0.926351
271,0.943437
272,0.915584
273,0.937726
274,0.940952
275,0.929757
276,0.911028
277,0.934493
278,0.934892
279,0.908631
280,0.943318
281,0.557234
282,0.338807
283,0.405932
284,0.311241
285,0.3585
286,0.403612
287,0.421836
288,0.342911
289,0.379876
290,0.391936
291,0.34437
292,0.357228
293,0.370892
294,0.365518
295,0.35066
296,0.345586
297,0.36162
298,0.424084
299,0.392953
300,0.333135
301,0.371656
302,0.456735
303,0.429209
304,0.456912
305,0.424403
306,0.4287
307,0.36698
308,0.379792
309,0.343907
310,0.373491
311,0.319047
312,0.329958
313,0.176038
314,0.299858
315,0.273286
316,0.303548
317,0.268823
318,0.254633
319,0.22418
320,0.258107
321,0.233161
322,0.224935
323,0.221205
324,0.415689
325,0.979313
326,0.987086
327,0.979882
328,0.99276
329,0.992374
330,0.989507
331,0.98627
332,0.988559
333,0.991235
334,0.992077
335,0.992384
336,0.993647
337,0.495961
338,0.232092
339,0.208084
340,0.246083
341,0.11187
342,0.142886
343,0.080649
344,0.066244
345,0.041059
346,0.036627
347,0.032417
348,0.035904
349,0.052546
350,0.051173
351,0.053772
352,0.066624
353,0.04685
354,0.069536
355,0.0979
356,0.249819
357,0.182392
358,0.257931
359,0.126442
360,0.109213
361,0.12683
362,0.111562
363,0.12145
364,0.129165
365,0.134731
366,0.143952
367,0.14632
368,0.151793
369,0.150689
370,0.142328
371,0.148358
372,0.148471
373,0.247337
374,0.928429
375,0.952329
376,0.941204
377,0.930043
378,0.96733
379,0.93964
380,0.958197
381,0.992496
382,0.986812
383,0.992366
384,0.994719
385,0.99094
386,0.991104
387,0.987584
388,0.986081
389,0.988345
390,0.993357
391,0.994384
392,0.995013
393,0.995551
394,0.995511
395,0.990249
396,0.991295
397,0.991804
398,0.943809
399,0.752686
400,0.665189
401,0.211173
402,0.252716
403,0.36544
404,0.302956
405,0.336106
406,0.127901
407,0.085061
408,0.06432
409,0.067318
410,0.055673
411,0.030282
412,0.05296
413,0.056355
414,0.096303
415,0.085817
416,0.121816
417,0.181493
418,0.197468
419,0.19131
420,0.250884
421,0.283602
422,0.306654
423,0.299195
424,0.448701
425,0.89849
426,0.860626
427,0.610701
428,0.842358
429,0.958853
430,0.985822
431,0.988288
432,0.989019
433,0.977879
434,0.969321
435,0.967507
436,0.979789
437,0.973124
438,0.978251
439,0.926197
440,0.839899
441,0.823781
442,0.887209
443,0.885211
444,0.824262
445,0.918339
446,0.918262
447,0.863364
448,0.796469
449,0.837411
450,0.956696
451,0.960775
452,0.972268
453,0.960729
454,0.911476
455,0.940049
456,0.943408
457,0.948084
458,0.9622
459,0.951415
460,0.917395
461,0.917286
462,0.827828
463,0.863828
464,0.880142
465,0.854749
466,0.8804
467,0.905322
468,0.777264
469,0.775085
470,0.851246
471,0.708952
472,0.737731
473,0.715287
474,0.809537
475,0.811101
476,0.853561
477,0.857109
478,0.923729
479,0.918765
480,0.912668
481,0.938219
482,0.935494
483,0.893102
484,0.923812
485,0.927533
486,0.901383
487,0.91111
488,0.969071
489,0.930761
490,0.923697
491,0.921869
492,0.922007
493,0.935926
494,0.949602
495,0.954355
496,0.957409
497,0.945483
498,0.941326
499,0.931453
500,0.909105
501,0.977592
502,0.977696
503,0.982963
504,0.983391
505,0.98486
506,0.98525
507,0.984153
508,0.982442
509,0.983738
510,0.982479
511,0.990825
512,0.989249
513,0.989584
514,0.991817
515,0.991744
516,0.992005
517,0.991649
518,0.991453
519,0.990563
520,0.987187
521,0.986203
522,0.984905
523,0.983734
524,0.985492
525,0.985844
526,0.991751
527,0.989065
528,0.991762
529,0.99218
530,0.992091
531,0.989134
532,0.986775
533,0.982719
534,0.974707
535,0.971447
536,0.983628
537,0.984775
538,0.974695
539,0.966588
540,0.969931
541,0.970482
542,0.966757
543,0.975151
544,0.972406
545,0.975086
546,0.959667
547,0.943571
548,0.948266
549,0.881673
550,0.910479
551,0.92745
552,0.898129
553,0.916651
554,0.912812
555,0.93685
556,0.914648
557,0.913199
558,0.892433
559,0.884469
560,0.874054
561,0.861368
562,0.894966
563,0.896418
564,0.913019
565,0.920281
566,0.93743
567,0.908705
568,0.921667
569,0.905054
570,0.861543
571,0.829692
572,0.770616
573,0.780193
574,0.819592
575,0.816926
576,0.843769
577,0.856432
578,0.864397
579,0.865901
580,0.870784
581,0.834103
582,0.84669
583,0.821236
584,0.922255
585,0.682233
586,0.919159
587,0.642265
588,0.67647
589,0.614097
590,0.616463
591,0.562018
592,0.666102
593,0.638901
594,0.887958
595,0.864587
596,0.869804
597,0.874075
598,0.930029
599,0.908154
600,0.912604
601,0.948747
602,0.947825
603,0.945579
604,0.944676
605,0.943296
606,0.957261
607,0.950149
608,0.964322
609,0.944825
610,0.944112
611,0.956968
612,0.946059
613,0.941351
614,0.927369
615,0.944528
616,0.939842
617,0.957101
618,0.956211
619,0.956206
620,0.9679
621,0.971885
622,0.968206
623,0.973304
624,0.980413
625,0.974297
626,0.976417
627,0.986077
628,0.984924
629,0.982627
630,0.977202
631,0.94813
632,0.970511
