1,0.760249
2,0.740288
3,0.745715
4,0.741728
5,0.574416
6,0.453041
7,0.310686
8,0.222851
9,0.247289
10,0.300621
11,0.29142
12,0.271457
13,0.300642
14,0.245673
15,0.165643
16,0.22453
17,0.218423
18,0.232462
19,0.179316
20,0.25412
21,0.222012
22,0.201521
23,0.146552
24,0.110151
25,0.385121
26,0.389978
27,0.294898
28,0.188922
29,0.195606
30,0.133079
31,0.156074
32,0.199269
33,0.22335
34,0.218418
35,0.19197
36,0.211038
37,0.164856
38,0.256903
39,0.145765
40,0.075911
41,0.092754
42,0.103837
43,0.08163
44,0.058123
45,0.068853
46,0.08334
47,0.083722
48,0.132991
49,0.115036
50,0.157917
51,0.12233
52,0.08483
53,0.042994
54,0.085851
55,0.113895
56,0.149135
57,0.357561
58,0.910337
59,0.798654
60,0.65405
61,0.448163
62,0.240753
63,0.159535
64,0.192104
65,0.219227
66,0.117096
67,0.072471
68,0.079715
69,0.106546
70,0.074627
71,0.059378
72,0.057167
73,0.109177
74,0.094446
75,0.141849
76,0.135672
77,0.128089
78,0.118732
79,0.16978
80,0.235095
81,0.195827
82,0.657631
83,0.724884
84,0.162174
85,0.138171
86,0.08218
87,0.658976
88,0.544281
89,0.726441
90,0.656942
91,0.715195
92,0.599645
93,0.518877
94,0.326532
95,0.346418
96,0.308083
97,0.210494
98,0.202073
99,0.211475
100,0.160256
101,0.140431
102,0.143165
103,0.301798
104,0.415133
105,0.419362
106,0.373269
107,0.3073
108,0.345843
109,0.176773
110,0.266764
111,0.366626
112,0.413979
113,0.687384
114,0.80437
115,0.848772
116,0.803741
117,0.746139
118,0.785977
119,0.713253
120,0.734577
121,0.756154
122,0.756021
123,0.789992
124,0.783061
125,0.745956
126,0.73788
127,0.719231
128,0.857943
129,0.833333
130,0.825923
131,0.787987
132,0.869692
133,0.892774
134,0.900008
135,0.851362
136,0.862816
137,0.828626
138,0.791464
139,0.804226
140,0.773984
141,0.812688
142,0.83356
143,0.84959
144,0.859072
145,0.835822
146,0.805453
147,0.736039
148,0.68791
149,0.65729
150,0.70515
151,0.652806
152,0.610652
153,0.70428
154,0.694905
155,0.749592
156,0.729395
157,0.536301
158,0.650961
159,0.487927
160,0.475493
161,0.520348
162,0.620853
163,0.482034
164,0.551695
165,0.550635
166,0.569078
167,0.510328
168,0.563611
169,0.545411
170,0.498498
171,0.366299
172,0.440403
173,0.438105
174,0.576172
175,0.519028
176,0.558163
177,0.540337
178,0.483013
179,0.479903
180,0.516458
181,0.447962
182,0.467183
183,0.471279
184,0.528361
185,0.526729
186,0.373899
187,0.358029
188,0.775372
189,0.761459
190,0.715207
191,0.3102
192,0.22109
193,0.154798
194,0.177901
195,0.232381
196,0.232096
197,0.329624
198,0.431882
199,0.463123
200,0.557228
201,0.542268
202,0.518221
203,0.576772
204,0.540333
205,0.580142
206,0.613076
207,0.603835
208,0.57242
209,0.621077
210,0.624627
211,0.69717
212,0.696492
213,0.713445
214,0.722721
215,0.727548
216,0.722844
217,0.685706
218,0.690827
219,0.680719
220,0.659864
221,0.656127
222,0.720266
223,0.679613
224,0.700628
225,0.770008
226,0.68174
227,0.65929
228,0.614339
229,0.6059
230,0.518137
231,0.566323
232,0.57199
233,0.803198
234,0.901112
235,0.770085
236,0.835826
237,0.835105
238,0.513608
239,0.364403
240,0.16995
241,0.171289
242,0.085494
243,0.285868
244,0.046665
245,0.037464
246,0.019588
247,0.1493
248,0.245449
249,0.090109
250,0.03457
251,0.046141
252,0.074528
253,0.150593
254,0.147442
255,0.110033
256,0.060371
257,0.045436
258,0.10777
259,0.092302
260,0.09541
261,0.109522
262,0.218451
263,0.080336
264,0.090373
265,0.447333
266,0.365275
267,0.83116
268,0.837276
269,0.800647
270,0.778848
271,0.647164
272,0.643488
273,0.660103
274,0.660243
275,0.678025
276,0.683231
277,0.647871
278,0.61128
279,0.46494
280,0.410516
281,0.550412
282,0.554637
283,0.621786
284,0.540963
285,0.458956
286,0.610421
287,0.622682
288,0.732149
289,0.767895
290,0.92039
291,0.497282
292,0.138206
293,0.454656
294,0.703584
295,0.307688
296,0.296684
297,0.281233
298,0.325097
299,0.23765
300,0.195141
301,0.114252
302,0.099873
303,0.139485
304,0.05362
305,0.391157
306,0.067451
307,0.335711
308,0.311896
309,0.473944
310,0.31725
311,0.824604
312,0.920115
313,0.911376
314,0.949712
315,0.937694
316,0.915457
317,0.939762
318,0.936155
319,0.932984
320,0.948415
321,0.965346
322,0.847823
323,0.825666
324,0.778154
325,0.338723
326,0.674969
327,0.395432
328,0.681521
329,0.564792
330,0.546199
331,0.505887
332,0.555317
333,0.645047
334,0.644928
335,0.612743
336,0.675023
337,0.741131
338,0.729796
339,0.724511
340,0.717984
341,0.660383
342,0.750302
343,0.412569
344,0.146337
345,0.40439
346,0.297634
347,0.219103
348,0.210522
349,0.701911
350,0.781503
351,0.684695
352,0.855569
353,0.860279
354,0.909081
355,0.909206
356,0.919818
357,0.919012
358,0.900142
359,0.903783
360,0.892333
361,0.894641
362,0.895075
363,0.880684
364,0.820866
365,0.783619
366,0.704356
367,0.779519
368,0.743816
369,0.689888
370,0.651531
371,0.878895
372,0.939388
373,0.771147
374,0.726031
375,0.529278
376,0.254394
377,0.151304
378,0.509007
379,0.601144
380,0.359358
381,0.278873
382,0.281832
383,0.299954
384,0.492463
385,0.322258
386,0.368322
387,0.286931
388,0.247509
389,0.225018
390,0.267198
391,0.186437
392,0.245615
393,0.434621
394,0.488103
395,0.268454
396,0.239296
397,0.307085
398,0.577104
399,0.646694
400,0.717062
401,0.770105
402,0.751074
403,0.849611
404,0.810783
405,0.914119
406,0.857021
407,0.858071
408,0.885418
409,0.744584
410,0.824053
411,0.803607
412,0.816011
413,0.833804
414,0.882773
415,0.865951
416,0.846393
417,0.849185
418,0.861432
419,0.851451
420,0.834991
421,0.844473
422,0.837324
423,0.853089
424,0.839952
425,0.797001
426,0.79977
427,0.803383
428,0.780845
429,0.776233
430,0.842314
431,0.82324
432,0.819995
433,0.831021
434,0.826419
435,0.667663
436,0.631262
437,0.787685
438,0.939322
439,0.84616
440,0.633344
441,0.297193
442,0.51521
443,0.580953
444,0.588958
445,0.647752
446,0.570219
447,0.466527
448,0.542438
449,0.582261
450,0.4114
451,0.442722
452,0.36999
453,0.385144
454,0.377999
455,0.492674
456,0.427612
457,0.154702
458,0.135293
459,0.569027
460,0.053587
461,0.292709
462,0.799572
463,0.579123
464,0.562539
465,0.573593
466,0.716838
467,0.679499
468,0.720501
469,0.719632
470,0.647041
471,0.646082
472,0.831136
473,0.846506
474,0.902823
475,0.707449
476,0.693207
477,0.382765
478,0.252636
479,0.403163
480,0.426422
481,0.679338
482,0.626488
483,0.559189
484,0.385056
485,0.385541
486,0.511869
487,0.320941
488,0.278101
489,0.499558
490,0.128979
491,0.44162
492,0.442495
493,0.589724
494,0.618026
495,0.524524
496,0.578454
497,0.586235
498,0.545698
499,0.471198
500,0.435871
501,0.535937
502,0.467756
503,0.348462
504,0.388161
505,0.236553
506,0.359914
507,0.377882
508,0.242347
509,0.200182
510,0.209586
