1,0.763265
2,0.789477
3,0.760969
4,0.780518
5,0.914403
6,0.913129
7,0.868406
8,0.812107
9,0.928454
10,0.935161
11,0.885191
12,0.839709
13,0.837675
14,0.739426
15,0.73607
16,0.715058
17,0.727209
18,0.748179
19,0.762992
20,0.696657
21,0.62424
22,0.680824
23,0.646255
24,0.830609
25,0.896213
26,0.902849
27,0.901693
28,0.90561
29,0.914351
30,0.912676
31,0.839964
32,0.876236
33,0.835916
34,0.824328
35,0.826355
36,0.855341
37,0.875732
38,0.886252
39,0.690033
40,0.613136
41,0.641667
42,0.622175
43,0.580438
44,0.584536
45,0.53931
46,0.477958
47,0.582716
48,0.502996
49,0.596915
50,0.505471
51,0.53137
52,0.415079
53,0.429277
54,0.445426
55,0.448698
56,0.374824
57,0.181135
58,0.28269
59,0.487308
60,0.673466
61,0.661514
62,0.739797
63,0.688119
64,0.614445
65,0.861226
66,0.645396
67,0.776951
68,0.680769
69,0.392872
70,0.375273
71,0.490182
72,0.720188
73,0.920016
74,0.877048
75,0.610418
76,0.675394
77,0.711932
78,0.570664
79,0.442058
80,0.32095
81,0.33969
82,0.2127
83,0.193305
84,0.273842
85,0.301427
86,0.285813
87,0.193058
88,0.17881
89,0.146527
90,0.161262
91,0.16302
92,0.36419
93,0.428459
94,0.703548
95,0.782696
96,0.633073
97,0.938256
98,0.956249
99,0.722732
100,0.775077
101,0.842511
102,0.819361
103,0.864458
104,0.880131
105,0.898589
106,0.892382
107,0.881669
108,0.910551
109,0.869551
110,0.885784
111,0.862323
112,0.872214
113,0.831287
114,0.836081
115,0.83199
116,0.849711
117,0.863007
118,0.85367
119,0.823239
120,0.848801
121,0.827129
122,0.838824
123,0.816621
124,0.767634
125,0.77308
126,0.764189
127,0.859079
128,0.883529
129,0.893589
130,0.895502
131,0.901615
132,0.89929
133,0.901496
134,0.863815
135,0.878053
136,0.887914
137,0.879683
138,0.833151
139,0.851348
140,0.824406
141,0.591588
142,0.827135
143,0.758367
144,0.728239
145,0.871694
146,0.85245
147,0.738974
148,0.849466
149,0.787171
150,0.742395
151,0.595895
152,0.683097
153,0.738634
154,0.752517
155,0.837579
156,0.341311
157,0.135663
158,0.544307
159,0.795285
160,0.875685
161,0.937522
162,0.91938
163,0.867674
164,0.786246
165,0.842804
166,0.866947
167,0.869731
168,0.894928
169,0.945772
170,0.97214
171,0.964541
172,0.914757
173,0.819936
174,0.66696
175,0.242021
176,0.071878
177,0.054154
178,0.931398
179,0.675336
180,0.386827
181,0.565153
182,0.235209
183,0.191154
184,0.24522
185,0.224549
186,0.29305
187,0.411259
188,0.358391
189,0.336033
190,0.323466
191,0.323504
192,0.130525
193,0.3037
194,0.177648
195,0.438133
196,0.544575
197,0.2507
198,0.044468
199,0.111708
200,0.242222
201,0.09047
202,0.150587
203,0.091424
204,0.298335
205,0.659297
206,0.568815
207,0.574153
208,0.709228
209,0.690738
210,0.797692
211,0.881071
212,0.892086
213,0.914403
214,0.915468
215,0.932909
216,0.937884
217,0.945497
218,0.948299
219,0.940562
220,0.942857
221,0.942178
222,0.769971
223,0.792934
224,0.803898
225,0.829264
226,0.837621
227,0.820828
228,0.805476
229,0.842288
230,0.828412
231,0.747535
232,0.800265
233,0.778648
234,0.784899
235,0.540595
236,0.733446
237,0.767428
238,0.85383
239,0.813789
240,0.844958
241,0.902337
242,0.892018
243,0.891165
244,0.913113
245,0.918176
246,0.915726
247,0.9179
248,0.902239
249,0.911447
250,0.917783
251,0.929412
252,0.924767
253,0.927152
254,0.926217
255,0.924006
256,0.915235
257,0.904754
258,0.893185
259,0.888328
260,0.851166
261,0.811916
262,0.771099
263,0.890258
264,0.902897
265,0.871354
266,0.923458
267,0.901157
268,0.892001
269,0.940715
270,0.949786
271,0.934555
272,0.924471
273,0.939657
274,0.740054
275,0.698702
276,0.504151
277,0.688148
278,0.480148
279,0.589394
280,0.573536
281,0.4893
282,0.428714
283,0.506879
284,0.732882
285,0.334949
286,0.398609
287,0.402183
288,0.403199
289,0.289642
290,0.604315
291,0.645778
292,0.556284
293,0.586515
294,0.628555
295,0.206935
296,0.054424
297,0.117327
298,0.934467
299,0.762754
300,0.404987
301,0.309173
302,0.556867
303,0.497591
304,0.346429
305,0.243181
306,0.232556
307,0.258958
308,0.284375
309,0.276196
310,0.242674
311,0.13787
312,0.189045
313,0.215741
314,0.395684
315,0.420058
316,0.48425
317,0.511149
318,0.530386
319,0.530795
320,0.272168
321,0.618415
322,0.195541
323,0.304309
324,0.378832
325,0.049674
326,0.132281
327,0.147146
328,0.365574
329,0.776064
330,0.67966
331,0.552768
332,0.609315
333,0.612988
334,0.678982
335,0.801676
336,0.706416
337,0.801693
338,0.723842
339,0.772411
340,0.750882
341,0.747142
342,0.656141
343,0.649775
344,0.606765
345,0.575825
346,0.458691
347,0.612717
348,0.89348
349,0.895782
350,0.47482
351,0.213067
352,0.200361
353,0.261407
354,0.161577
355,0.05351
356,0.058102
357,0.042998
358,0.065708
359,0.079283
360,0.100406
361,0.144674
362,0.093342
363,0.098438
364,0.033517
365,0.039962
366,0.025271
367,0.018678
368,0.026686
369,0.022467
370,0.03064
371,0.028671
372,0.023336
373,0.049686
374,0.05927
375,0.072704
376,0.062566
377,0.05576
378,0.062188
379,0.055842
380,0.046555
381,0.046103
382,0.051422
383,0.047544
384,0.055312
385,0.04891
386,0.043451
387,0.043436
388,0.043555
389,0.050625
390,0.046891
391,0.035307
392,0.03828
393,0.032982
394,0.030057
395,0.02855
396,0.035367
397,0.047586
398,0.04693
399,0.044469
400,0.046815
401,0.043589
402,0.047073
403,0.049409
404,0.044863
405,0.033812
406,0.037551
407,0.031219
408,0.042928
409,0.033259
410,0.030064
411,0.035788
412,0.047151
413,0.040988
414,0.03722
415,0.028753
416,0.031833
417,0.033027
418,0.042508
419,0.034741
420,0.064091
421,0.43813
422,0.560286
423,0.672665
424,0.439119
425,0.738695
426,0.615521
427,0.592113
428,0.545819
429,0.533469
430,0.415288
431,0.497282
432,0.540273
433,0.452932
434,0.560137
435,0.558798
436,0.558051
437,0.633706
438,0.658684
439,0.660422
440,0.527975
441,0.437489
442,0.385668
443,0.362098
444,0.521216
445,0.542937
446,0.540242
447,0.48453
448,0.49971
449,0.521177
450,0.510012
451,0.284701
452,0.521153
453,0.4172
454,0.360275
455,0.297477
456,0.146753
457,0.354803
458,0.588822
459,0.599244
460,0.430296
461,0.26057
462,0.491253
463,0.531731
464,0.626878
465,0.594601
466,0.51294
467,0.470157
468,0.307358
469,0.30288
470,0.442447
471,0.299204
472,0.418146
473,0.452707
474,0.381878
475,0.383015
476,0.31751
477,0.310904
478,0.273307
479,0.291056
480,0.298663
481,0.360199
482,0.761949
483,0.695135
484,0.685806
485,0.742546
486,0.490556
487,0.615374
488,0.395128
489,0.232462
490,0.222523
491,0.233188
492,0.085465
493,0.028611
494,0.033724
495,0.049793
496,0.081957
497,0.076688
498,0.093304
499,0.08799
500,0.040985
501,0.124643
502,0.228547
503,0.174278
504,0.149185
505,0.252565
506,0.195838
507,0.26393
508,0.274384
509,0.259438
510,0.206624
511,0.238513
512,0.215041
513,0.267957
514,0.283479
515,0.296635
516,0.434422
517,0.457454
518,0.506534
519,0.525917
520,0.756001
521,0.602777
522,0.242928
523,0.316955
524,0.568028
525,0.330974
526,0.312094
527,0.332236
528,0.312963
529,0.219965
530,0.880762
531,0.952667
532,0.432337
533,0.444456
534,0.489132
535,0.599857
536,0.647952
537,0.583908
538,0.629543
539,0.705427
540,0.563563
541,0.430936
542,0.258045
543,0.198855
544,0.206387
545,0.169654
546,0.130977
547,0.183647
548,0.177068
549,0.193876
550,0.215496
551,0.175757
552,0.404938
553,0.481781
554,0.442797
555,0.659939
556,0.513772
557,0.575489
558,0.628969
559,0.645686
560,0.761369
561,0.707608
562,0.765861
563,0.811691
564,0.828155
565,0.790887
566,0.834826
567,0.770212
568,0.811571
569,0.692829
570,0.691963
571,0.548055
572,0.568394
573,0.556737
574,0.574626
575,0.489626
576,0.565185
577,0.57195
578,0.569647
579,0.546453
580,0.61764
581,0.618453
582,0.661257
583,0.610902
584,0.662335
585,0.706124
586,0.727576
587,0.686291
588,0.418269
589,0.323059
590,0.446875
591,0.80963
592,0.744012
593,0.567924
594,0.720249
595,0.635147
596,0.222326
597,0.212481
598,0.274197
599,0.545397
600,0.722024
601,0.626662
602,0.802789
603,0.238203
604,0.278909
605,0.2794
606,0.289568
607,0.363961
608,0.50263
609,0.574132
610,0.476897
611,0.544424
612,0.547588
613,0.448156
614,0.50929
615,0.760771
616,0.795417
617,0.67988
618,0.735447
619,0.820109
620,0.853319
621,0.87123
622,0.817891
623,0.547477
624,0.467972
625,0.732148
626,0.772793
627,0.713334
628,0.711675
629,0.635873
630,0.400782
631,0.524462
632,0.304436
633,0.222572
634,0.201044
635,0.156227
636,0.164777
637,0.10223
638,0.119366
639,0.052703
640,0.068978
641,0.531469
642,0.641916
643,0.143358
644,0.226526
645,0.320587
646,0.351379
647,0.569515
648,0.789293
649,0.87076
650,0.790443
651,0.621642
652,0.87942
653,0.861635
654,0.856432
655,0.83967
656,0.631728
657,0.592846
658,0.699659
659,0.606404
660,0.752488
661,0.90508
662,0.777093
663,0.807161
664,0.810051
665,0.622663
666,0.332355
667,0.302639
668,0.66338
669,0.737834
670,0.696054
671,0.644702
672,0.71079
673,0.706969
674,0.165713
675,0.293269
676,0.155815
677,0.182582
678,0.21846
679,0.16151
680,0.230567
681,0.239731
682,0.198752
683,0.170087
684,0.169287
685,0.141427
686,0.135419
687,0.170566
688,0.194683
689,0.266257
690,0.300666
691,0.647009
692,0.273591
693,0.374099
694,0.336828
695,0.263431
696,0.347796
697,0.67149
698,0.70918
699,0.704748
700,0.482447
701,0.63344
702,0.581754
703,0.296592
704,0.626088
705,0.503334
706,0.282949
707,0.295214
708,0.484955
709,0.382022
710,0.391738
711,0.280497
712,0.265393
713,0.129704
714,0.411214
715,0.767562
716,0.80096
717,0.513882
718,0.655
719,0.640834
720,0.756916
721,0.768785
722,0.877882
723,0.362785
724,0.453498
725,0.495049
726,0.520295
727,0.502569
728,0.366691
729,0.49266
730,0.429742
731,0.393799
732,0.465938
733,0.34164
734,0.421678
735,0.496669
736,0.529727
737,0.466065
738,0.490472
739,0.381893
740,0.412089
741,0.364885
742,0.464639
743,0.423777
744,0.495701
745,0.597791
746,0.545168
747,0.060989
748,0.096412
749,0.111866
750,0.104498
751,0.076935
752,0.20752
753,0.161665
754,0.066109
755,0.070694
756,0.090732
757,0.067062
758,0.053625
759,0.038805
760,0.042603
761,0.040664
762,0.042762
763,0.059348
764,0.068221
765,0.088846
766,0.090308
767,0.227225
768,0.227899
769,0.706924
770,0.735718
771,0.441326
772,0.743756
773,0.707241
774,0.658128
775,0.593689
776,0.559599
777,0.454682
778,0.607614
779,0.442688
780,0.468377
781,0.522616
782,0.587931
783,0.643199
784,0.719629
785,0.695116
786,0.773201
787,0.660318
788,0.748976
789,0.847952
790,0.783237
791,0.828848
792,0.779425
793,0.767463
794,0.830533
795,0.861044
796,0.860836
797,0.88377
798,0.880156
799,0.856417
800,0.869184
801,0.902629
802,0.852879
803,0.872237
804,0.870899
805,0.869524
806,0.439572
807,0.47054
808,0.827087
809,0.819581
810,0.807768
811,0.715845
812,0.843955
813,0.809007
814,0.884551
815,0.875477
816,0.941281
817,0.950258
818,0.946326
819,0.928765
820,0.913032
821,0.91938
822,0.92161
823,0.875112
824,0.909935
825,0.916654
826,0.8884
827,0.833145
828,0.875943
829,0.811868
830,0.854153
831,0.837948
832,0.78004
833,0.836796
834,0.880985
835,0.863213
836,0.86292
837,0.858197
838,0.680517
839,0.678277
840,0.717625
841,0.672643
842,0.839178
843,0.696792
844,0.532955
845,0.40607
846,0.199653
847,0.556185
848,0.314554
849,0.278341
850,0.330881
851,0.215795
852,0.149979
853,0.091739
854,0.075856
855,0.089411
856,0.089522
857,0.085974
858,0.082055
859,0.096091
860,0.129232
861,0.13309
862,0.11608
863,0.097405
864,0.158535
865,0.159246
866,0.171707
867,0.110213
868,0.180305
869,0.144299
870,0.266339
871,0.63321
872,0.612957
873,0.528044
874,0.714088
875,0.825196
876,0.451444
877,0.680888
878,0.620815
879,0.465408
880,0.491137
881,0.401829
882,0.367178
883,0.289844
884,0.331433
885,0.306003
886,0.322693
887,0.317119
888,0.423448
889,0.450246
890,0.483057
891,0.384302
892,0.374397
893,0.335622
894,0.44258
895,0.564867
896,0.667081
897,0.645453
898,0.634532
899,0.620763
900,0.606445
901,0.646346
902,0.653001
903,0.49227
904,0.51643
905,0.453354
906,0.448379
907,0.575816
908,0.56033
909,0.618438
910,0.616045
911,0.632683
912,0.622924
913,0.636544
914,0.608014
915,0.635329
916,0.604632
917,0.588925
918,0.603735
919,0.675289
920,0.43501
921,0.503041
922,0.503852
923,0.552174
924,0.484139
925,0.614629
926,0.60532
927,0.615715
928,0.634801
929,0.584693
930,0.635288
931,0.680313
932,0.646606
933,0.633936
934,0.622869
935,0.663192
936,0.620807
937,0.597116
938,0.580652
939,0.585452
940,0.586103
941,0.517107
942,0.482892
943,0.505341
944,0.546622
945,0.522244
946,0.5066
947,0.501462
948,0.548526
949,0.567138
950,0.595912
951,0.588847
952,0.655796
953,0.662456
954,0.760118
955,0.728835
956,0.745906
957,0.759672
958,0.775119
959,0.760521
960,0.803844
961,0.827315
962,0.853547
963,0.836081
964,0.837896
965,0.84401
966,0.840817
967,0.833981
968,0.844853
969,0.837466
970,0.843282
971,0.844948
972,0.856983
973,0.886668
974,0.88922
975,0.884791
976,0.876631
977,0.840685
978,0.822198
979,0.818533
980,0.827352
981,0.819999
982,0.679923
983,0.814207
984,0.846763
985,0.874895
986,0.845851
987,0.85143
988,0.848992
989,0.861715
990,0.845634
991,0.814411
992,0.754649
993,0.733403
994,0.700903
995,0.704283
996,0.737813
997,0.849841
998,0.531225
999,0.439552
1000,0.533878
1001,0.747568
1002,0.82238
1003,0.8243
1004,0.849748
1005,0.883889
1006,0.874042
1007,0.85733
1008,0.889586
1009,0.851644
1010,0.796249
1011,0.13831
1012,0.383303
1013,0.436645
1014,0.506712
1015,0.374775
1016,0.549102
1017,0.801679
1018,0.739897
1019,0.651585
1020,0.740748
1021,0.638671
1022,0.572996
1023,0.364162
1024,0.570185
1025,0.648407
1026,0.659382
1027,0.593196
1028,0.644908
1029,0.672311
1030,0.701011
1031,0.653525
1032,0.793493
1033,0.468915
1034,0.082587
1035,0.185693
1036,0.19515
1037,0.293892
1038,0.247718
1039,0.308722
1040,0.26696
1041,0.258697
1042,0.258482
1043,0.122147
1044,0.227498
1045,0.23725
1046,0.231197
1047,0.144776
1048,0.09628
1049,0.107775
1050,0.731198
1051,0.939411
1052,0.794782
1053,0.559649
1054,0.633862
1055,0.470441
1056,0.406225
1057,0.361324
1058,0.142026
1059,0.247142
1060,0.367027
1061,0.220863
1062,0.278121
1063,0.153454
1064,0.235396
1065,0.153251
1066,0.154334
1067,0.25111
1068,0.130925
1069,0.116691
1070,0.068906
1071,0.054053
1072,0.045101
1073,0.024065
1074,0.0185
1075,0.011748
1076,0.013074
1077,0.012359
1078,0.020548
1079,0.051297
1080,0.07334
1081,0.033252
1082,0.16856
1083,0.386326
1084,0.229223
1085,0.201756
1086,0.577014
1087,0.553172
1088,0.665472
1089,0.598111
1090,0.667134
1091,0.571862
1092,0.614366
1093,0.563432
1094,0.533389
1095,0.429744
1096,0.563917
1097,0.415109
1098,0.361231
1099,0.344751
1100,0.273849
1101,0.291437
1102,0.485776
1103,0.496679
1104,0.539167
1105,0.486423
1106,0.500005
1107,0.457584
1108,0.44158
1109,0.244784
1110,0.127587
1111,0.318988
1112,0.686169
1113,0.911387
1114,0.751572
1115,0.749212
1116,0.405735
1117,0.782086
1118,0.765635
1119,0.718582
1120,0.72126
1121,0.679324
1122,0.706571
1123,0.710086
1124,0.781483
1125,0.718459
1126,0.296891
1127,0.299707
1128,0.054815
1129,0.358621
1130,0.474512
1131,0.278824
1132,0.099356
1133,0.18377
1134,0.075014
1135,0.127833
1136,0.162509
1137,0.130502
1138,0.18817
1139,0.322983
1140,0.459135
1141,0.397657
1142,0.404558
1143,0.328128
1144,0.30933
1145,0.581917
1146,0.253541
1147,0.486713
1148,0.568381
1149,0.282163
1150,0.160576
1151,0.410419
1152,0.230181
1153,0.162282
1154,0.152669
1155,0.128763
1156,0.332679
1157,0.268572
1158,0.293569
1159,0.21585
1160,0.206233
1161,0.18279
1162,0.213722
1163,0.251225
1164,0.127067
1165,0.080618
1166,0.198242
1167,0.436823
1168,0.542862
1169,0.676853
1170,0.252224
1171,0.655518
1172,0.570176
1173,0.645699
1174,0.452548
1175,0.075159
1176,0.120318
1177,0.051412
1178,0.250692
1179,0.107695
1180,0.174869
1181,0.783108
1182,0.53545
1183,0.391539
1184,0.350053
1185,0.562169
1186,0.174523
1187,0.159047
1188,0.300129
1189,0.042169
1190,0.085439
1191,0.027598
1192,0.081312
1193,0.144639
1194,0.099067
1195,0.084819
1196,0.065688
1197,0.126539
1198,0.106399
1199,0.145626
1200,0.139435
1201,0.203918
1202,0.251503
1203,0.195046
1204,0.188664
1205,0.057455
1206,0.030614
1207,0.17021
1208,0.709505
1209,0.73548
1210,0.483314
1211,0.607873
1212,0.541226
1213,0.542211
1214,0.487888
1215,0.38133
1216,0.412331
1217,0.170596
1218,0.182406
1219,0.302218
1220,0.507169
1221,0.128098
1222,0.128426
1223,0.32446
1224,0.188403
1225,0.064213
1226,0.058746
1227,0.037102
1228,0.05218
1229,0.048108
1230,0.056902
1231,0.057119
1232,0.039457
1233,0.03282
1234,0.030072
1235,0.026104
1236,0.04395
1237,0.073489
1238,0.062702
1239,0.081894
1240,0.088678
1241,0.239277
1242,0.791306
1243,0.916959
1244,0.643663
1245,0.500786
1246,0.316012
1247,0.069077
1248,0.039219
1249,0.083641
1250,0.097481
1251,0.116765
1252,0.112712
1253,0.1011
1254,0.052991
1255,0.041779
1256,0.084558
1257,0.092593
1258,0.107393
1259,0.084738
1260,0.132349
1261,0.085304
1262,0.052101
1263,0.064643
1264,0.117622
1265,0.287101
1266,0.319306
1267,0.147413
1268,0.123218
1269,0.052645
1270,0.349079
1271,0.684483
1272,0.221123
1273,0.169359
1274,0.112746
1275,0.176291
1276,0.581279
1277,0.537875
1278,0.622118
1279,0.702451
1280,0.75645
1281,0.75578
1282,0.752789
1283,0.280105
1284,0.190663
1285,0.307551
1286,0.530798
1287,0.443897
1288,0.436201
1289,0.754685
1290,0.4393
1291,0.293862
1292,0.206084
1293,0.322054
1294,0.206414
1295,0.174762
1296,0.213616
1297,0.247071
1298,0.274991
1299,0.293372
1300,0.265592
1301,0.335598
1302,0.216126
1303,0.191785
1304,0.216081
1305,0.609251
1306,0.150465
1307,0.089721
1308,0.131502
1309,0.12998
1310,0.155455
1311,0.28313
1312,0.177396
1313,0.431794
1314,0.616801
1315,0.705025
1316,0.646002
1317,0.572238
1318,0.617039
1319,0.695761
1320,0.785232
1321,0.803692
1322,0.835611
1323,0.922414
1324,0.938643
1325,0.955911
1326,0.961567
1327,0.885623
1328,0.878632
1329,0.868822
1330,0.917652
1331,0.928438
1332,0.932077
1333,0.883654
1334,0.740634
1335,0.449513
1336,0.265841
1337,0.38342
1338,0.876799
1339,0.271802
1340,0.128348
1341,0.072082
1342,0.118834
1343,0.126937
1344,0.038888
1345,0.071649
1346,0.032518
1347,0.109995
1348,0.066307
1349,0.029892
1350,0.039658
1351,0.121138
1352,0.182076
1353,0.678774
1354,0.696215
1355,0.472632
1356,0.395942
1357,0.383536
1358,0.511399
1359,0.662656
1360,0.838208
1361,0.615573
1362,0.67686
1363,0.699212
1364,0.865576
1365,0.647262
1366,0.569248
1367,0.817501
1368,0.40569
1369,0.836501
1370,0.158591
1371,0.288382
1372,0.219928
1373,0.225448
1374,0.401555
1375,0.301911
1376,0.246158
1377,0.241594
1378,0.189597
1379,0.232451
1380,0.177709
1381,0.249545
1382,0.281684
1383,0.315881
1384,0.362205
1385,0.334362
1386,0.332939
1387,0.320196
1388,0.301532
1389,0.367029
1390,0.392751
1391,0.366852
1392,0.395343
1393,0.320888
1394,0.304425
1395,0.287297
1396,0.299273
1397,0.307077
1398,0.311732
1399,0.269822
1400,0.214728
1401,0.205917
1402,0.17761
1403,0.180791
1404,0.288237
1405,0.129272
1406,0.208218
1407,0.155813
1408,0.192056
1409,0.453276
1410,0.673737
1411,0.586838
1412,0.301695
1413,0.239525
1414,0.232993
1415,0.205923
1416,0.224637
1417,0.388885
1418,0.40244
1419,0.31735
1420,0.386143
1421,0.352946
1422,0.405397
1423,0.353795
1424,0.542358
1425,0.548055
1426,0.652118
1427,0.563249
1428,0.686585
1429,0.522481
1430,0.547324
1431,0.577064
1432,0.690132
1433,0.720699
1434,0.675398
1435,0.754236
1436,0.760751
1437,0.799515
1438,0.796228
1439,0.811855
1440,0.832531
1441,0.788138
1442,0.793715
1443,0.757336
1444,0.780516
1445,0.782324
1446,0.813069
1447,0.827469
1448,0.817476
1449,0.806714
1450,0.833541
1451,0.794689
1452,0.793884
1453,0.791007
1454,0.781203
1455,0.763529
1456,0.793727
1457,0.79379
1458,0.821507
1459,0.912226
1460,0.840466
1461,0.793983
1462,0.783571
1463,0.816264
1464,0.863614
1465,0.839948
1466,0.787801
1467,0.79817
1468,0.752704
1469,0.654052
1470,0.628266
1471,0.598254
1472,0.574348
1473,0.527532
1474,0.58975
1475,0.566376
1476,0.521422
1477,0.875106
1478,0.900664
1479,0.813993
1480,0.830633
1481,0.84831
1482,0.742206
1483,0.709884
1484,0.710185
1485,0.733124
1486,0.739431
1487,0.750398
1488,0.722727
1489,0.77908
1490,0.746915
1491,0.763893
1492,0.724991
1493,0.725952
1494,0.337013
1495,0.343791
1496,0.11739
1497,0.137013
1498,0.367152
1499,0.501549
1500,0.556973
1501,0.451132
1502,0.544054
1503,0.514408
1504,0.399731
1505,0.3497
1506,0.260944
1507,0.154246
1508,0.387424
1509,0.707093
1510,0.914289
1511,0.756596
1512,0.470179
1513,0.803029
1514,0.204459
1515,0.752887
1516,0.287047
1517,0.753361
1518,0.76728
1519,0.606885
1520,0.615058
1521,0.30612
1522,0.234606
1523,0.166437
1524,0.192314
1525,0.135298
1526,0.133679
1527,0.157283
1528,0.130736
1529,0.161681
1530,0.127945
1531,0.112837
1532,0.044961
1533,0.085356
1534,0.419706
1535,0.687014
1536,0.516807
1537,0.314918
1538,0.77098
1539,0.849517
1540,0.872938
1541,0.669475
1542,0.725077
1543,0.426662
1544,0.564367
1545,0.65265
1546,0.284824
1547,0.537915
1548,0.609813
1549,0.619496
1550,0.638061
1551,0.44415
1552,0.393856
1553,0.206538
1554,0.303051
1555,0.194672
1556,0.135782
1557,0.105424
1558,0.16931
1559,0.174525
1560,0.23654
1561,0.199195
1562,0.251283
1563,0.219753
1564,0.179653
1565,0.199232
1566,0.162919
1567,0.140855
1568,0.096137
1569,0.047669
1570,0.103867
1571,0.072489
1572,0.110627
1573,0.478482
1574,0.070986
1575,0.221762
1576,0.243663
1577,0.437334
1578,0.768523
1579,0.409883
1580,0.834361
1581,0.840532
1582,0.833379
1583,0.838136
1584,0.727024
1585,0.801603
1586,0.786147
1587,0.861649
1588,0.852218
1589,0.497262
1590,0.408745
1591,0.840853
1592,0.716412
1593,0.617063
1594,0.419506
1595,0.132331
1596,0.053732
1597,0.032966
1598,0.107431
1599,0.120641
1600,0.243311
1601,0.240757
1602,0.221314
1603,0.147414
1604,0.106083
1605,0.072789
1606,0.074435
1607,0.041363
1608,0.066785
1609,0.060051
1610,0.077387
1611,0.08376
1612,0.08607
1613,0.115392
1614,0.096486
1615,0.091723
1616,0.081251
1617,0.042202
1618,0.04545
1619,0.046881
1620,0.055891
1621,0.029079
1622,0.045401
1623,0.046063
1624,0.059236
1625,0.062661
1626,0.060424
1627,0.066398
1628,0.06235
1629,0.034394
1630,0.062602
1631,0.078694
1632,0.048057
1633,0.033092
1634,0.110498
1635,0.07073
1636,0.077679
1637,0.050307
1638,0.024998
1639,0.139303
1640,0.117479
1641,0.327472
1642,0.334859
1643,0.470565
1644,0.468689
1645,0.671579
1646,0.564915
1647,0.861184
1648,0.869311
1649,0.818423
1650,0.657575
1651,0.614854
1652,0.695283
1653,0.570443
1654,0.577395
1655,0.667539
1656,0.695373
1657,0.615673
1658,0.496793
1659,0.650798
1660,0.222723
1661,0.589855
1662,0.799193
1663,0.567207
1664,0.777487
1665,0.444983
1666,0.287623
1667,0.199768
1668,0.256384
1669,0.131631
1670,0.18077
1671,0.122543
1672,0.247675
1673,0.12584
1674,0.055539
1675,0.03359
1676,0.034018
1677,0.045729
1678,0.047181
1679,0.039619
1680,0.054873
1681,0.032649
1682,0.041145
1683,0.057351
1684,0.063252
1685,0.048956
1686,0.100774
1687,0.117499
1688,0.121767
1689,0.063572
1690,0.0742
1691,0.05978
1692,0.061901
1693,0.080934
1694,0.080327
1695,0.089353
1696,0.138114
1697,0.14138
1698,0.189464
1699,0.190296
1700,0.222227
1701,0.197543
1702,0.181304
1703,0.159127
1704,0.147431
1705,0.099584
1706,0.10857
1707,0.08685
1708,0.100676
1709,0.080301
1710,0.091788
1711,0.070536
1712,0.096524
1713,0.079507
1714,0.115392
1715,0.062161
1716,0.048588
1717,0.058522
1718,0.059223
1719,0.071522
1720,0.073273
1721,0.072397
1722,0.08265
1723,0.074409
1724,0.061264
1725,0.063945
1726,0.066535
1727,0.036254
1728,0.047849
1729,0.053119
1730,0.056446
1731,0.074249
1732,0.059705
1733,0.010289
1734,0.073983
1735,0.122256
1736,0.207499
1737,0.199811
1738,0.391261
1739,0.676303
1740,0.345169
1741,0.552131
1742,0.855229
1743,0.821157
1744,0.74613
1745,0.655177
1746,0.630865
1747,0.524274
1748,0.514242
1749,0.413983
1750,0.387193
1751,0.682532
1752,0.793922
1753,0.835288
1754,0.745807
1755,0.643021
1756,0.466971
1757,0.885555
1758,0.724555
1759,0.463927
1760,0.546937
1761,0.494313
1762,0.515289
1763,0.237589
1764,0.175965
1765,0.046445
1766,0.05725
1767,0.068248
1768,0.066679
1769,0.045205
1770,0.064798
1771,0.111849
1772,0.094676
1773,0.058475
1774,0.077341
1775,0.06502
1776,0.0748
1777,0.040308
1778,0.05855
1779,0.046445
1780,0.042026
1781,0.038165
1782,0.055824
1783,0.06482
1784,0.049826
1785,0.035701
1786,0.045636
1787,0.042708
1788,0.055204
1789,0.053397
1790,0.085965
1791,0.06761
1792,0.073229
1793,0.060231
1794,0.055378
1795,0.048356
1796,0.047298
1797,0.03397
1798,0.048611
1799,0.059286
1800,0.029537
1801,0.008974
1802,0.006223
1803,0.006501
1804,0.006487
1805,0.009637
1806,0.010066
1807,0.007215
1808,0.009783
1809,0.009726
1810,0.012095
1811,0.009126
1812,0.006855
1813,0.008729
1814,0.011545
1815,0.006362
1816,0.004962
1817,0.003686
1818,0.003059
1819,0.001801
1820,0.002326
1821,0.001097
1822,0.00082
1823,0.000956
1824,0.000972
1825,0.001177
1826,0.001022
1827,0.000412
1828,0.000339
1829,0.000366
1830,0.000483
1831,0.000333
1832,0.000185
1833,0.000252
1834,0.000391
1835,0.000724
1836,0.000826
1837,0.000193
1838,0.000122
1839,0.000287
1840,0.000331
1841,0.000403
1842,0.000348
1843,0.000113
1844,0.000395
1845,0.000464
1846,0.00059
1847,0.000618
1848,0.000946
1849,0.001438
1850,0.001683
1851,0.003437
1852,0.029134
1853,0.011948
1854,0.064133
1855,0.013591
1856,0.012765
1857,0.064493
1858,0.14632
1859,0.360328
1860,0.327235
1861,0.340774
1862,0.37255
1863,0.15967
1864,0.193585
1865,0.211518
1866,0.200801
1867,0.293501
1868,0.274333
1869,0.236981
1870,0.123535
1871,0.584105
1872,0.130018
1873,0.154497
1874,0.098695
1875,0.191494
1876,0.060248
1877,0.020458
1878,0.042617
1879,0.023455
1880,0.040698
1881,0.02762
1882,0.037361
1883,0.019051
1884,0.021476
1885,0.017354
1886,0.013846
1887,0.012158
1888,0.019081
1889,0.027591
1890,0.032098
1891,0.038732
1892,0.082861
1893,0.101353
1894,0.078597
1895,0.064574
1896,0.091298
1897,0.053527
1898,0.04834
1899,0.052834
1900,0.063975
1901,0.043508
1902,0.061487
1903,0.102008
1904,0.077183
1905,0.084448
1906,0.16987
1907,0.171271
1908,0.153578
1909,0.051479
1910,0.050395
1911,0.049422
1912,0.035631
1913,0.03478
1914,0.027742
1915,0.020575
1916,0.026159
1917,0.016507
1918,0.016625
1919,0.012588
1920,0.015418
1921,0.039515
1922,0.057213
1923,0.040594
1924,0.064307
1925,0.061951
1926,0.050461
1927,0.042897
1928,0.044708
1929,0.025634
1930,0.209291
1931,0.22394
1932,0.318552
1933,0.550397
1934,0.650996
1935,0.922063
1936,0.880783
1937,0.81301
1938,0.81865
1939,0.768083
1940,0.761076
1941,0.727083
1942,0.772473
1943,0.785042
1944,0.685897
1945,0.690779
1946,0.631559
1947,0.693605
1948,0.887303
1949,0.640273
1950,0.565821
1951,0.653559
1952,0.585022
1953,0.313667
1954,0.610795
1955,0.278694
1956,0.085982
1957,0.150862
1958,0.280407
1959,0.262652
1960,0.043866
1961,0.053177
1962,0.07586
1963,0.126828
1964,0.066004
1965,0.07581
1966,0.057369
1967,0.041934
1968,0.031132
1969,0.018582
1970,0.017565
1971,0.015724
1972,0.01393
1973,0.01537
1974,0.017293
1975,0.029475
1976,0.028481
1977,0.022351
1978,0.022784
1979,0.027999
1980,0.022922
1981,0.028718
1982,0.064297
1983,0.085002
1984,0.066858
1985,0.062623
1986,0.048258
1987,0.801689
1988,0.610873
1989,0.652571
1990,0.681807
1991,0.727107
1992,0.40877
1993,0.417563
1994,0.360713
1995,0.872234
1996,0.54868
1997,0.392625
1998,0.590467
1999,0.653227
2000,0.570272
2001,0.420859
2002,0.534738
2003,0.478054
2004,0.441213
2005,0.464008
2006,0.466709
2007,0.333244
2008,0.321898
2009,0.409368
2010,0.509705
2011,0.273373
2012,0.562288
2013,0.641439
2014,0.717081
2015,0.609827
2016,0.727107
2017,0.804131
2018,0.821474
2019,0.840581
2020,0.855807
2021,0.804
2022,0.817104
2023,0.62517
2024,0.600233
2025,0.928007
2026,0.913575
2027,0.807366
2028,0.764072
2029,0.304939
2030,0.318492
2031,0.455656
2032,0.233627
2033,0.176753
2034,0.125294
2035,0.155052
2036,0.130803
2037,0.139923
2038,0.124652
2039,0.131711
2040,0.132814
2041,0.187438
2042,0.200719
2043,0.159232
2044,0.154414
2045,0.120831
2046,0.117134
2047,0.099973
2048,0.11802
2049,0.117869
2050,0.118257
2051,0.080081
2052,0.100213
2053,0.118293
2054,0.137767
2055,0.131999
2056,0.157321
2057,0.156597
2058,0.169763
2059,0.116402
2060,0.1175
2061,0.12124
2062,0.127151
2063,0.112554
2064,0.140781
2065,0.121569
2066,0.13273
2067,0.135546
2068,0.19026
2069,0.161913
2070,0.175707
2071,0.105679
2072,0.123628
2073,0.060319
2074,0.115276
2075,0.188038
2076,0.395835
2077,0.313178
2078,0.21836
2079,0.21557
2080,0.387675
2081,0.337814
2082,0.373708
2083,0.29087
2084,0.303498
2085,0.344095
2086,0.214733
2087,0.143752
2088,0.117046
2089,0.082909
2090,0.093964
2091,0.057571
2092,0.037951
2093,0.029357
2094,0.064039
2095,0.09679
2096,0.239066
2097,0.244352
2098,0.097989
2099,0.075573
2100,0.463826
2101,0.109603
2102,0.389816
2103,0.462851
2104,0.060087
2105,0.012424
2106,0.059908
2107,0.100153
2108,0.120164
2109,0.135476
2110,0.087208
2111,0.019805
2112,0.163591
2113,0.157749
2114,0.110545
2115,0.027029
2116,0.026514
2117,0.059757
2118,0.09062
2119,0.076048
2120,0.083787
2121,0.030526
2122,0.126415
2123,0.093941
2124,0.029475
2125,0.037446
2126,0.083428
2127,0.076271
2128,0.525248
2129,0.620872
2130,0.306202
2131,0.312091
2132,0.490294
2133,0.476038
2134,0.475336
2135,0.446342
2136,0.39868
2137,0.339483
2138,0.310131
2139,0.378879
2140,0.566885
2141,0.59169
2142,0.735028
2143,0.771557
2144,0.775559
2145,0.766539
2146,0.81149
2147,0.800759
2148,0.824149
2149,0.840363
2150,0.901659
2151,0.904977
2152,0.917899
2153,0.921403
2154,0.923947
2155,0.91005
2156,0.929206
2157,0.926451
2158,0.92454
2159,0.902585
2160,0.862517
2161,0.856872
2162,0.862515
2163,0.850054
2164,0.855049
2165,0.871444
