1,0.910922
2,0.958011
3,0.835181
4,0.962008
5,0.967226
6,0.967052
7,0.957176
8,0.779334
9,0.961724
10,0.961601
11,0.948786
12,0.962266
13,0.957377
14,0.963096
15,0.962183
16,0.966455
17,0.977733
18,0.975694
19,0.975875
20,0.976788
21,0.973593
22,0.974319
23,0.971706
24,0.971387
25,0.96842
26,0.962499
27,0.946706
28,0.953711
29,0.949783
30,0.954896
31,0.963806
32,0.630873
33,0.585993
34,0.531592
35,0.603637
36,0.561092
37,0.518021
38,0.496337
39,0.587647
40,0.590867
41,0.942061
42,0.358624
43,0.943505
44,0.943482
45,0.928145
46,0.938854
47,0.941508
48,0.922274
49,0.902074
50,0.901763
51,0.902624
52,0.872575
53,0.818392
54,0.801381
55,0.340059
56,0.486847
57,0.186012
58,0.285948
59,0.68448
60,0.68449
61,0.742518
62,0.651392
63,0.587282
64,0.513467
65,0.538938
66,0.45338
67,0.696821
68,0.715025
69,0.491046
70,0.360168
71,0.335378
72,0.673515
73,0.910809
74,0.820983
75,0.869029
76,0.853678
77,0.716701
78,0.713934
79,0.784099
80,0.813791
81,0.736995
82,0.695418
83,0.653116
84,0.688538
85,0.688684
86,0.821172
87,0.575173
88,0.388012
89,0.50993
90,0.564125
91,0.531786
92,0.57313
93,0.767477
94,0.712624
95,0.54634
96,0.541393
97,0.489381
98,0.568023
99,0.58772
100,0.477658
101,0.385812
102,0.463892
103,0.542221
104,0.656455
105,0.418954
106,0.5285
107,0.592855
108,0.496502
109,0.765961
110,0.699142
111,0.704569
112,0.772373
113,0.724098
114,0.770784
115,0.575149
116,0.741007
117,0.74174
118,0.742591
119,0.726939
120,0.743337
121,0.695114
122,0.703974
123,0.765121
124,0.770719
125,0.838724
126,0.883884
127,0.879371
128,0.838916
129,0.83215
130,0.818972
131,0.816465
132,0.846361
133,0.805509
134,0.801404
135,0.804362
136,0.761754
137,0.756779
138,0.75477
139,0.864293
140,0.878154
141,0.861226
142,0.847788
143,0.876396
144,0.864628
145,0.91075
146,0.916323
147,0.922668
148,0.933902
149,0.906549
150,0.903329
151,0.911967
152,0.907879
153,0.931687
154,0.9277
155,0.919532
156,0.918313
157,0.921579
158,0.915184
159,0.913357
160,0.920647
161,0.926378
162,0.910036
163,0.925797
164,0.915359
165,0.910126
166,0.909759
167,0.893272
168,0.696979
169,0.26726
170,0.423629
171,0.598397
172,0.651397
173,0.835007
174,0.93272
175,0.946779
176,0.943157
177,0.909255
178,0.928535
179,0.910511
180,0.949684
181,0.925788
182,0.935047
183,0.934455
184,0.834744
185,0.738576
186,0.871617
187,0.679978
188,0.743731
189,0.596326
190,0.751248
191,0.732907
192,0.851893
193,0.914515
194,0.913794
195,0.888697
196,0.873468
197,0.889845
198,0.890084
199,0.886491
200,0.891116
201,0.875999
202,0.881217
203,0.900974
204,0.884435
205,0.816643
206,0.834678
207,0.833041
208,0.833428
209,0.83927
210,0.827092
211,0.878283
212,0.845004
213,0.845858
214,0.853408
215,0.8657
216,0.84225
217,0.844995
218,0.875775
219,0.824515
220,0.853442
221,0.726161
222,0.705497
223,0.710624
224,0.716107
225,0.630703
226,0.7112
227,0.735689
228,0.681189
229,0.711904
230,0.681011
231,0.571164
232,0.571669
233,0.506605
234,0.464598
235,0.49858
236,0.517003
237,0.611144
238,0.595367
239,0.66156
240,0.709356
241,0.845689
242,0.827174
243,0.862374
244,0.897945
245,0.925952
246,0.869111
247,0.881006
248,0.717257
249,0.564087
250,0.592804
251,0.28666
252,0.064312
253,0.045552
254,0.019227
255,0.015486
256,0.040928
257,0.007666
258,0.012187
259,0.012446
260,0.012613
261,0.016513
262,0.012253
263,0.01274
264,0.016231
265,0.070878
266,0.038032
267,0.018741
268,0.039984
269,0.100015
270,0.150293
271,0.257957
272,0.030969
273,0.104786
274,0.185943
275,0.408548
276,0.385935
277,0.567545
278,0.60616
279,0.855225
280,0.832184
281,0.730051
282,0.782098
283,0.716688
284,0.696581
285,0.810904
286,0.863079
287,0.843247
288,0.825964
289,0.758925
290,0.679836
291,0.639831
292,0.752386
293,0.769181
294,0.784889
295,0.765902
296,0.727587
297,0.779024
298,0.797419
299,0.843311
300,0.875756
301,0.893002
302,0.934551
303,0.950866
304,0.945476
305,0.876668
306,0.730372
307,0.948632
308,0.893651
309,0.931584
310,0.83703
311,0.757306
312,0.838523
313,0.618751
314,0.842549
315,0.623553
316,0.843665
317,0.588587
318,0.7524
319,0.677559
320,0.663579
321,0.594101
322,0.545748
323,0.5465
324,0.583464
325,0.518259
326,0.59145
327,0.688825
328,0.575382
329,0.566108
330,0.563048
331,0.786605
332,0.345703
333,0.424475
334,0.624049
335,0.614625
336,0.870008
337,0.932634
338,0.95831
339,0.913448
340,0.860989
341,0.901135
342,0.880283
343,0.881827
344,0.883476
345,0.874437
346,0.85355
347,0.855926
348,0.88453
349,0.810845
350,0.935158
351,0.777404
352,0.611122
353,0.533068
354,0.729143
355,0.666877
356,0.478101
357,0.494549
358,0.527469
359,0.417793
360,0.507997
361,0.543573
362,0.38367
363,0.439791
364,0.428014
365,0.465518
366,0.470021
367,0.45872
368,0.487191
369,0.428472
370,0.498471
371,0.475906
372,0.251728
373,0.684727
374,0.641067
375,0.894075
376,0.779939
377,0.825292
378,0.840343
379,0.891118
380,0.825753
381,0.80728
382,0.796617
383,0.810144
384,0.86254
385,0.766362
386,0.690589
387,0.704791
388,0.656522
389,0.637319
390,0.68084
391,0.683762
392,0.682718
393,0.729347
394,0.667042
395,0.645103
396,0.663517
397,0.764776
398,0.785087
399,0.730059
400,0.64812
401,0.690279
402,0.736761
403,0.787603
404,0.742126
405,0.722938
406,0.74563
407,0.910273
408,0.74901
409,0.860229
410,0.921842
411,0.822186
412,0.602567
413,0.595211
414,0.659411
415,0.570076
416,0.632923
417,0.605185
418,0.726915
419,0.791052
420,0.700164
421,0.727322
422,0.699251
423,0.673228
424,0.608462
425,0.522915
426,0.405523
427,0.401039
428,0.370497
429,0.210494
430,0.191497
431,0.331299
432,0.789605
433,0.818848
434,0.719935
435,0.665275
436,0.748402
437,0.264574
438,0.285537
439,0.421424
440,0.347757
441,0.270604
442,0.520296
443,0.485121
444,0.472227
445,0.502037
446,0.434003
447,0.569403
448,0.409508
449,0.526356
450,0.571716
451,0.502727
452,0.489166
453,0.498784
454,0.441235
455,0.101293
456,0.607303
457,0.204722
458,0.678573
459,0.254366
460,0.252131
461,0.230181
462,0.739825
463,0.211609
464,0.733927
465,0.734261
466,0.779069
467,0.763855
468,0.822053
469,0.234114
470,0.254989
471,0.210265
472,0.204577
473,0.168464
474,0.190495
475,0.796227
476,0.747479
477,0.692211
478,0.785331
479,0.754738
480,0.793927
481,0.775622
482,0.533433
483,0.524972
484,0.522112
485,0.597212
486,0.639727
487,0.505789
488,0.360357
489,0.400608
490,0.270902
491,0.379551
492,0.415479
493,0.592186
494,0.553042
495,0.620482
496,0.677429
497,0.610189
498,0.592433
499,0.48011
500,0.31314
501,0.392568
502,0.252839
503,0.340335
504,0.847323
505,0.847151
506,0.768593
507,0.809341
508,0.412603
509,0.514062
510,0.372059
511,0.476795
512,0.464843
513,0.462318
514,0.849943
515,0.854351
516,0.925021
517,0.298161
518,0.54618
519,0.488609
520,0.661833
521,0.871181
522,0.905529
523,0.94646
524,0.950537
525,0.949911
526,0.915341
527,0.900421
528,0.894684
529,0.899033
530,0.905067
531,0.947692
532,0.468468
533,0.448109
534,0.490327
535,0.398433
536,0.43737
537,0.377462
538,0.396838
539,0.491781
540,0.707512
541,0.678541
542,0.615153
543,0.630426
544,0.382584
545,0.926125
546,0.738142
547,0.61489
548,0.660131
549,0.920161
550,0.833314
551,0.782321
552,0.356531
553,0.524849
554,0.638678
555,0.502697
556,0.493887
557,0.474503
558,0.605164
559,0.547658
560,0.595075
561,0.631927
562,0.799406
563,0.671586
564,0.357525
565,0.203903
566,0.746818
567,0.701069
568,0.804193
569,0.758619
570,0.879565
571,0.872941
572,0.776405
573,0.449271
574,0.564308
575,0.732697
576,0.505498
577,0.470726
578,0.816451
579,0.659151
580,0.36547
581,0.411168
582,0.170916
583,0.664907
584,0.415132
585,0.823138
586,0.826085
587,0.837137
588,0.810767
589,0.873794
590,0.801205
591,0.816774
592,0.81646
593,0.703087
594,0.917626
595,0.896431
596,0.630887
597,0.730013
598,0.588302
599,0.766641
600,0.86714
601,0.677039
602,0.675506
603,0.661233
604,0.633627
605,0.481729
606,0.502668
607,0.630572
608,0.60698
609,0.67329
610,0.627968
611,0.760714
612,0.673089
613,0.753958
614,0.739398
615,0.786029
616,0.733286
617,0.642438
618,0.520605
619,0.417669
620,0.428206
621,0.51987
622,0.131182
623,0.339687
624,0.810743
625,0.632521
626,0.529474
627,0.681602
628,0.670375
629,0.48029
630,0.352639
631,0.409333
632,0.407005
633,0.42603
634,0.445135
635,0.530678
636,0.658705
637,0.788569
638,0.795754
639,0.664859
640,0.636891
641,0.618257
642,0.635948
643,0.705445
644,0.210834
645,0.671266
646,0.43564
647,0.588695
648,0.453183
649,0.573346
650,0.508863
651,0.367325
652,0.355848
653,0.228121
654,0.182189
655,0.297825
656,0.416433
657,0.223975
658,0.285029
659,0.528367
660,0
661,0.056381
662,0.040133
663,0.178709
664,0.038688
665,0.083366
666,0.09034
667,0.083616
668,0.015952
669,0.064259
670,0.023827
671,0.076855
672,0.383789
673,0.338533
674,0.183778
675,0.673024
676,0.641954
677,0.593385
678,0.280895
679,0.260314
680,0.379594
681,0.516451
682,0.71914
683,0.786752
684,0.918387
685,0.954795
686,0.82483
687,0.641498
688,0.642765
689,0.785991
690,0.933844
691,0.616536
692,0.512033
693,0.438216
694,0.679152
695,0.754861
696,0.677987
697,0.584424
698,0.63542
699,0.811914
700,0.866747
701,0.863588
702,0.912006
703,0.800351
704,0.738101
705,0.763036
706,0.631482
707,0.810462
708,0.84199
709,0.92805
710,0.647679
711,0.625916
712,0.758547
713,0.845696
714,0.829067
715,0.79902
716,0.697388
717,0.81915
718,0.741025
719,0.833597
720,0.934642
721,0.971292
722,0.934065
723,0.860836
724,0.909837
725,0.725457
726,0.604714
727,0.730051
728,0.855949
729,0.773172
730,0.724647
731,0.674472
732,0.749004
733,0.804009
734,0.74289
735,0.635981
736,0.330111
737,0.38992
738,0.559497
739,0.721683
740,0.744974
741,0.559933
742,0.702921
743,0.704246
744,0.619665
745,0.511564
746,0.894723
747,0.900822
748,0.822341
749,0.798857
750,0.915289
751,0.888149
752,0.886563
753,0.900341
754,0.902838
755,0.894503
756,0.905644
757,0.886992
758,0.866214
759,0.337788
760,0.789758
761,0.601067
762,0.802552
763,0.577006
764,0.698031
765,0.434636
766,0.781258
767,0.839464
768,0.860076
769,0.790062
770,0.566703
771,0.495977
772,0.361888
773,0.559894
774,0.385655
775,0.116155
776,0.149927
777,0.264207
778,0.31332
779,0.330685
780,0.375536
781,0.284647
782,0.355882
783,0.393869
784,0.320581
785,0.200517
786,0.15983
787,0.199048
788,0.169114
789,0.152912
790,0.097785
791,0.058133
792,0.048385
793,0.057291
794,0.049577
795,0.073643
796,0.113319
797,0.049805
798,0.067557
799,0.432636
800,0.67124
801,0.550365
802,0.865829
803,0.708458
804,0.593562
805,0.584751
806,0.545411
807,0.560467
808,0.409771
809,0.807553
810,0.902176
811,0.937702
812,0.958638
813,0.963526
814,0.955366
815,0.959722
816,0.96309
817,0.957178
818,0.957368
819,0.953417
820,0.931414
821,0.847939
822,0.237083
823,0.23536
824,0.468951
825,0.666671
826,0.698605
827,0.708356
828,0.865147
829,0.86268
830,0.859227
831,0.809202
832,0.841524
833,0.853553
834,0.89383
835,0.862676
836,0.873535
837,0.872481
838,0.83325
839,0.760424
840,0.926261
841,0.89521
842,0.378349
843,0.087919
844,0.290936
845,0.66991
846,0.639277
847,0.064641
848,0.029937
849,0.03013
850,0.009754
851,0.008053
852,0.007393
853,0.013331
854,0.038979
855,0.031926
856,0.023915
857,0.025885
858,0.233903
859,0.051984
860,0.126289
861,0.667798
862,0.431252
863,0.867092
864,0.771273
865,0.728038
866,0.772545
867,0.700754
868,0.726117
869,0.825592
870,0.794212
871,0.791679
872,0.787259
873,0.824572
874,0.752097
875,0.652493
876,0.885576
877,0.81276
878,0.88543
879,0.689848
880,0.590558
881,0.411831
882,0.671824
883,0.11734
884,0.037771
885,0.014703
886,0.011822
887,0.019038
888,0.02233
889,0.061438
890,0.14979
891,0.088634
892,0.075662
893,0.12907
894,0.148007
895,0.112086
896,0.121559
897,0.112191
898,0.175376
899,0.162837
900,0.184822
901,0.320272
902,0.173319
903,0.104702
904,0.165061
905,0.081254
906,0.048651
907,0.026162
908,0.063478
909,0.074145
910,0.089553
911,0.121004
912,0.043025
913,0.17662
914,0.161655
915,0.330293
916,0.441243
917,0.692325
918,0.807122
919,0.815746
920,0.847746
921,0.857556
922,0.970408
923,0.963569
924,0.973583
925,0.860173
926,0.870542
927,0.83932
928,0.772566
929,0.712331
930,0.736636
931,0.886071
932,0.825862
933,0.841738
934,0.544255
935,0.808676
936,0.793548
937,0.81536
938,0.492413
939,0.436917
940,0.20109
941,0.307029
942,0.658537
943,0.722203
944,0.670085
945,0.358885
946,0.297672
947,0.302852
948,0.414461
949,0.487663
950,0.450482
951,0.499002
952,0.532609
953,0.539923
954,0.507003
955,0.493631
956,0.527343
957,0.441824
958,0.415419
959,0.308045
960,0.270185
961,0.149005
962,0.181676
963,0.14171
964,0.195068
965,0.210823
966,0.162303
967,0.232258
968,0.294249
969,0.112869
970,0.18021
971,0.033432
972,0.154425
973,0.114505
974,0.570254
975,0.481333
976,0.491499
977,0.609131
978,0.621241
979,0.843661
980,0.88414
981,0.824936
982,0.873256
983,0.92573
984,0.94263
985,0.927985
986,0.912716
987,0.930622
988,0.917039
989,0.957436
990,0.962752
991,0.958102
992,0.954655
993,0.946409
994,0.938596
995,0.926319
996,0.923667
997,0.89621
998,0.8713
999,0.865149
1000,0.853585
1001,0.925134
1002,0.922083
1003,0.959883
1004,0.952417
1005,0.946594
1006,0.880344
1007,0.861967
1008,0.899735
1009,0.93629
1010,0.664464
1011,0.20304
1012,0.086429
1013,0.203822
1014,0.150593
1015,0.177796
1016,0.222833
1017,0.251737
1018,0.253045
1019,0.335543
1020,0.33796
1021,0.402319
1022,0.368744
1023,0.299699
1024,0.272448
1025,0.23247
1026,0.228466
1027,0.212825
1028,0.276525
1029,0.296385
1030,0.274365
1031,0.308206
1032,0.220247
1033,0.291719
1034,0.465058
1035,0.365406
1036,0.253512
1037,0.110224
1038,0.116213
1039,0.163582
1040,0.188092
1041,0.182912
1042,0.202728
1043,0.149336
1044,0.158577
1045,0.198425
1046,0.179456
1047,0.182428
1048,0.100493
1049,0.103063
1050,0.075431
1051,0.076179
1052,0.090089
1053,0.08337
1054,0.055844
1055,0.076377
1056,0.60803
1057,0.095823
1058,0.042827
1059,0.096345
1060,0.043976
1061,0.043415
1062,0.039521
1063,0.017886
1064,0.046932
1065,0.067573
1066,0.116246
1067,0.216759
1068,0.173421
1069,0.157169
1070,0.168674
1071,0.130702
1072,0.176434
1073,0.213437
1074,0.428647
1075,0.462885
1076,0.426438
1077,0.343848
1078,0.268044
1079,0.484385
1080,0.230985
1081,0.331988
1082,0.21188
1083,0.285321
1084,0.248562
1085,0.142228
1086,0.232993
1087,0.197274
1088,0.267842
1089,0.21822
1090,0.228769
1091,0.285152
1092,0.359585
1093,0.316891
1094,0.29117
1095,0.325699
1096,0.364126
1097,0.241786
1098,0.16467
1099,0.197312
1100,0.206474
1101,0.205471
1102,0.273106
1103,0.278986
1104,0.22062
1105,0.248245
1106,0.306437
1107,0.237265
1108,0.242665
1109,0.279624
1110,0.291922
1111,0.287022
1112,0.355287
1113,0.362138
1114,0.361246
1115,0.327631
1116,0.392778
1117,0.243658
1118,0.343584
1119,0.297714
1120,0.33053
1121,0.342939
1122,0.345606
1123,0.322742
1124,0.372262
1125,0.417119
1126,0.401031
1127,0.367535
1128,0.421022
1129,0.357576
1130,0.374119
1131,0.296028
1132,0.35324
1133,0.317605
1134,0.305321
1135,0.270832
1136,0.32101
1137,0.327782
1138,0.303192
1139,0.344024
1140,0.295223
1141,0.209754
1142,0.135753
1143,0.180864
1144,0.178984
1145,0.206449
1146,0.222086
1147,0.245308
1148,0.275049
1149,0.278204
1150,0.281244
1151,0.251778
1152,0.376704
1153,0.410156
1154,0.570023
1155,0.795764
1156,0.73539
1157,0.734538
1158,0.577368
1159,0.485221
1160,0.64749
1161,0.629874
1162,0.541395
1163,0.227388
1164,0.229791
1165,0.374101
1166,0.468767
1167,0.333192
1168,0.43623
1169,0.399587
1170,0.316479
1171,0.406664
1172,0.713176
1173,0.692543
1174,0.686473
1175,0.575461
1176,0.561158
1177,0.40461
1178,0.409395
1179,0.588137
1180,0.596098
1181,0.424486
1182,0.394335
1183,0.21563
1184,0.21358
1185,0.213754
1186,0.271792
1187,0.415881
1188,0.314353
1189,0.272798
1190,0.269488
1191,0.241322
1192,0.467696
1193,0.508246
1194,0.573497
1195,0.544658
1196,0.448201
1197,0.400497
1198,0.392437
1199,0.419904
1200,0.469068
1201,0.567085
1202,0.448368
1203,0.473092
1204,0.455895
1205,0.325555
1206,0.174013
1207,0.136415
1208,0.120094
1209,0.037368
1210,0.129048
1211,0.445182
1212,0.478062
1213,0.75458
1214,0.544091
1215,0.391872
1216,0.071083
1217,0.054697
1218,0.068748
1219,0.076626
1220,0.064187
1221,0.070291
1222,0.052798
1223,0.050157
1224,0.059307
1225,0.065298
1226,0.046506
1227,0.053707
1228,0.055961
1229,0.0508
1230,0.047659
1231,0.055387
1232,0.056779
1233,0.061532
1234,0.067536
1235,0.080066
1236,0.113499
1237,0.124503
1238,0.122935
1239,0.110164
1240,0.118009
1241,0.12346
1242,0.169971
1243,0.18851
1244,0.222887
1245,0.223505
1246,0.271583
1247,0.233277
1248,0.247709
1249,0.708839
1250,0.480685
1251,0.222347
1252,0.52122
1253,0.470523
1254,0.547678
1255,0.510572
1256,0.491436
1257,0.518952
1258,0.498204
1259,0.434881
1260,0.530844
1261,0.563658
1262,0.581813
1263,0.558387
1264,0.328089
1265,0.28951
1266,0.348171
1267,0.371133
1268,0.417457
1269,0.44594
1270,0.391011
1271,0.342621
1272,0.100929
1273,0.317052
1274,0.179477
1275,0.385946
1276,0.445101
1277,0.58701
1278,0.770736
1279,0.860717
1280,0.780203
1281,0.791024
1282,0.824336
1283,0.833212
1284,0.822012
1285,0.884201
1286,0.88054
1287,0.864391
1288,0.877584
1289,0.894469
1290,0.882074
1291,0.885768
1292,0.897773
1293,0.872445
1294,0.855491
1295,0.842448
1296,0.858379
1297,0.875772
1298,0.871196
1299,0.843599
1300,0.857015
1301,0.866147
1302,0.855131
1303,0.857518
1304,0.870431
1305,0.882118
1306,0.872768
1307,0.836396
1308,0.770674
1309,0.813368
1310,0.751019
1311,0.735886
1312,0.711268
1313,0.747078
1314,0.838262
1315,0.886303
1316,0.864208
1317,0.860538
1318,0.773068
1319,0.784205
1320,0.79975
1321,0.750944
1322,0.778894
1323,0.709842
1324,0.718471
1325,0.715542
1326,0.749777
1327,0.771104
1328,0.669131
1329,0.608296
1330,0.688978
1331,0.647187
1332,0.576675
1333,0.674222
1334,0.634022
1335,0.704924
1336,0.624966
1337,0.763018
1338,0.82494
1339,0.753558
1340,0.792004
1341,0.663151
1342,0.66533
1343,0.616727
1344,0.694634
1345,0.732834
1346,0.816211
1347,0.795634
1348,0.823873
1349,0.809855
1350,0.813697
1351,0.837171
1352,0.822554
1353,0.868986
1354,0.829848
1355,0.885466
1356,0.840152
1357,0.83872
1358,0.797959
1359,0.853138
1360,0.866113
1361,0.883752
1362,0.811701
1363,0.829495
1364,0.812558
1365,0.802136
1366,0.732384
1367,0.697208
1368,0.785504
1369,0.76285
1370,0.776631
1371,0.756229
1372,0.835712
1373,0.793948
1374,0.793782
1375,0.805585
1376,0.769268
1377,0.305326
1378,0.4191
1379,0.127171
1380,0.309812
1381,0.621611
1382,0.70012
1383,0.574002
1384,0.648443
1385,0.60206
1386,0.577756
1387,0.632835
1388,0.636353
1389,0.703986
1390,0.648118
1391,0.561165
1392,0.472802
1393,0.424985
1394,0.508908
1395,0.276162
1396,0.183996
1397,0.506722
1398,0.544595
1399,0.6934
1400,0.682427
1401,0.4759
1402,0.921798
1403,0.904853
1404,0.901591
1405,0.395531
1406,0.427311
1407,0.463535
1408,0.852948
1409,0.867449
1410,0.349434
1411,0.583562
1412,0.55891
1413,0.693538
1414,0.706092
1415,0.792826
1416,0.808596
1417,0.754799
1418,0.746424
1419,0.743699
1420,0.793982
1421,0.732642
1422,0.959885
1423,0.951611
1424,0.775523
1425,0.801591
1426,0.793937
1427,0.770111
1428,0.526009
1429,0.433944
1430,0.241998
1431,0.668678
1432,0.952742
1433,0.907032
1434,0.699797
1435,0.768974
1436,0.69681
1437,0.75055
1438,0.799578
1439,0.784809
1440,0.769647
1441,0.873877
1442,0.891681
1443,0.854236
1444,0.873598
1445,0.762048
1446,0.704954
1447,0.47523
1448,0.564667
1449,0.508256
1450,0.458973
1451,0.52059
1452,0.540501
1453,0.580461
1454,0.600441
1455,0.474638
1456,0.606528
1457,0.59435
1458,0.543863
1459,0.443111
1460,0.608382
1461,0.710659
1462,0.624828
1463,0.228179
1464,0.122984
1465,0.473632
1466,0.391988
1467,0.403171
1468,0.484814
1469,0.389879
1470,0.410089
1471,0.441617
1472,0.526397
1473,0.597533
1474,0.601794
1475,0.667639
1476,0.401121
1477,0.552438
1478,0.69554
1479,0.678455
1480,0.679079
1481,0.721099
1482,0.694635
1483,0.57259
1484,0.551479
1485,0.451093
1486,0.457503
1487,0.435825
1488,0.49146
1489,0.547737
1490,0.71698
1491,0.276423
1492,0.306991
1493,0.602555
1494,0.644724
1495,0.643139
1496,0.315584
1497,0.738009
1498,0.630084
1499,0.642144
1500,0.624159
1501,0.569793
1502,0.561963
1503,0.507403
1504,0.302912
1505,0.368607
1506,0.522973
1507,0.451919
1508,0.40549
1509,0.260659
1510,0.352837
1511,0.402267
1512,0.366837
1513,0.451932
1514,0.077566
1515,0.091203
1516,0.126904
1517,0.455496
1518,0.041609
1519,0.040238
1520,0.232691
1521,0.144335
1522,0.194956
1523,0.29576
1524,0.348514
1525,0.302556
1526,0.436419
1527,0.33486
1528,0.412058
1529,0.404788
1530,0.382648
1531,0.360233
1532,0.333034
1533,0.28729
1534,0.096817
1535,0.075526
1536,0.126259
1537,0.100914
1538,0.12798
1539,0.093571
1540,0.022831
1541,0.544113
1542,0.018642
1543,0.043462
1544,0.384277
1545,0.264938
1546,0.201266
1547,0.33783
1548,0.592029
1549,0.728187
1550,0.869398
1551,0.843614
1552,0.545999
1553,0.908086
1554,0.915144
1555,0.941924
1556,0.871479
1557,0.892429
1558,0.87247
1559,0.882591
1560,0.886269
1561,0.835115
1562,0.766553
1563,0.75764
1564,0.652047
1565,0.647966
1566,0.559779
1567,0.816226
1568,0.878743
1569,0.566037
1570,0.454224
1571,0.409113
1572,0.387272
1573,0.642149
1574,0.602302
1575,0.714575
1576,0.713227
1577,0.671484
1578,0.684373
1579,0.698256
1580,0.64985
1581,0.7576
1582,0.689979
1583,0.713806
1584,0.902264
1585,0.812396
1586,0.839556
1587,0.691828
1588,0.852259
1589,0.807954
1590,0.648711
1591,0.905635
1592,0.451539
1593,0.636268
1594,0.91404
1595,0.826506
1596,0.728483
1597,0.958805
1598,0.843932
1599,0.869634
1600,0.960726
1601,0.965629
1602,0.988189
1603,0.971146
1604,0.971111
1605,0.962735
1606,0.973981
1607,0.972137
1608,0.934902
1609,0.907314
1610,0.955455
1611,0.963626
1612,0.969906
1613,0.973545
1614,0.984442
1615,0.980848
1616,0.980114
1617,0.984629
1618,0.984083
1619,0.98593
1620,0.974586
1621,0.974161
1622,0.964921
1623,0.953783
1624,0.972895
1625,0.975171
1626,0.970127
1627,0.973863
1628,0.968367
1629,0.929238
1630,0.96243
1631,0.966844
1632,0.981564
1633,0.984835
1634,0.988379
