1,0.650054
2,0.638467
3,0.567388
4,0.536484
5,0.50346
6,0.529738
7,0.592746
8,0.616565
9,0.62889
10,0.572243
11,0.690912
12,0.650665
13,0.650999
14,0.693001
15,0.689041
16,0.68029
17,0.67544
18,0.657948
19,0.670465
20,0.587607
21,0.589318
22,0.606823
23,0.635689
24,0.768386
25,0.775991
26,0.743607
27,0.726975
28,0.718259
29,0.707632
30,0.730381
31,0.744554
32,0.698694
33,0.741262
34,0.750727
35,0.76065
36,0.758702
37,0.751787
38,0.773834
39,0.728625
40,0.744378
41,0.712344
42,0.705025
43,0.587543
44,0.503378
45,0.45773
46,0.471664
47,0.343688
48,0.421952
49,0.441706
50,0.46275
51,0.417784
52,0.154315
53,0.808563
54,0.647502
55,0.843703
56,0.915887
57,0.883449
58,0.875156
59,0.871218
60,0.93851
61,0.936923
62,0.918416
63,0.894119
64,0.922093
65,0.903329
66,0.914949
67,0.907241
68,0.916679
69,0.918484
70,0.916418
71,0.919017
72,0.918333
73,0.904489
74,0.911558
75,0.927264
76,0.875461
77,0.822034
78,0.510566
79,0.399395
80,0.605736
81,0.485653
82,0.318688
83,0.272088
84,0.29832
85,0.094677
86,0.139146
87,0.107155
88,0.11789
89,0.124826
90,0.123002
91,0.164213
92,0.148063
93,0.160078
94,0.258575
95,0.323745
96,0.410724
97,0.564422
98,0.441738
99,0.316783
100,0.358366
101,0.439469
102,0.337748
103,0.324799
104,0.321496
105,0.385682
106,0.387767
107,0.426193
108,0.408802
109,0.555353
110,0.581193
111,0.548818
112,0.523111
113,0.539515
114,0.523856
115,0.509834
116,0.64388
117,0.696042
118,0.712419
119,0.666982
120,0.642189
121,0.673195
122,0.724952
123,0.742881
124,0.723299
125,0.693394
126,0.681233
127,0.632266
128,0.593021
129,0.629351
130,0.686989
131,0.694684
132,0.70093
133,0.6808
134,0.610051
135,0.539664
136,0.533148
137,0.528374
138,0.361687
139,0.40608
140,0.472394
141,0.615952
142,0.567323
143,0.585643
144,0.620856
145,0.66734
146,0.686533
147,0.805233
148,0.804288
149,0.794264
150,0.837965
151,0.826774
152,0.807894
153,0.798625
154,0.858686
155,0.865032
156,0.875116
157,0.804265
158,0.817982
159,0.828881
160,0.840194
161,0.893949
162,0.865463
163,0.740938
164,0.807563
165,0.750656
166,0.935442
167,0.88128
168,0.844403
169,0.887881
170,0.877864
171,0.887651
172,0.886724
173,0.903229
174,0.920378
175,0.899324
176,0.898586
177,0.904086
178,0.898075
179,0.905331
180,0.902593
181,0.908773
182,0.915663
183,0.919741
184,0.917527
185,0.913945
186,0.909939
187,0.908472
188,0.904859
189,0.9164
190,0.899359
191,0.856042
192,0.853312
193,0.839303
194,0.808179
195,0.813854
196,0.785851
197,0.692054
198,0.714329
199,0.704083
200,0.776501
201,0.891271
202,0.867169
203,0.856905
204,0.852853
205,0.894465
206,0.895664
207,0.896586
208,0.897362
209,0.92852
210,0.926943
211,0.973364
212,0.837656
213,0.696441
214,0.824072
215,0.622139
216,0.614621
217,0.44211
218,0.607593
219,0.395351
220,0.395412
221,0.442832
222,0.413771
223,0.375195
224,0.495556
225,0.439318
226,0.388573
227,0.587249
228,0.498449
229,0.394562
230,0.508505
231,0.277875
232,0.372588
233,0.454951
234,0.388904
235,0.455181
236,0.452292
237,0.299089
238,0.206262
239,0.228979
240,0.227092
241,0.677068
242,0.612346
243,0.385492
244,0.074506
245,0.102446
246,0.079021
247,0.086261
248,0.088491
249,0.173968
250,0.174408
251,0.277635
252,0.282759
253,0.274388
254,0.28937
255,0.258793
256,0.291474
257,0.366096
258,0.507338
259,0.712385
260,0.456145
261,0.548072
262,0.84042
263,0.893027
264,0.909864
265,0.953647
266,0.949772
267,0.92107
268,0.852705
269,0.799394
270,0.836456
271,0.784784
272,0.776006
273,0.774378
274,0.83938
275,0.77451
276,0.571961
277,0.698435
278,0.825044
279,0.925416
280,0.911011
281,0.721869
282,0.725833
283,0.668387
284,0.447652
285,0.341439
286,0.324989
287,0.311096
288,0.418753
289,0.485957
290,0.447936
291,0.495274
292,0.52568
293,0.447403
294,0.656642
295,0.948072
296,0.897738
297,0.896453
298,0.931603
299,0.805364
300,0.631805
301,0.51683
302,0.484338
303,0.500839
304,0.728639
305,0.653038
306,0.72366
307,0.731949
308,0.757805
309,0.741929
310,0.735796
311,0.75592
312,0.735668
313,0.690292
314,0.663596
315,0.649127
316,0.638949
317,0.634886
318,0.663506
319,0.796985
320,0.804438
321,0.599383
322,0.561414
323,0.348933
324,0.515759
325,0.315668
326,0.151263
327,0.055661
328,0.093053
329,0.19626
330,0.42171
331,0.466498
332,0.732727
333,0.765589
334,0.766789
335,0.766661
336,0.596351
337,0.462916
338,0.535498
339,0.733531
340,0.728461
341,0.61091
342,0.594218
343,0.609596
344,0.738038
345,0.812896
346,0.882147
347,0.84727
348,0.818629
349,0.832445
350,0.761337
351,0.72229
352,0.777869
353,0.763396
