1,0.951117
2,0.942996
3,0.95012
4,0.958938
5,0.953385
6,0.87428
7,0.906041
8,0.930052
9,0.894332
10,0.89836
11,0.925764
12,0.955125
13,0.950513
14,0.946567
15,0.914674
16,0.91395
17,0.890598
18,0.898429
19,0.89808
20,0.898029
21,0.893532
22,0.88373
23,0.846026
24,0.853072
25,0.857032
26,0.857145
27,0.881178
28,0.893768
29,0.883202
30,0.855878
31,0.884101
32,0.883682
33,0.901871
34,0.911455
35,0.907333
36,0.893063
37,0.879693
38,0.863845
39,0.859933
40,0.853525
41,0.805632
42,0.780192
43,0.731903
44,0.617031
45,0.534297
46,0.526159
47,0.417598
48,0.416437
49,0.427197
50,0.409353
51,0.412004
52,0.310168
53,0.425323
54,0.365417
55,0.267155
56,0.137055
57,0.20665
58,0.66992
59,0.701906
60,0.734904
61,0.564226
62,0.508754
63,0.238562
64,0.470187
65,0.538277
66,0.663603
67,0.72228
68,0.768141
69,0.824996
70,0.817753
71,0.820307
72,0.750891
73,0.850665
74,0.809756
75,0.74333
76,0.789482
77,0.694271
78,0.694271
79,0.639322
80,0.667568
81,0.535922
82,0.433685
83,0.485824
84,0.469991
85,0.398602
86,0.376159
87,0.357722
88,0.340623
89,0.295624
90,0.370551
91,0.309755
92,0.305755
93,0.231514
94,0.253777
95,0.247645
96,0.252482
97,0.248574
98,0.284091
99,0.236347
100,0.230026
101,0.432995
102,0.484917
103,0.552601
104,0.574517
105,0.556393
106,0.596466
107,0.559642
108,0.581052
109,0.674064
110,0.683402
111,0.713074
112,0.625983
113,0.594926
114,0.668571
115,0.65545
116,0.664696
117,0.623698
118,0.766344
119,0.812372
120,0.807603
121,0.773982
122,0.704374
123,0.822081
124,0.766932
125,0.786686
126,0.840696
127,0.83542
128,0.847
129,0.860347
130,0.829042
131,0.763906
132,0.730703
133,0.672693
134,0.663566
135,0.68635
136,0.695779
137,0.692829
138,0.777706
139,0.759005
140,0.736714
141,0.710162
142,0.680232
143,0.661086
144,0.621847
145,0.450178
146,0.481262
147,0.42637
148,0.513021
149,0.527601
150,0.653961
151,0.654605
152,0.691289
153,0.578596
154,0.504436
155,0.511375
156,0.509543
157,0.488217
158,0.616113
159,0.580966
160,0.650995
161,0.63136
162,0.630474
163,0.632709
164,0.628007
165,0.659775
166,0.636872
167,0.625464
168,0.643395
169,0.725035
170,0.740553
171,0.725527
172,0.743777
173,0.687438
174,0.723041
175,0.716316
176,0.725573
177,0.759167
178,0.756377
179,0.703438
180,0.672398
181,0.627585
182,0.641671
183,0.60677
184,0.502425
185,0.636024
186,0.618705
187,0.667622
188,0.647091
189,0.570671
190,0.581868
191,0.573461
192,0.557989
193,0.585705
194,0.567916
195,0.717583
196,0.744956
197,0.757378
198,0.646405
199,0.637693
200,0.720445
201,0.703979
202,0.732692
203,0.741991
204,0.78513
205,0.744136
206,0.808094
207,0.781522
208,0.785341
209,0.763152
210,0.808085
211,0.712921
212,0.769969
213,0.669916
214,0.631454
215,0.619976
216,0.441573
217,0.481243
218,0.579768
219,0.679187
220,0.693373
221,0.637065
222,0.696977
223,0.706782
224,0.731085
225,0.578933
226,0.660582
227,0.542429
228,0.511316
229,0.593202
230,0.583998
231,0.637897
232,0.640413
233,0.604346
234,0.564631
235,0.542927
236,0.596053
237,0.535725
238,0.496951
239,0.54881
240,0.492112
241,0.512031
242,0.732909
243,0.61666
244,0.620345
245,0.644021
246,0.639158
247,0.342875
248,0.220219
249,0.168794
250,0.350402
251,0.340172
252,0.261186
253,0.356545
254,0.385148
255,0.517986
256,0.508583
257,0.712008
258,0.895974
259,0.944597
260,0.832446
261,0.806252
262,0.898296
263,0.953328
264,0.94881
265,0.857274
266,0.838482
267,0.833448
268,0.868346
269,0.843905
270,0.873996
271,0.857326
272,0.865097
273,0.871232
274,0.86461
275,0.832397
276,0.845064
277,0.911806
278,0.880649
279,0.838073
280,0.843809
281,0.864883
282,0.828985
283,0.780793
284,0.827541
285,0.804997
286,0.719257
287,0.871289
288,0.808072
289,0.878291
290,0.857831
291,0.834838
292,0.835637
293,0.842248
294,0.900034
295,0.895695
296,0.889614
297,0.911598
298,0.928854
299,0.936697
300,0.94913
301,0.933093
302,0.9418
303,0.93224
304,0.932138
305,0.916506
306,0.880465
307,0.886051
308,0.87444
309,0.871115
310,0.907314
311,0.933576
312,0.939356
313,0.932844
314,0.928772
315,0.943076
316,0.946379
317,0.93284
318,0.918333
319,0.934524
320,0.931162
321,0.917008
322,0.916089
323,0.91369
324,0.901867
325,0.845052
326,0.861715
327,0.876103
328,0.866541
329,0.881678
330,0.866015
331,0.875757
332,0.870209
333,0.852482
334,0.87015
335,0.842599
336,0.869618
337,0.891738
338,0.886077
339,0.88627
340,0.884877
341,0.888748
342,0.867584
343,0.890593
344,0.880384
345,0.89001
346,0.948426
347,0.950119
348,0.94955
349,0.963705
350,0.968685
351,0.970415
352,0.969476
353,0.969745
354,0.965921
355,0.96064
356,0.962852
357,0.965173
358,0.962129
359,0.96532
360,0.966289
361,0.965694
362,0.959784
363,0.96319
364,0.964517
365,0.96621
366,0.966625
367,0.966105
368,0.963838
369,0.964508
370,0.959386
371,0.952991
372,0.959446
373,0.955414
374,0.949955
375,0.953051
376,0.953389
377,0.95677
378,0.963832
379,0.963553
380,0.96844
381,0.972289
382,0.964713
383,0.957401
384,0.955874
385,0.974126
386,0.973842
387,0.970887
388,0.970294
389,0.966612
390,0.971154
391,0.966579
392,0.961779
393,0.958998
394,0.959954
395,0.948049
396,0.950623
397,0.94683
398,0.949608
399,0.94326
400,0.949501
401,0.947884
402,0.957143
403,0.960435
404,0.967671
405,0.96142
406,0.952519
407,0.945304
408,0.931546
409,0.91881
410,0.927294
411,0.928966
412,0.929914
413,0.935701
414,0.940124
415,0.942508
416,0.948063
417,0.94126
418,0.949952
419,0.957521
420,0.966462
421,0.956226
422,0.960029
423,0.958174
424,0.952741
425,0.95766
426,0.954988
427,0.953543
428,0.960078
429,0.954404
430,0.946339
431,0.940291
432,0.954066
433,0.96751
434,0.967475
435,0.957966
436,0.950059
437,0.914494
438,0.936459
439,0.904351
440,0.844892
441,0.872392
442,0.869533
443,0.80614
444,0.830984
445,0.82754
446,0.907641
447,0.84106
448,0.903364
449,0.895933
450,0.919035
451,0.931305
452,0.914514
453,0.904049
454,0.925996
455,0.939089
456,0.947614
457,0.933612
458,0.927491
459,0.945456
460,0.952132
461,0.956734
462,0.930703
463,0.900771
464,0.89296
465,0.792543
466,0.875237
467,0.822939
468,0.333227
469,0.449984
470,0.641316
471,0.851914
472,0.902291
473,0.94473
474,0.943897
475,0.91043
476,0.892088
477,0.887012
478,0.871892
479,0.938046
480,0.932736
481,0.935695
482,0.930525
483,0.928216
484,0.92974
485,0.959417
486,0.936836
487,0.936801
488,0.939215
489,0.938471
490,0.927359
491,0.901454
492,0.91268
493,0.94445
494,0.928138
495,0.864221
496,0.868374
497,0.791187
498,0.92893
499,0.822868
500,0.877307
501,0.937608
502,0.957321
503,0.964697
504,0.960761
505,0.968121
506,0.95699
507,0.960836
508,0.961248
509,0.962276
510,0.964593
511,0.961393
512,0.956178
513,0.934995
514,0.92045
515,0.908322
516,0.909015
517,0.911194
518,0.922985
519,0.911702
520,0.950466
521,0.952421
522,0.942009
523,0.956037
524,0.970849
525,0.979721
526,0.982954
527,0.988583
528,0.979937
529,0.980168
530,0.970907
531,0.971575
532,0.996203
533,0.995996
534,0.936956
535,0.954994
536,0.966479
537,0.973328
538,0.97389
539,0.97501
540,0.980574
541,0.986513
542,0.985268
543,0.98668
544,0.985333
545,0.986811
546,0.987286
547,0.986048
548,0.983559
549,0.978859
550,0.967803
551,0.946267
552,0.946435
553,0.976957
554,0.981047
555,0.934263
556,0.966137
557,0.959243
558,0.955658
559,0.948151
560,0.946835
561,0.941666
562,0.948549
563,0.946186
564,0.941856
565,0.929089
566,0.91824
567,0.912751
568,0.924419
569,0.91937
570,0.923583
571,0.90612
572,0.916182
573,0.908507
574,0.900676
575,0.86491
576,0.865037
577,0.870321
578,0.870449
579,0.843873
580,0.837132
581,0.838551
582,0.81959
583,0.801472
584,0.988532
585,0.98852
586,0.861395
587,0.825649
588,0.898341
589,0.895529
590,0.869512
591,0.88062
592,0.868677
593,0.888993
594,0.891834
595,0.88675
596,0.891918
597,0.875564
598,0.872835
599,0.871725
600,0.94107
601,0.869987
602,0.861106
603,0.890915
604,0.860494
605,0.899417
606,0.898435
607,0.779218
608,0.857901
609,0.850761
610,0.88459
611,0.906413
612,0.905427
613,0.92021
614,0.922465
615,0.909882
616,0.909016
617,0.923942
618,0.928829
619,0.930233
620,0.936242
621,0.938371
622,0.947673
623,0.940003
624,0.945149
625,0.950462
626,0.952513
627,0.947841
628,0.947703
629,0.944948
630,0.950518
631,0.946082
632,0.948203
633,0.942136
634,0.948402
635,0.948429
636,0.952722
637,0.964888
638,0.964881
639,0.96484
640,0.95767
641,0.956847
642,0.953633
643,0.944718
644,0.916598
645,0.924615
646,0.928491
647,0.924868
648,0.934963
649,0.945262
650,0.929727
651,0.923976
652,0.920518
653,0.927386
654,0.926569
655,0.91601
656,0.913806
657,0.884814
658,0.883989
659,0.877391
660,0.868719
661,0.839743
662,0.837137
663,0.83703
664,0.81657
665,0.831284
666,0.80277
667,0.778828
668,0.744138
669,0.761026
670,0.760325
671,0.756186
672,0.72324
673,0.750883
674,0.783533
675,0.773913
676,0.722033
677,0.72023
678,0.75338
679,0.733784
680,0.758566
681,0.783061
682,0.753201
683,0.888719
684,0.735715
685,0.869896
686,0.8743
687,0.870308
688,0.863951
689,0.852638
690,0.860481
691,0.841871
692,0.840497
693,0.873195
694,0.881228
695,0.887193
696,0.905998
697,0.89733
698,0.897363
699,0.895171
700,0.913345
701,0.918833
702,0.933086
703,0.935572
704,0.947393
705,0.943659
706,0.9493
707,0.943165
708,0.937504
709,0.920104
710,0.930231
711,0.920772
712,0.931712
713,0.928757
714,0.949892
715,0.882453
716,0.868769
717,0.875349
718,0.867875
719,0.841654
720,0.862602
721,0.841845
722,0.88657
723,0.845749
724,0.845888
725,0.840494
726,0.87241
727,0.878523
728,0.882278
729,0.874819
730,0.868673
731,0.791169
732,0.772334
733,0.832874
734,0.822031
735,0.704685
736,0.847709
737,0.732466
738,0.843858
739,0.69424
740,0.735609
741,0.679845
742,0.710417
743,0.68481
744,0.63004
745,0.689405
746,0.715989
747,0.778376
748,0.765094
749,0.780535
750,0.762307
751,0.625723
752,0.668903
753,0.45578
754,0.56245
755,0.581303
756,0.608856
757,0.556466
758,0.568258
759,0.560987
760,0.505387
761,0.485566
762,0.364196
763,0.323781
764,0.32393
765,0.315221
766,0.303616
767,0.352566
768,0.35682
769,0.682451
770,0.730543
771,0.744344
772,0.823011
773,0.758077
774,0.797519
775,0.787028
776,0.702118
777,0.642269
778,0.67913
779,0.532885
780,0.561061
781,0.557513
782,0.545641
783,0.532602
784,0.538411
785,0.50499
786,0.515083
787,0.476524
788,0.443798
789,0.416115
790,0.513546
791,0.522111
792,0.548407
793,0.621639
794,0.585323
795,0.581399
796,0.693664
797,0.665911
798,0.672047
799,0.781044
800,0.741249
801,0.739946
802,0.746694
803,0.753665
804,0.691209
805,0.631174
806,0.710386
807,0.761597
808,0.771151
809,0.695162
810,0.62646
811,0.583504
812,0.621846
813,0.609328
814,0.67076
815,0.613587
816,0.604409
817,0.701387
818,0.658812
819,0.652449
820,0.718737
821,0.719464
822,0.743393
823,0.794498
824,0.796132
825,0.860705
826,0.579468
827,0.642495
828,0.672059
829,0.660305
830,0.633447
831,0.536332
832,0.604886
833,0.623024
834,0.604026
835,0.514336
836,0.617955
837,0.551461
838,0.572158
839,0.535944
840,0.564817
841,0.563159
842,0.567217
843,0.607777
844,0.71324
845,0.725883
846,0.708442
847,0.703081
848,0.679901
849,0.657913
850,0.654883
851,0.675754
852,0.673457
853,0.721758
854,0.684675
855,0.644919
856,0.598818
857,0.652211
858,0.628817
859,0.589678
860,0.57058
861,0.612238
862,0.58622
863,0.599589
864,0.58915
865,0.611395
866,0.600326
867,0.592273
868,0.597335
869,0.584155
870,0.544382
871,0.501827
872,0.504131
873,0.584135
874,0.611592
875,0.621719
876,0.676433
877,0.663831
878,0.662503
879,0.643115
880,0.658247
881,0.669261
882,0.681978
883,0.674612
884,0.681008
885,0.683956
886,0.643746
887,0.588234
888,0.598091
889,0.526541
890,0.589589
891,0.576242
892,0.603563
893,0.542809
894,0.554573
895,0.566031
896,0.596466
897,0.584253
898,0.578916
899,0.553199
900,0.559013
901,0.463416
902,0.500542
903,0.499947
904,0.495902
905,0.444861
906,0.418673
907,0.390769
908,0.44053
909,0.500084
910,0.556484
911,0.506454
912,0.604185
913,0.690685
914,0.637461
915,0.666363
916,0.678052
917,0.506542
918,0.515119
919,0.52641
920,0.516066
921,0.528646
922,0.472066
923,0.536802
924,0.576989
925,0.543239
926,0.545679
927,0.560245
928,0.671708
929,0.665413
930,0.807004
931,0.663094
932,0.749954
933,0.735943
934,0.748194
935,0.801998
936,0.762432
937,0.721187
938,0.76666
939,0.761607
940,0.763648
941,0.776867
942,0.777573
943,0.723466
944,0.758998
945,0.756925
946,0.748405
947,0.716357
948,0.742361
949,0.79073
950,0.807425
951,0.808424
952,0.772236
953,0.809199
954,0.769548
955,0.760796
956,0.769803
957,0.734779
958,0.760726
959,0.67087
960,0.66583
961,0.739731
962,0.730789
963,0.727446
964,0.770697
965,0.775426
966,0.777182
967,0.768847
968,0.762268
969,0.703218
970,0.644147
971,0.599316
972,0.602167
973,0.753682
974,0.789638
975,0.741397
976,0.71995
977,0.744329
978,0.724869
979,0.779202
980,0.787861
981,0.71537
982,0.655814
983,0.667017
984,0.737232
985,0.559117
986,0.550176
987,0.516002
988,0.539131
989,0.502107
990,0.455825
991,0.485931
992,0.50022
993,0.484939
994,0.456611
995,0.46093
996,0.431602
997,0.531568
998,0.595247
999,0.582444
1000,0.537844
1001,0.608688
1002,0.620532
1003,0.597256
1004,0.645879
1005,0.636585
1006,0.647892
1007,0.617131
1008,0.652929
1009,0.828914
1010,0.745681
1011,0.845852
1012,0.826634
1013,0.81013
1014,0.822493
1015,0.84927
1016,0.866148
1017,0.86935
1018,0.885295
1019,0.887629
1020,0.898347
1021,0.813127
1022,0.835353
1023,0.823738
1024,0.79524
1025,0.814339
1026,0.815257
1027,0.809042
1028,0.807005
1029,0.778972
1030,0.792309
1031,0.817341
1032,0.802626
1033,0.8886
1034,0.884929
1035,0.88565
1036,0.833783
1037,0.853938
1038,0.802879
1039,0.786098
1040,0.787018
1041,0.754831
1042,0.844466
1043,0.850677
1044,0.841541
1045,0.873605
1046,0.877766
1047,0.883855
1048,0.879901
1049,0.875615
1050,0.860642
1051,0.863535
1052,0.850046
1053,0.862712
1054,0.876555
1055,0.866408
1056,0.861427
1057,0.874318
1058,0.871154
1059,0.862966
1060,0.876193
1061,0.882815
1062,0.881301
1063,0.876944
1064,0.879361
1065,0.882458
1066,0.882501
1067,0.844222
1068,0.826723
1069,0.819544
1070,0.837627
1071,0.858796
1072,0.850889
1073,0.859212
1074,0.855798
1075,0.84879
1076,0.859395
1077,0.863985
1078,0.8607
1079,0.86348
1080,0.837617
1081,0.739254
1082,0.738982
1083,0.82818
1084,0.841223
1085,0.84572
1086,0.746803
1087,0.767356
1088,0.774967
1089,0.861073
1090,0.863686
1091,0.836208
1092,0.813828
1093,0.832711
1094,0.847808
1095,0.869374
1096,0.877442
1097,0.870649
1098,0.86071
1099,0.840575
1100,0.830837
1101,0.816648
1102,0.824705
1103,0.80808
1104,0.792357
1105,0.827511
1106,0.827753
1107,0.857273
1108,0.880547
1109,0.871781
1110,0.859937
1111,0.843013
1112,0.856933
1113,0.859838
1114,0.809182
1115,0.862892
1116,0.851217
1117,0.758037
1118,0.758643
1119,0.735637
1120,0.7386
1121,0.723995
1122,0.729365
1123,0.721642
1124,0.699382
1125,0.678362
1126,0.769052
1127,0.794974
1128,0.778673
1129,0.700953
1130,0.746559
1131,0.774294
1132,0.764092
1133,0.765019
1134,0.766313
1135,0.740682
1136,0.733018
1137,0.778794
1138,0.792598
1139,0.795688
1140,0.783793
1141,0.748024
1142,0.723114
1143,0.753362
1144,0.756979
1145,0.757422
1146,0.761815
1147,0.749622
1148,0.813433
1149,0.81358
1150,0.80791
1151,0.794314
1152,0.792806
1153,0.828529
1154,0.8305
1155,0.829554
1156,0.705248
1157,0.672423
1158,0.682263
1159,0.818144
1160,0.779285
1161,0.700348
1162,0.749132
1163,0.694112
1164,0.686956
1165,0.760014
1166,0.739811
1167,0.722954
1168,0.714709
1169,0.743212
1170,0.745992
1171,0.709592
1172,0.699352
1173,0.669609
1174,0.694819
1175,0.680663
1176,0.640847
1177,0.729889
1178,0.745078
1179,0.742981
1180,0.733629
1181,0.74354
1182,0.739254
1183,0.650611
1184,0.627545
1185,0.633231
1186,0.596819
1187,0.588436
1188,0.585766
1189,0.643364
1190,0.617099
1191,0.60329
1192,0.59887
1193,0.612025
1194,0.593752
1195,0.616408
1196,0.629004
1197,0.634098
1198,0.608126
1199,0.617696
1200,0.645522
1201,0.679189
1202,0.758578
1203,0.688257
1204,0.791469
1205,0.773263
1206,0.778653
1207,0.748435
1208,0.76595
1209,0.773951
1210,0.781427
1211,0.789736
1212,0.794937
1213,0.804175
1214,0.781083
1215,0.762101
1216,0.774799
1217,0.77877
1218,0.773539
1219,0.788847
1220,0.737604
1221,0.712468
1222,0.73641
1223,0.741178
1224,0.774889
1225,0.739624
1226,0.770329
1227,0.723537
1228,0.745661
1229,0.720996
1230,0.708915
1231,0.672164
1232,0.70125
1233,0.674171
1234,0.649007
1235,0.687444
1236,0.624506
1237,0.663257
1238,0.507598
1239,0.602739
1240,0.621715
1241,0.555569
1242,0.620342
1243,0.472189
1244,0.449218
1245,0.418052
1246,0.400912
1247,0.217597
1248,0.286019
1249,0.428476
1250,0.435474
1251,0.493449
1252,0.483064
1253,0.399572
1254,0.503385
1255,0.564152
1256,0.583297
1257,0.585797
1258,0.504006
1259,0.515784
1260,0.570434
1261,0.499746
1262,0.54313
1263,0.675265
1264,0.71231
1265,0.702729
1266,0.743025
1267,0.72436
1268,0.753018
1269,0.748092
1270,0.713487
1271,0.764154
1272,0.787275
1273,0.794198
1274,0.803491
1275,0.806927
1276,0.806637
1277,0.819335
1278,0.813662
1279,0.806127
1280,0.815272
1281,0.812413
1282,0.774644
1283,0.771874
1284,0.770159
1285,0.618196
1286,0.675878
1287,0.630593
1288,0.638149
1289,0.669851
1290,0.665083
1291,0.653913
1292,0.646707
1293,0.644816
1294,0.633334
1295,0.612651
1296,0.618941
1297,0.603571
1298,0.634968
1299,0.659409
1300,0.715291
1301,0.691058
1302,0.743479
1303,0.73662
1304,0.75131
1305,0.788766
1306,0.775815
1307,0.782992
1308,0.761651
1309,0.806426
1310,0.809176
1311,0.818839
1312,0.837124
1313,0.822155
1314,0.813956
1315,0.81376
1316,0.814643
1317,0.81402
1318,0.819819
1319,0.82008
1320,0.819689
1321,0.836536
1322,0.834825
1323,0.826436
1324,0.839938
1325,0.872365
1326,0.87284
1327,0.858744
1328,0.853826
1329,0.860931
1330,0.857155
1331,0.882903
1332,0.886621
1333,0.894952
1334,0.899831
1335,0.879531
1336,0.908658
1337,0.900482
1338,0.9051
1339,0.89241
1340,0.894499
1341,0.908328
1342,0.902638
1343,0.914232
1344,0.896416
1345,0.897007
1346,0.897866
1347,0.876787
1348,0.868803
1349,0.848046
1350,0.838244
1351,0.894845
1352,0.821882
1353,0.752755
