1,0.996638
2,0.996982
3,0.995707
4,0.995088
5,0.990985
6,0.996859
7,0.992675
8,0.992232
9,0.992196
10,0.989722
11,0.975635
12,0.977237
13,0.991995
14,0.986803
15,0.982691
16,0.990037
17,0.989917
18,0.990764
19,0.988448
20,0.989405
21,0.989479
22,0.988306
23,0.976436
24,0.979979
25,0.991859
26,0.977754
27,0.982931
28,0.990115
29,0.988488
30,0.989382
31,0.987519
32,0.987997
33,0.986985
34,0.987773
35,0.988465
36,0.988196
37,0.985226
38,0.983986
39,0.983277
40,0.983952
41,0.982288
42,0.980502
43,0.989638
44,0.976022
45,0.973104
46,0.951861
47,0.956576
48,0.976942
49,0.978649
50,0.9886
51,0.956542
52,0.867713
53,0.955956
54,0.933942
55,0.842248
56,0.91028
57,0.913502
58,0.926434
59,0.911063
60,0.915628
61,0.94504
62,0.938469
63,0.933656
64,0.90192
65,0.93213
66,0.899908
67,0.892021
68,0.929995
69,0.928792
70,0.933234
71,0.935129
72,0.944668
73,0.943347
74,0.918284
75,0.923934
76,0.949103
77,0.953077
78,0.901037
79,0.876592
80,0.895696
81,0.85603
82,0.83694
83,0.836678
84,0.759999
85,0.750562
86,0.70949
87,0.704441
88,0.638449
89,0.544605
90,0.736365
91,0.780155
92,0.7722
93,0.855794
94,0.895229
95,0.884194
96,0.875482
97,0.789986
98,0.738616
99,0.858596
100,0.915358
101,0.918129
102,0.946106
103,0.942063
104,0.932925
105,0.930188
106,0.930992
107,0.957508
108,0.952314
109,0.94114
110,0.950847
111,0.759501
112,0.384341
113,0.09526
114,0.07371
115,0.03992
116,0.037969
117,0.038328
118,0.026084
119,0.012718
120,0.011536
121,0.01771
122,0.0182
123,0.021298
124,0.014688
125,0.018287
126,0.007067
127,0.00342
128,0.003506
129,0.026828
130,0.598631
131,0.956302
132,0.967099
133,0.976132
134,0.976372
135,0.981105
136,0.968179
137,0.98044
138,0.97763
139,0.978411
140,0.97962
141,0.989065
142,0.986858
143,0.983699
144,0.981622
145,0.77709
146,0.848669
147,0.908215
148,0.974403
149,0.970782
150,0.98291
151,0.971431
152,0.978606
153,0.977202
154,0.977995
155,0.988803
156,0.992494
157,0.981748
158,0.988437
159,0.990482
160,0.990566
161,0.992133
162,0.993262
163,0.992741
164,0.992476
165,0.98961
166,0.990039
167,0.992468
168,0.987715
169,0.985976
170,0.985892
171,0.990722
172,0.990749
173,0.989912
174,0.991039
175,0.990937
176,0.99131
177,0.991692
178,0.993455
179,0.99413
180,0.996233
181,0.99589
182,0.995143
183,0.993571
184,0.992626
185,0.990988
186,0.990974
187,0.992628
188,0.995038
189,0.994911
190,0.994312
191,0.994651
192,0.994942
193,0.993808
194,0.99387
195,0.993786
196,0.993788
197,0.992794
198,0.992469
199,0.991338
200,0.985484
201,0.989201
202,0.986732
203,0.99104
204,0.990957
205,0.989741
206,0.984622
207,0.987753
208,0.992853
209,0.992232
210,0.991123
211,0.991486
212,0.990174
213,0.988983
214,0.98853
215,0.989164
216,0.987386
217,0.989063
218,0.985434
219,0.985978
220,0.981486
221,0.984737
222,0.980692
223,0.774241
224,0.785263
225,0.952761
226,0.977046
227,0.965282
228,0.975723
229,0.986684
230,0.989035
231,0.983085
232,0.986011
233,0.98365
234,0.983374
235,0.97936
236,0.976905
237,0.980085
238,0.982141
239,0.987407
240,0.9825
241,0.977951
242,0.978768
243,0.978349
244,0.980627
245,0.979237
246,0.97649
247,0.97443
248,0.973622
249,0.973919
250,0.97688
251,0.981344
252,0.575579
253,0.006243
254,0.003659
255,0.007187
256,0.004171
257,0.002507
258,0.003703
259,0.001986
260,0.002548
261,0.002891
262,0.003502
263,0.004118
264,0.003976
265,0.003183
266,0.005913
267,0.006857
268,0.005959
269,0.005438
270,0.016219
271,0.00271
272,0.001895
273,0.001633
274,0.001743
275,0.005567
276,0.003111
277,0.006245
278,0.005117
279,0.105624
280,0.956471
281,0.95441
282,0.932314
283,0.894097
284,0.942223
285,0.936089
286,0.948197
287,0.967941
288,0.964549
289,0.976682
290,0.980788
291,0.990595
292,0.988676
293,0.988992
294,0.992122
295,0.991368
296,0.989338
297,0.984875
298,0.988732
299,0.975783
300,0.977267
301,0.981312
302,0.980969
303,0.980206
304,0.979871
305,0.980122
306,0.980296
307,0.980933
308,0.978656
309,0.980205
310,0.973062
311,0.980617
312,0.984387
313,0.981628
314,0.816187
315,0.024081
316,0.01895
317,0.006414
318,0.00935
319,0.00771
320,0.010312
321,0.008956
322,0.822416
323,0.787158
324,0.872703
325,0.986631
326,0.980124
327,0.980634
328,0.982241
329,0.98172
330,0.985048
331,0.984946
332,0.98516
333,0.977857
334,0.978034
335,0.977836
336,0.976972
337,0.146353
338,0.042319
339,0.041148
340,0.089876
341,0.044634
342,0.059924
343,0.044113
344,0.047808
345,0.040104
346,0.036578
347,0.051674
348,0.057206
349,0.043396
350,0.467569
351,0.862956
352,0.967026
353,0.979411
354,0.97729
355,0.979874
356,0.987625
357,0.991341
358,0.992552
359,0.958789
360,0.895114
361,0.793492
362,0.658312
363,0.044493
364,0.01983
365,0.013282
366,0.013358
367,0.012831
368,0.016138
369,0.024487
370,0.019745
371,0.002855
372,0.003226
373,0.003341
374,0.004199
375,0.003571
376,0.003531
377,0.003505
378,0.003263
379,0.003758
380,0.013182
381,0.01003
382,0.010646
383,0.009964
384,0.008341
385,0.009593
386,0.006244
387,0.005328
388,0.004951
389,0.007896
390,0.009501
391,0.00753
392,0.01204
393,0.008309
394,0.00656
395,0.005603
396,0.007595
397,0.006411
398,0.008954
399,0.004044
400,0.003247
401,0.002877
402,0.006175
403,0.003634
404,0.002804
405,0.004915
406,0.004417
407,0.007893
408,0.008535
409,0.010162
410,0.003234
411,0.00715
412,0.005229
413,0.005416
414,0.006136
415,0.006736
416,0.004578
417,0.00447
418,0.002531
419,0.002432
420,0.002738
421,0.00175
422,0.001067
423,0.001881
424,0.002224
425,0.001933
426,0.001275
427,0.001182
428,0.001068
429,0.00116
430,0.001413
431,0.001286
432,0.001541
433,0.002776
434,0.002146
435,0.006037
436,0.007557
437,0.007307
438,0.010428
439,0.022929
440,0.006266
441,0.008797
442,0.00679
443,0.007365
444,0.009007
445,0.022093
446,0.016891
447,0.017668
448,0.009538
449,0.013012
450,0.010198
451,0.008871
452,0.008257
453,0.010617
454,0.002153
455,0.003932
456,0.031668
457,0.810515
458,0.957033
459,0.962469
460,0.939451
461,0.980871
462,0.970971
463,0.977597
464,0.968899
465,0.979316
466,0.990305
467,0.978905
468,0.975042
469,0.980352
470,0.970752
471,0.942537
472,0.9521
473,0.99081
474,0.975791
475,0.696803
476,0.586913
477,0.420493
478,0.163783
479,0.121245
480,0.023375
481,0.014817
482,0.013411
483,0.008623
484,0.00973
485,0.027343
486,0.016477
487,0.023811
488,0.024045
489,0.028846
490,0.025057
491,0.021035
492,0.019279
493,0.02179
494,0.011538
495,0.017397
496,0.090799
497,0.065893
498,0.043875
499,0.05709
500,0.039125
501,0.045866
502,0.054501
503,0.061546
504,0.042999
505,0.030514
506,0.026127
507,0.029875
508,0.020537
509,0.034762
510,0.035991
511,0.03782
512,0.051563
513,0.055853
514,0.467429
515,0.962537
516,0.894035
517,0.868502
518,0.957699
519,0.957544
520,0.977485
521,0.981682
522,0.988913
523,0.978181
524,0.991567
525,0.994211
526,0.994806
527,0.995737
528,0.969849
529,0.964724
530,0.972705
531,0.965351
532,0.965711
533,0.993901
534,0.990686
535,0.99012
536,0.982475
537,0.748248
538,0.717819
539,0.198566
540,0.043967
541,0.081792
542,0.056716
543,0.06968
544,0.0483
545,0.079571
546,0.068358
547,0.040095
548,0.036276
549,0.007969
550,0.010409
551,0.006093
552,0.003579
553,0.004928
554,0.005912
555,0.005215
556,0.005654
557,0.00395
558,0.006238
559,0.004961
560,0.000914
561,0.003386
562,0.004575
563,0.00714
564,0.008659
565,0.0124
566,0.01533
567,0.013263
568,0.013611
569,0.013779
570,0.034404
571,0.0338
572,0.032734
573,0.013839
574,0.014431
575,0.012741
576,0.005768
577,0.009559
578,0.007705
579,0.009492
580,0.011006
581,0.010708
582,0.011697
583,0.01418
584,0.013728
585,0.014357
586,0.014695
587,0.022511
588,0.012613
589,0.063387
590,0.035615
591,0.588678
592,0.981348
593,0.949005
594,0.949975
595,0.982549
596,0.9821
597,0.968
598,0.972613
599,0.970802
600,0.855657
601,0.947541
602,0.863032
603,0.965608
604,0.923708
605,0.918364
606,0.937548
607,0.892332
608,0.910734
609,0.111458
610,0.01204
611,0.041761
612,0.028674
613,0.033658
614,0.05577
615,0.017515
616,0.009438
617,0.017175
618,0.022638
619,0.031491
620,0.019962
621,0.009606
622,0.007099
623,0.004988
624,0.006564
625,0.008959
626,0.006638
627,0.010551
628,0.476098
629,0.966909
630,0.982517
631,0.966257
632,0.944896
633,0.966784
634,0.984425
635,0.976528
636,0.978627
637,0.987285
638,0.97723
639,0.981307
640,0.984039
641,0.984289
642,0.97649
643,0.977541
644,0.982059
645,0.979227
646,0.977414
647,0.986856
648,0.991663
649,0.986367
650,0.991381
651,0.990319
652,0.995274
653,0.986278
654,0.99134
655,0.988368
656,0.973679
657,0.974881
658,0.992433
659,0.97559
660,0.973415
661,0.994709
662,0.99242
663,0.99131
664,0.995636
665,0.992243
666,0.992568
667,0.989076
668,0.985586
669,0.985751
670,0.964289
671,0.850951
672,0.888859
673,0.184785
674,0.103076
675,0.05416
676,0.043665
677,0.06948
678,0.022361
679,0.044836
680,0.071407
681,0.051609
682,0.501801
683,0.776909
684,0.950113
685,0.97304
686,0.963248
687,0.897221
688,0.982325
689,0.981673
690,0.98388
691,0.954266
692,0.93306
693,0.968455
694,0.883149
695,0.597599
696,0.610567
697,0.16231
698,0.091183
699,0.022256
700,0.022841
701,0.02456
702,0.020936
703,0.017795
704,0.0155
705,0.130161
706,0.139012
707,0.673536
708,0.876044
709,0.963517
710,0.972044
711,0.977655
712,0.984036
713,0.986499
714,0.989841
715,0.989981
716,0.992199
717,0.990116
718,0.990162
719,0.990156
720,0.990949
721,0.993215
722,0.993718
723,0.9915
724,0.991148
725,0.991672
726,0.990801
727,0.988745
728,0.994278
729,0.991102
730,0.990003
731,0.987758
732,0.990971
733,0.982972
734,0.986877
735,0.985552
736,0.985328
737,0.986888
738,0.986186
739,0.977789
740,0.966219
741,0.96581
742,0.969769
743,0.968864
744,0.089589
745,0.027766
746,0.028425
747,0.01712
748,0.018381
749,0.02107
750,0.041003
751,0.631557
752,0.554526
753,0.789642
754,0.766148
755,0.777469
756,0.804621
757,0.817733
758,0.855589
759,0.882342
760,0.848699
761,0.713002
762,0.799373
763,0.822714
764,0.871334
765,0.798844
766,0.765734
767,0.750303
768,0.714573
769,0.706763
770,0.720109
771,0.74759
772,0.696952
773,0.753412
774,0.728857
775,0.660571
776,0.652922
777,0.635354
778,0.596991
779,0.625812
780,0.593138
781,0.546672
782,0.558846
783,0.949913
784,0.672871
785,0.866963
786,0.674369
787,0.674509
788,0.409153
789,0.796249
790,0.400962
791,0.384636
792,0.728783
793,0.306473
794,0.289779
795,0.271255
796,0.47175
797,0.28263
798,0.293279
799,0.257552
800,0.371182
801,0.334668
802,0.300841
803,0.300847
804,0.3689
805,0.774733
806,0.8015
807,0.824033
808,0.766591
809,0.519411
810,0.938478
811,0.945521
812,0.930103
813,0.797903
814,0.958296
815,0.884715
816,0.864829
817,0.904083
818,0.910242
819,0.95885
820,0.974952
821,0.981285
822,0.11545
823,0.002804
824,0.009931
825,0.009557
826,0.014436
827,0.010616
828,0.011717
829,0.007322
830,0.007366
831,0.00728
832,0.135644
833,0.753263
834,0.974982
835,0.970835
836,0.983642
837,0.979946
838,0.97886
839,0.974449
840,0.981417
841,0.985441
842,0.981662
843,0.98381
844,0.986247
845,0.981444
846,0.983732
847,0.980686
848,0.981823
849,0.98023
850,0.97615
851,0.974407
852,0.979431
853,0.979996
854,0.976902
855,0.987514
856,0.984838
857,0.970106
858,0.981776
859,0.983561
860,0.98305
861,0.986174
862,0.983848
863,0.983159
864,0.98646
865,0.991104
866,0.988403
867,0.986094
868,0.987161
869,0.985781
870,0.987631
871,0.98864
872,0.988943
873,0.989868
874,0.987639
875,0.985945
876,0.983059
877,0.981663
878,0.981386
879,0.982663
880,0.981755
881,0.985073
882,0.744533
883,0.705479
884,0.362134
885,0.044949
886,0.02409
887,0.018651
888,0.016951
889,0.006163
890,0.015055
891,0.027338
892,0.02196
893,0.020523
894,0.012657
895,0.018849
896,0.15151
897,0.954397
898,0.945999
899,0.970789
900,0.990189
901,0.985877
902,0.983454
903,0.986766
904,0.984835
905,0.876316
906,0.613007
907,0.217142
908,0.063311
909,0.040501
910,0.03995
911,0.039819
912,0.022974
913,0.125987
914,0.860518
915,0.968756
916,0.978138
917,0.982067
918,0.977971
919,0.971981
920,0.981214
921,0.978571
922,0.979185
923,0.981106
924,0.973825
925,0.981767
926,0.982647
927,0.978728
928,0.984641
929,0.109077
930,0.067445
931,0.046535
932,0.035456
933,0.00685
934,0.009056
935,0.008666
936,0.12422
937,0.768639
938,0.96263
939,0.965288
940,0.968036
941,0.945442
942,0.926167
943,0.942129
944,0.958937
945,0.866734
946,0.613471
947,0.32271
948,0.112622
949,0.022042
950,0.012142
951,0.016691
952,0.027333
953,0.021768
954,0.011739
955,0.010572
956,0.013382
957,0.027719
958,0.036896
959,0.025215
960,0.017877
961,0.053435
962,0.016663
963,0.015113
964,0.017725
965,0.006757
966,0.005115
967,0.015365
968,0.032046
969,0.017754
970,0.016834
971,0.01321
972,0.005752
973,0.016775
974,0.014579
975,0.016472
976,0.015051
977,0.019756
978,0.02105
979,0.024687
980,0.026404
981,0.016698
982,0.017844
983,0.046939
984,0.941014
985,0.98908
986,0.993617
987,0.960584
988,0.990236
989,0.992975
990,0.978248
991,0.987977
992,0.991918
993,0.987871
994,0.9914
995,0.980432
996,0.217126
997,0.006406
998,0.006374
999,0.006475
1000,0.015263
1001,0.008615
1002,0.010376
1003,0.031506
1004,0.022507
1005,0.015113
1006,0.015894
1007,0.030092
1008,0.046657
1009,0.045641
1010,0.00976
1011,0.011626
1012,0.01311
1013,0.016888
1014,0.021252
1015,0.0197
1016,0.016616
1017,0.017648
1018,0.023821
1019,0.020645
1020,0.021168
1021,0.012544
1022,0.033477
1023,0.019073
1024,0.029804
1025,0.027509
1026,0.019106
1027,0.023978
1028,0.851249
1029,0.989109
1030,0.979781
1031,0.973946
1032,0.983383
1033,0.988549
1034,0.987877
1035,0.964794
1036,0.988608
1037,0.993474
1038,0.994312
1039,0.99363
1040,0.988561
1041,0.990484
1042,0.985317
1043,0.986626
1044,0.980568
1045,0.992187
1046,0.993818
1047,0.993096
1048,0.99269
1049,0.991549
1050,0.990495
1051,0.99324
1052,0.990293
1053,0.988713
1054,0.985995
1055,0.985473
1056,0.924636
1057,0.536362
1058,0.368912
1059,0.079756
1060,0.043409
1061,0.02365
1062,0.015161
1063,0.017455
1064,0.013664
1065,0.660939
1066,0.978271
1067,0.98302
1068,0.983549
1069,0.978439
1070,0.972533
1071,0.967697
1072,0.966707
1073,0.955267
1074,0.961807
1075,0.98753
1076,0.954597
1077,0.98585
1078,0.987321
1079,0.984409
1080,0.987474
1081,0.994522
1082,0.992726
1083,0.990429
1084,0.989232
1085,0.987102
1086,0.980509
1087,0.980468
1088,0.083648
1089,0.01972
1090,0.010499
1091,0.005424
1092,0.016357
1093,0.010913
1094,0.006871
1095,0.006696
1096,0.007217
1097,0.009801
1098,0.010108
1099,0.015156
1100,0.013856
1101,0.017375
1102,0.012397
1103,0.013752
1104,0.004299
1105,0.00834
1106,0.032479
1107,0.023238
1108,0.030316
1109,0.362555
1110,0.954054
1111,0.977632
1112,0.980845
1113,0.974274
1114,0.968928
1115,0.97193
1116,0.983936
1117,0.763141
1118,0.362836
1119,0.094568
1120,0.090467
1121,0.034691
1122,0.01621
1123,0.067226
1124,0.017175
1125,0.007901
1126,0.016637
1127,0.007652
1128,0.009768
1129,0.015464
1130,0.014776
1131,0.014787
1132,0.034829
1133,0.031822
1134,0.022033
1135,0.876614
1136,0.976401
1137,0.986878
1138,0.984461
1139,0.982106
1140,0.98842
1141,0.98494
1142,0.987694
1143,0.986803
1144,0.114321
1145,0.029566
1146,0.005807
1147,0.007356
1148,0.015936
1149,0.008744
1150,0.003398
1151,0.005887
1152,0.006339
1153,0.080258
1154,0.063796
1155,0.043018
1156,0.047415
1157,0.043644
1158,0.061165
1159,0.052282
1160,0.04675
1161,0.049088
1162,0.029277
1163,0.033349
1164,0.028385
1165,0.00981
1166,0.008833
1167,0.015849
1168,0.010862
1169,0.017469
1170,0.013874
1171,0.014539
1172,0.008485
1173,0.005912
1174,0.009872
1175,0.012994
1176,0.010404
1177,0.006767
1178,0.005396
1179,0.006514
1180,0.007068
1181,0.004964
1182,0.060459
1183,0.97048
1184,0.982179
1185,0.982423
1186,0.991967
1187,0.988703
1188,0.991263
1189,0.98044
1190,0.982732
1191,0.986174
1192,0.98329
1193,0.989728
1194,0.988035
1195,0.989778
1196,0.991743
1197,0.990306
1198,0.987852
1199,0.821833
1200,0.016238
1201,0.028577
1202,0.03322
1203,0.025594
1204,0.037524
1205,0.035467
1206,0.023381
1207,0.040866
1208,0.010172
1209,0.008479
1210,0.003865
1211,0.004082
1212,0.003846
1213,0.018851
1214,0.121113
1215,0.229143
1216,0.548751
1217,0.943055
1218,0.980748
1219,0.979946
1220,0.975854
1221,0.976406
1222,0.979842
1223,0.978697
1224,0.980442
1225,0.975141
1226,0.970433
1227,0.973481
1228,0.990573
1229,0.991791
1230,0.992354
1231,0.993828
1232,0.99375
1233,0.995314
1234,0.98318
1235,0.834872
1236,0.580938
1237,0.347987
1238,0.052005
1239,0.015045
1240,0.023536
1241,0.017051
1242,0.018679
1243,0.033328
1244,0.037703
1245,0.026614
1246,0.024414
1247,0.029249
1248,0.029715
1249,0.085686
1250,0.448567
1251,0.9432
1252,0.941428
1253,0.945462
1254,0.886723
1255,0.838689
1256,0.860329
1257,0.839539
1258,0.964958
1259,0.917687
1260,0.911268
1261,0.864348
1262,0.927359
1263,0.920781
1264,0.975083
1265,0.966663
1266,0.958682
1267,0.955141
1268,0.967299
1269,0.946346
1270,0.951409
1271,0.947462
1272,0.873956
1273,0.899463
1274,0.8593
1275,0.785777
1276,0.804304
1277,0.880672
1278,0.856369
1279,0.826769
1280,0.84018
1281,0.841408
1282,0.562693
1283,0.682436
1284,0.023557
1285,0.003465
1286,0.002619
1287,0.005892
1288,0.013417
1289,0.012024
1290,0.010349
1291,0.013104
1292,0.141184
1293,0.179062
1294,0.26954
1295,0.30467
1296,0.282225
1297,0.466554
1298,0.54014
1299,0.62577
1300,0.647471
1301,0.539571
1302,0.016785
1303,0.005892
1304,0.009764
1305,0.011393
1306,0.006679
1307,0.004247
1308,0.007459
1309,0.011944
1310,0.028304
1311,0.021649
1312,0.02117
1313,0.012919
1314,0.012971
1315,0.011533
1316,0.013914
1317,0.010282
1318,0.012841
1319,0.006686
1320,0.015551
1321,0.012836
1322,0.012857
1323,0.022836
1324,0.021398
1325,0.024885
1326,0.030951
1327,0.028453
1328,0.026497
1329,0.024688
1330,0.015147
1331,0.011411
1332,0.006386
1333,0.00384
1334,0.003145
1335,0.003048
1336,0.002505
1337,0.001267
1338,0.001713
1339,0.001712
1340,0.001825
1341,0.002634
1342,0.003035
1343,0.012736
1344,0.004056
1345,0.002115
1346,0.003493
1347,0.001537
1348,0.003326
1349,0.004855
1350,0.004909
1351,0.008841
1352,0.007763
1353,0.008682
1354,0.010228
1355,0.011581
1356,0.01321
1357,0.01106
1358,0.013756
1359,0.022407
1360,0.024911
1361,0.031617
1362,0.939393
1363,0.979209
1364,0.986734
1365,0.981696
1366,0.98781
1367,0.985293
1368,0.980384
1369,0.988991
1370,0.981574
1371,0.977318
1372,0.987749
1373,0.984604
1374,0.980676
1375,0.990745
1376,0.987081
1377,0.985798
1378,0.209914
1379,0.029251
1380,0.01053
1381,0.016116
1382,0.013578
1383,0.04448
1384,0.042963
1385,0.018749
1386,0.054204
1387,0.862488
1388,0.975949
1389,0.984595
1390,0.980234
1391,0.986203
1392,0.981986
1393,0.99103
1394,0.98911
1395,0.970233
1396,0.990526
1397,0.983901
1398,0.983567
1399,0.984725
1400,0.988817
1401,0.990783
1402,0.99133
1403,0.989852
1404,0.989044
1405,0.990802
1406,0.994841
1407,0.99328
1408,0.995241
1409,0.990045
1410,0.991923
1411,0.991974
1412,0.698883
1413,0.043477
1414,0.050948
1415,0.037398
1416,0.07825
1417,0.135712
1418,0.064082
1419,0.019203
1420,0.010669
1421,0.010596
1422,0.010953
1423,0.022044
1424,0.058647
1425,0.029888
1426,0.036087
1427,0.04914
1428,0.042523
1429,0.046709
1430,0.049786
1431,0.033892
1432,0.047246
1433,0.036923
1434,0.019701
1435,0.080641
1436,0.941274
1437,0.98741
1438,0.993441
1439,0.99375
1440,0.980072
1441,0.987133
1442,0.990115
1443,0.988341
1444,0.989149
1445,0.991083
1446,0.985433
1447,0.985534
1448,0.985994
1449,0.985184
1450,0.98544
1451,0.985815
1452,0.985717
1453,0.987599
1454,0.989076
1455,0.988262
1456,0.984154
1457,0.984936
1458,0.98593
1459,0.98406
1460,0.98477
1461,0.986285
1462,0.982802
1463,0.98301
1464,0.985088
1465,0.972337
1466,0.292345
1467,0.447709
1468,0.418351
1469,0.239036
1470,0.248824
1471,0.032835
1472,0.018021
1473,0.025458
1474,0.024252
1475,0.108187
1476,0.369438
1477,0.936109
1478,0.933159
1479,0.927706
1480,0.909388
1481,0.902384
1482,0.919034
1483,0.920464
1484,0.89951
1485,0.875989
1486,0.141583
1487,0.030279
1488,0.013375
1489,0.009044
1490,0.008602
1491,0.025967
1492,0.022171
1493,0.015784
1494,0.025767
1495,0.01401
1496,0.029886
1497,0.193142
1498,0.055281
1499,0.019889
1500,0.195628
1501,0.222462
1502,0.976528
1503,0.979201
1504,0.987454
1505,0.980263
1506,0.977677
1507,0.980129
1508,0.981564
1509,0.520489
1510,0.331345
1511,0.421484
1512,0.121964
1513,0.007171
1514,0.004719
1515,0.053742
1516,0.045463
1517,0.047432
1518,0.025206
1519,0.032564
1520,0.029294
1521,0.017231
1522,0.015611
1523,0.042755
1524,0.046571
1525,0.023998
1526,0.021342
1527,0.018185
1528,0.027128
1529,0.021625
1530,0.025787
1531,0.065024
1532,0.200033
1533,0.599691
1534,0.952953
1535,0.98222
1536,0.9685
1537,0.963338
1538,0.983287
1539,0.988409
1540,0.981799
1541,0.982736
1542,0.978901
1543,0.993485
1544,0.765634
1545,0.62903
1546,0.704068
1547,0.289779
1548,0.206046
1549,0.15485
1550,0.092936
1551,0.117162
1552,0.222709
1553,0.312642
1554,0.12002
1555,0.038076
1556,0.012993
1557,0.011655
1558,0.018616
1559,0.014939
1560,0.016534
1561,0.018742
1562,0.009209
1563,0.014385
1564,0.013264
1565,0.009753
1566,0.133143
1567,0.973745
1568,0.968449
1569,0.909097
1570,0.938807
1571,0.929708
1572,0.869781
1573,0.932296
1574,0.937801
1575,0.953846
1576,0.955807
1577,0.948023
1578,0.947579
1579,0.960092
1580,0.964115
1581,0.973376
1582,0.971853
1583,0.972054
1584,0.935669
1585,0.946017
1586,0.989953
1587,0.990135
1588,0.993102
1589,0.991573
1590,0.312148
1591,0.022533
1592,0.017372
1593,0.023522
1594,0.005393
1595,0.005845
1596,0.017668
1597,0.02348
1598,0.265112
1599,0.979073
1600,0.97164
1601,0.977255
1602,0.98242
1603,0.97799
1604,0.969747
1605,0.985814
1606,0.968209
1607,0.988976
1608,0.963983
1609,0.979848
1610,0.864616
1611,0.923192
1612,0.685414
1613,0.037551
1614,0.017019
1615,0.01172
1616,0.016673
1617,0.015993
1618,0.01436
1619,0.016796
1620,0.022312
1621,0.015316
1622,0.020328
1623,0.021557
1624,0.014171
1625,0.024649
1626,0.021544
1627,0.010542
1628,0.030211
1629,0.038877
1630,0.030985
1631,0.0569
1632,0.063014
1633,0.039147
1634,0.036324
1635,0.033695
1636,0.048041
1637,0.082606
1638,0.049148
1639,0.030386
1640,0.028953
1641,0.037307
1642,0.017866
1643,0.028179
1644,0.015965
1645,0.011845
1646,0.008143
1647,0.0103
1648,0.016737
1649,0.285599
1650,0.964353
1651,0.990096
1652,0.995152
1653,0.99519
1654,0.994036
1655,0.989799
1656,0.988085
1657,0.990818
1658,0.988386
1659,0.992476
1660,0.992945
1661,0.995602
1662,0.995421
1663,0.995136
1664,0.997374
1665,0.995851
1666,0.994452
1667,0.996071
1668,0.994837
1669,0.993149
1670,0.992263
1671,0.993053
1672,0.991975
1673,0.992256
1674,0.068916
1675,0.022429
1676,0.01004
1677,0.021071
1678,0.023349
1679,0.029516
1680,0.025347
1681,0.039535
1682,0.007482
1683,0.031452
1684,0.04605
1685,0.019012
1686,0.023421
1687,0.028829
1688,0.03272
1689,0.026766
1690,0.020861
1691,0.050261
1692,0.036792
1693,0.036772
1694,0.044847
1695,0.050131
1696,0.032872
1697,0.559887
1698,0.985674
1699,0.98977
1700,0.973023
1701,0.975192
1702,0.972788
1703,0.986696
1704,0.99071
1705,0.994142
1706,0.993025
1707,0.994423
1708,0.995544
1709,0.924047
