1,0.056565
2,0.04488
3,0.046561
4,0.010859
5,0.063959
6,0.034728
7,0.02984
8,0.341054
9,0.895993
10,0.981535
11,0.962877
12,0.968511
13,0.976209
14,0.983519
15,0.991116
16,0.9896
17,0.988463
18,0.986847
19,0.991184
20,0.990185
21,0.989387
22,0.989701
23,0.991283
24,0.991711
25,0.994105
26,0.992231
27,0.989722
28,0.987589
29,0.985031
30,0.984481
31,0.981412
32,0.98067
33,0.980075
34,0.98268
35,0.97758
36,0.982616
37,0.987592
38,0.983388
39,0.984668
40,0.980141
41,0.977467
42,0.978434
43,0.970924
44,0.969805
45,0.961678
46,0.958582
47,0.940686
48,0.922187
49,0.925906
50,0.945556
51,0.936522
52,0.922517
53,0.890556
54,0.858219
55,0.787422
56,0.947546
57,0.968009
58,0.939603
59,0.929465
60,0.912026
61,0.944988
62,0.959958
63,0.943881
64,0.956404
65,0.942706
66,0.955332
67,0.962701
68,0.960681
69,0.960946
70,0.963027
71,0.942635
72,0.931881
73,0.908911
74,0.932947
75,0.839647
76,0.919384
77,0.943472
78,0.953523
79,0.90798
80,0.758518
81,0.707608
82,0.800895
83,0.86436
84,0.899581
85,0.929812
86,0.880661
87,0.915403
88,0.920061
89,0.942508
90,0.975247
91,0.962089
92,0.937312
93,0.930567
94,0.830175
95,0.802423
96,0.832532
97,0.888313
98,0.905379
99,0.881235
100,0.90588
101,0.90128
102,0.942788
103,0.953269
104,0.944599
105,0.940827
106,0.971049
107,0.966392
108,0.972577
109,0.941298
110,0.923992
111,0.922812
112,0.865073
113,0.918054
114,0.891183
115,0.892028
116,0.877258
117,0.863416
118,0.868834
119,0.843206
120,0.924685
121,0.86344
122,0.896663
123,0.866649
124,0.933306
125,0.940095
126,0.938588
127,0.921456
128,0.960403
129,0.963536
130,0.970593
131,0.963643
132,0.966235
133,0.964385
134,0.919347
135,0.924755
136,0.937177
137,0.953983
138,0.963239
139,0.966544
140,0.9758
141,0.974584
142,0.982131
143,0.982991
144,0.984774
145,0.974755
146,0.979615
147,0.975944
148,0.97493
149,0.975465
150,0.974935
151,0.989251
152,0.989378
153,0.990325
154,0.991072
155,0.984877
156,0.983855
157,0.985715
158,0.990083
159,0.989945
160,0.988776
161,0.9889
162,0.990593
163,0.988638
164,0.989641
165,0.990316
166,0.992175
167,0.990807
168,0.990422
169,0.991751
170,0.993001
171,0.992229
172,0.990355
173,0.989606
174,0.737799
175,0.012314
176,0.003522
177,0.003477
178,0.007025
179,0.007594
180,0.008245
181,0.009619
182,0.009651
183,0.015438
184,0.011672
185,0.01404
186,0.014863
187,0.006363
188,0.017097
189,0.018292
190,0.626729
191,0.963961
192,0.978921
193,0.977357
194,0.984079
195,0.987283
196,0.996138
197,0.991423
198,0.987327
199,0.990258
200,0.990851
201,0.989992
202,0.993678
203,0.98697
204,0.986761
205,0.990293
206,0.991168
207,0.991585
208,0.98967
209,0.990796
210,0.992916
211,0.933095
212,0.726174
213,0.941714
214,0.959548
215,0.982327
216,0.978853
217,0.988759
218,0.985728
219,0.986133
220,0.98586
221,0.985433
222,0.986062
223,0.984746
224,0.985698
225,0.982404
226,0.979878
227,0.984298
228,0.970487
229,0.978846
230,0.989244
231,0.984753
232,0.981428
233,0.974936
234,0.967957
235,0.977227
236,0.980279
237,0.931393
238,0.935637
239,0.96816
240,0.963376
241,0.977343
242,0.978139
243,0.967694
244,0.979112
245,0.972346
246,0.930389
247,0.977364
248,0.916505
249,0.902404
250,0.921712
251,0.958691
252,0.978747
253,0.96729
254,0.955399
255,0.964772
256,0.978735
257,0.980604
258,0.977007
259,0.975464
260,0.976567
261,0.979117
262,0.977552
263,0.973036
264,0.94456
265,0.972212
266,0.964963
267,0.965199
268,0.965438
269,0.954924
270,0.959179
271,0.960893
272,0.968491
273,0.969376
274,0.973259
275,0.966912
276,0.960149
277,0.957891
278,0.963127
279,0.977499
280,0.951828
281,0.953275
282,0.966797
283,0.965212
284,0.969358
285,0.968524
286,0.97166
287,0.972809
288,0.97621
289,0.983669
290,0.984371
291,0.981418
292,0.983799
293,0.985358
294,0.988014
295,0.98747
296,0.985079
297,0.986455
298,0.989772
299,0.988123
300,0.988568
301,0.985339
302,0.987836
303,0.987043
304,0.986491
305,0.988722
306,0.990704
307,0.982179
308,0.985425
309,0.988198
310,0.986943
311,0.984489
312,0.984127
313,0.981276
314,0.95778
315,0.94955
316,0.954581
317,0.959608
318,0.969222
319,0.972813
320,0.965971
321,0.851063
322,0.807982
323,0.809246
324,0.116742
325,0.004331
326,0.00484
327,0.002967
328,0.002276
329,0.006039
330,0.918958
331,0.988105
332,0.990176
333,0.986528
334,0.982983
335,0.982369
336,0.975734
337,0.983301
338,0.991594
339,0.987795
340,0.983239
341,0.98514
342,0.985176
343,0.987882
344,0.990108
345,0.990097
346,0.988113
347,0.987041
348,0.986636
349,0.752756
350,0.018466
351,0.006236
352,0.006368
353,0.005285
354,0.005188
355,0.006146
356,0.002839
357,0.008063
358,0.009826
359,0.006581
360,0.009537
361,0.011879
362,0.010781
363,0.005162
364,0.004468
365,0.005006
366,0.004654
367,0.004628
368,0.006922
369,0.0554
370,0.855275
371,0.947394
372,0.978991
373,0.988164
374,0.993015
375,0.991866
376,0.992388
377,0.990979
378,0.992028
379,0.985972
380,0.017142
381,0.010791
382,0.004616
383,0.004157
384,0.003261
385,0.003316
386,0.002701
387,0.004928
388,0.0046
389,0.004809
390,0.007404
391,0.003778
392,0.002795
393,0.003416
394,0.047286
395,0.87274
396,0.970214
397,0.983313
398,0.98434
399,0.988003
400,0.990212
401,0.983598
402,0.987519
403,0.987187
404,0.986265
405,0.986354
406,0.988086
407,0.990099
408,0.986746
409,0.992789
410,0.993172
411,0.992287
412,0.99242
413,0.992903
414,0.992319
415,0.991953
416,0.988134
417,0.991283
418,0.404962
419,0.015321
420,0.00728
421,0.006631
422,0.009116
423,0.004199
424,0.003969
425,0.018648
426,0.00452
427,0.006387
428,0.029034
429,0.006474
430,0.004201
431,0.00508
432,0.003509
433,0.008624
434,0.006468
435,0.006059
436,0.008586
437,0.081238
438,0.948131
439,0.966848
440,0.969165
441,0.983564
442,0.988505
443,0.98891
444,0.976787
445,0.989083
446,0.987821
447,0.990426
448,0.99101
449,0.989397
450,0.988702
451,0.987393
452,0.98619
453,0.988175
454,0.987636
455,0.987939
456,0.988281
457,0.992094
458,0.992421
459,0.990826
460,0.986608
461,0.986695
462,0.989202
463,0.986069
464,0.967687
465,0.987045
466,0.97494
467,0.980183
468,0.976782
469,0.978832
470,0.980646
471,0.983881
472,0.979717
473,0.984367
474,0.982269
475,0.984799
476,0.95122
477,0.972978
478,0.981311
479,0.98259
480,0.981171
481,0.978519
482,0.971645
483,0.955861
484,0.986104
485,0.779407
486,0.751048
487,0.758875
488,0.028141
489,0.016757
490,0.008818
491,0.006107
492,0.005202
493,0.001194
494,0.00128
495,0.001466
496,0.001334
497,0.002274
498,0.029019
499,0.912722
500,0.944629
501,0.983777
502,0.967079
503,0.986628
504,0.991208
505,0.986496
506,0.994313
507,0.995021
508,0.990023
509,0.987971
510,0.991001
511,0.992696
512,0.993886
513,0.992733
514,0.988664
515,0.985572
516,0.98898
517,0.971979
518,0.977706
519,0.983703
520,0.986337
521,0.984836
522,0.980836
523,0.97679
524,0.976724
525,0.956578
526,0.231553
527,0.0382
528,0.012581
529,0.012053
530,0.013594
531,0.021112
532,0.010298
533,0.009409
534,0.015221
535,0.015063
536,0.017682
537,0.007075
538,0.080968
539,0.73986
540,0.938483
541,0.964322
542,0.978015
543,0.984418
544,0.989315
545,0.990719
546,0.992156
547,0.990139
548,0.983854
549,0.983658
550,0.980272
551,0.905661
552,0.010705
553,0.00403
554,0.008675
555,0.007911
556,0.003881
557,0.003783
558,0.00494
559,0.005266
560,0.004457
561,0.003371
562,0.002606
563,0.00249
564,0.002695
565,0.003032
566,0.002966
567,0.002155
568,0.002084
569,0.008552
570,0.321819
571,0.936081
572,0.861308
573,0.926759
574,0.959863
575,0.969323
576,0.896655
577,0.962375
578,0.941621
579,0.909662
580,0.826373
581,0.870728
582,0.929557
583,0.929771
584,0.955247
585,0.936157
586,0.95651
587,0.9533
588,0.90358
589,0.031645
590,0.006049
591,0.004712
592,0.004243
593,0.002916
594,0.001856
595,0.002257
596,0.002445
597,0.00487
598,0.002447
599,0.006126
600,0.003108
601,0.005073
602,0.003933
603,0.008141
604,0.004182
605,0.004361
606,0.006366
607,0.004516
608,0.003241
609,0.003644
610,0.002077
611,0.001764
612,0.001819
613,0.003964
614,0.00193
615,0.002462
616,0.027716
617,0.953322
618,0.954389
619,0.983775
620,0.940393
621,0.956952
622,0.983153
623,0.979895
624,0.986463
625,0.983937
626,0.980694
627,0.99163
628,0.987598
629,0.991159
630,0.985183
631,0.988114
632,0.985087
633,0.982453
634,0.977918
635,0.987267
636,0.989956
637,0.993572
638,0.993192
639,0.993405
640,0.992457
641,0.991543
642,0.992781
643,0.994379
644,0.994352
645,0.994011
646,0.990168
647,0.993308
648,0.993658
649,0.992468
650,0.99307
651,0.994216
652,0.996368
653,0.99315
654,0.992941
655,0.994677
656,0.994977
657,0.995662
658,0.995967
659,0.996535
660,0.996849
661,0.992812
662,0.993852
663,0.988145
664,0.989198
665,0.992073
666,0.992407
667,0.991163
668,0.989124
669,0.991789
670,0.988454
671,0.99051
672,0.866319
673,0.019275
674,0.008729
675,0.005526
676,0.00334
677,0.00367
678,0.003867
679,0.003386
680,0.003887
681,0.005151
682,0.005849
683,0.004645
684,0.005819
685,0.00702
686,0.007035
687,0.008865
688,0.008052
689,0.013514
690,0.00531
691,0.043704
692,0.752321
693,0.886082
694,0.965732
695,0.983542
696,0.979139
697,0.992464
698,0.981661
699,0.977067
700,0.979198
701,0.993334
702,0.990395
703,0.989706
704,0.992174
705,0.98838
706,0.988424
707,0.627666
708,0.031878
709,0.010852
710,0.009375
711,0.007404
712,0.005933
713,0.009856
714,0.006788
715,0.00473
716,0.004917
717,0.005744
718,0.006901
719,0.009647
720,0.009643
721,0.020886
722,0.81257
723,0.98771
724,0.991831
725,0.992372
726,0.953966
727,0.92423
728,0.987659
729,0.898013
730,0.896889
731,0.097081
732,0.007091
733,0.004883
734,0.008875
735,0.003681
736,0.003178
737,0.007063
738,0.006632
739,0.006092
740,0.007522
741,0.007101
742,0.007235
743,0.005924
744,0.00935
745,0.547973
746,0.964282
747,0.765006
748,0.635788
749,0.922293
750,0.932075
751,0.596211
752,0.535437
753,0.449178
754,0.309741
755,0.004612
756,0.003112
757,0.005977
758,0.0058
759,0.010126
760,0.01138
761,0.004614
762,0.002474
763,0.001849
764,0.002109
765,0.005154
766,0.003969
767,0.007644
768,0.007159
769,0.008003
770,0.006861
771,0.007389
772,0.016444
773,0.017176
774,0.037091
775,0.037518
776,0.021558
777,0.055868
778,0.921342
779,0.952682
780,0.832751
781,0.404202
782,0.697639
783,0.914687
784,0.519293
785,0.631843
786,0.603693
787,0.539737
788,0.385438
789,0.517692
790,0.509384
791,0.502743
792,0.683573
793,0.708483
794,0.718888
795,0.861569
796,0.885399
797,0.753955
798,0.702039
799,0.094746
800,0.082219
801,0.123456
802,0.179971
803,0.082102
804,0.102843
805,0.164351
806,0.03084
807,0.036535
808,0.047789
809,0.017532
810,0.019035
811,0.039376
812,0.019154
813,0.012907
814,0.010312
815,0.010269
816,0.007806
817,0.006017
818,0.006517
819,0.004043
820,0.002809
821,0.003552
822,0.005568
823,0.007342
824,0.008983
825,0.005102
826,0.006642
827,0.006874
828,0.008922
829,0.021501
830,0.022007
831,0.025174
832,0.030768
833,0.016933
834,0.016675
835,0.024548
836,0.018862
837,0.017017
838,0.008053
839,0.006494
840,0.006302
841,0.006475
842,0.005743
843,0.031785
844,0.887033
845,0.986866
846,0.981383
847,0.952064
848,0.987266
849,0.989229
850,0.994953
851,0.99586
852,0.995361
853,0.990438
854,0.992531
855,0.99172
856,0.982141
857,0.928366
858,0.725475
859,0.204746
860,0.061463
861,0.022006
862,0.009544
863,0.010006
864,0.007599
865,0.006619
866,0.006138
867,0.006477
868,0.005667
869,0.007164
870,0.006219
871,0.006192
872,0.004508
873,0.005125
874,0.004052
875,0.011188
876,0.480751
877,0.988302
878,0.976105
879,0.986642
880,0.986722
881,0.992289
882,0.991446
883,0.988671
884,0.995932
885,0.991517
886,0.99241
887,0.993518
888,0.992384
889,0.992254
890,0.982411
891,0.057383
892,0.036744
893,0.038301
894,0.011939
895,0.033309
896,0.013321
897,0.012621
898,0.009944
899,0.013353
900,0.01282
901,0.01135
902,0.017444
903,0.012754
904,0.010279
905,0.007282
906,0.006127
907,0.007548
908,0.025177
909,0.858486
910,0.972038
911,0.983248
912,0.983322
913,0.989804
914,0.992377
915,0.993454
916,0.99336
917,0.994493
918,0.993076
919,0.993357
920,0.994902
921,0.993462
922,0.994077
923,0.994797
924,0.995381
925,0.995045
926,0.995361
927,0.943618
928,0.9367
929,0.984319
930,0.990046
931,0.991146
932,0.993801
933,0.988447
934,0.992965
935,0.992692
936,0.992385
937,0.99281
938,0.991153
939,0.992437
940,0.993209
941,0.991768
942,0.932203
943,0.042823
944,0.045704
945,0.038661
946,0.020894
947,0.027147
948,0.026452
949,0.025008
950,0.03406
951,0.025638
952,0.018831
953,0.017632
954,0.013496
955,0.012066
956,0.017201
957,0.01877
958,0.10595
959,0.926238
960,0.985237
961,0.98578
962,0.983375
963,0.983592
964,0.981498
965,0.985688
966,0.983715
967,0.985238
968,0.986865
969,0.988121
970,0.987563
971,0.985256
972,0.989215
973,0.991586
974,0.991212
975,0.991677
976,0.991407
977,0.991559
978,0.992118
979,0.243707
980,0.018772
981,0.028786
982,0.021527
983,0.021103
984,0.02065
985,0.01462
986,0.019813
987,0.018569
988,0.014585
989,0.021148
990,0.009639
991,0.00643
992,0.007731
993,0.011969
994,0.018127
995,0.458079
996,0.922483
997,0.988983
998,0.984731
999,0.986969
1000,0.982595
1001,0.987997
1002,0.991425
1003,0.991859
1004,0.992398
1005,0.992172
1006,0.992946
1007,0.992635
1008,0.991268
1009,0.992583
1010,0.994081
1011,0.993824
1012,0.992468
1013,0.994211
1014,0.996125
1015,0.995127
1016,0.996696
1017,0.819249
1018,0.043601
1019,0.012897
1020,0.015753
1021,0.024752
1022,0.022828
1023,0.012279
1024,0.013941
1025,0.012598
1026,0.015406
1027,0.015674
1028,0.014332
1029,0.012339
1030,0.012056
1031,0.013025
1032,0.008704
1033,0.017498
1034,0.015447
1035,0.012985
1036,0.011179
1037,0.006204
1038,0.014087
1039,0.403443
1040,0.808117
1041,0.984039
1042,0.977868
1043,0.978763
1044,0.958437
1045,0.993754
1046,0.986689
1047,0.986221
1048,0.990683
1049,0.991324
1050,0.996429
1051,0.995491
1052,0.995501
1053,0.996499
1054,0.996303
1055,0.994257
1056,0.991632
1057,0.981577
1058,0.980846
1059,0.983498
1060,0.920979
1061,0.040348
1062,0.017317
1063,0.020091
1064,0.019229
1065,0.024253
1066,0.018285
1067,0.027059
1068,0.009269
1069,0.034575
1070,0.007985
1071,0.007455
1072,0.010935
1073,0.012534
1074,0.016929
1075,0.010585
1076,0.016519
1077,0.012322
1078,0.011822
1079,0.027335
1080,0.056053
1081,0.625674
1082,0.993106
1083,0.985021
1084,0.990298
1085,0.990408
1086,0.985588
1087,0.984815
1088,0.988246
1089,0.990558
1090,0.988384
1091,0.992773
1092,0.99054
1093,0.991561
1094,0.992657
1095,0.991357
1096,0.991845
1097,0.991995
1098,0.991747
1099,0.991481
1100,0.988587
1101,0.902864
1102,0.038068
1103,0.020596
1104,0.014621
1105,0.008635
1106,0.007352
1107,0.003026
1108,0.017708
1109,0.00393
1110,0.012661
1111,0.003388
1112,0.004293
1113,0.006159
1114,0.12959
1115,0.320111
1116,0.956629
1117,0.974459
1118,0.954769
1119,0.98865
1120,0.988201
1121,0.987003
1122,0.987768
1123,0.986193
1124,0.991314
1125,0.979541
1126,0.974484
1127,0.9758
1128,0.92943
1129,0.041873
1130,0.024774
1131,0.030448
1132,0.005184
1133,0.012747
1134,0.013972
1135,0.002625
1136,0.008
1137,0.003204
1138,0.004483
1139,0.003986
1140,0.00324
1141,0.022044
1142,0.021801
1143,0.012063
1144,0.031164
1145,0.87581
1146,0.975811
1147,0.989927
1148,0.946689
1149,0.985484
1150,0.99192
1151,0.982476
1152,0.984662
1153,0.985865
1154,0.966109
1155,0.988043
1156,0.992369
1157,0.991163
1158,0.995068
1159,0.992177
1160,0.994163
1161,0.994576
1162,0.994511
1163,0.993373
1164,0.994243
1165,0.994569
1166,0.995011
1167,0.991129
1168,0.733205
1169,0.615288
1170,0.181442
1171,0.155701
1172,0.155062
1173,0.084985
1174,0.217351
1175,0.200485
1176,0.191549
1177,0.05027
1178,0.098807
1179,0.124352
1180,0.079547
1181,0.047227
1182,0.014657
1183,0.012136
1184,0.006817
1185,0.008448
1186,0.006655
1187,0.007167
1188,0.004469
1189,0.004658
1190,0.004575
1191,0.007514
1192,0.009996
1193,0.295996
1194,0.51208
1195,0.936325
1196,0.984308
1197,0.983895
1198,0.967763
1199,0.96929
1200,0.995683
1201,0.990004
1202,0.98441
1203,0.992591
1204,0.995078
1205,0.99526
1206,0.996519
1207,0.993032
1208,0.982662
1209,0.994347
1210,0.994468
1211,0.996485
1212,0.996152
1213,0.997543
1214,0.9966
1215,0.993953
1216,0.993732
1217,0.990881
1218,0.991655
1219,0.99481
1220,0.995493
1221,0.997191
1222,0.997491
1223,0.997581
1224,0.997961
1225,0.996619
1226,0.991522
1227,0.994035
1228,0.99388
1229,0.996398
1230,0.997215
1231,0.995881
1232,0.994631
1233,0.991696
1234,0.992358
1235,0.99577
1236,0.996609
1237,0.995806
1238,0.994607
1239,0.995668
1240,0.993168
1241,0.991651
1242,0.976968
1243,0.979262
1244,0.980341
1245,0.978182
1246,0.979375
1247,0.973698
1248,0.969995
1249,0.977223
1250,0.979299
1251,0.259064
1252,0.100894
1253,0.042196
1254,0.010459
1255,0.020602
1256,0.005972
1257,0.009283
1258,0.008437
1259,0.016671
1260,0.01689
1261,0.026505
1262,0.028218
1263,0.02818
1264,0.023147
1265,0.030859
1266,0.02296
1267,0.046237
1268,0.672295
1269,0.749878
1270,0.880007
1271,0.894201
1272,0.912127
1273,0.884641
1274,0.916982
1275,0.891923
1276,0.905528
1277,0.769134
1278,0.820266
1279,0.900712
1280,0.909942
1281,0.928653
1282,0.924152
1283,0.946815
1284,0.959864
1285,0.91402
1286,0.364665
1287,0.049325
1288,0.066703
1289,0.040811
1290,0.033797
1291,0.027056
1292,0.012845
1293,0.015847
1294,0.012844
1295,0.015376
1296,0.023157
1297,0.031602
1298,0.032466
1299,0.043128
1300,0.076259
1301,0.055956
1302,0.005094
1303,0.005071
1304,0.009376
1305,0.011926
1306,0.014769
1307,0.019047
1308,0.592303
1309,0.937548
1310,0.805591
1311,0.821268
1312,0.742815
1313,0.904532
1314,0.895936
1315,0.940093
1316,0.956827
1317,0.967404
1318,0.937774
1319,0.959301
1320,0.960915
1321,0.198401
1322,0.028666
1323,0.024679
1324,0.081778
1325,0.041567
1326,0.044732
1327,0.065018
1328,0.043031
1329,0.067252
1330,0.734007
1331,0.890617
1332,0.866668
1333,0.938459
1334,0.956703
1335,0.93006
1336,0.980939
1337,0.984155
1338,0.987086
1339,0.985171
1340,0.985987
1341,0.985438
1342,0.982369
1343,0.971495
1344,0.978765
1345,0.984736
1346,0.992748
1347,0.98948
1348,0.992021
1349,0.995317
1350,0.995295
1351,0.996052
1352,0.738966
1353,0.039441
1354,0.044013
1355,0.07698
1356,0.065205
1357,0.200293
1358,0.170459
1359,0.112775
1360,0.160324
1361,0.571264
1362,0.986866
1363,0.9866
1364,0.994845
1365,0.993498
1366,0.997265
1367,0.994764
1368,0.997198
1369,0.981186
1370,0.996185
1371,0.99519
1372,0.99668
1373,0.995198
1374,0.969909
1375,0.985831
1376,0.992373
1377,0.425333
1378,0.033975
1379,0.026534
1380,0.033331
1381,0.044496
1382,0.060644
1383,0.028457
1384,0.173292
1385,0.7248
1386,0.956117
1387,0.995313
1388,0.993926
1389,0.994182
1390,0.989918
1391,0.990161
1392,0.995473
1393,0.99277
1394,0.995147
1395,0.995379
1396,0.995056
1397,0.99219
1398,0.98969
1399,0.989541
1400,0.989463
1401,0.991136
1402,0.993097
1403,0.991965
1404,0.994972
1405,0.335227
1406,0.066771
1407,0.011651
1408,0.01784
1409,0.061442
1410,0.019003
1411,0.026742
1412,0.004692
1413,0.002584
1414,0.011806
1415,0.034199
1416,0.061302
1417,0.026928
1418,0.166163
1419,0.949376
1420,0.963996
1421,0.98326
1422,0.982466
1423,0.983042
1424,0.988322
1425,0.985995
1426,0.990363
1427,0.990364
1428,0.989728
1429,0.992892
1430,0.992203
1431,0.992772
1432,0.991217
1433,0.895906
1434,0.120511
1435,0.090617
1436,0.035324
1437,0.037375
1438,0.036922
1439,0.022261
1440,0.022393
1441,0.020799
1442,0.019369
1443,0.020265
1444,0.02407
1445,0.320248
1446,0.922635
1447,0.880555
1448,0.93676
1449,0.932231
1450,0.954196
1451,0.987439
1452,0.979889
1453,0.981226
1454,0.980153
1455,0.971695
1456,0.980926
1457,0.974235
1458,0.979511
1459,0.968828
1460,0.981502
1461,0.984592
1462,0.962725
1463,0.97612
1464,0.892046
1465,0.958358
1466,0.956911
1467,0.02428
1468,0.009823
1469,0.013886
1470,0.005264
1471,0.006734
1472,0.017659
1473,0.018282
1474,0.016914
1475,0.01226
1476,0.011839
1477,0.010034
1478,0.007412
1479,0.009433
1480,0.008621
1481,0.009863
1482,0.007423
1483,0.009146
1484,0.004318
1485,0.005524
1486,0.006388
1487,0.008979
1488,0.006855
1489,0.01054
1490,0.008427
1491,0.014773
1492,0.014804
1493,0.0147
1494,0.012114
1495,0.021521
1496,0.022576
1497,0.024765
1498,0.011656
1499,0.351779
1500,0.803111
1501,0.845489
1502,0.962074
1503,0.986757
1504,0.975497
1505,0.977993
1506,0.968341
1507,0.991544
1508,0.988767
1509,0.989423
1510,0.989165
1511,0.987338
1512,0.450108
1513,0.019831
1514,0.008959
1515,0.016419
1516,0.011218
1517,0.008274
1518,0.007209
1519,0.01149
1520,0.006593
1521,0.006598
1522,0.007116
1523,0.010527
1524,0.018361
1525,0.013021
1526,0.011542
1527,0.015827
1528,0.014614
1529,0.014666
1530,0.012889
1531,0.003665
1532,0.022971
1533,0.050323
1534,0.550593
1535,0.952712
1536,0.991003
1537,0.994784
1538,0.99481
1539,0.993501
1540,0.989828
1541,0.991162
1542,0.991576
1543,0.988271
1544,0.986853
1545,0.983008
1546,0.952914
1547,0.819545
1548,0.306917
1549,0.016353
1550,0.012744
1551,0.016225
1552,0.010625
1553,0.008685
1554,0.008343
1555,0.007979
1556,0.020918
1557,0.023387
1558,0.004087
1559,0.02383
1560,0.019394
1561,0.018293
1562,0.018423
1563,0.028238
1564,0.020818
1565,0.021632
1566,0.005886
1567,0.028755
1568,0.021147
1569,0.023047
1570,0.025259
1571,0.018609
1572,0.017225
1573,0.016375
1574,0.01826
1575,0.013619
1576,0.014174
1577,0.022848
1578,0.064805
1579,0.900283
1580,0.977736
1581,0.976866
1582,0.979264
1583,0.996359
1584,0.995334
1585,0.99119
1586,0.992471
1587,0.991905
1588,0.996387
1589,0.996899
1590,0.996224
1591,0.994196
1592,0.993981
1593,0.995764
1594,0.996764
1595,0.996754
1596,0.989758
1597,0.987022
1598,0.993006
1599,0.985361
1600,0.995934
1601,0.997182
1602,0.997518
1603,0.997611
1604,0.998302
1605,0.998491
1606,0.997843
1607,0.996582
1608,0.994206
1609,0.993524
1610,0.993534
1611,0.997756
1612,0.997783
1613,0.997289
1614,0.996477
1615,0.995296
1616,0.995087
1617,0.072514
1618,0.015902
1619,0.041512
1620,0.092705
1621,0.107289
1622,0.036396
1623,0.021387
1624,0.022654
1625,0.021031
1626,0.015905
1627,0.015981
1628,0.015917
1629,0.020503
1630,0.018474
1631,0.020354
1632,0.021857
1633,0.044131
1634,0.04752
1635,0.319657
1636,0.914795
1637,0.996671
1638,0.988013
1639,0.994452
1640,0.992005
1641,0.99579
1642,0.994963
1643,0.991292
1644,0.98931
1645,0.991108
1646,0.990327
1647,0.991139
1648,0.99234
1649,0.99336
1650,0.21449
1651,0.028372
1652,0.018266
1653,0.007894
1654,0.013651
1655,0.014438
1656,0.017634
1657,0.011327
1658,0.010974
1659,0.013135
1660,0.009097
1661,0.015322
1662,0.01533
1663,0.02289
1664,0.008006
1665,0.003394
1666,0.229852
1667,0.951123
1668,0.992972
1669,0.990688
1670,0.986093
1671,0.990347
1672,0.994931
1673,0.99464
1674,0.995346
1675,0.99506
1676,0.995147
1677,0.995519
1678,0.994901
1679,0.994731
1680,0.995161
1681,0.994985
1682,0.993237
1683,0.986272
1684,0.367671
1685,0.006313
1686,0.0071
1687,0.017652
1688,0.021858
1689,0.021757
1690,0.025384
1691,0.031061
1692,0.034984
1693,0.062661
1694,0.039201
1695,0.027336
1696,0.016802
1697,0.01051
1698,0.005123
1699,0.004626
1700,0.00888
1701,0.007862
1702,0.007681
1703,0.005759
1704,0.00617
1705,0.01523
1706,0.011693
1707,0.010066
1708,0.008225
1709,0.00823
1710,0.004766
1711,0.005794
1712,0.003296
1713,0.003645
1714,0.004042
1715,0.005622
1716,0.004662
1717,0.008687
1718,0.012202
1719,0.009336
1720,0.011581
1721,0.020417
1722,0.011024
1723,0.012243
1724,0.013491
1725,0.01067
1726,0.010071
1727,0.007002
1728,0.034759
1729,0.944474
1730,0.983706
1731,0.98358
1732,0.988473
1733,0.980444
1734,0.991549
1735,0.9959
1736,0.98913
1737,0.990833
1738,0.990623
1739,0.994158
1740,0.995558
1741,0.995165
1742,0.995784
1743,0.995186
1744,0.994257
1745,0.99395
1746,0.988601
1747,0.09736
1748,0.025146
1749,0.020007
1750,0.018762
1751,0.018829
1752,0.022016
1753,0.017026
1754,0.013082
1755,0.03946
1756,0.960254
1757,0.987976
1758,0.981658
1759,0.980068
1760,0.981745
1761,0.99165
1762,0.992414
1763,0.992876
1764,0.98719
1765,0.990076
1766,0.983628
1767,0.983334
1768,0.987606
1769,0.979712
1770,0.056849
1771,0.026774
1772,0.033348
1773,0.018944
1774,0.016219
1775,0.005611
1776,0.005639
1777,0.004486
1778,0.002805
1779,0.002439
1780,0.002495
1781,0.002616
1782,0.003927
1783,0.002226
1784,0.016058
1785,0.004543
1786,0.017288
1787,0.010392
1788,0.021415
1789,0.009772
1790,0.009831
1791,0.006572
1792,0.008539
1793,0.01012
1794,0.00639
1795,0.003338
1796,0.012838
1797,0.004364
1798,0.01115
1799,0.022457
1800,0.021419
1801,0.011647
1802,0.009757
1803,0.009178
1804,0.008264
1805,0.007293
1806,0.010018
1807,0.017513
1808,0.011402
1809,0.036513
1810,0.45221
1811,0.927214
1812,0.956951
1813,0.906185
1814,0.919859
1815,0.967391
1816,0.981053
1817,0.976391
1818,0.978726
1819,0.950042
1820,0.950516
1821,0.942088
1822,0.961339
1823,0.982732
1824,0.984843
1825,0.990211
1826,0.984907
1827,0.986785
1828,0.975118
1829,0.983983
1830,0.976894
1831,0.20612
1832,0.027444
1833,0.043987
1834,0.061626
1835,0.005029
1836,0.085578
1837,0.009087
1838,0.015372
1839,0.011941
1840,0.039651
1841,0.049733
1842,0.017841
1843,0.008073
1844,0.00582
1845,0.028965
1846,0.024778
1847,0.018057
1848,0.015735
1849,0.012892
1850,0.678234
1851,0.930007
1852,0.983062
1853,0.981867
1854,0.986091
1855,0.993744
1856,0.988453
1857,0.994268
1858,0.995124
1859,0.994223
1860,0.993434
1861,0.086707
1862,0.020049
1863,0.135209
1864,0.038611
1865,0.018623
1866,0.012276
1867,0.006333
1868,0.008492
1869,0.008426
1870,0.01292
1871,0.009362
1872,0.013347
1873,0.012645
1874,0.013194
1875,0.009208
1876,0.010693
1877,0.007022
1878,0.008214
1879,0.009034
1880,0.013038
1881,0.013414
1882,0.520031
1883,0.948079
1884,0.959723
1885,0.990766
1886,0.992201
1887,0.973333
1888,0.983926
1889,0.988183
1890,0.989467
1891,0.988486
1892,0.979178
1893,0.99001
1894,0.991552
1895,0.991723
1896,0.995599
1897,0.993985
1898,0.993325
1899,0.994216
1900,0.159266
1901,0.011473
1902,0.003395
1903,0.013806
1904,0.028088
1905,0.035789
1906,0.079293
1907,0.055697
1908,0.111487
1909,0.07821
1910,0.062522
1911,0.012934
1912,0.012277
1913,0.017862
1914,0.005843
1915,0.013552
1916,0.020229
1917,0.015093
1918,0.017226
1919,0.0108
1920,0.007481
1921,0.008149
1922,0.008614
1923,0.008494
1924,0.007023
1925,0.004312
1926,0.007317
1927,0.006836
1928,0.00524
1929,0.006908
1930,0.231991
1931,0.955724
1932,0.845427
1933,0.961906
1934,0.976314
1935,0.928191
1936,0.985767
1937,0.987967
1938,0.975477
1939,0.981569
1940,0.927772
1941,0.932379
1942,0.858981
1943,0.986353
1944,0.690489
1945,0.933871
1946,0.967491
1947,0.536292
1948,0.90981
1949,0.99359
1950,0.956611
1951,0.979347
1952,0.982008
1953,0.986617
1954,0.955917
1955,0.969779
1956,0.968954
1957,0.974684
1958,0.968236
1959,0.970097
1960,0.963542
1961,0.952943
1962,0.943925
1963,0.956875
1964,0.972301
1965,0.9668
1966,0.965679
1967,0.961972
1968,0.951369
1969,0.94477
1970,0.859249
1971,0.94126
1972,0.917309
1973,0.872679
1974,0.829522
1975,0.899005
1976,0.93367
1977,0.96444
1978,0.909656
1979,0.934076
1980,0.963998
1981,0.937039
1982,0.928819
1983,0.13083
1984,0.021171
1985,0.020926
1986,0.011057
1987,0.026307
1988,0.01985
1989,0.021876
1990,0.020645
1991,0.025026
1992,0.337144
1993,0.85609
1994,0.928649
1995,0.740142
1996,0.746412
1997,0.757807
1998,0.585257
1999,0.629573
2000,0.719844
2001,0.847958
2002,0.86325
2003,0.88076
2004,0.92964
2005,0.95784
2006,0.966364
2007,0.949561
2008,0.848659
2009,0.822485
2010,0.850782
2011,0.903266
2012,0.820175
2013,0.847274
2014,0.856768
2015,0.897401
2016,0.024791
2017,0.016609
2018,0.005627
2019,0.007437
2020,0.008847
2021,0.006243
2022,0.005666
2023,0.006402
2024,0.006609
2025,0.030731
2026,0.671778
2027,0.958858
2028,0.971868
2029,0.982754
2030,0.982077
2031,0.986074
2032,0.977928
2033,0.977552
2034,0.986692
2035,0.98926
2036,0.992955
2037,0.989462
2038,0.994233
2039,0.996304
2040,0.996026
2041,0.99754
2042,0.997635
2043,0.998014
2044,0.995955
2045,0.996023
2046,0.995305
2047,0.996889
2048,0.243899
2049,0.02145
2050,0.010579
2051,0.04549
2052,0.017996
2053,0.00498
2054,0.007449
2055,0.017115
2056,0.009001
2057,0.00932
2058,0.05337
2059,0.935919
2060,0.987515
2061,0.973333
2062,0.989075
2063,0.992539
2064,0.985804
2065,0.985864
2066,0.988008
2067,0.989952
2068,0.990394
2069,0.97664
2070,0.990648
2071,0.992865
2072,0.986416
2073,0.987914
2074,0.986837
2075,0.990567
2076,0.983374
2077,0.97424
2078,0.966627
2079,0.960489
2080,0.953382
2081,0.932046
2082,0.809866
2083,0.971151
2084,0.729136
2085,0.794634
2086,0.839369
2087,0.931351
2088,0.923136
2089,0.983687
2090,0.96432
2091,0.854227
2092,0.919211
2093,0.837964
2094,0.811645
2095,0.880347
2096,0.67211
2097,0.673488
2098,0.815873
2099,0.929174
2100,0.977749
2101,0.991406
2102,0.950581
2103,0.125123
2104,0.182086
2105,0.140784
2106,0.408973
2107,0.153154
2108,0.070195
2109,0.163202
2110,0.816226
2111,0.952855
2112,0.987899
2113,0.992389
2114,0.990651
2115,0.98707
2116,0.983287
2117,0.965077
2118,0.986905
2119,0.99402
2120,0.995323
2121,0.99535
2122,0.9953
2123,0.993767
2124,0.992627
2125,0.997054
2126,0.991996
2127,0.992211
2128,0.98713
2129,0.99403
2130,0.992448
2131,0.993259
2132,0.994256
2133,0.991412
2134,0.188138
2135,0.063895
2136,0.011126
2137,0.016146
2138,0.018156
2139,0.01151
2140,0.011871
2141,0.011354
2142,0.012217
2143,0.010736
2144,0.008765
2145,0.009373
2146,0.011233
2147,0.011097
2148,0.247809
2149,0.980367
2150,0.98345
2151,0.994967
2152,0.993229
2153,0.996265
2154,0.997767
2155,0.998403
2156,0.997909
2157,0.998253
2158,0.998617
2159,0.995791
2160,0.995791
2161,0.048071
2162,0.037699
2163,0.032895
2164,0.03823
2165,0.008998
2166,0.014938
2167,0.026365
2168,0.016012
2169,0.010729
2170,0.002702
2171,0.011245
2172,0.016953
2173,0.01891
2174,0.070143
2175,0.031086
2176,0.035675
2177,0.453262
2178,0.911909
2179,0.900339
2180,0.974195
2181,0.976979
2182,0.983202
2183,0.979515
2184,0.97084
2185,0.974864
2186,0.987061
2187,0.983974
2188,0.991014
2189,0.991618
2190,0.991147
2191,0.985651
2192,0.991867
2193,0.995273
2194,0.994787
2195,0.993452
2196,0.995086
2197,0.994733
2198,0.835839
2199,0.065385
2200,0.019841
2201,0.018788
2202,0.015524
2203,0.017314
2204,0.050428
2205,0.57063
2206,0.941664
2207,0.975348
2208,0.972404
2209,0.992344
2210,0.990495
2211,0.991813
2212,0.992669
2213,0.991099
2214,0.997171
2215,0.996505
2216,0.996705
2217,0.996599
2218,0.996031
2219,0.996009
2220,0.996
2221,0.995996
