1,0.995344
2,0.995888
3,0.992898
4,0.98883
5,0.992408
6,0.987904
7,0.985158
8,0.989518
9,0.989848
10,0.995041
11,0.994212
12,0.995138
13,0.997221
14,0.995469
15,0.997114
16,0.993054
17,0.996789
18,0.991481
19,0.995756
20,0.995609
21,0.994931
22,0.995833
23,0.996936
24,0.996658
25,0.995722
26,0.996094
27,0.996079
28,0.996294
29,0.995697
30,0.996569
31,0.995799
32,0.996374
33,0.996928
34,0.996597
35,0.996507
36,0.99579
37,0.996109
38,0.994808
39,0.994446
40,0.992893
41,0.991206
42,0.992817
43,0.992949
44,0.989226
45,0.989015
46,0.987517
47,0.987203
48,0.988461
49,0.988141
50,0.959799
51,0.520512
52,0.851962
53,0.950734
54,0.988387
55,0.959916
56,0.965448
57,0.97841
58,0.945829
59,0.935504
60,0.896503
61,0.987684
62,0.513819
63,0.396134
64,0.688978
65,0.940085
66,0.953645
67,0.93741
68,0.925379
69,0.892187
70,0.849864
71,0.896597
72,0.917541
73,0.913785
74,0.893123
75,0.890874
76,0.781212
77,0.742691
78,0.770718
79,0.696014
80,0.75803
81,0.777848
82,0.77564
83,0.652279
84,0.620726
85,0.468344
86,0.573515
87,0.598627
88,0.645592
89,0.572843
90,0.683159
91,0.655755
92,0.588181
93,0.668783
94,0.632645
95,0.702735
96,0.734244
97,0.756149
98,0.667714
99,0.823797
100,0.77081
101,0.783473
102,0.714354
103,0.724306
104,0.845993
105,0.836554
106,0.820278
107,0.842853
108,0.910276
109,0.906398
110,0.829995
111,0.445707
112,0.026452
113,0.013822
114,0.015159
115,0.014906
116,0.016722
117,0.016565
118,0.126031
119,0.965447
120,0.980532
121,0.984776
122,0.985067
123,0.98113
124,0.984089
125,0.985149
126,0.990028
127,0.986207
128,0.986177
129,0.988103
130,0.981182
131,0.986589
132,0.986691
133,0.977067
134,0.971843
135,0.977757
136,0.984114
137,0.990279
138,0.990068
139,0.992242
140,0.992428
141,0.993284
142,0.944052
143,0.012321
144,0.004185
145,0.004122
146,0.005288
147,0.005053
148,0.007531
149,0.007718
150,0.012746
151,0.004578
152,0.006364
153,0.005193
154,0.005917
155,0.003498
156,0.005465
157,0.003512
158,0.005058
159,0.004603
160,0.006228
161,0.052112
162,0.967788
163,0.993027
164,0.992411
165,0.997401
166,0.99691
167,0.995959
168,0.991126
169,0.995778
170,0.993875
171,0.995156
172,0.995914
173,0.993183
174,0.993095
175,0.993678
176,0.993822
177,0.99182
178,0.994778
179,0.993098
180,0.993506
181,0.995435
182,0.996367
183,0.995991
184,0.995938
185,0.994369
186,0.994355
187,0.995386
188,0.996137
189,0.993712
190,0.992094
191,0.994077
192,0.994368
193,0.995561
194,0.99673
195,0.996508
196,0.996622
197,0.997
198,0.996805
199,0.996242
200,0.850002
201,0.049178
202,0.00655
203,0.001761
204,0.001629
205,0.002814
206,0.003075
207,0.00369
208,0.280836
209,0.944268
210,0.952505
211,0.954819
212,0.940037
213,0.961397
214,0.991403
215,0.988296
216,0.987371
217,0.99185
218,0.981852
219,0.99103
220,0.982534
221,0.763647
222,0.628812
223,0.117355
224,0.02759
225,0.020251
226,0.019103
227,0.012269
228,0.007356
229,0.00537
230,0.004468
231,0.003989
232,0.004612
233,0.005047
234,0.004438
235,0.00621
236,0.020994
237,0.964873
238,0.966361
239,0.972527
240,0.981318
241,0.994007
242,0.973292
243,0.946048
244,0.959167
245,0.979584
246,0.983805
247,0.978393
248,0.974843
249,0.9855
250,0.987498
251,0.984169
252,0.968023
253,0.962089
254,0.965
255,0.967549
256,0.957915
257,0.982527
258,0.983144
259,0.980972
260,0.976018
261,0.982274
262,0.954335
263,0.961347
264,0.958424
265,0.923292
266,0.923019
267,0.949056
268,0.958116
269,0.952664
270,0.936486
271,0.908319
272,0.914788
273,0.919394
274,0.950523
275,0.952908
276,0.945277
277,0.950306
278,0.966098
279,0.969046
280,0.960946
281,0.96886
282,0.926819
283,0.048055
284,0.012709
285,0.008712
286,0.00639
287,0.006217
288,0.006335
289,0.068147
290,0.205419
291,0.955106
292,0.94568
293,0.931073
294,0.949597
295,0.931994
296,0.901967
297,0.976481
298,0.974322
299,0.976237
300,0.982538
301,0.986373
302,0.985344
303,0.989623
304,0.987759
305,0.982885
306,0.980493
307,0.981354
308,0.982841
309,0.981142
310,0.978213
311,0.97953
312,0.985483
313,0.541469
314,0.023042
315,0.004306
316,0.004197
317,0.002644
318,0.00318
319,0.002951
320,0.002804
321,0.002702
322,0.003563
323,0.004205
324,0.008641
325,0.700924
326,0.98912
327,0.9916
328,0.993639
329,0.994143
330,0.994869
331,0.994598
332,0.994477
333,0.991633
334,0.993054
335,0.992988
336,0.993914
337,0.989684
338,0.991699
339,0.914227
340,0.472987
341,0.060187
342,0.051109
343,0.011589
344,0.010365
345,0.003833
346,0.002971
347,0.005638
348,0.007314
349,0.005213
350,0.005177
351,0.005497
352,0.0096
353,0.14926
354,0.146449
355,0.855723
356,0.951554
357,0.988326
358,0.98738
359,0.987256
360,0.990002
361,0.992515
362,0.991759
363,0.992292
364,0.816852
365,0.012881
366,0.006635
367,0.003432
368,0.003113
369,0.00592
370,0.017625
371,0.027324
372,0.011221
373,0.013745
374,0.01095
375,0.012837
376,0.012018
377,0.012587
378,0.006987
379,0.009689
380,0.009585
381,0.008356
382,0.005299
383,0.004805
384,0.005409
385,0.006008
386,0.006942
387,0.020315
388,0.804171
389,0.988223
390,0.982179
391,0.983437
392,0.973809
393,0.974036
394,0.976701
395,0.980699
396,0.983151
397,0.992397
398,0.991529
399,0.991696
400,0.991973
401,0.991915
402,0.992424
403,0.993625
404,0.99292
405,0.993442
406,0.983032
407,0.982394
408,0.981852
409,0.987506
410,0.840362
411,0.014013
412,0.012212
413,0.005969
414,0.00546
415,0.004997
416,0.005401
417,0.006804
418,0.006931
419,0.005464
420,0.004435
421,0.003182
422,0.003157
423,0.002847
424,0.002642
425,0.011276
426,0.962287
427,0.996781
428,0.997144
429,0.996027
430,0.994959
431,0.992864
432,0.994322
433,0.9894
434,0.988394
435,0.98734
436,0.979831
437,0.96479
438,0.978452
439,0.983587
440,0.983794
441,0.977308
442,0.969991
443,0.979659
444,0.976749
445,0.980967
446,0.991682
447,0.988323
448,0.986576
449,0.984702
450,0.983165
451,0.987502
452,0.982857
453,0.983209
454,0.987068
455,0.987594
456,0.987081
457,0.990504
458,0.988287
459,0.985251
460,0.973191
461,0.972828
462,0.963322
463,0.972382
464,0.970725
465,0.971831
466,0.975435
467,0.973555
468,0.963738
469,0.958926
470,0.960556
471,0.956166
472,0.963132
473,0.96438
474,0.970766
475,0.972713
476,0.960045
477,0.954928
478,0.948216
479,0.961566
480,0.956185
481,0.945857
482,0.897627
483,0.411192
484,0.692472
485,0.949773
486,0.946304
487,0.947428
488,0.935867
489,0.691758
490,0.454021
491,0.668796
492,0.913892
493,0.951792
494,0.969249
495,0.971121
496,0.940798
497,0.924276
498,0.943668
499,0.946952
500,0.920254
501,0.95466
502,0.966588
503,0.961032
504,0.968677
505,0.94398
506,0.905771
507,0.903919
508,0.92021
509,0.943262
510,0.961565
511,0.959221
512,0.960996
513,0.967832
514,0.971213
515,0.969006
516,0.965549
517,0.973303
518,0.974965
519,0.96017
520,0.97981
521,0.978552
522,0.97777
523,0.982584
524,0.980655
525,0.98281
526,0.986793
527,0.987824
528,0.986937
529,0.987823
530,0.990549
531,0.98959
532,0.988724
533,0.990767
534,0.949858
535,0.013954
536,0.004507
537,0.001751
538,0.0062
539,0.003648
540,0.0052
541,0.004808
542,0.004438
543,0.003624
544,0.003521
545,0.002714
546,0.003532
547,0.005332
548,0.005524
549,0.005446
550,0.004896
551,0.005494
552,0.004636
553,0.011291
554,0.748201
555,0.994562
556,0.983401
557,0.978737
558,0.983974
559,0.98678
560,0.984875
561,0.993823
562,0.992626
563,0.992732
564,0.992872
565,0.991303
566,0.985451
567,0.993463
568,0.992799
569,0.994114
570,0.983875
571,0.970338
572,0.968145
573,0.961125
574,0.959774
575,0.955954
576,0.966307
577,0.954093
578,0.973614
579,0.988334
580,0.959221
581,0.989994
582,0.988859
583,0.944433
584,0.892717
585,0.88648
586,0.925473
587,0.921618
588,0.939891
589,0.967029
590,0.972702
591,0.965412
592,0.97676
593,0.98051
594,0.972259
595,0.963175
596,0.964821
597,0.969205
598,0.940825
599,0.978412
600,0.98207
601,0.971663
602,0.964655
603,0.971871
604,0.97165
605,0.979236
606,0.983304
607,0.970291
608,0.97684
609,0.980087
610,0.982728
611,0.979352
612,0.981974
613,0.982762
614,0.974819
615,0.975089
616,0.984872
617,0.991172
618,0.985894
619,0.98769
620,0.98298
621,0.986054
622,0.99043
623,0.990906
624,0.99286
625,0.995183
626,0.995352
627,0.995205
628,0.994638
629,0.996273
630,0.995749
631,0.995549
632,0.996445
633,0.99638
634,0.997164
635,0.49641
636,0.03966
637,0.01975
638,0.01738
639,0.020653
640,0.024312
641,0.018178
642,0.021229
643,0.014551
644,0.016692
645,0.013667
646,0.015316
647,0.01639
648,0.01045
649,0.011894
650,0.011917
651,0.009654
652,0.012446
653,0.007278
654,0.010194
655,0.009648
656,0.009616
657,0.012437
658,0.01408
659,0.020279
660,0.018609
661,0.008882
662,0.006845
663,0.014202
664,0.774822
665,0.976062
666,0.988298
667,0.974711
668,0.992189
669,0.993481
670,0.994524
671,0.994662
672,0.993492
673,0.991278
674,0.99324
675,0.99374
676,0.9963
677,0.997482
678,0.996864
679,0.996349
680,0.99666
681,0.995582
682,0.993932
683,0.993793
684,0.995729
685,0.996743
686,0.979828
687,0.987103
688,0.991014
689,0.991246
690,0.989771
691,0.991944
692,0.990049
693,0.988176
694,0.990619
695,0.989361
696,0.99532
697,0.990116
698,0.992132
699,0.991307
700,0.991443
701,0.99001
702,0.991338
703,0.985697
704,0.992323
705,0.990677
706,0.991944
707,0.990905
708,0.994368
709,0.995156
710,0.993309
711,0.994054
712,0.993741
713,0.992706
714,0.992148
715,0.990887
716,0.991308
717,0.99136
718,0.992965
719,0.912049
720,0.104041
721,0.009575
722,0.047877
723,0.009802
724,0.00872
725,0.030008
726,0.010564
727,0.010346
728,0.671584
729,0.964686
730,0.927715
731,0.949475
732,0.956659
733,0.964369
734,0.95582
735,0.970345
736,0.979521
737,0.976052
738,0.961943
739,0.97156
740,0.969767
741,0.94603
742,0.955945
743,0.09516
744,0.040728
745,0.031293
746,0.031949
747,0.012769
748,0.014636
749,0.018757
750,0.01824
751,0.007502
752,0.006022
753,0.010558
754,0.014266
755,0.013491
756,0.017473
757,0.008521
758,0.008368
759,0.008453
760,0.047794
761,0.360107
762,0.643492
763,0.735907
764,0.722654
765,0.618161
766,0.506632
767,0.598763
768,0.622426
769,0.654463
770,0.74757
771,0.813047
772,0.737793
773,0.716963
774,0.645537
775,0.625761
776,0.709739
777,0.672012
778,0.310114
779,0.003492
780,0.004581
781,0.00435
782,0.004407
783,0.005022
784,0.005232
785,0.004663
786,0.005221
787,0.005171
788,0.003773
789,0.005406
790,0.005513
791,0.002755
792,0.003423
793,0.00301
794,0.005628
795,0.006214
796,0.007023
797,0.006661
798,0.009415
799,0.006505
800,0.006477
801,0.009248
802,0.012207
803,0.006696
804,0.007604
805,0.006419
806,0.004602
807,0.015704
808,0.013226
809,0.014224
810,0.013633
811,0.015419
812,0.020063
813,0.483686
814,0.842361
815,0.848713
816,0.923774
817,0.957966
818,0.942325
819,0.929115
820,0.940986
821,0.933028
822,0.918808
823,0.97229
824,0.976065
825,0.982958
826,0.981151
827,0.977937
828,0.975631
829,0.940756
830,0.679343
831,0.660927
832,0.236341
833,0.061082
834,0.070616
835,0.706302
836,0.97361
837,0.987306
838,0.987885
839,0.991716
840,0.994716
841,0.993638
842,0.993799
843,0.994214
844,0.992755
845,0.993997
846,0.993486
847,0.99376
848,0.985271
849,0.068159
850,0.013216
851,0.008338
852,0.005637
853,0.006163
854,0.005973
855,0.008588
856,0.00872
857,0.008484
858,0.008549
859,0.007724
860,0.103558
861,0.943032
862,0.986512
863,0.985879
864,0.984415
865,0.988462
866,0.987493
867,0.987099
868,0.987548
869,0.98803
870,0.985768
871,0.984615
872,0.986891
873,0.98345
874,0.987452
875,0.985753
876,0.987814
877,0.991041
878,0.9923
879,0.991591
880,0.989749
881,0.217438
882,0.026946
883,0.019767
884,0.013927
885,0.011629
886,0.008681
887,0.010035
888,0.002967
889,0.004519
890,0.00447
891,0.004188
892,0.007933
893,0.63336
894,0.987844
895,0.989312
896,0.992276
897,0.988358
898,0.987611
899,0.977133
900,0.988284
901,0.985801
902,0.986996
903,0.982264
904,0.990603
905,0.98562
906,0.99265
907,0.991248
908,0.991629
909,0.989974
910,0.992526
911,0.994449
912,0.994466
913,0.993598
914,0.993149
915,0.986869
916,0.988564
917,0.988293
918,0.986202
919,0.986617
920,0.986831
921,0.992108
922,0.991465
923,0.991147
924,0.993197
925,0.992206
926,0.99081
927,0.992656
928,0.994889
929,0.995441
930,0.995709
931,0.996001
932,0.994971
933,0.995597
934,0.99544
935,0.995208
936,0.994456
937,0.995277
938,0.995474
939,0.99464
940,0.995002
941,0.99459
942,0.992684
943,0.993159
944,0.993538
945,0.993339
946,0.992037
947,0.992237
948,0.992948
949,0.992319
950,0.993325
951,0.992709
952,0.992188
953,0.992423
954,0.99099
955,0.991047
956,0.991851
957,0.991536
958,0.990758
959,0.993049
960,0.993946
961,0.991982
962,0.993255
963,0.992502
964,0.991676
965,0.989851
966,0.990383
967,0.99014
968,0.989204
969,0.989892
970,0.991666
971,0.990482
972,0.990721
973,0.9899
974,0.990351
975,0.989086
976,0.991741
977,0.083332
978,0.009785
979,0.009031
980,0.005283
981,0.006186
982,0.005946
983,0.006489
984,0.019122
985,0.022633
986,0.025788
987,0.025836
988,0.024972
989,0.022727
990,0.020894
991,0.023321
992,0.008431
993,0.007533
994,0.007562
995,0.026367
996,0.153168
997,0.850946
998,0.97838
999,0.987017
1000,0.988339
1001,0.994954
1002,0.992798
1003,0.992432
1004,0.991471
1005,0.992709
1006,0.992117
1007,0.992648
1008,0.989877
1009,0.994756
1010,0.995286
1011,0.995349
1012,0.971098
1013,0.132758
1014,0.009127
1015,0.035695
1016,0.045281
1017,0.035327
1018,0.011223
1019,0.009065
1020,0.010632
1021,0.016045
1022,0.011962
1023,0.013076
1024,0.013279
1025,0.275677
1026,0.975126
1027,0.996033
1028,0.994043
1029,0.994138
1030,0.991808
1031,0.995515
1032,0.993227
1033,0.993843
1034,0.993092
1035,0.991426
1036,0.531354
1037,0.023892
1038,0.013994
1039,0.011871
1040,0.004033
1041,0.004217
1042,0.004433
1043,0.00517
1044,0.006069
1045,0.005659
1046,0.009141
1047,0.010238
1048,0.021316
1049,0.023517
1050,0.019208
1051,0.011375
1052,0.008257
1053,0.01914
1054,0.015527
1055,0.010356
1056,0.008978
1057,0.004319
1058,0.00157
1059,0.000936
1060,0.001017
1061,0.000834
1062,0.000876
1063,0.004118
1064,0.100655
1065,0.965999
1066,0.979315
1067,0.992243
1068,0.994797
1069,0.989681
1070,0.987505
1071,0.993739
1072,0.982112
1073,0.99128
1074,0.993511
1075,0.992369
1076,0.993428
1077,0.991144
1078,0.992296
1079,0.992378
1080,0.993298
1081,0.994488
1082,0.993693
1083,0.99392
1084,0.996904
1085,0.99716
1086,0.997502
1087,0.99742
1088,0.993381
1089,0.99186
1090,0.991253
1091,0.99115
1092,0.991708
1093,0.990061
1094,0.990074
1095,0.992387
1096,0.996209
1097,0.991974
1098,0.992234
1099,0.541119
1100,0.009363
1101,0.007544
1102,0.006996
1103,0.003504
1104,0.003408
1105,0.004411
1106,0.004461
1107,0.005713
1108,0.006765
1109,0.005762
1110,0.02921
1111,0.672695
1112,0.901021
1113,0.980743
1114,0.984046
1115,0.984412
1116,0.974396
1117,0.978633
1118,0.974355
1119,0.984966
1120,0.986683
1121,0.987184
1122,0.987152
1123,0.987182
1124,0.98385
1125,0.978472
1126,0.976726
1127,0.985754
1128,0.993163
1129,0.983434
1130,0.149948
1131,0.054169
1132,0.014412
1133,0.01524
1134,0.01224
1135,0.009101
1136,0.010343
1137,0.023005
1138,0.472159
1139,0.832933
1140,0.991611
1141,0.99663
1142,0.995237
1143,0.99426
1144,0.993809
1145,0.991025
1146,0.98678
1147,0.994059
1148,0.991846
1149,0.994927
1150,0.993163
1151,0.993248
1152,0.992033
1153,0.989643
1154,0.992617
1155,0.142958
1156,0.018514
1157,0.011388
1158,0.007929
1159,0.007933
1160,0.005855
1161,0.00645
1162,0.006325
1163,0.007864
1164,0.008756
1165,0.054486
1166,0.966639
1167,0.985127
1168,0.990617
1169,0.99448
1170,0.989872
1171,0.983677
1172,0.983554
1173,0.993461
1174,0.992342
1175,0.993028
1176,0.992781
1177,0.993411
1178,0.995235
1179,0.992575
1180,0.991634
1181,0.992258
1182,0.991155
1183,0.993935
1184,0.99526
1185,0.996691
1186,0.994329
1187,0.992609
1188,0.991824
1189,0.992022
1190,0.992534
1191,0.995003
1192,0.995821
1193,0.995502
1194,0.981655
1195,0.984841
1196,0.993861
1197,0.985771
1198,0.987062
1199,0.99617
1200,0.996358
1201,0.103233
1202,0.00963
1203,0.007903
1204,0.007284
1205,0.005407
1206,0.00434
1207,0.004412
1208,0.005076
1209,0.005186
1210,0.006219
1211,0.0063
1212,0.040255
1213,0.614179
1214,0.882573
1215,0.974683
1216,0.983551
1217,0.980412
1218,0.981768
1219,0.986814
1220,0.989739
1221,0.990169
1222,0.993677
1223,0.991196
1224,0.990682
1225,0.990373
1226,0.989327
1227,0.98363
1228,0.045734
1229,0.013883
1230,0.009831
1231,0.00593
1232,0.009792
1233,0.005306
1234,0.007707
1235,0.004599
1236,0.007729
1237,0.006439
1238,0.006721
1239,0.006852
1240,0.006903
1241,0.005622
1242,0.005468
1243,0.007529
1244,0.008382
1245,0.125041
1246,0.936157
1247,0.796933
1248,0.858597
1249,0.905144
1250,0.939724
1251,0.945586
1252,0.938102
1253,0.946166
1254,0.92697
1255,0.958502
1256,0.961294
1257,0.937995
1258,0.888216
1259,0.947715
1260,0.980544
1261,0.803675
1262,0.860879
1263,0.891041
1264,0.683167
1265,0.972544
1266,0.772282
1267,0.807201
1268,0.806015
1269,0.792208
1270,0.809337
1271,0.781409
1272,0.693644
1273,0.710527
1274,0.583303
1275,0.606624
1276,0.693569
1277,0.579031
1278,0.561091
1279,0.470288
1280,0.657353
1281,0.71271
1282,0.683506
1283,0.61108
1284,0.591082
1285,0.869475
1286,0.853332
1287,0.671632
1288,0.641618
1289,0.643836
1290,0.620868
1291,0.573129
1292,0.394769
1293,0.015863
1294,0.005793
1295,0.003033
1296,0.002732
1297,0.010713
1298,0.011446
1299,0.023926
1300,0.254933
1301,0.626547
1302,0.799227
1303,0.896681
1304,0.911051
1305,0.88217
1306,0.827808
1307,0.837501
1308,0.743647
1309,0.847292
1310,0.820574
1311,0.838676
1312,0.812221
1313,0.847104
1314,0.775515
1315,0.800592
1316,0.608679
1317,0.848011
1318,0.773962
1319,0.853771
1320,0.870923
1321,0.885552
1322,0.863536
1323,0.911377
1324,0.885168
1325,0.892379
1326,0.913527
1327,0.913646
1328,0.90062
1329,0.876326
1330,0.947575
1331,0.858638
1332,0.890531
1333,0.981245
1334,0.969662
1335,0.960961
1336,0.969205
1337,0.966234
1338,0.958337
1339,0.958892
1340,0.250019
1341,0.031235
1342,0.023554
1343,0.016278
1344,0.012328
1345,0.013778
1346,0.016873
1347,0.011894
1348,0.014803
1349,0.203251
1350,0.990576
1351,0.9939
1352,0.992326
1353,0.987618
1354,0.990655
1355,0.988806
1356,0.990267
1357,0.992256
1358,0.992874
1359,0.99211
1360,0.991534
1361,0.992128
1362,0.994298
1363,0.994801
1364,0.993471
1365,0.995218
1366,0.993022
1367,0.992648
1368,0.993735
1369,0.996145
1370,0.996236
1371,0.996532
1372,0.996182
1373,0.994797
1374,0.994507
1375,0.994711
1376,0.994943
1377,0.995205
1378,0.995419
1379,0.995888
1380,0.996196
1381,0.995819
1382,0.995054
1383,0.993974
1384,0.226679
1385,0.007475
1386,0.015374
1387,0.018371
1388,0.015541
1389,0.011268
1390,0.012666
1391,0.011439
1392,0.014755
1393,0.009548
1394,0.006641
1395,0.00699
1396,0.006418
1397,0.008015
1398,0.009521
1399,0.008572
1400,0.009559
1401,0.009722
1402,0.04841
1403,0.760421
1404,0.989882
1405,0.994551
1406,0.992628
1407,0.984597
1408,0.986324
1409,0.990986
1410,0.992251
1411,0.988849
1412,0.98776
1413,0.056026
1414,0.039207
1415,0.016573
1416,0.025655
1417,0.033421
1418,0.015212
1419,0.027055
1420,0.016129
1421,0.009503
1422,0.014092
1423,0.012014
1424,0.01046
1425,0.008419
1426,0.014081
1427,0.654373
1428,0.964471
1429,0.987402
1430,0.975249
1431,0.974416
1432,0.975084
1433,0.982918
1434,0.951971
1435,0.977551
1436,0.983091
1437,0.978957
1438,0.977299
1439,0.961751
1440,0.972009
1441,0.977334
1442,0.967839
1443,0.064325
1444,0.03861
1445,0.029593
1446,0.018052
1447,0.019451
1448,0.023721
1449,0.027331
1450,0.039163
1451,0.029292
1452,0.029189
1453,0.021419
1454,0.02572
1455,0.018165
1456,0.015865
1457,0.13381
1458,0.86879
1459,0.865715
1460,0.917624
1461,0.870045
1462,0.84653
1463,0.93267
1464,0.95739
1465,0.969904
1466,0.956871
1467,0.971863
1468,0.970825
1469,0.959966
