1,0.990621
2,0.990713
3,0.981773
4,0.978806
5,0.975715
6,0.985743
7,0.987232
8,0.994691
9,0.992759
10,0.983197
11,0.882293
12,0.92803
13,0.965696
14,0.991553
15,0.993963
16,0.992951
17,0.993785
18,0.955453
19,0.914048
20,0.968419
21,0.984986
22,0.987496
23,0.995061
24,0.995401
25,0.995158
26,0.994799
27,0.994442
28,0.994316
29,0.989738
30,0.99166
31,0.98864
32,0.991646
33,0.990694
34,0.989407
35,0.98967
36,0.989758
37,0.988943
38,0.988944
39,0.98951
40,0.990952
41,0.99134
42,0.98651
43,0.983028
44,0.98254
45,0.98425
46,0.980031
47,0.978976
48,0.97701
49,0.970864
50,0.971898
51,0.976383
52,0.971895
53,0.814099
54,0.693358
55,0.823238
56,0.949872
57,0.971663
58,0.961902
59,0.926367
60,0.800998
61,0.597667
62,0.890272
63,0.888094
64,0.893378
65,0.923369
66,0.932699
67,0.908194
68,0.898278
69,0.888073
70,0.742406
71,0.709338
72,0.808193
73,0.803075
74,0.735821
75,0.749307
76,0.803336
77,0.694373
78,0.591244
79,0.666762
80,0.752085
81,0.696579
82,0.706985
83,0.622542
84,0.744632
85,0.769456
86,0.768629
87,0.719336
88,0.73282
89,0.653358
90,0.613963
91,0.588381
92,0.730102
93,0.584955
94,0.816885
95,0.766396
96,0.818983
97,0.79886
98,0.809637
99,0.790353
100,0.761353
101,0.798472
102,0.852277
103,0.639289
104,0.820131
105,0.650646
106,0.63642
107,0.741854
108,0.763128
109,0.938078
110,0.942974
111,0.815312
112,0.803213
113,0.82407
114,0.862271
115,0.845734
116,0.820009
117,0.803711
118,0.731067
119,0.775584
120,0.819665
121,0.876704
122,0.848236
123,0.894301
124,0.897286
125,0.863273
126,0.942108
127,0.936652
128,0.928413
129,0.943381
130,0.940494
131,0.961343
132,0.949779
133,0.95701
134,0.980593
135,0.989402
136,0.989148
137,0.989146
138,0.992309
139,0.992814
140,0.992213
141,0.986126
142,0.989446
143,0.99173
144,0.992615
145,0.992579
146,0.292734
147,0.019123
148,0.008141
149,0.006957
150,0.024768
151,0.015391
152,0.010908
153,0.01536
154,0.026433
155,0.019939
156,0.018377
157,0.013376
158,0.007012
159,0.006589
160,0.010138
161,0.007668
162,0.540797
163,0.981
164,0.985912
165,0.973864
166,0.973537
167,0.985784
168,0.989151
169,0.990531
170,0.988189
171,0.980452
172,0.984176
173,0.986675
174,0.987541
175,0.990386
176,0.993538
177,0.99486
178,0.991498
179,0.992904
180,0.991755
181,0.993141
182,0.991857
183,0.993334
184,0.994751
185,0.992978
186,0.992815
187,0.993179
188,0.991256
189,0.983917
190,0.991335
191,0.987432
192,0.987318
193,0.978568
194,0.977575
195,0.980414
196,0.982533
197,0.980991
198,0.987786
199,0.988149
200,0.989812
201,0.989635
202,0.989826
203,0.99057
204,0.990186
205,0.991462
206,0.990364
207,0.98951
208,0.989678
209,0.986453
210,0.986602
211,0.984856
212,0.981737
213,0.980648
214,0.98349
215,0.982424
216,0.980687
217,0.979748
218,0.979431
219,0.974193
220,0.974805
221,0.978411
222,0.968505
223,0.971159
224,0.976287
225,0.970029
226,0.956656
227,0.975807
228,0.950872
229,0.025687
230,0.006685
231,0.003502
232,0.002684
233,0.00422
234,0.004662
235,0.004662
236,0.003235
237,0.003458
238,0.10574
239,0.83892
240,0.748311
241,0.842965
242,0.57733
243,0.629193
244,0.884983
245,0.886839
246,0.905382
247,0.917166
248,0.916235
249,0.929962
250,0.455812
251,0.84237
252,0.510405
253,0.034674
254,0.036575
255,0.025601
256,0.023352
257,0.019759
258,0.026167
259,0.016087
260,0.015214
261,0.01906
262,0.017887
263,0.015346
264,0.009758
265,0.006399
266,0.018896
267,0.663355
268,0.839196
269,0.750531
270,0.755196
271,0.922268
272,0.829285
273,0.873301
274,0.898759
275,0.895904
276,0.938261
277,0.945942
278,0.954152
279,0.975061
280,0.97558
281,0.97048
282,0.082
283,0.007624
284,0.005529
285,0.004068
286,0.004313
287,0.004997
288,0.009887
289,0.39894
290,0.771266
291,0.969549
292,0.976886
293,0.965033
294,0.946987
295,0.958421
296,0.955401
297,0.946564
298,0.954467
299,0.969103
300,0.977939
301,0.987903
302,0.987392
303,0.983237
304,0.979649
305,0.98499
306,0.985784
307,0.983546
308,0.984437
309,0.983595
310,0.982914
311,0.982747
312,0.985208
313,0.989633
314,0.993826
315,0.993912
316,0.985828
317,0.901288
318,0.01554
319,0.004327
320,0.003805
321,0.002418
322,0.002505
323,0.002402
324,0.002899
325,0.004707
326,0.005286
327,0.004527
328,0.005733
329,0.006269
330,0.005981
331,0.005236
332,0.004517
333,0.004399
334,0.004588
335,0.003178
336,0.00307
337,0.002397
338,0.003118
339,0.003024
340,0.002278
341,0.001486
342,0.475553
343,0.985208
344,0.989469
345,0.996521
346,0.991696
347,0.994155
348,0.996514
349,0.995319
350,0.990679
351,0.992281
352,0.091201
353,0.010388
354,0.006227
355,0.006699
356,0.012594
357,0.013272
358,0.00761
359,0.012631
360,0.008192
361,0.011151
362,0.023277
363,0.006208
364,0.012302
365,0.0158
366,0.149492
367,0.802972
368,0.983127
369,0.991198
370,0.99666
371,0.994313
372,0.994084
373,0.994641
374,0.994414
375,0.992596
376,0.99173
377,0.989814
378,0.991224
379,0.994999
380,0.996036
381,0.993108
382,0.994188
