1,0.988961
2,0.992253
3,0.990189
4,0.986894
5,0.988888
6,0.989513
7,0.989454
8,0.990888
9,0.991862
10,0.989525
11,0.988476
12,0.989734
13,0.990173
14,0.990328
15,0.989181
16,0.990443
17,0.990751
18,0.989638
19,0.990613
20,0.990311
21,0.990403
22,0.988837
23,0.988887
24,0.987506
25,0.679229
26,0.349685
27,0.754616
28,0.983648
29,0.990495
30,0.989346
31,0.989755
32,0.988883
33,0.988769
34,0.987525
35,0.98737
36,0.990412
37,0.991699
38,0.991965
39,0.991136
40,0.989202
41,0.989057
42,0.986104
43,0.985303
44,0.983379
45,0.977885
46,0.973554
47,0.938081
48,0.950975
49,0.941734
50,0.94421
51,0.951853
52,0.939701
53,0.945773
54,0.945613
55,0.938604
56,0.941856
57,0.928894
58,0.936501
59,0.966321
60,0.95658
61,0.959784
62,0.901704
63,0.922679
64,0.925223
65,0.934935
66,0.933374
67,0.922413
68,0.927803
69,0.943354
70,0.953435
71,0.954905
72,0.952408
73,0.934034
74,0.928756
75,0.921533
76,0.923965
77,0.912243
78,0.904677
79,0.906361
80,0.897395
81,0.887458
82,0.874085
83,0.882023
84,0.885368
85,0.888127
86,0.874442
87,0.803499
88,0.831615
89,0.839394
90,0.837981
91,0.857485
92,0.888901
93,0.864999
94,0.842651
95,0.802898
96,0.865548
97,0.901396
98,0.888916
99,0.903745
100,0.897803
101,0.91721
102,0.813903
103,0.876111
104,0.832603
105,0.872934
106,0.856388
107,0.849332
108,0.825304
109,0.883336
110,0.878439
111,0.888537
112,0.902268
113,0.914424
114,0.923532
115,0.918681
116,0.946253
117,0.953629
118,0.951448
119,0.957028
120,0.960235
121,0.960323
122,0.960337
123,0.954187
124,0.947441
125,0.955321
126,0.951581
127,0.958413
128,0.962233
129,0.985945
130,0.988411
131,0.989543
132,0.990085
133,0.987466
134,0.990498
135,0.990872
136,0.991061
137,0.99143
138,0.991885
139,0.991388
140,0.992431
141,0.991604
142,0.988396
143,0.990255
144,0.990286
145,0.992197
146,0.992505
147,0.991623
148,0.99212
149,0.992313
150,0.994621
151,0.995005
152,0.991793
153,0.991607
154,0.99236
155,0.991226
156,0.99166
157,0.991549
158,0.991146
159,0.99101
160,0.990482
161,0.990866
162,0.99099
163,0.991568
164,0.991133
165,0.98959
166,0.989776
167,0.989556
168,0.988388
169,0.989983
170,0.988924
171,0.988919
172,0.989149
173,0.991371
174,0.993284
175,0.993012
176,0.993541
177,0.993966
178,0.990575
179,0.991232
180,0.992155
181,0.99213
182,0.9924
183,0.99333
184,0.458044
185,0.500673
186,0.80123
187,0.9862
188,0.991699
189,0.994086
190,0.989597
191,0.989109
192,0.989254
193,0.992275
194,0.991948
195,0.992546
196,0.991871
197,0.99164
198,0.990931
199,0.992086
200,0.99205
201,0.991319
202,0.991502
203,0.989798
204,0.991375
205,0.991763
206,0.991709
207,0.99156
208,0.991032
209,0.992556
210,0.99157
211,0.991623
212,0.991471
213,0.991052
214,0.990329
215,0.989662
216,0.990334
217,0.987576
218,0.986904
219,0.990979
220,0.989781
221,0.987892
222,0.987163
223,0.987257
224,0.988235
225,0.984123
226,0.9781
227,0.977002
228,0.976479
229,0.980583
230,0.981432
231,0.981733
232,0.975828
233,0.98051
234,0.974338
235,0.976616
236,0.978087
237,0.974879
238,0.975163
239,0.975843
240,0.975243
241,0.976014
242,0.970723
243,0.972887
244,0.978363
245,0.980775
246,0.987487
247,0.981004
248,0.992107
249,0.985506
250,0.979553
251,0.989288
252,0.981657
253,0.985068
254,0.981036
255,0.984783
256,0.973901
257,0.977844
258,0.97406
259,0.971436
260,0.97371
261,0.978043
262,0.970364
263,0.96786
264,0.972086
265,0.97638
266,0.973491
267,0.976042
268,0.977026
269,0.981258
270,0.982139
271,0.981568
272,0.984146
273,0.983696
274,0.983316
275,0.982856
276,0.985609
277,0.981256
278,0.981435
279,0.980748
280,0.976726
281,0.980775
282,0.974589
283,0.976802
284,0.972915
285,0.974764
286,0.973294
287,0.977842
288,0.979666
289,0.995224
290,0.9853
291,0.985737
292,0.983229
293,0.978675
294,0.985365
295,0.984795
296,0.987029
297,0.986541
298,0.987213
299,0.987006
300,0.986662
301,0.984365
302,0.983474
303,0.983369
304,0.98016
305,0.980689
306,0.98059
307,0.981858
308,0.982337
309,0.98554
310,0.985044
311,0.986733
312,0.988689
313,0.992467
314,0.992019
315,0.992296
316,0.992301
317,0.991806
318,0.991208
319,0.991436
320,0.993417
321,0.993734
322,0.992998
323,0.993327
324,0.993678
325,0.992079
326,0.992232
327,0.993783
328,0.992979
329,0.993228
330,0.992703
331,0.993272
332,0.99141
333,0.991547
334,0.992968
335,0.99278
336,0.993379
337,0.994232
338,0.994085
339,0.9943
340,0.994438
341,0.993735
342,0.991472
343,0.547864
344,0.565649
345,0.96834
346,0.991137
347,0.992641
348,0.993298
349,0.993479
350,0.992636
351,0.992526
352,0.992721
353,0.992484
354,0.992404
355,0.992664
356,0.992827
357,0.992526
358,0.718046
359,0.704295
360,0.897362
361,0.984294
362,0.987517
363,0.987575
364,0.989925
365,0.990913
366,0.991395
367,0.991901
368,0.990404
369,0.989936
370,0.9898
371,0.990263
372,0.987893
373,0.989908
374,0.991979
375,0.992049
376,0.992628
377,0.992826
378,0.991736
379,0.991756
380,0.989208
381,0.989264
382,0.989475
383,0.989315
384,0.989133
385,0.990017
386,0.990409
387,0.991217
388,0.991304
389,0.992014
390,0.993046
391,0.993298
392,0.99261
393,0.991717
394,0.991871
395,0.991783
396,0.991303
397,0.99319
398,0.993436
399,0.994108
400,0.994558
401,0.994621
402,0.994623
403,0.994068
404,0.993879
405,0.993026
406,0.992942
407,0.993729
408,0.993553
409,0.99223
410,0.992554
411,0.992726
412,0.992541
413,0.993189
414,0.99296
415,0.992213
416,0.992038
417,0.992076
418,0.991713
419,0.991931
420,0.993533
421,0.993036
422,0.993279
423,0.992184
424,0.992496
425,0.99288
426,0.993005
427,0.992716
428,0.992491
429,0.99271
430,0.992734
431,0.992943
432,0.991864
433,0.991492
434,0.991473
435,0.991346
436,0.991062
437,0.990988
438,0.990718
439,0.98923
440,0.990319
441,0.990553
442,0.990906
443,0.992218
444,0.992134
445,0.990029
446,0.990368
447,0.989631
448,0.991066
449,0.991725
450,0.991651
451,0.991025
452,0.99122
453,0.99062
454,0.990175
455,0.989142
456,0.988998
457,0.98833
458,0.988407
459,0.987892
460,0.988263
461,0.988208
462,0.988085
463,0.986332
464,0.983724
465,0.982741
466,0.984472
467,0.983585
468,0.98324
469,0.982795
470,0.981807
471,0.980804
472,0.980728
473,0.980712
474,0.976021
475,0.976179
476,0.976515
477,0.977842
478,0.978427
479,0.978063
480,0.977141
481,0.980909
482,0.980678
483,0.983994
484,0.706744
485,0.773266
486,0.937493
487,0.969314
488,0.969096
489,0.949768
490,0.952818
491,0.948536
492,0.945144
493,0.965762
494,0.966152
495,0.966308
496,0.966263
497,0.965893
498,0.957525
499,0.960276
500,0.961699
501,0.971749
502,0.969878
503,0.967882
504,0.96724
505,0.974814
506,0.973287
507,0.973091
508,0.976367
509,0.979176
510,0.973354
511,0.974756
512,0.975272
513,0.976797
514,0.975765
515,0.979147
516,0.975805
517,0.980519
518,0.976857
519,0.979339
520,0.976909
521,0.976704
522,0.978885
523,0.979095
524,0.980072
525,0.982494
526,0.985695
527,0.986156
528,0.990108
529,0.988569
530,0.989868
531,0.990053
532,0.989994
533,0.991874
534,0.991834
535,0.991727
536,0.99237
537,0.992208
538,0.995523
539,0.995898
540,0.995897
541,0.992434
542,0.994763
543,0.995317
544,0.995839
545,0.99553
546,0.99568
547,0.995307
548,0.995089
549,0.995128
550,0.994234
551,0.993706
552,0.993724
553,0.991311
554,0.99139
555,0.99187
556,0.991788
557,0.991293
558,0.991418
559,0.990108
560,0.989412
561,0.987227
562,0.983679
563,0.982594
564,0.982133
565,0.983864
566,0.981267
567,0.984602
568,0.980826
569,0.981166
570,0.980064
571,0.978082
572,0.976268
573,0.973046
574,0.973865
575,0.974161
576,0.974465
577,0.962737
578,0.965659
579,0.961798
580,0.960248
581,0.955757
582,0.961462
583,0.958174
584,0.949279
585,0.935338
586,0.93659
587,0.94155
588,0.947802
589,0.950383
590,0.945627
591,0.948961
592,0.943377
593,0.938683
594,0.941036
595,0.939374
596,0.942771
597,0.943116
598,0.946665
599,0.934609
600,0.940509
601,0.962961
602,0.958165
603,0.971786
604,0.970197
605,0.975082
606,0.974652
607,0.965336
608,0.971292
609,0.971926
610,0.967008
611,0.975222
612,0.972816
613,0.97888
614,0.981465
615,0.981585
616,0.976732
617,0.979993
618,0.975819
619,0.975771
620,0.985562
621,0.979724
622,0.979582
623,0.984858
624,0.985152
625,0.985366
626,0.976486
627,0.97899
628,0.978563
629,0.978375
630,0.978297
631,0.969374
632,0.882381
633,0.969761
634,0.988333
635,0.98916
636,0.987269
637,0.991358
638,0.991399
639,0.990822
640,0.95578
641,0.660601
642,0.7291
643,0.939491
644,0.976948
645,0.987434
646,0.991631
647,0.992876
648,0.993087
649,0.993607
650,0.994373
651,0.994494
652,0.994749
653,0.994979
654,0.994384
655,0.994091
656,0.99443
657,0.993526
658,0.993024
659,0.991108
660,0.993833
661,0.993321
662,0.993812
663,0.993925
664,0.993822
665,0.991548
666,0.99144
667,0.991629
668,0.989623
669,0.990883
670,0.990417
671,0.991264
672,0.991298
673,0.990126
674,0.990079
675,0.98789
676,0.994352
677,0.994115
678,0.994276
679,0.994336
680,0.994164
681,0.994218
682,0.994147
683,0.991108
684,0.989808
685,0.992755
686,0.992569
687,0.992072
688,0.992105
689,0.992239
690,0.994179
691,0.993321
692,0.993271
693,0.993525
694,0.994701
695,0.994038
696,0.994238
697,0.994056
698,0.994362
699,0.99424
700,0.993968
701,0.99434
702,0.994745
703,0.994937
704,0.994527
705,0.995174
706,0.995352
707,0.995204
708,0.995209
709,0.994506
710,0.994558
711,0.993998
712,0.992922
713,0.994063
714,0.993613
715,0.99504
716,0.995035
717,0.994356
718,0.992934
719,0.993101
720,0.993048
721,0.992647
722,0.992151
723,0.992012
724,0.991064
725,0.991575
726,0.991486
727,0.990314
728,0.988835
729,0.988457
730,0.984642
731,0.974863
732,0.977585
733,0.974089
734,0.969722
735,0.970276
736,0.96831
737,0.968739
738,0.964093
739,0.955805
740,0.96193
741,0.961124
742,0.948497
743,0.952229
744,0.94804
745,0.946402
746,0.953243
747,0.953585
748,0.942592
749,0.936489
750,0.931583
751,0.915362
752,0.924744
753,0.923356
754,0.907643
755,0.902226
756,0.886866
757,0.886521
758,0.887795
759,0.883657
760,0.879937
761,0.876485
762,0.870795
763,0.873344
764,0.868372
765,0.85933
766,0.847098
767,0.8399
768,0.824634
769,0.801894
770,0.788929
771,0.810115
772,0.778053
773,0.750178
774,0.775545
775,0.780484
776,0.801921
777,0.782708
778,0.781108
779,0.77705
780,0.761716
781,0.757007
782,0.759885
783,0.746988
784,0.748803
785,0.810278
786,0.807605
787,0.808196
788,0.756913
789,0.771745
790,0.739224
791,0.720145
792,0.763656
793,0.74077
794,0.720328
795,0.763721
796,0.738668
797,0.743697
798,0.758399
799,0.760925
800,0.750253
801,0.785976
802,0.781384
803,0.79609
804,0.78425
805,0.863035
806,0.874009
807,0.88648
808,0.900218
809,0.899638
810,0.880426
811,0.893133
812,0.913465
813,0.946815
814,0.947709
815,0.932337
816,0.945221
817,0.968025
818,0.967864
819,0.955144
820,0.971897
821,0.969765
822,0.961819
823,0.883858
824,0.87585
825,0.97442
826,0.98179
827,0.9826
828,0.98503
829,0.988269
830,0.92213
831,0.676021
832,0.766347
833,0.92357
834,0.964441
835,0.977012
836,0.985041
837,0.987517
838,0.990839
839,0.992562
840,0.99286
841,0.991474
842,0.991572
843,0.984485
844,0.984964
845,0.987625
846,0.989764
847,0.990765
848,0.990604
849,0.991193
850,0.990204
851,0.990325
852,0.990545
853,0.989167
854,0.989307
855,0.990663
856,0.990864
857,0.991002
858,0.990509
859,0.991007
860,0.991941
861,0.992678
862,0.993158
863,0.991337
864,0.991241
865,0.991989
866,0.992751
867,0.990336
868,0.992725
869,0.99295
870,0.992332
871,0.992616
872,0.992964
873,0.993673
874,0.994421
875,0.994502
876,0.994316
877,0.99324
878,0.993084
879,0.989951
880,0.988343
881,0.987919
882,0.990363
883,0.99167
884,0.984072
885,0.979262
886,0.984363
887,0.97997
888,0.98343
889,0.97103
890,0.970487
891,0.96894
892,0.961271
893,0.96694
894,0.962584
895,0.959279
896,0.950781
897,0.944937
898,0.954571
899,0.958005
900,0.964939
901,0.961921
902,0.962249
903,0.96456
904,0.968733
905,0.965015
906,0.966499
907,0.97049
908,0.971365
909,0.970553
910,0.979256
911,0.972183
912,0.97286
913,0.97914
914,0.978996
915,0.978371
916,0.976185
917,0.976549
918,0.974228
919,0.975874
920,0.973369
921,0.971385
922,0.983185
923,0.987336
924,0.990012
925,0.986167
926,0.988614
927,0.98733
928,0.989105
929,0.98917
930,0.99037
931,0.990958
932,0.991366
933,0.991558
934,0.992883
935,0.992407
936,0.992823
937,0.994185
938,0.994237
939,0.993978
940,0.994193
941,0.994162
942,0.99411
943,0.993747
944,0.993883
945,0.993605
946,0.993938
947,0.993066
948,0.993332
949,0.99206
950,0.992278
951,0.991958
952,0.993212
953,0.99315
954,0.992855
955,0.993145
956,0.99305
957,0.992892
958,0.992485
959,0.991915
960,0.992349
961,0.992673
962,0.992227
963,0.992271
964,0.992186
965,0.992456
966,0.993482
967,0.993933
968,0.993766
969,0.994082
970,0.993862
971,0.994126
972,0.994124
973,0.995189
974,0.994718
975,0.994627
976,0.994572
977,0.99416
978,0.993692
979,0.993518
980,0.993424
981,0.992589
982,0.994122
983,0.992223
984,0.990752
985,0.993078
986,0.993137
987,0.99126
988,0.991232
989,0.988931
990,0.988226
991,0.99168
992,0.991178
993,0.990394
994,0.990277
995,0.991813
996,0.991258
997,0.989451
998,0.989018
999,0.987728
1000,0.986327
1001,0.987838
1002,0.987672
1003,0.988572
1004,0.988303
1005,0.986009
1006,0.984912
1007,0.990629
1008,0.990238
1009,0.992642
1010,0.989759
1011,0.987839
1012,0.98087
1013,0.875539
1014,0.631496
1015,0.807352
1016,0.955305
1017,0.988169
1018,0.984745
1019,0.985616
1020,0.983932
1021,0.989245
1022,0.988564
1023,0.988274
1024,0.989324
1025,0.989571
1026,0.989988
1027,0.988242
1028,0.964857
1029,0.427685
1030,0.444147
1031,0.765984
1032,0.969721
1033,0.983364
1034,0.979042
1035,0.984269
1036,0.981537
1037,0.982797
1038,0.981169
1039,0.981613
1040,0.980709
1041,0.982555
1042,0.982983
1043,0.981525
1044,0.983933
1045,0.98041
1046,0.979158
1047,0.984816
1048,0.981113
1049,0.974207
1050,0.979953
1051,0.98554
1052,0.989813
1053,0.992772
1054,0.992877
1055,0.993079
1056,0.992735
1057,0.98815
1058,0.992156
1059,0.99347
1060,0.991301
1061,0.993428
1062,0.993451
1063,0.993305
1064,0.992729
1065,0.994559
1066,0.994712
1067,0.993107
1068,0.994603
1069,0.995566
1070,0.995108
1071,0.995319
1072,0.995843
1073,0.996726
1074,0.996241
1075,0.995647
1076,0.995485
1077,0.995556
1078,0.995834
1079,0.995897
1080,0.996337
1081,0.996103
1082,0.996204
1083,0.996313
1084,0.996383
1085,0.996443
1086,0.996765
1087,0.996523
1088,0.996073
1089,0.995927
1090,0.996107
1091,0.996505
1092,0.996404
1093,0.996198
1094,0.996196
1095,0.995965
1096,0.995961
1097,0.995851
1098,0.99599
1099,0.996121
1100,0.995924
1101,0.996252
1102,0.995833
1103,0.9957
1104,0.995537
1105,0.996414
1106,0.996434
1107,0.996471
1108,0.996664
1109,0.996921
1110,0.997053
1111,0.996859
1112,0.996876
1113,0.996789
1114,0.996661
1115,0.996693
1116,0.996493
1117,0.99567
1118,0.995233
1119,0.995458
1120,0.99455
1121,0.994196
1122,0.995464
1123,0.996996
1124,0.996672
1125,0.996198
1126,0.99521
1127,0.995563
1128,0.994781
1129,0.996833
1130,0.996048
1131,0.996184
1132,0.996175
1133,0.995544
1134,0.996076
1135,0.995845
1136,0.996017
1137,0.996197
1138,0.996649
1139,0.995029
1140,0.995214
1141,0.994997
1142,0.992174
1143,0.99422
1144,0.994094
1145,0.987384
1146,0.989456
1147,0.993195
1148,0.98901
1149,0.991493
1150,0.985048
1151,0.987013
1152,0.98586
1153,0.993538
1154,0.993531
1155,0.991318
1156,0.990014
1157,0.992285
1158,0.99182
1159,0.98887
1160,0.98875
1161,0.988418
1162,0.989555
1163,0.990746
1164,0.987095
1165,0.991249
1166,0.991511
1167,0.989771
1168,0.988048
1169,0.987107
1170,0.987149
1171,0.985503
1172,0.984275
1173,0.976864
1174,0.967808
1175,0.973348
1176,0.973552
1177,0.979549
1178,0.978037
1179,0.976369
1180,0.974009
1181,0.973844
1182,0.965875
1183,0.974599
1184,0.970277
1185,0.975975
1186,0.982459
1187,0.985068
1188,0.987049
1189,0.973142
1190,0.967348
1191,0.967736
1192,0.96834
1193,0.973814
1194,0.972942
1195,0.975434
1196,0.98113
1197,0.982796
1198,0.985084
1199,0.986274
1200,0.986097
1201,0.981688
1202,0.983659
1203,0.986555
1204,0.988023
1205,0.98323
1206,0.981956
1207,0.980941
1208,0.984041
1209,0.988063
1210,0.986463
1211,0.98631
1212,0.986703
1213,0.987564
1214,0.990511
1215,0.991418
1216,0.993072
1217,0.993034
1218,0.99359
1219,0.99385
1220,0.99438
1221,0.993864
1222,0.994075
1223,0.994508
1224,0.994828
1225,0.996967
1226,0.995649
1227,0.995491
1228,0.996408
1229,0.996179
1230,0.996277
1231,0.995912
1232,0.997004
1233,0.996088
1234,0.996119
1235,0.996097
1236,0.996252
1237,0.995138
1238,0.995162
1239,0.994422
1240,0.994196
1241,0.994389
1242,0.994319
1243,0.994482
1244,0.992364
1245,0.99277
1246,0.995941
1247,0.991248
1248,0.990265
1249,0.970009
1250,0.965289
1251,0.924798
1252,0.947016
1253,0.907538
1254,0.924012
1255,0.923304
1256,0.910945
1257,0.909215
1258,0.981966
1259,0.983246
1260,0.895578
1261,0.965198
1262,0.965245
1263,0.95497
1264,0.908065
1265,0.907996
1266,0.912357
1267,0.913365
1268,0.92554
1269,0.927111
1270,0.946252
1271,0.921423
1272,0.903212
1273,0.894318
1274,0.907881
1275,0.902567
1276,0.929416
1277,0.927264
1278,0.908799
1279,0.895521
1280,0.879202
1281,0.89844
1282,0.920936
1283,0.919401
1284,0.734953
1285,0.744373
1286,0.64507
1287,0.79656
1288,0.924476
1289,0.707322
1290,0.621559
1291,0.614093
1292,0.722178
1293,0.632404
1294,0.65274
1295,0.67579
1296,0.727896
1297,0.783889
1298,0.735084
1299,0.711748
1300,0.752059
1301,0.706199
1302,0.699107
1303,0.732264
1304,0.768309
1305,0.780558
1306,0.797199
1307,0.825858
1308,0.832745
1309,0.806969
1310,0.808276
1311,0.808014
1312,0.807721
1313,0.801146
1314,0.821696
1315,0.812877
1316,0.799656
1317,0.794751
1318,0.784329
1319,0.789845
1320,0.841042
1321,0.891191
1322,0.88932
1323,0.891203
1324,0.891623
1325,0.975197
1326,0.976231
1327,0.975086
1328,0.981616
1329,0.980474
1330,0.977576
1331,0.936029
1332,0.951021
1333,0.960374
1334,0.956728
1335,0.966381
1336,0.966034
1337,0.973955
1338,0.972092
1339,0.976221
1340,0.975279
1341,0.976389
1342,0.979302
1343,0.989481
1344,0.649886
1345,0.6277
1346,0.964807
1347,0.976321
1348,0.97441
1349,0.977035
1350,0.977088
1351,0.978743
1352,0.978273
