1,0.963517
2,0.952361
3,0.956839
4,0.966541
5,0.964185
6,0.980639
7,0.93236
8,0.965513
9,0.965031
10,0.965969
11,0.965765
12,0.969218
13,0.886311
14,0.970096
15,0.97566
16,0.976319
17,0.976296
18,0.970352
19,0.966354
20,0.962593
21,0.96821
22,0.967564
23,0.969548
24,0.970698
25,0.84109
26,0.934237
27,0.94097
28,0.940568
29,0.940316
30,0.934801
31,0.945299
32,0.865676
33,0.699756
34,0.752121
35,0.819667
36,0.872814
37,0.924958
38,0.895357
39,0.889679
40,0.911479
41,0.908126
42,0.893849
43,0.910697
44,0.895061
45,0.910697
46,0.920316
47,0.919214
48,0.899326
49,0.868246
50,0.855118
51,0.869346
52,0.875177
53,0.852358
54,0.849086
55,0.822025
56,0.825821
57,0.799376
58,0.822283
59,0.827319
60,0.837025
61,0.834262
62,0.830937
63,0.850024
64,0.862723
65,0.856247
66,0.865347
67,0.867526
68,0.842803
69,0.847044
70,0.874196
71,0.855195
72,0.836058
73,0.789221
74,0.744763
75,0.818827
76,0.812282
77,0.823795
78,0.841321
79,0.858041
80,0.829322
81,0.794735
82,0.800376
83,0.818779
84,0.821672
85,0.760781
86,0.77152
87,0.788409
88,0.784514
89,0.842546
90,0.819925
91,0.836126
92,0.804506
93,0.831015
94,0.809028
95,0.781256
96,0.783062
97,0.853328
98,0.870597
99,0.856286
100,0.861877
101,0.867185
102,0.864428
103,0.887912
104,0.869379
105,0.833526
106,0.831293
107,0.835578
108,0.839763
109,0.587184
110,0.842888
111,0.840231
112,0.872502
113,0.85916
114,0.876586
115,0.88182
116,0.897323
117,0.859811
118,0.873574
119,0.855958
120,0.174278
121,0.04312
122,0.021618
123,0.013409
124,0.03707
125,0.024072
126,0.014354
127,0.008968
128,0.002926
129,0.00251
130,0.002741
131,0.002329
132,0.002678
133,0.000455
134,0.000268
135,0.000385
136,0.000395
137,0.000382
138,0.000815
139,0.000815
140,0.795913
141,0.936046
142,0.947334
143,0.950653
144,0.799003
145,0.781696
146,0.908166
147,0.92669
148,0.919403
149,0.917906
150,0.916559
151,0.909794
152,0.914444
153,0.917897
154,0.886456
155,0.906353
156,0.885945
157,0.854594
158,0.887829
159,0.897377
160,0.856052
161,0.864609
162,0.838965
163,0.88076
164,0.862786
165,0.87863
166,0.919866
167,0.859416
168,0.927812
169,0.904915
170,0.890114
171,0.940689
172,0.924128
173,0.898013
174,0.695246
175,0.026654
176,0.014855
177,0.015489
178,0.009824
179,0.008672
180,0.007185
181,0.013213
182,0.013978
183,0.016042
184,0.007709
185,0.004459
186,0.004382
187,0.003788
188,0.004127
189,0.003716
190,0.00367
191,0.006095
192,0.005403
193,0.003019
194,0.002024
195,0.002959
196,0.003038
197,0.004385
198,0.004098
199,0.006852
200,0.010018
201,0.007594
202,0.005027
203,0.00453
204,0.002844
205,0.002089
206,0.002173
207,0.004203
208,0.004209
209,0.004132
210,0.004207
211,0.004876
212,0.005166
213,0.003887
214,0.004646
215,0.010059
216,0.005475
217,0.001834
218,0.001384
219,0.00249
220,0.005071
221,0.00611
222,0.001351
223,0.00103
224,0.001063
225,0.001265
226,0.002408
227,0.00467
228,0.002347
229,0.003483
230,0.012988
231,0.016768
232,0.033425
233,0.018911
234,0.024318
235,0.020033
236,0.017023
237,0.021135
238,0.027081
239,0.018798
240,0.012495
241,0.008235
242,0.004862
243,0.002414
244,0.001718
245,0.001805
246,0.003098
247,0.001523
248,0.003792
249,0.002715
250,0.004502
251,0.003657
252,0.003793
253,0.004259
254,0.063788
255,0.917826
256,0.927462
257,0.946259
258,0.954875
259,0.955642
260,0.94322
261,0.951522
262,0.070552
263,0.006334
264,0.014187
265,0.004912
266,0.009871
267,0.009224
268,0.010816
269,0.00674
270,0.004432
271,0.009504
272,0.014683
273,0.008939
274,0.007614
275,0.005115
276,0.005437
277,0.003171
278,0.00253
279,0.003056
280,0.002554
281,0.003853
282,0.004056
283,0.005591
284,0.005078
285,0.005335
286,0.004295
287,0.004946
288,0.003035
289,0.002364
290,0.002162
291,0.003876
292,0.004783
293,0.004461
294,0.003203
295,0.002109
296,0.002695
297,0.000616
298,0.001139
299,0.003196
300,0.862918
301,0.962158
302,0.958479
303,0.946658
304,0.94925
305,0.946621
306,0.945468
307,0.93927
308,0.946289
309,0.941164
310,0.941964
311,0.937416
312,0.93617
313,0.949406
314,0.946908
315,0.931963
316,0.835982
317,0.054767
318,0.026487
319,0.006604
320,0.002758
321,0.002457
322,0.003368
323,0.004486
324,0.003976
325,0.002795
326,0.003671
327,0.003973
328,0.002651
329,0.004596
330,0.005299
331,0.003245
332,0.002844
333,0.005068
334,0.007502
335,0.006876
336,0.005609
337,0.005232
338,0.004291
339,0.004426
340,0.005495
341,0.007764
342,0.004101
343,0.002337
344,0.003239
345,0.00278
346,0.002124
347,0.001715
348,0.001687
349,0.001176
350,0.002824
351,0.002118
352,0.002889
353,0.003289
354,0.004741
355,0.005196
356,0.005105
357,0.004003
358,0.005271
359,0.007705
360,0.005895
361,0.007353
362,0.004637
363,0.004192
364,0.002877
365,0.002912
366,0.003824
367,0.002434
368,0.002121
369,0.002119
370,0.004092
371,0.003905
372,0.005812
373,0.004683
374,0.005162
375,0.002227
376,0.002227
377,0.280611
378,0.870688
379,0.940401
380,0.944958
381,0.876579
382,0.929788
383,0.927863
384,0.959714
385,0.968734
386,0.965679
387,0.964741
388,0.949129
389,0.928122
390,0.910885
391,0.817057
392,0.883706
393,0.878945
394,0.926478
395,0.908672
396,0.916594
397,0.945129
398,0.936717
399,0.939608
400,0.935049
401,0.932171
402,0.929239
403,0.923694
404,0.923908
405,0.927922
406,0.929822
407,0.940781
408,0.929626
409,0.855683
410,0.266326
411,0.140509
412,0.030118
413,0.016036
414,0.021951
415,0.01246
416,0.012578
417,0.006971
418,0.008064
419,0.005992
420,0.004186
421,0.00346
422,0.004842
423,0.003256
424,0.002106
425,0.001018
426,0.000638
427,0.000461
428,0.000402
429,0.000564
430,0.004318
431,0.002073
432,0.650041
433,0.532659
434,0.791396
435,0.711054
436,0.845632
437,0.861478
438,0.87133
439,0.878556
440,0.894869
441,0.872249
442,0.906304
443,0.759304
444,0.771411
445,0.889104
446,0.886131
447,0.487013
448,0.627073
449,0.65128
450,0.680127
451,0.631593
452,0.518997
453,0.470013
454,0.46768
455,0.561141
456,0.794176
457,0.813915
458,0.663506
459,0.710235
460,0.913174
461,0.922066
462,0.911548
463,0.618027
464,0.92972
465,0.917545
466,0.526637
467,0.012048
468,0.001237
469,0.001007
470,0.000667
471,0.006308
472,0.006249
473,0.005031
474,0.004031
