1,0.275112
2,0.382547
3,0.375912
4,0.160051
5,0.77602
6,0.852262
7,0.876125
8,0.701634
9,0.523582
10,0.75582
11,0.829966
12,0.85502
13,0.942
14,0.942897
15,0.940406
16,0.920209
17,0.951472
18,0.965597
19,0.962657
20,0.962658
21,0.964407
22,0.969719
23,0.949038
24,0.943478
25,0.942807
26,0.939642
27,0.95738
28,0.939482
29,0.945486
30,0.932647
31,0.939069
32,0.939195
33,0.944534
34,0.944301
35,0.899216
36,0.894173
37,0.907082
38,0.912804
39,0.909597
40,0.919999
41,0.944286
42,0.622627
43,0.506848
44,0.635795
45,0.665274
46,0.682439
47,0.548932
48,0.581858
49,0.90628
50,0.830541
51,0.90208
52,0.846897
53,0.792742
54,0.80513
55,0.823691
56,0.883977
57,0.885206
58,0.86756
59,0.889318
60,0.922445
61,0.933534
62,0.927494
63,0.9268
64,0.952941
65,0.953416
66,0.934789
67,0.926986
68,0.872923
69,0.88355
70,0.8545
71,0.954428
72,0.885856
73,0.959691
74,0.941604
75,0.936297
76,0.935725
77,0.949558
78,0.958645
79,0.95425
80,0.937006
81,0.932209
82,0.912658
83,0.916501
84,0.797386
85,0.881471
86,0.669224
87,0.720382
88,0.760385
89,0.726478
90,0.714819
91,0.434434
92,0.005282
93,0.009891
94,0.01225
95,0.003997
96,0.009486
97,0.002251
98,0.001654
99,0.001894
100,0.002855
101,0.003121
102,0.004147
103,0.00258
104,0.001115
105,0.000728
106,0.001358
107,0.001992
108,0.003002
109,0.743667
110,0.823349
111,0.943249
112,0.925574
113,0.892917
114,0.932389
115,0.919551
116,0.822146
117,0.893287
118,0.897755
119,0.869243
120,0.86077
121,0.85423
122,0.841081
123,0.820719
124,0.824082
125,0.819602
126,0.888619
127,0.879376
128,0.887655
129,0.817707
130,0.789913
131,0.847883
132,0.061599
133,0.025172
134,0.05732
135,0.042206
136,0.043587
137,0.046054
138,0.048228
139,0.049154
140,0.030294
141,0.030493
142,0.017994
143,0.0183
144,0.038084
145,0.04079
146,0.049945
147,0.043471
148,0.032016
149,0.026623
150,0.026649
151,0.03124
152,0.00768
153,0.008517
154,0.002662
155,0.007306
156,0.002971
157,0.003796
158,0.019265
159,0.040485
160,0.063445
161,0.79408
162,0.912776
163,0.849625
164,0.957938
165,0.885676
166,0.951019
167,0.926306
168,0.904613
169,0.880891
170,0.886711
171,0.881632
172,0.86933
173,0.881261
174,0.85714
175,0.841674
176,0.875223
177,0.915275
178,0.311572
179,0.024901
180,0.008302
181,0.04631
182,0.019887
183,0.025173
184,0.026282
185,0.030409
186,0.037984
187,0.036795
188,0.062167
189,0.065496
190,0.053495
191,0.047305
192,0.039148
193,0.023014
194,0.024582
195,0.028877
196,0.016135
197,0.030299
198,0.042814
199,0.049428
200,0.041882
201,0.090169
202,0.757485
203,0.925088
204,0.959113
205,0.95648
206,0.957842
207,0.948085
208,0.944631
209,0.937902
210,0.932574
211,0.949142
212,0.957484
213,0.95529
214,0.905142
215,0.903777
216,0.780913
217,0.11192
218,0.017164
219,0.019223
220,0.017281
221,0.019384
222,0.016742
223,0.014419
224,0.015219
225,0.021969
226,0.040196
227,0.041645
228,0.035502
229,0.024473
230,0.029681
231,0.020599
232,0.034753
233,0.032508
234,0.024063
235,0.052611
236,0.048826
237,0.042508
238,0.028464
239,0.037664
240,0.033834
241,0.032797
242,0.027709
243,0.022572
244,0.029562
245,0.021389
246,0.01857
247,0.023994
248,0.0258
249,0.025456
250,0.02669
251,0.023124
252,0.024235
253,0.04563
254,0.03646
255,0.042018
256,0.040483
257,0.042603
258,0.034089
259,0.054874
260,0.066169
261,0.067422
262,0.045771
263,0.048067
264,0.044901
265,0.031655
266,0.055034
267,0.049048
268,0.059929
269,0.065393
270,0.070907
271,0.087885
272,0.090788
273,0.10854
274,0.088899
275,0.12703
276,0.171431
277,0.221935
278,0.221667
279,0.133544
280,0.151944
281,0.169447
282,0.169835
283,0.041674
284,0.054195
285,0.05075
286,0.040109
287,0.04517
288,0.053695
289,0.063299
290,0.058771
291,0.056626
292,0.06273
293,0.915757
294,0.963296
295,0.920787
296,0.968581
297,0.949675
298,0.970483
299,0.961715
300,0.964271
301,0.970872
302,0.908325
303,0.936672
304,0.965563
305,0.966999
306,0.961243
307,0.609846
308,0.149027
309,0.070222
310,0.110522
311,0.130144
312,0.078527
313,0.059674
314,0.041444
315,0.045004
316,0.032014
317,0.032866
318,0.050598
319,0.053418
320,0.059646
321,0.053264
322,0.045769
323,0.044157
324,0.035239
325,0.049036
326,0.048007
327,0.043228
328,0.042742
329,0.046618
330,0.05722
331,0.057542
332,0.057176
333,0.053363
334,0.046132
335,0.088349
336,0.109927
337,0.201831
338,0.207215
339,0.233366
340,0.198855
341,0.208585
342,0.232589
343,0.224188
344,0.130912
345,0.153053
346,0.123852
347,0.078129
348,0.08097
349,0.046548
350,0.05337
351,0.031828
352,0.036351
353,0.024482
354,0.030415
355,0.057884
356,0.92413
357,0.974667
358,0.958632
359,0.962204
360,0.962192
361,0.963272
362,0.931418
363,0.928726
364,0.923723
365,0.928422
366,0.907192
367,0.901671
368,0.901828
369,0.937564
370,0.94594
371,0.948385
372,0.97027
373,0.97962
374,0.700952
375,0.219268
376,0.053685
377,0.093793
378,0.085373
379,0.068477
380,0.05364
381,0.061418
382,0.05453
383,0.048464
384,0.048873
385,0.061777
386,0.046063
387,0.153517
388,0.114468
389,0.128669
390,0.104479
391,0.103228
392,0.100238
393,0.150949
394,0.158906
395,0.24532
396,0.243783
397,0.234074
398,0.211399
399,0.207609
400,0.163322
401,0.157262
402,0.134256
403,0.16534
404,0.120943
405,0.132974
406,0.140054
407,0.096989
408,0.065681
409,0.067745
410,0.070249
411,0.050943
412,0.046625
413,0.055641
414,0.051059
415,0.056169
416,0.050041
417,0.050689
418,0.026048
419,0.026255
420,0.034436
421,0.04246
422,0.051891
423,0.046586
424,0.050268
425,0.018426
426,0.016583
427,0.012262
428,0.006929
429,0.01473
430,0.583109
431,0.737535
432,0.85279
433,0.924254
434,0.877554
435,0.888486
436,0.794262
437,0.791073
438,0.763396
439,0.635179
440,0.686539
441,0.50505
442,0.608323
443,0.520504
444,0.624936
445,0.430315
446,0.224725
447,0.121075
448,0.077973
449,0.012973
450,0.010974
451,0.010786
452,0.011824
453,0.0126
454,0.016731
455,0.023958
456,0.005912
457,0.005519
458,0.005996
459,0.003406
460,0.001974
461,0.012963
462,0.00169
463,0.002774
464,0.003242
465,0.001659
466,0.001987
467,0.001963
468,0.00182
469,0.003806
470,0.002894
471,0.002016
472,0.002393
473,0.002652
474,0.001697
475,0.002663
476,0.002037
477,0.004185
478,0.007058
479,0.001288
480,0.001309
481,0.031242
482,0.804233
483,0.760917
484,0.577584
485,0.828696
486,0.855826
487,0.86332
488,0.843565
489,0.808055
490,0.811783
491,0.889935
492,0.771795
493,0.627257
494,0.404566
495,0.135015
496,0.04934
497,0.004604
498,0.011563
499,0.003064
500,0.004669
501,0.002047
502,0.001769
503,0.001996
504,0.001892
505,0.001525
506,0.001505
507,0.002986
508,0.004757
509,0.006046
510,0.004412
511,0.004188
512,0.005734
513,0.003609
514,0.005928
515,0.005213
516,0.005435
517,0.007766
518,0.014494
519,0.014603
520,0.023359
521,0.037243
522,0.068264
523,0.027734
524,0.020544
525,0.085041
526,0.064253
527,0.063015
528,0.122325
529,0.15209
530,0.103891
531,0.065266
532,0.108395
533,0.145059
534,0.108666
535,0.651176
536,0.777972
537,0.785514
538,0.180767
539,0.189695
540,0.161799
541,0.259798
542,0.182966
543,0.115153
544,0.092968
545,0.064545
546,0.046227
547,0.046201
548,0.061153
549,0.095928
550,0.084544
551,0.074723
552,0.070804
553,0.078972
554,0.074044
555,0.086874
556,0.098835
557,0.071553
558,0.098525
559,0.081302
560,0.101079
561,0.098854
562,0.150751
563,0.913023
564,0.968741
565,0.967343
566,0.971368
567,0.962059
568,0.979548
569,0.96593
570,0.962563
571,0.145532
572,0.062671
573,0.054428
574,0.064664
575,0.075129
576,0.064062
577,0.08329
578,0.087416
579,0.082835
580,0.086956
581,0.066362
582,0.043292
583,0.039568
584,0.033881
585,0.029303
586,0.035522
587,0.054004
588,0.039688
589,0.034311
590,0.0373
591,0.043491
592,0.051971
593,0.048037
594,0.056462
595,0.093736
596,0.135969
597,0.227816
598,0.171871
599,0.217141
600,0.268096
601,0.201582
602,0.177381
603,0.152534
604,0.135189
605,0.110332
606,0.092404
607,0.0517
608,0.052747
609,0.065449
610,0.031778
611,0.024858
612,0.027686
613,0.035357
614,0.033925
615,0.01681
616,0.014728
617,0.02041
618,0.017589
619,0.015943
620,0.010442
621,0.009413
622,0.009939
623,0.00876
624,0.012164
625,0.015715
626,0.017534
627,0.013112
628,0.022633
629,0.014705
630,0.022219
631,0.024729
632,0.023774
633,0.019446
634,0.016825
635,0.014321
636,0.040875
637,0.037573
638,0.054991
639,0.04264
640,0.057591
641,0.056186
642,0.036082
643,0.023405
644,0.024763
645,0.028017
646,0.031393
647,0.036294
648,0.032704
649,0.026585
650,0.031599
651,0.04131
652,0.048206
653,0.043551
654,0.04565
655,0.04533
656,0.065596
657,0.127129
658,0.088207
659,0.072783
660,0.082139
661,0.922447
662,0.895822
663,0.87932
664,0.904922
665,0.899431
666,0.898523
667,0.895731
668,0.912815
669,0.918326
670,0.928515
671,0.918821
672,0.876909
673,0.901391
674,0.845144
675,0.836566
676,0.769086
677,0.68844
678,0.761224
679,0.809249
680,0.811923
681,0.785939
682,0.877434
683,0.899919
684,0.922026
685,0.939325
686,0.675076
687,0.035924
688,0.010132
689,0.004695
690,0.008938
691,0.011033
692,0.016406
693,0.010606
694,0.012704
695,0.010302
696,0.007671
697,0.013177
698,0.011572
699,0.007315
700,0.010104
701,0.012177
702,0.022665
703,0.019118
704,0.019975
705,0.022881
706,0.024428
707,0.022234
708,0.020279
709,0.007193
710,0.006169
711,0.004245
712,0.00403
713,0.007052
714,0.006067
715,0.005683
716,0.005192
717,0.005815
718,0.006762
719,0.006931
720,0.184079
721,0.780466
722,0.908562
723,0.948874
724,0.937241
725,0.923296
726,0.9264
727,0.941968
728,0.946231
729,0.803815
730,0.885471
731,0.702933
732,0.81421
733,0.901667
734,0.875219
735,0.89016
736,0.911814
737,0.95927
738,0.962831
739,0.956622
740,0.927115
741,0.906421
742,0.872177
743,0.861208
744,0.892231
745,0.887356
746,0.922317
747,0.914484
748,0.917206
749,0.910136
750,0.891746
751,0.923111
752,0.935867
753,0.932714
754,0.904077
755,0.907021
756,0.918791
757,0.937112
758,0.762975
759,0.006732
760,0.003487
761,0.00565
762,0.00411
763,0.001947
764,0.001936
765,0.007253
766,0.001002
767,0.000768
768,0.003618
769,0.005843
770,0.00471
771,0.005992
772,0.004509
773,0.004556
774,0.004051
775,0.003221
776,0.002233
777,0.001765
778,0.000223
779,0.000323
780,0.000849
781,0.01128
782,0.00777
783,0.007162
784,0.001993
785,0.003387
786,0.002176
787,0.001942
788,0.00373
789,0.002285
790,0.003312
791,0.004251
792,0.008383
793,0.0075
794,0.008262
795,0.007437
796,0.008989
797,0.004048
798,0.006892
799,0.00983
800,0.011368
801,0.011851
802,0.005514
803,0.009373
804,0.010875
805,0.013357
806,0.010633
807,0.011188
808,0.012009
809,0.019878
810,0.030303
811,0.022735
812,0.018879
813,0.015486
814,0.02543
815,0.089557
816,0.797157
817,0.832355
818,0.915952
819,0.940997
820,0.928686
821,0.942884
822,0.645811
823,0.043498
824,0.020516
825,0.02125
826,0.011583
827,0.003432
828,0.002506
829,0.002335
830,0.003575
831,0.005968
832,0.009276
833,0.012457
834,0.019718
835,0.01984
836,0.028247
837,0.034256
838,0.031695
839,0.038701
840,0.040606
841,0.032878
842,0.023797
843,0.023951
844,0.039304
845,0.019466
846,0.013656
847,0.008207
848,0.088342
849,0.963112
850,0.895561
851,0.925144
852,0.902372
853,0.901254
854,0.848656
855,0.841984
856,0.900451
857,0.877677
858,0.888119
859,0.862555
860,0.85758
861,0.860046
862,0.855583
863,0.828997
864,0.891537
865,0.899754
866,0.886884
867,0.890296
868,0.903865
869,0.916517
870,0.914882
871,0.906459
872,0.907885
873,0.898339
874,0.896744
875,0.900425
876,0.899212
877,0.922143
878,0.929472
879,0.922015
880,0.694174
881,0.530435
882,0.133578
883,0.038302
884,0.033626
885,0.008517
886,0.013903
887,0.015932
888,0.013956
889,0.020178
890,0.019162
891,0.01589
892,0.022082
893,0.022687
894,0.099396
895,0.882069
896,0.900134
897,0.946889
898,0.905987
899,0.912114
900,0.926236
901,0.940325
902,0.930937
903,0.582959
904,0.388819
905,0.216373
906,0.17608
907,0.063063
908,0.040146
909,0.031057
910,0.016314
911,0.011295
912,0.016298
913,0.005132
914,0.005598
915,0.005971
916,0.006478
917,0.003339
918,0.010142
919,0.003843
920,0.020414
921,0.016233
922,0.027045
923,0.070049
924,0.11308
925,0.217291
926,0.176773
927,0.158952
928,0.052119
929,0.024742
930,0.022883
931,0.031936
932,0.021503
933,0.020234
934,0.050309
935,0.092219
936,0.930935
937,0.916866
938,0.951955
939,0.952817
940,0.937409
941,0.963
942,0.955648
943,0.944072
944,0.957222
945,0.938083
946,0.952806
947,0.9683
948,0.95034
949,0.953083
950,0.952933
951,0.837472
952,0.864916
953,0.925484
954,0.925003
955,0.925687
956,0.939062
957,0.940703
958,0.947805
959,0.946011
960,0.938904
961,0.946352
962,0.947987
963,0.942126
964,0.8005
965,0.118491
966,0.138371
967,0.049774
968,0.046536
969,0.044113
970,0.043842
971,0.008569
972,0.010575
973,0.011062
974,0.011185
975,0.012069
976,0.029908
977,0.026924
978,0.027511
979,0.026251
980,0.030324
981,0.030022
982,0.031738
983,0.028634
984,0.048384
985,0.042114
986,0.052772
987,0.061146
988,0.052252
989,0.041975
990,0.037554
991,0.024427
992,0.017247
993,0.011167
994,0.015922
995,0.017876
996,0.022937
997,0.048482
998,0.014257
999,0.015975
1000,0.009636
1001,0.006652
1002,0.006716
1003,0.12228
1004,0.122135
1005,0.127822
1006,0.089611
1007,0.00158
1008,0.050204
1009,0.043994
1010,0.030839
1011,0.029629
1012,0.033764
1013,0.05907
1014,0.064126
1015,0.753959
1016,0.825106
1017,0.841838
1018,0.850953
1019,0.932662
1020,0.934085
1021,0.936911
1022,0.871073
1023,0.833412
1024,0.878868
1025,0.893257
1026,0.845479
1027,0.774142
1028,0.748875
1029,0.735299
1030,0.711583
1031,0.616658
1032,0.720867
1033,0.778034
1034,0.927195
1035,0.93578
1036,0.939712
1037,0.728738
