1,0.950096
2,0.947421
3,0.927724
4,0.953139
5,0.910653
6,0.918295
7,0.888784
8,0.899356
9,0.946133
10,0.948598
11,0.958311
12,0.967589
13,0.966571
14,0.970033
15,0.973728
16,0.974703
17,0.97241
18,0.975846
19,0.970488
20,0.970293
21,0.968545
22,0.967076
23,0.962923
24,0.971525
25,0.949984
26,0.943251
27,0.950458
28,0.952524
29,0.96067
30,0.77424
31,0.645522
32,0.869926
33,0.924797
34,0.934278
35,0.963472
36,0.939814
37,0.967488
38,0.964976
39,0.953201
40,0.94782
41,0.953119
42,0.947126
43,0.961448
44,0.954004
45,0.935971
46,0.921883
47,0.934568
48,0.953674
49,0.93738
50,0.93868
51,0.915136
52,0.92678
53,0.939907
54,0.941254
55,0.937181
56,0.895223
57,0.933595
58,0.90038
59,0.898902
60,0.921507
61,0.943442
62,0.945414
63,0.955783
64,0.95411
65,0.960157
66,0.944804
67,0.959451
68,0.94035
69,0.962913
70,0.963691
71,0.972735
72,0.947452
73,0.947096
74,0.937017
75,0.951375
76,0.946313
77,0.952447
78,0.940244
79,0.956976
80,0.955783
81,0.946904
82,0.945607
83,0.937651
84,0.94094
85,0.918794
86,0.888349
87,0.893201
88,0.923441
89,0.93894
90,0.96004
91,0.9458
92,0.953396
93,0.9421
94,0.945002
95,0.932783
96,0.936906
97,0.938456
98,0.945868
99,0.948673
100,0.943607
101,0.948567
102,0.95154
103,0.957753
104,0.94824
105,0.93664
106,0.907241
107,0.932154
108,0.892374
109,0.258923
110,0.242524
111,0.913602
112,0.327462
113,0.460144
114,0.466385
115,0.537515
116,0.428473
117,0.406463
118,0.27621
119,0.050931
120,0.004913
121,0.002612
122,0.003786
123,0.002242
124,0.001517
125,0.001236
126,0.000709
127,0.000368
128,0.000908
129,0.001765
130,0.001762
131,0.001788
132,0.003312
133,0.003525
134,0.00139
135,0.000464
136,0.000527
137,0.000655
138,0.000564
139,0.002918
140,0.00261
141,0.00242
142,0.002809
143,0.005962
144,0.006532
145,0.004914
146,0.006236
147,0.074863
148,0.788489
149,0.946671
150,0.964281
151,0.968695
152,0.982094
153,0.980764
154,0.974332
155,0.97721
156,0.943807
157,0.958053
158,0.978063
159,0.97717
160,0.970648
161,0.978668
162,0.98014
163,0.971428
164,0.976691
165,0.958015
166,0.961788
167,0.95919
168,0.975151
169,0.939688
170,0.087192
171,0.003576
172,0.00255
173,0.003227
174,0.006811
175,0.006134
176,0.008373
177,0.002614
178,0.003081
179,0.002568
180,0.002997
181,0.004189
182,0.013015
183,0.01407
184,0.01916
185,0.018073
186,0.01328
187,0.012048
188,0.014526
189,0.011969
190,0.012011
191,0.006967
192,0.007837
193,0.007973
194,0.015545
195,0.013161
196,0.010708
197,0.008193
198,0.006557
199,0.006904
200,0.007969
201,0.006345
202,0.005466
203,0.009581
204,0.005141
205,0.001982
206,0.002557
207,0.001538
208,0.001359
209,0.001792
210,0.313838
211,0.95775
212,0.963183
213,0.964653
214,0.964668
215,0.971802
216,0.976578
217,0.121612
218,0.004086
219,0.002504
220,0.00311
221,0.002021
222,0.002432
223,0.001613
224,0.001219
225,0.000575
226,0.000578
227,0.000951
228,0.001008
229,0.002013
230,0.001415
231,0.001556
232,0.00116
233,0.001322
234,0.001496
235,0.001019
236,0.001217
237,0.000689
238,0.001006
239,0.001127
240,0.000468
241,0.006813
242,0.008096
243,0.00545
244,0.005502
245,0.003927
246,0.006405
247,0.003904
248,0.003216
249,0.003588
250,0.004328
251,0.011657
252,0.014551
253,0.011704
254,0.013702
255,0.012936
256,0.060856
257,0.985094
258,0.981195
259,0.972853
260,0.960946
261,0.968707
262,0.962987
263,0.965913
264,0.97028
265,0.978438
266,0.981778
267,0.605053
268,0.118342
269,0.03141
270,0.016924
271,0.017069
272,0.009301
273,0.016242
274,0.013172
275,0.012204
276,0.009298
277,0.010984
278,0.0059
279,0.009654
280,0.009036
281,0.006799
282,0.005436
283,0.005912
284,0.004843
285,0.002529
286,0.004196
287,0.004102
288,0.005737
289,0.00743
290,0.005869
291,0.005655
292,0.004479
293,0.004418
294,0.011352
295,0.010474
296,0.012065
297,0.00708
298,0.008906
299,0.007448
300,0.008448
301,0.007439
302,0.006838
303,0.006155
304,0.007908
305,0.007177
306,0.004945
307,0.005869
308,0.008798
309,0.023992
310,0.028412
311,0.026102
312,0.01838
313,0.020282
314,0.014818
315,0.018448
316,0.021526
317,0.009738
318,0.009564
319,0.010697
320,0.004703
321,0.012615
322,0.841831
323,0.958109
324,0.916854
325,0.947533
326,0.941412
327,0.959814
328,0.942353
329,0.957781
330,0.95669
331,0.959461
332,0.152055
333,0.004863
334,0.007454
335,0.013367
336,0.011939
337,0.007459
338,0.013455
339,0.005826
340,0.0027
341,0.003229
342,0.001638
343,0.001917
344,0.003126
345,0.004835
346,0.004612
347,0.002082
348,0.000943
349,0.002483
350,0.003301
351,0.001688
352,0.002156
353,0.00149
354,0.003612
355,0.002237
356,0.001576
357,0.00204
358,0.002113
359,0.002667
360,0.003379
361,0.002194
362,0.002959
363,0.003018
364,0.002192
365,0.002564
366,0.002342
367,0.001617
368,0.006564
369,0.008064
370,0.013378
371,0.757924
372,0.812683
373,0.940485
374,0.939867
375,0.933885
376,0.96477
377,0.959952
378,0.964034
379,0.968203
380,0.966878
381,0.948588
382,0.948291
383,0.944861
384,0.961069
385,0.939352
386,0.949983
387,0.956117
388,0.948394
389,0.925052
390,0.919796
391,0.929293
392,0.917557
393,0.934288
394,0.916582
395,0.131938
396,0.000332
397,0.000325
398,0.000338
399,0.000413
400,0.000583
401,0.001695
402,0.001667
403,0.001187
404,0.001293
405,0.001403
406,0.001487
407,0.005125
408,0.00127
409,0.54905
410,0.897216
411,0.851854
412,0.80889
413,0.852067
414,0.747895
415,0.812184
416,0.827817
417,0.773854
418,0.67552
419,0.549206
420,0.904869
421,0.885793
422,0.737998
423,0.007752
424,0.001456
425,0.007778
426,0.005713
427,0.006074
428,0.007672
429,0.006362
430,0.008509
431,0.012
432,0.009128
433,0.013427
434,0.015524
435,0.00794
436,0.005193
437,0.002963
438,0.001632
439,0.001794
440,0.001882
441,0.003196
442,0.278755
443,0.900483
444,0.889634
445,0.876396
446,0.862075
447,0.855536
448,0.926183
449,0.899161
450,0.908816
451,0.84309
452,0.848731
453,0.826459
454,0.788419
455,0.818994
456,0.824253
457,0.869414
458,0.882534
459,0.882449
460,0.552716
461,0.004679
462,0.00254
463,0.006355
464,0.002436
465,0.003233
466,0.002368
467,0.003131
468,0.002466
469,0.005895
470,0.005183
471,0.004223
472,0.143234
473,0.880255
474,0.894736
475,0.766013
476,0.323305
477,0.668441
478,0.696798
479,0.702893
480,0.636938
481,0.64321
482,0.768666
483,0.025734
484,0.014716
485,0.012734
486,0.030026
487,0.020035
488,0.021774
489,0.014454
490,0.013123
491,0.01171
492,0.008238
493,0.008178
494,0.009255
495,0.006136
496,0.007574
497,0.008392
498,0.008752
499,0.007692
500,0.006587
501,0.005729
502,0.238969
503,0.972055
504,0.917854
505,0.850634
506,0.853727
507,0.860564
508,0.89237
509,0.81555
510,0.826255
511,0.806722
512,0.799221
513,0.875492
514,0.850399
515,0.899578
516,0.858234
517,0.891127
518,0.92889
519,0.917347
520,0.904131
521,0.912772
522,0.913968
523,0.898122
524,0.931887
525,0.921774
526,0.918553
527,0.916128
528,0.933377
