1,0.976988
2,0.986905
3,0.987209
4,0.986477
5,0.985186
6,0.863356
7,0.982499
8,0.977459
9,0.976436
10,0.976559
11,0.983735
12,0.979839
13,0.981677
14,0.978468
15,0.980178
16,0.973338
17,0.972746
18,0.972681
19,0.964868
20,0.976778
21,0.965785
22,0.951144
23,0.950225
24,0.951085
25,0.942127
26,0.95349
27,0.94773
28,0.942595
29,0.957164
30,0.958405
31,0.958656
32,0.94968
33,0.958896
34,0.960834
35,0.959864
36,0.96872
37,0.959275
38,0.965845
39,0.974614
40,0.967474
41,0.963318
42,0.958603
43,0.956712
44,0.961017
45,0.966769
46,0.973811
47,0.977556
48,0.979002
49,0.959256
50,0.964764
51,0.974813
52,0.982361
53,0.985009
54,0.986529
55,0.985846
56,0.986306
57,0.986543
58,0.986246
59,0.984399
60,0.982952
61,0.963028
62,0.96552
63,0.987414
64,0.986459
65,0.98669
66,0.987185
67,0.98414
68,0.985922
69,0.986855
70,0.986807
71,0.988512
72,0.961251
73,0.980901
74,0.981646
75,0.984372
76,0.982979
77,0.9833
78,0.984326
79,0.985416
80,0.98369
81,0.983803
82,0.981722
83,0.980558
84,0.981348
85,0.978259
86,0.980091
87,0.979282
88,0.978623
89,0.979226
90,0.980841
91,0.980941
92,0.977238
93,0.966025
94,0.971742
95,0.972405
96,0.974967
97,0.973386
98,0.970113
99,0.974066
100,0.972416
101,0.97411
102,0.971352
103,0.970811
104,0.969119
105,0.969489
106,0.967711
107,0.966517
108,0.964053
109,0.961838
110,0.961935
111,0.965166
112,0.961541
113,0.945848
114,0.948522
115,0.939971
116,0.932828
117,0.933951
118,0.934279
119,0.927961
120,0.924171
121,0.915265
122,0.922121
123,0.917215
124,0.496606
125,0.023956
126,0.025548
127,0.02735
128,0.025963
129,0.029913
130,0.025376
131,0.035387
132,0.03339
133,0.054717
134,0.042587
135,0.043396
136,0.042917
137,0.036458
138,0.049596
139,0.022992
140,0.011701
141,0.012635
142,0.012524
143,0.004247
144,0.004861
145,0.008386
146,0.240934
147,0.955357
148,0.926866
149,0.862183
150,0.937986
151,0.971199
152,0.966959
153,0.975318
154,0.977065
155,0.977196
156,0.980996
157,0.98034
158,0.973775
159,0.974191
160,0.926497
161,0.937857
162,0.950484
163,0.948254
164,0.953918
165,0.947042
166,0.95528
167,0.957741
168,0.939954
169,0.951427
170,0.93248
171,0.946705
172,0.518943
173,0.03856
174,0.072788
175,0.044472
176,0.029728
177,0.016315
178,0.023444
179,0.009799
180,0.036449
181,0.824729
182,0.930434
183,0.834227
184,0.861876
185,0.738936
186,0.938309
187,0.957641
188,0.967411
189,0.94258
190,0.957021
191,0.950849
192,0.824029
193,0.932883
194,0.906561
195,0.535489
196,0.016988
197,0.003007
198,0.005247
199,0.005941
200,0.00924
201,0.003342
202,0.003503
203,0.001714
204,0.000862
205,0.00263
206,0.002272
207,0.004582
208,0.612386
209,0.982272
210,0.979524
211,0.969079
212,0.973203
213,0.973663
214,0.970544
215,0.893038
216,0.024932
217,0.006628
218,0.005181
219,0.016661
220,0.021906
221,0.017936
222,0.01249
223,0.014637
224,0.025867
225,0.016745
226,0.013681
227,0.00962
228,0.014266
229,0.003651
230,0.005711
231,0.00786
232,0.008397
233,0.012811
234,0.022621
235,0.010348
236,0.032736
237,0.02883
238,0.026656
239,0.020015
240,0.013115
241,0.015327
242,0.012037
243,0.011727
244,0.011273
245,0.012453
246,0.009537
247,0.007763
248,0.007619
249,0.433885
250,0.933413
251,0.960142
252,0.959303
253,0.932001
254,0.875211
255,0.836686
256,0.896424
257,0.875966
258,0.881623
259,0.774347
260,0.009941
261,0.007824
262,0.007706
263,0.007072
264,0.010529
265,0.008944
266,0.005188
267,0.004729
268,0.007683
269,0.896331
270,0.905771
271,0.916555
272,0.901634
273,0.922678
274,0.956527
275,0.959996
276,0.965585
277,0.902935
278,0.938573
279,0.22329
280,0.019255
281,0.01677
282,0.033611
283,0.094718
284,0.140274
285,0.13553
286,0.097644
287,0.060749
288,0.041632
289,0.138159
290,0.922704
291,0.96341
292,0.920039
293,0.914745
294,0.933154
295,0.905864
296,0.874879
297,0.940113
298,0.941931
299,0.933201
300,0.927378
301,0.930269
302,0.951314
303,0.958229
304,0.960831
305,0.968996
306,0.966479
307,0.966153
308,0.973721
309,0.974192
310,0.981665
311,0.982779
312,0.985078
313,0.972345
314,0.973299
315,0.974254
316,0.972623
317,0.973978
318,0.973855
319,0.973801
320,0.977614
321,0.97686
322,0.984776
323,0.982871
324,0.972073
325,0.984188
326,0.982243
327,0.975682
328,0.970192
329,0.966826
330,0.919044
331,0.945523
332,0.93496
333,0.960594
334,0.944646
335,0.931422
336,0.922435
337,0.455272
338,0.016582
339,0.012901
340,0.004805
341,0.001867
342,0.002426
343,0.002094
344,0.002459
345,0.006526
346,0.006014
347,0.007827
348,0.01155
349,0.015008
350,0.013021
351,0.011042
352,0.012698
353,0.008923
354,0.015186
355,0.018113
356,0.014205
357,0.060539
358,0.967308
359,0.905513
360,0.928913
361,0.935359
362,0.933716
363,0.93509
364,0.940686
365,0.934839
366,0.944569
367,0.929433
368,0.894726
369,0.210594
370,0.024502
371,0.03202
372,0.01624
373,0.020252
374,0.015549
375,0.022498
376,0.020054
377,0.01828
378,0.018144
379,0.016195
380,0.025773
381,0.014567
382,0.019616
383,0.010585
384,0.01172
385,0.03249
386,0.027184
387,0.003879
388,0.01063
389,0.013034
390,0.014426
391,0.01018
392,0.564695
393,0.941879
394,0.930088
395,0.90533
396,0.884258
397,0.936735
398,0.929869
399,0.931543
400,0.929965
401,0.935346
402,0.923144
403,0.922231
404,0.878111
405,0.881984
406,0.895631
407,0.902065
408,0.915487
409,0.95404
410,0.946357
411,0.94224
412,0.928435
413,0.952165
414,0.908945
415,0.930413
416,0.953455
417,0.960012
418,0.949705
419,0.941142
420,0.939236
421,0.947538
422,0.941452
423,0.926136
424,0.931441
425,0.943086
426,0.597191
427,0.017106
428,0.006545
429,0.006765
430,0.007082
431,0.00417
432,0.004372
433,0.004859
434,0.005929
435,0.00715
436,0.007629
437,0.004998
438,0.007594
439,0.778736
440,0.886401
441,0.898121
442,0.810666
443,0.718831
444,0.801248
445,0.871753
446,0.811041
447,0.814615
448,0.8067
449,0.848924
450,0.813736
451,0.099025
452,0.031759
453,0.014309
454,0.020752
455,0.206537
456,0.922178
457,0.89473
458,0.888518
459,0.904009
460,0.871911
461,0.879184
462,0.878605
463,0.896062
464,0.56853
465,0.11558
466,0.065891
467,0.031775
468,0.017683
469,0.015276
470,0.011661
471,0.004937
472,0.004546
473,0.004058
474,0.007143
475,0.008548
476,0.00739
477,0.003607
478,0.004239
479,0.006064
480,0.004735
481,0.009689
482,0.010486
483,0.015951
484,0.01983
485,0.011937
486,0.023249
487,0.429464
488,0.966086
489,0.785958
490,0.671737
491,0.690405
492,0.779413
493,0.833871
494,0.649953
495,0.749488
496,0.772951
497,0.84119
498,0.87195
499,0.860271
500,0.870913
501,0.862708
502,0.869297
503,0.801499
504,0.79836
505,0.71021
506,0.755805
507,0.73077
508,0.735156
509,0.679454
510,0.700341
511,0.578019
512,0.81475
513,0.477168
514,0.833078
515,0.852571
516,0.874703
517,0.741378
518,0.91127
519,0.302775
520,0.04989
521,0.004933
522,0.015679
523,0.015275
524,0.028537
525,0.12446
526,0.189534
527,0.137188
528,0.067419
529,0.100281
530,0.082845
531,0.097725
532,0.067107
533,0.062823
534,0.073413
535,0.099493
536,0.642622
537,0.893421
538,0.9064
539,0.92911
540,0.929958
541,0.935404
542,0.956638
543,0.946711
544,0.94283
545,0.962035
546,0.967684
547,0.962199
548,0.963361
549,0.960259
550,0.958136
551,0.957984
552,0.232952
553,0.033551
554,0.039753
555,0.020239
556,0.022043
557,0.024023
558,0.01996
559,0.015988
560,0.016195
561,0.246944
562,0.798172
563,0.780379
564,0.632865
565,0.687843
566,0.812335
567,0.876893
568,0.940013
569,0.935851
570,0.937749
571,0.914339
572,0.917114
573,0.918112
574,0.927645
575,0.936486
576,0.918073
577,0.01083
578,0.009508
579,0.010783
580,0.010505
581,0.001893
582,0.001567
583,0.000741
584,0.00048
585,0.000785
586,0.001318
587,0.001363
588,0.001407
589,0.002152
590,0.001413
591,0.003249
592,0.003765
593,0.004645
594,0.00546
595,0.005433
596,0.004881
597,0.00528
598,0.006392
599,0.010192
600,0.011987
601,0.003592
602,0.008978
603,0.010244
604,0.004992
605,0.003257
606,0.002338
607,0.001134
608,0.001448
609,0.001749
610,0.00241
611,0.000998
612,0.001336
613,0.002323
614,0.002443
615,0.001429
616,0.001068
617,0.002582
618,0.001245
619,0.001467
620,0.00146
621,0.00073
622,0.000645
623,0.00082
624,0.000329
625,0.000436
626,0.000647
627,0.00065
628,0.000879
629,0.000675
630,0.008095
631,0.007687
632,0.005647
633,0.001296
634,0.002357
635,0.002258
636,0.001362
637,0.00206
638,0.001921
639,0.002196
640,0.00351
641,0.002722
642,0.003757
643,0.002912
644,0.003439
645,0.003671
646,0.004438
647,0.007243
648,0.013257
649,0.005747
650,0.005812
651,0.008086
652,0.013696
653,0.009318
654,0.01888
655,0.015024
656,0.016426
657,0.01326
658,0.006365
659,0.009238
660,0.010176
661,0.02558
662,0.024917
663,0.025254
664,0.052502
665,0.057331
666,0.037666
667,0.025854
668,0.010005
669,0.033806
670,0.935147
671,0.973127
672,0.89504
673,0.950676
674,0.939617
675,0.962009
676,0.988268
677,0.953213
678,0.927964
679,0.94024
680,0.938453
681,0.934852
682,0.94884
683,0.946446
684,0.959941
685,0.954605
686,0.945074
687,0.949351
688,0.943294
689,0.945236
690,0.950266
691,0.953714
692,0.954208
693,0.94796
694,0.956861
695,0.93526
696,0.941111
697,0.968129
698,0.981846
699,0.957096
700,0.071258
701,0.053944
702,0.018116
703,0.007417
704,0.004762
705,0.006419
706,0.008378
707,0.003252
708,0.00353
709,0.001831
710,0.00233
711,0.003307
712,0.00369
713,0.004841
714,0.00533
715,0.004432
716,0.007097
717,0.004435
718,0.017983
719,0.014677
720,0.012364
721,0.016024
722,0.015732
723,0.019249
724,0.022909
725,0.021065
726,0.018554
727,0.014862
728,0.008248
729,0.011936
730,0.208414
731,0.667917
732,0.371626
733,0.048149
734,0.067966
735,0.057787
736,0.785257
737,0.969357
738,0.975299
739,0.979253
740,0.971768
741,0.975329
742,0.978749
743,0.972612
744,0.981631
745,0.973349
746,0.182894
747,0.079036
748,0.035022
749,0.034556
750,0.718942
751,0.846503
752,0.77135
753,0.923473
754,0.951221
755,0.953303
756,0.965939
757,0.979341
758,0.984264
759,0.980439
760,0.980398
761,0.977979
762,0.976149
763,0.97574
764,0.97393
765,0.968122
766,0.952302
767,0.960707
768,0.971583
769,0.984954
770,0.985228
771,0.981788
772,0.983254
773,0.980835
774,0.979085
775,0.976513
776,0.967006
777,0.945503
778,0.973232
779,0.975182
780,0.970091
781,0.967257
782,0.965709
783,0.967595
784,0.961329
785,0.976478
786,0.975372
787,0.975617
788,0.975067
789,0.964503
790,0.974167
791,0.975435
792,0.97732
793,0.96182
794,0.965469
795,0.85264
796,0.02652
797,0.033151
798,0.031253
799,0.036859
800,0.022072
801,0.013641
802,0.012898
803,0.010274
804,0.012316
805,0.023102
806,0.020315
807,0.020637
808,0.024431
809,0.024415
810,0.017985
811,0.01602
812,0.038941
813,0.024159
814,0.020531
815,0.024616
816,0.022334
817,0.033534
818,0.032247
819,0.039937
820,0.04877
821,0.041364
822,0.051377
823,0.063764
824,0.078927
825,0.077198
826,0.039542
827,0.037309
828,0.038443
829,0.051707
830,0.066388
831,0.626245
832,0.845874
833,0.914072
834,0.869975
835,0.875269
836,0.923836
837,0.918611
838,0.924912
839,0.882441
840,0.934169
841,0.945824
842,0.975288
843,0.972031
844,0.957168
845,0.956634
846,0.936733
847,0.953962
848,0.973343
849,0.980539
850,0.97874
851,0.980519
852,0.979887
853,0.902982
854,0.938282
855,0.935027
856,0.946536
857,0.943293
858,0.960647
859,0.255726
860,0.026051
861,0.030777
862,0.038278
863,0.04035
864,0.04678
865,0.042008
866,0.04221
867,0.029155
868,0.021072
869,0.019998
870,0.017434
871,0.017396
872,0.013365
873,0.011642
874,0.01095
875,0.013218
876,0.02611
877,0.032212
878,0.024948
879,0.025582
880,0.032873
881,0.025847
882,0.047962
883,0.048378
884,0.034696
885,0.051533
886,0.078688
887,0.109651
888,0.080317
889,0.071123
890,0.085753
891,0.073653
892,0.060186
893,0.064981
894,0.046088
895,0.030852
896,0.026024
897,0.023455
898,0.018313
899,0.019759
900,0.021156
901,0.01995
902,0.028902
903,0.025323
904,0.609279
905,0.475755
906,0.897325
907,0.839758
908,0.908993
909,0.94843
910,0.931558
911,0.837871
912,0.450793
913,0.026975
914,0.028343
915,0.009234
916,0.005487
917,0.011715
918,0.006814
919,0.003655
920,0.007127
921,0.031528
922,0.012215
923,0.003189
924,0.006716
925,0.008057
926,0.013841
927,0.009134
928,0.014246
929,0.017386
930,0.015032
931,0.016187
932,0.019938
933,0.017906
934,0.009818
935,0.015618
936,0.013388
937,0.013125
938,0.013166
939,0.025318
940,0.025951
941,0.012402
942,0.012164
943,0.025375
944,0.012917
945,0.003598
946,0.003564
947,0.004041
948,0.004791
949,0.003549
950,0.007172
951,0.006866
952,0.002631
953,0.001053
954,0.002673
955,0.001687
956,0.00362
957,0.002478
958,0.004307
959,0.001931
960,0.002407
961,0.0047
962,0.005656
963,0.010005
964,0.011068
965,0.008352
966,0.006131
967,0.00834
968,0.020042
969,0.007174
970,0.007059
971,0.002868
972,0.00161
973,0.003101
974,0.016669
975,0.00973
976,0.010834
977,0.00868
978,0.00562
979,0.004427
980,0.01129
981,0.006969
982,0.025123
983,0.030308
984,0.021549
985,0.002733
986,0.046197
987,0.901024
988,0.958432
989,0.966894
990,0.865246
991,0.833311
992,0.923507
993,0.925382
994,0.924492
995,0.934021
996,0.118929
997,0.025679
998,0.010567
999,0.009232
1000,0.016958
1001,0.015919
1002,0.016105
1003,0.017342
1004,0.018651
1005,0.010613
1006,0.008469
1007,0.012415
1008,0.024921
1009,0.038817
1010,0.040654
1011,0.027449
1012,0.033925
1013,0.028588
1014,0.042979
1015,0.030648
1016,0.065517
1017,0.072125
1018,0.053305
1019,0.051203
1020,0.746867
1021,0.926711
1022,0.896767
1023,0.891674
1024,0.800091
1025,0.836407
1026,0.824914
1027,0.870606
1028,0.824645
1029,0.814848
1030,0.756256
1031,0.841557
1032,0.868217
1033,0.886236
1034,0.882288
1035,0.568716
1036,0.111599
1037,0.0508
1038,0.057559
1039,0.063541
1040,0.10173
1041,0.076552
1042,0.058749
1043,0.052028
1044,0.054539
1045,0.043299
1046,0.037097
1047,0.040393
1048,0.060034
1049,0.052122
1050,0.081312
1051,0.112439
1052,0.17979
1053,0.163107
1054,0.2007
1055,0.159212
1056,0.151678
1057,0.09852
1058,0.072481
1059,0.045112
1060,0.059942
1061,0.03841
1062,0.050848
1063,0.069233
1064,0.089536
1065,0.054972
1066,0.151612
1067,0.109859
1068,0.0745
1069,0.058606
1070,0.021253
1071,0.055279
1072,0.042739
1073,0.068319
1074,0.072678
1075,0.049707
1076,0.04427
1077,0.025594
1078,0.038365
1079,0.037539
1080,0.025948
1081,0.028502
1082,0.040835
1083,0.026046
1084,0.063981
1085,0.060089
1086,0.0623
1087,0.066758
1088,0.056776
1089,0.025811
1090,0.029743
1091,0.029514
1092,0.043089
1093,0.056812
1094,0.076093
1095,0.061251
1096,0.02993
1097,0.034154
1098,0.027332
1099,0.020134
1100,0.019938
1101,0.025
1102,0.028942
1103,0.037348
1104,0.043492
1105,0.035956
1106,0.037285
1107,0.030768
1108,0.028724
1109,0.021276
1110,0.018677
1111,0.02521
1112,0.070053
1113,0.886048
1114,0.915647
1115,0.95352
1116,0.988017
1117,0.980915
1118,0.968877
1119,0.951986
1120,0.966421
1121,0.972281
1122,0.982643
1123,0.974181
1124,0.957527
1125,0.94449
1126,0.919949
1127,0.95145
1128,0.977129
1129,0.860971
1130,0.908883
1131,0.921402
1132,0.915855
1133,0.918215
1134,0.252789
1135,0.025536
1136,0.023576
1137,0.009037
1138,0.008456
1139,0.006237
1140,0.007154
1141,0.005532
1142,0.009257
1143,0.005718
1144,0.008213
1145,0.005503
1146,0.00518
1147,0.006984
1148,0.007846
1149,0.009215
1150,0.010147
1151,0.011284
1152,0.010142
1153,0.009683
1154,0.006644
1155,0.010479
1156,0.008063
1157,0.044025
1158,0.876917
1159,0.909136
1160,0.892842
1161,0.912265
1162,0.925718
1163,0.893844
1164,0.912918
1165,0.887369
1166,0.878377
1167,0.90749
1168,0.908181
1169,0.926146
1170,0.927787
1171,0.929659
1172,0.887228
1173,0.863232
1174,0.919735
1175,0.90595
1176,0.95024
1177,0.939877
1178,0.904325
1179,0.926793
1180,0.928495
1181,0.932482
1182,0.966271
1183,0.945542
1184,0.960328
1185,0.818767
1186,0.028679
1187,0.127525
1188,0.025141
1189,0.005799
1190,0.009396
1191,0.013651
1192,0.026043
1193,0.033436
1194,0.02569
1195,0.028501
1196,0.049104
1197,0.042431
1198,0.025709
1199,0.016607
1200,0.008876
1201,0.005519
1202,0.010874
1203,0.801856
1204,0.637
1205,0.951477
1206,0.97478
1207,0.981023
1208,0.972237
1209,0.964772
1210,0.837756
1211,0.025943
1212,0.004739
1213,0.009546
1214,0.027305
1215,0.051948
1216,0.029749
1217,0.03579
1218,0.003164
1219,0.007555
1220,0.015186
1221,0.019058
1222,0.08439
1223,0.591637
1224,0.974554
1225,0.977318
1226,0.979969
1227,0.981819
1228,0.976825
1229,0.977867
1230,0.981
1231,0.983997
1232,0.982977
1233,0.981764
1234,0.976044
1235,0.991354
1236,0.993704
1237,0.97853
1238,0.060704
1239,0.042083
1240,0.040525
1241,0.066363
1242,0.073843
1243,0.062215
1244,0.052062
1245,0.054397
1246,0.05899
1247,0.048589
1248,0.049759
1249,0.058471
1250,0.030358
1251,0.051707
1252,0.054149
1253,0.041149
1254,0.03737
1255,0.041773
1256,0.02754
1257,0.0338
1258,0.046581
1259,0.063799
1260,0.042411
1261,0.024598
1262,0.015689
1263,0.018061
1264,0.030435
1265,0.03302
1266,0.017325
1267,0.027917
1268,0.004119
1269,0.02797
1270,0.008168
1271,0.008534
1272,0.033619
1273,0.023869
1274,0.024421
1275,0.155094
1276,0.164897
1277,0.110751
1278,0.135767
1279,0.128896
1280,0.123371
1281,0.056005
1282,0.045829
1283,0.029309
1284,0.031881
1285,0.032957
1286,0.032727
1287,0.021677
1288,0.019906
1289,0.031206
1290,0.023632
1291,0.039145
1292,0.014954
1293,0.020812
1294,0.02788
1295,0.024393
1296,0.029499
1297,0.054327
1298,0.062603
1299,0.036936
1300,0.064391
1301,0.07276
1302,0.06594
1303,0.034956
1304,0.032116
1305,0.038129
1306,0.06056
1307,0.050746
1308,0.039075
1309,0.055484
1310,0.042156
1311,0.089239
1312,0.209235
1313,0.6357
1314,0.978923
1315,0.961156
1316,0.930034
1317,0.954789
1318,0.967872
1319,0.932883
1320,0.950345
1321,0.919091
1322,0.927152
1323,0.938192
1324,0.954807
1325,0.963583
1326,0.959873
1327,0.971341
1328,0.969987
1329,0.98108
1330,0.9828
1331,0.977508
1332,0.954178
1333,0.811134
1334,0.872386
1335,0.258878
1336,0.080092
1337,0.03087
1338,0.020473
1339,0.023046
1340,0.024569
1341,0.312434
1342,0.774752
1343,0.939109
1344,0.945768
1345,0.969047
1346,0.951108
1347,0.939466
1348,0.806378
1349,0.021368
