1,0.911467
2,0.955296
3,0.966171
4,0.925691
5,0.915184
6,0.913678
7,0.906229
8,0.925433
9,0.943566
10,0.953823
11,0.946766
12,0.919964
13,0.912976
14,0.947109
15,0.93621
16,0.947468
17,0.947442
18,0.972208
19,0.973224
20,0.972591
21,0.97666
22,0.976698
23,0.973908
24,0.977204
25,0.975987
26,0.975842
27,0.969879
28,0.964961
29,0.964253
30,0.932459
31,0.939941
32,0.940737
33,0.94738
34,0.965042
35,0.968986
36,0.977562
37,0.973874
38,0.977049
39,0.978486
40,0.976869
41,0.980668
42,0.974258
43,0.967763
44,0.970588
45,0.960989
46,0.967318
47,0.974034
48,0.978853
49,0.962871
50,0.941032
51,0.946486
52,0.936658
53,0.934368
54,0.931695
55,0.943836
56,0.949631
57,0.954362
58,0.965882
59,0.968773
60,0.952503
61,0.965554
62,0.963295
63,0.970511
64,0.974481
65,0.978171
66,0.97769
67,0.97654
68,0.97442
69,0.973953
70,0.96354
71,0.963773
72,0.966904
73,0.968917
74,0.976659
75,0.958239
76,0.961006
77,0.961231
78,0.956924
79,0.955113
80,0.958298
81,0.96568
82,0.963297
83,0.961846
84,0.942324
85,0.937357
86,0.929099
87,0.933742
88,0.944812
89,0.952474
90,0.967795
91,0.969706
92,0.946503
93,0.949223
94,0.95714
95,0.960907
96,0.958042
97,0.965559
98,0.963273
99,0.958653
100,0.963552
101,0.96324
102,0.972656
103,0.971829
104,0.966997
105,0.971113
106,0.958599
107,0.962495
108,0.934989
109,0.878733
110,0.915888
111,0.903214
112,0.904152
113,0.912745
114,0.892837
115,0.889392
116,0.88988
117,0.891046
118,0.910213
119,0.910339
120,0.909352
121,0.931011
122,0.933483
123,0.977493
124,0.97672
125,0.940543
126,0.923801
127,0.939613
128,0.942076
129,0.932005
130,0.911317
131,0.904366
132,0.551398
133,0.002512
134,0.001351
135,0.000996
136,0.00178
137,0.001507
138,0.000895
139,0.001351
140,0.000807
141,0.001357
142,0.10548
143,0.873903
144,0.961865
145,0.955128
146,0.892444
147,0.879743
148,0.881261
149,0.867067
150,0.850876
151,0.793638
152,0.846779
153,0.209847
154,0.003218
155,0.001231
156,0.003788
157,0.000313
158,0.000873
159,0.000864
160,0.000762
161,0.001129
162,0.007174
163,0.004358
164,0.004866
165,0.003148
166,0.001236
167,0.000785
168,0.003383
169,0.004674
170,0.006142
171,0.034692
172,0.039743
173,0.055944
174,0.063165
175,0.06355
176,0.085088
177,0.032884
178,0.042
179,0.017887
180,0.013535
181,0.047717
182,0.07713
183,0.135128
184,0.108604
185,0.071974
186,0.070461
187,0.867526
188,0.919593
189,0.869579
190,0.893232
191,0.908934
192,0.871332
193,0.910414
194,0.897639
195,0.95051
196,0.957775
197,0.938572
198,0.966565
199,0.977335
200,0.963801
201,0.807114
202,0.857143
203,0.973575
204,0.980924
205,0.984661
206,0.290367
207,0.016748
208,0.003896
209,0.007867
210,0.00671
211,0.007305
212,0.005529
213,0.003177
214,0.003427
215,0.003469
216,0.001397
217,0.001415
218,0.001316
219,0.001231
220,0.001128
221,0.001771
222,0.002064
223,0.000845
224,0.000899
225,0.001191
226,0.001354
227,0.001221
228,0.001126
229,0.001145
230,0.0014
231,0.00092
232,0.00103
233,0.002215
234,0.000852
235,0.000663
236,0.004006
237,0.00292
238,0.005891
239,0.014754
240,0.729953
241,0.955919
242,0.949928
243,0.952203
244,0.933414
245,0.923634
246,0.939333
247,0.96035
248,0.936939
249,0.932896
250,0.919305
251,0.940637
252,0.93217
253,0.897051
254,0.909423
255,0.901294
256,0.956263
257,0.951551
258,0.962605
259,0.966851
260,0.965424
261,0.97346
262,0.963635
263,0.965364
264,0.971535
265,0.973092
266,0.952377
267,0.939807
268,0.935668
269,0.923234
270,0.951321
271,0.196581
272,0.034263
273,0.035071
274,0.018264
275,0.015395
276,0.012641
277,0.013136
278,0.007997
279,0.013572
280,0.012679
281,0.015405
282,0.014114
283,0.011127
284,0.020434
285,0.013669
286,0.012066
287,0.018432
288,0.026403
289,0.015472
290,0.017863
291,0.01525
292,0.009612
293,0.010226
294,0.009287
295,0.010776
296,0.00538
297,0.005943
298,0.012125
299,0.816599
300,0.9285
301,0.926459
302,0.944785
303,0.915157
304,0.934431
305,0.908808
306,0.93489
307,0.948866
308,0.176354
309,0.001356
310,0.001422
311,0.002658
312,0.002272
313,0.004723
314,0.005378
315,0.004526
316,0.005129
317,0.005992
318,0.007358
319,0.006982
320,0.004745
321,0.005325
322,0.006408
323,0.003314
324,0.002237
325,0.002715
326,0.002853
327,0.68043
328,0.644253
329,0.922052
330,0.980256
331,0.971138
332,0.957006
333,0.96084
334,0.950806
335,0.957795
336,0.94291
337,0.32941
338,0.045439
339,0.005568
340,0.001551
341,0.007431
342,0.001804
343,0.001105
344,0.003368
345,0.003113
346,0.001998
347,0.001598
348,0.001221
349,0.002089
350,0.002987
351,0.002842
352,0.002824
353,0.003462
354,0.004957
355,0.004966
356,0.00544
357,0.004541
358,0.007987
359,0.010449
360,0.00994
361,0.009304
362,0.014427
363,0.008588
364,0.012358
365,0.007975
366,0.005123
367,0.005922
368,0.007236
369,0.005681
370,0.005081
371,0.005517
372,0.005965
373,0.011217
374,0.015922
375,0.021954
376,0.009214
377,0.008699
378,0.005607
379,0.005281
380,0.004006
381,0.0038
382,0.002702
383,0.002303
384,0.003337
385,0.003873
386,0.003755
387,0.004063
388,0.00356
389,0.006455
390,0.005726
391,0.005605
392,0.003476
393,0.003559
394,0.004252
395,0.002108
396,0.002491
397,0.00336
398,0.02606
399,0.491287
400,0.87653
401,0.862704
402,0.874577
403,0.873188
404,0.870139
405,0.846919
406,0.851954
407,0.914206
408,0.939775
409,0.086315
410,0.001176
411,0.006526
412,0.014568
413,0.004705
414,0.005678
415,0.006718
416,0.001124
417,0.002754
418,0.003556
419,0.009839
420,0.013801
421,0.024548
422,0.012957
423,0.004886
424,0.004753
425,0.004398
426,0.009245
427,0.031135
428,0.026431
429,0.518192
430,0.973919
431,0.809135
432,0.910779
433,0.904146
434,0.911524
435,0.917155
436,0.901244
437,0.922975
438,0.916249
439,0.893159
440,0.879714
441,0.854033
442,0.881558
443,0.879712
444,0.861269
445,0.834977
446,0.912238
447,0.931284
448,0.935506
449,0.982028
450,0.381466
451,0.065806
452,0.06318
453,0.030556
454,0.014465
455,0.023679
456,0.014279
457,0.025696
458,0.027867
459,0.012697
460,0.015767
461,0.009248
462,0.003024
463,0.002232
464,0.003263
465,0.014926
466,0.024274
467,0.032153
468,0.026961
469,0.021937
470,0.01782
471,0.021322
472,0.052052
473,0.049909
474,0.046974
475,0.037598
476,0.017174
477,0.014863
478,0.02311
479,0.027296
480,0.023367
481,0.026368
482,0.016825
483,0.021425
484,0.023345
485,0.023243
486,0.014648
487,0.010334
488,0.00882
489,0.014662
490,0.01609
491,0.011653
492,0.034056
493,0.136386
494,0.091507
495,0.138102
496,0.181376
497,0.168597
498,0.210843
499,0.196854
500,0.23338
501,0.133908
502,0.07542
503,0.717901
504,0.972992
505,0.657539
506,0.87786
507,0.89242
508,0.85925
509,0.89436
510,0.84258
511,0.874271
512,0.877852
513,0.883314
514,0.85632
515,0.805717
516,0.767585
517,0.850771
518,0.845971
519,0.871623
520,0.889806
521,0.91598
522,0.944221
523,0.960653
524,0.970041
525,0.966007
526,0.960055
527,0.985905
528,0.988409
529,0.98636
530,0.988719
531,0.96065
532,0.975849
533,0.975072
534,0.984377
535,0.98885
536,0.648108
537,0.028697
538,0.012454
539,0.018466
540,0.007594
541,0.002562
542,0.004233
543,0.003577
544,0.004613
545,0.005336
546,0.006203
547,0.00558
548,0.007476
549,0.010123
550,0.016652
551,0.026373
552,0.029332
553,0.020058
554,0.009885
555,0.003102
556,0.004439
557,0.003466
558,0.003244
559,0.002306
560,0.00498
561,0.005127
562,0.006369
563,0.004818
564,0.00647
565,0.005036
566,0.511767
567,0.943255
568,0.971481
569,0.957758
570,0.989373
571,0.985722
572,0.972719
573,0.971533
574,0.970165
575,0.972306
576,0.975171
577,0.966219
578,0.967483
579,0.966825
580,0.967473
581,0.968419
582,0.970008
583,0.977294
584,0.974457
585,0.976957
586,0.970892
587,0.974962
588,0.975195
589,0.978864
590,0.974106
591,0.966222
592,0.958427
593,0.953055
594,0.952253
595,0.957457
596,0.953472
597,0.952738
598,0.940985
599,0.953222
600,0.956708
601,0.909329
602,0.941211
603,0.950823
604,0.960229
605,0.838093
606,0.225094
607,0.238087
608,0.823372
609,0.94347
610,0.930711
611,0.942802
612,0.961698
613,0.967039
614,0.968214
615,0.975723
616,0.974454
617,0.974243
618,0.974003
619,0.971645
620,0.968735
621,0.97488
622,0.974662
623,0.970986
624,0.831778
625,0.034728
626,0.022844
627,0.013948
628,0.008909
629,0.00962
630,0.009981
631,0.010956
632,0.021617
633,0.028937
634,0.027046
635,0.023827
636,0.805493
637,0.657709
638,0.872179
639,0.959082
640,0.970529
641,0.960546
642,0.952135
643,0.935622
644,0.956532
645,0.948416
646,0.967854
647,0.958092
648,0.959406
649,0.937971
650,0.946856
651,0.92403
652,0.940558
653,0.959218
654,0.971115
655,0.960529
656,0.961918
657,0.967804
658,0.968943
659,0.975133
660,0.958891
661,0.957049
662,0.96307
663,0.96925
664,0.957634
665,0.959931
666,0.966609
667,0.956077
668,0.26805
669,0.030724
670,0.028019
671,0.069941
672,0.058531
673,0.027003
674,0.011333
675,0.008381
676,0.009703
677,0.003086
678,0.003944
679,0.002059
680,0.001783
681,0.002341
682,0.002571
683,0.002141
684,0.008591
685,0.559562
686,0.732552
687,0.903632
688,0.938552
689,0.929084
690,0.926129
691,0.903116
692,0.947231
693,0.90682
694,0.923633
695,0.959866
696,0.099604
697,0.013037
698,0.01224
699,0.010724
700,0.011223
701,0.012688
702,0.015425
703,0.012388
704,0.003595
705,0.002087
706,0.002008
707,0.002517
708,0.001931
709,0.002852
710,0.002697
711,0.004474
712,0.001974
713,0.001137
714,0.001549
715,0.00112
716,0.000803
717,0.000838
718,0.000725
719,0.000701
720,0.001074
721,0.001404
722,0.000604
723,0.00124
724,0.000975
725,0.00039
726,0.001098
727,0.002273
728,0.004348
729,0.015214
730,0.018227
731,0.033747
732,0.029159
733,0.059657
734,0.069625
735,0.071222
736,0.057527
737,0.092618
738,0.147713
739,0.109816
740,0.107364
741,0.097906
742,0.101797
743,0.185271
744,0.955305
745,0.96651
746,0.977284
747,0.975772
748,0.969868
749,0.974335
750,0.981797
751,0.989048
752,0.988505
753,0.987783
754,0.982327
755,0.971058
756,0.946524
757,0.957112
758,0.938792
759,0.922656
760,0.932596
761,0.948513
762,0.915637
763,0.937832
764,0.933038
765,0.92229
766,0.941798
767,0.937504
768,0.926683
769,0.215663
770,0.057036
771,0.034805
772,0.025458
773,0.033549
774,0.025517
775,0.031819
776,0.040526
777,0.030029
778,0.028234
779,0.029202
780,0.025995
781,0.032275
782,0.040838
783,0.03795
784,0.037023
785,0.023667
786,0.013805
787,0.014377
788,0.019484
789,0.012528
790,0.010363
791,0.010823
792,0.013538
793,0.01702
794,0.013852
795,0.01365
796,0.01982
797,0.018966
798,0.011019
799,0.009405
800,0.008323
801,0.011579
802,0.007757
803,0.018181
804,0.014192
805,0.014141
806,0.005746
807,0.00317
808,0.005656
809,0.008375
810,0.004976
811,0.003999
812,0.004835
813,0.001395
814,0.00103
815,0.001047
816,0.000779
817,0.000667
818,0.002264
819,0.001567
820,0.001784
821,0.001399
822,0.001375
823,0.001567
824,0.001536
825,0.001075
826,0.001038
827,0.001889
828,0.001258
829,0.002231
830,0.00249
831,0.04995
832,0.586476
833,0.975256
834,0.988627
835,0.947628
836,0.949563
837,0.825056
838,0.085585
839,0.03785
840,0.018148
841,0.014743
842,0.010788
843,0.011643
844,0.00807
845,0.005384
846,0.004655
847,0.005358
848,0.003814
849,0.004784
850,0.006047
851,0.008027
852,0.006573
853,0.005866
854,0.004518
855,0.004484
856,0.004656
857,0.004655
858,0.004535
859,0.005329
860,0.007594
861,0.006419
862,0.005524
863,0.00769
864,0.011896
865,0.003545
866,0.004835
867,0.013543
868,0.013893
869,0.014715
870,0.017982
871,0.009722
872,0.005478
873,0.007167
874,0.007916
875,0.008685
876,0.012344
877,0.009788
878,0.012255
879,0.012608
880,0.008113
881,0.007776
882,0.011343
883,0.009904
884,0.009753
885,0.006935
886,0.006984
887,0.01062
888,0.011095
889,0.019483
890,0.01929
891,0.020708
892,0.020224
893,0.012585
894,0.006088
895,0.00606
896,0.003521
897,0.003663
898,0.006721
899,0.005426
900,0.004435
901,0.009415
902,0.010378
903,0.010014
904,0.011361
905,0.059969
906,0.83057
907,0.915115
908,0.984955
909,0.978851
910,0.972209
911,0.976615
912,0.99084
913,0.992615
914,0.989553
915,0.98883
916,0.989563
917,0.984676
918,0.956692
919,0.973186
920,0.969424
921,0.982309
922,0.969216
923,0.961381
924,0.965492
925,0.96955
926,0.964158
927,0.99091
928,0.700641
929,0.155752
930,0.061072
931,0.023062
932,0.013111
933,0.012149
934,0.011202
935,0.009723
936,0.009374
937,0.007548
938,0.009955
939,0.008004
940,0.008
941,0.004282
942,0.006028
943,0.006007
944,0.005587
945,0.003358
946,0.004677
947,0.010975
948,0.0099
949,0.006165
950,0.001999
951,0.004362
952,0.006819
953,0.003984
954,0.006205
955,0.005904
956,0.004051
957,0.00581
958,0.015208
959,0.020411
960,0.017812
961,0.033656
962,0.042788
963,0.033037
964,0.029518
965,0.043822
966,0.053991
967,0.060714
968,0.047913
969,0.072076
970,0.243015
971,0.86958
972,0.855258
973,0.923818
974,0.902439
975,0.950551
976,0.9367
977,0.916964
978,0.954692
979,0.91081
980,0.935933
981,0.967279
982,0.961691
983,0.97589
984,0.969052
985,0.983555
986,0.979899
987,0.981882
988,0.968996
989,0.969037
990,0.972278
991,0.082457
992,0.003098
993,0.003627
994,0.00235
995,0.001942
996,0.002997
997,0.003675
998,0.003268
999,0.002768
1000,0.003467
1001,0.005116
1002,0.009917
1003,0.008522
1004,0.009611
1005,0.009675
1006,0.012597
1007,0.012427
1008,0.014297
1009,0.004438
1010,0.003536
1011,0.003223
1012,0.002402
1013,0.004726
1014,0.005577
1015,0.004543
1016,0.034483
1017,0.024664
1018,0.052977
1019,0.140024
1020,0.027961
1021,0.303167
1022,0.420658
1023,0.015049
1024,0.135603
1025,0.018056
1026,0.035134
1027,0.010254
1028,0.006226
1029,0.006689
1030,0.00016
1031,0.000204
1032,0.000146
1033,0.000249
1034,0.000249
1035,0.000418
1036,0.00065
1037,0.001421
1038,0.002349
1039,0.001542
1040,0.001897
1041,0.002861
1042,0.006647
1043,0.005147
1044,0.006086
1045,0.01016
1046,0.012705
1047,0.004464
1048,0.008719
1049,0.006137
1050,0.004957
1051,0.004495
1052,0.003641
1053,0.002282
1054,0.001803
1055,0.000992
1056,0.00089
1057,0.002846
1058,0.004254
1059,0.005736
1060,0.016718
1061,0.030696
1062,0.002391
1063,0.004603
1064,0.007296
1065,0.00572
1066,0.019412
1067,0.014743
1068,0.006559
1069,0.003024
1070,0.001
1071,0.001778
1072,0.007074
1073,0.019924
1074,0.042428
1075,0.01921
1076,0.009173
1077,0.005917
1078,0.009404
1079,0.010095
1080,0.009713
1081,0.006063
1082,0.005746
1083,0.005967
1084,0.007712
1085,0.007545
1086,0.004064
1087,0.004179
1088,0.001492
1089,0.00112
1090,0.001922
1091,0.002125
1092,0.002735
1093,0.002933
1094,0.002871
1095,0.003529
1096,0.006405
1097,0.02723
1098,0.020994
1099,0.00594
1100,0.016621
1101,0.035626
1102,0.012591
1103,0.009814
1104,0.015474
1105,0.012865
1106,0.01213
1107,0.012698
1108,0.014151
1109,0.012673
1110,0.017333
1111,0.014615
1112,0.038344
1113,0.007704
1114,0.022543
1115,0.008441
1116,0.009461
1117,0.007168
1118,0.004043
1119,0.003302
1120,0.006574
1121,0.006349
1122,0.011732
1123,0.003995
1124,0.007865
1125,0.022512
1126,0.027852
1127,0.592941
1128,0.694531
1129,0.915369
1130,0.96248
1131,0.922329
1132,0.974498
1133,0.946016
1134,0.94757
1135,0.849253
1136,0.792105
1137,0.864902
1138,0.859553
1139,0.072001
1140,0.016334
1141,0.028965
1142,0.035849
1143,0.048595
1144,0.059242
1145,0.044262
1146,0.071568
1147,0.047271
1148,0.034393
1149,0.047891
1150,0.137939
1151,0.076233
1152,0.060937
1153,0.057187
1154,0.048545
1155,0.011157
1156,0.008969
1157,0.005929
1158,0.005818
1159,0.009271
1160,0.01396
1161,0.01781
1162,0.01289
1163,0.007249
1164,0.018963
1165,0.430958
1166,0.84953
1167,0.7263
1168,0.900915
1169,0.852113
1170,0.874139
1171,0.780691
1172,0.788743
1173,0.702834
1174,0.800033
1175,0.812529
1176,0.62122
1177,0.548632
1178,0.767802
1179,0.779585
1180,0.824432
1181,0.040406
1182,0.105639
1183,0.071024
1184,0.023151
1185,0.026666
1186,0.022669
1187,0.008127
1188,0.00906
1189,0.011437
1190,0.011745
1191,0.009197
1192,0.008017
1193,0.011519
1194,0.010526
1195,0.006359
1196,0.014234
1197,0.019318
1198,0.01315
1199,0.022298
1200,0.025716
1201,0.08196
1202,0.103848
1203,0.054741
1204,0.058352
1205,0.059444
1206,0.079168
1207,0.035849
1208,0.035083
1209,0.022702
1210,0.032555
1211,0.02658
1212,0.098166
1213,0.093652
1214,0.056612
1215,0.031449
1216,0.018078
1217,0.005184
1218,0.006267
1219,0.005794
1220,0.045884
1221,0.028886
1222,0.014311
1223,0.324711
1224,0.86931
1225,0.830154
1226,0.982389
1227,0.979203
1228,0.975494
1229,0.972976
1230,0.976325
1231,0.96889
1232,0.972842
1233,0.963683
1234,0.915822
1235,0.501163
1236,0.372944
1237,0.348241
1238,0.184244
1239,0.157892
1240,0.186877
1241,0.189115
1242,0.185786
1243,0.174871
1244,0.097504
1245,0.293179
1246,0.241582
1247,0.160093
1248,0.084882
1249,0.093657
1250,0.049323
1251,0.016588
1252,0.017298
1253,0.028282
1254,0.023049
1255,0.032365
1256,0.032157
1257,0.022835
1258,0.018596
1259,0.022683
1260,0.028604
1261,0.013393
1262,0.012496
1263,0.009252
1264,0.012581
1265,0.0151
1266,0.028713
1267,0.025045
1268,0.025375
1269,0.10117
1270,0.081062
1271,0.1244
1272,0.135155
1273,0.087461
1274,0.085446
1275,0.113418
1276,0.150052
1277,0.118155
1278,0.086622
1279,0.139059
1280,0.143148
1281,0.801251
1282,0.927448
1283,0.903312
1284,0.932094
1285,0.951651
1286,0.963601
1287,0.962825
1288,0.971956
1289,0.984413
1290,0.984949
1291,0.978882
1292,0.983088
1293,0.976279
1294,0.969729
1295,0.919507
1296,0.925173
1297,0.911024
1298,0.948641
1299,0.943441
1300,0.969989
1301,0.953138
1302,0.925454
1303,0.905652
1304,0.880375
1305,0.924999
1306,0.977907
1307,0.968611
1308,0.970483
1309,0.935983
1310,0.950067
1311,0.942391
1312,0.941588
1313,0.130328
1314,0.030282
1315,0.036848
1316,0.054221
1317,0.046225
1318,0.09489
1319,0.121936
1320,0.101761
1321,0.061132
1322,0.112136
1323,0.042353
1324,0.032643
1325,0.021693
1326,0.016977
1327,0.010526
1328,0.003201
1329,0.001896
1330,0.002294
1331,0.002442
1332,0.00216
1333,0.003752
1334,0.003904
1335,0.004104
1336,0.005029
1337,0.004064
1338,0.105816
1339,0.772913
1340,0.950967
1341,0.968724
1342,0.979624
1343,0.980116
1344,0.979984
1345,0.984962
1346,0.984037
1347,0.982096
1348,0.986672
1349,0.98619
1350,0.988068
1351,0.907279
1352,0.781128
1353,0.904809
1354,0.88207
1355,0.945806
1356,0.950489
1357,0.949329
1358,0.959988
1359,0.957743
1360,0.948805
1361,0.932383
1362,0.963867
1363,0.939557
1364,0.957414
1365,0.959984
1366,0.946144
1367,0.917681
1368,0.92497
1369,0.956014
1370,0.945305
1371,0.94033
1372,0.934189
1373,0.947675
1374,0.428909
1375,0.023728
1376,0.008728
1377,0.037098
1378,0.024127
1379,0.012481
1380,0.020512
1381,0.036888
1382,0.047332
1383,0.060182
1384,0.380667
1385,0.650362
1386,0.614174
1387,0.22897
1388,0.167421
1389,0.075261
1390,0.047154
1391,0.035832
1392,0.034745
1393,0.035116
1394,0.801722
1395,0.825072
1396,0.730213
1397,0.555048
1398,0.889425
1399,0.811143
1400,0.88857
1401,0.877696
1402,0.914085
1403,0.929224
1404,0.513522
1405,0.014227
1406,0.011482
1407,0.019942
1408,0.031078
1409,0.038239
1410,0.025642
1411,0.027373
1412,0.040672
1413,0.050475
1414,0.054517
1415,0.050618
1416,0.038185
1417,0.037279
1418,0.040553
1419,0.030975
1420,0.028788
1421,0.037909
1422,0.042345
1423,0.036295
1424,0.036855
1425,0.038106
1426,0.047568
1427,0.036381
1428,0.042783
1429,0.045995
1430,0.038493
1431,0.034151
1432,0.041653
1433,0.031138
1434,0.027192
1435,0.022753
1436,0.012038
1437,0.00951
1438,0.011397
1439,0.015278
1440,0.009788
1441,0.030668
1442,0.027504
1443,0.015857
1444,0.012671
1445,0.009518
1446,0.011665
1447,0.008215
1448,0.004167
1449,0.003882
1450,0.004133
1451,0.011339
1452,0.007515
1453,0.006368
1454,0.00434
1455,0.005987
1456,0.006704
1457,0.007297
1458,0.00945
1459,0.007119
1460,0.009014
1461,0.007523
1462,0.010193
1463,0.007111
1464,0.006491
1465,0.005403
1466,0.005918
1467,0.005938
1468,0.009126
1469,0.008157
1470,0.008134
1471,0.010128
1472,0.012827
1473,0.32706
1474,0.947227
1475,0.923604
1476,0.91198
1477,0.069549
1478,0.00706
1479,0.01361
1480,0.011586
1481,0.012516
1482,0.010764
