1,0.96946
2,0.971756
3,0.968046
4,0.969301
5,0.973995
6,0.969928
7,0.966148
8,0.965117
9,0.973084
10,0.972435
11,0.972057
12,0.971419
13,0.969988
14,0.968945
15,0.96575
16,0.969033
17,0.964695
18,0.959507
19,0.96334
20,0.960235
21,0.953035
22,0.958152
23,0.96077
24,0.958616
25,0.951167
26,0.947165
27,0.942054
28,0.941779
29,0.938625
30,0.900135
31,0.922235
32,0.931939
33,0.941449
34,0.945323
35,0.944274
36,0.951966
37,0.930348
38,0.925002
39,0.923033
40,0.884198
41,0.87855
42,0.885111
43,0.922397
44,0.912906
45,0.928785
46,0.949611
47,0.943386
48,0.936209
49,0.952147
50,0.955495
51,0.947878
52,0.93944
53,0.927344
54,0.925751
55,0.933871
56,0.941611
57,0.940412
58,0.940842
59,0.938434
60,0.942262
61,0.943701
62,0.946666
63,0.94077
64,0.938251
65,0.940591
66,0.938538
67,0.905469
68,0.88048
69,0.879275
70,0.868534
71,0.859107
72,0.844948
73,0.85835
74,0.863402
75,0.878249
76,0.879105
77,0.895212
78,0.880894
79,0.898036
80,0.895139
81,0.888555
82,0.882505
83,0.908383
84,0.906513
85,0.890846
86,0.884167
87,0.85554
88,0.842885
89,0.84076
90,0.80495
91,0.866317
92,0.856207
93,0.883045
94,0.910167
95,0.919288
96,0.919764
97,0.837826
98,0.828697
99,0.794961
100,0.796078
101,0.7693
102,0.736873
103,0.762379
104,0.760467
105,0.817102
106,0.822879
107,0.798466
108,0.808721
109,0.895313
110,0.889079
111,0.873482
112,0.878069
113,0.900808
114,0.889806
115,0.934225
116,0.930859
117,0.929172
118,0.939862
119,0.93902
120,0.949608
121,0.955785
122,0.957898
123,0.967092
124,0.967654
125,0.969948
126,0.965631
127,0.968399
128,0.967495
129,0.96595
130,0.961563
131,0.95195
132,0.959731
133,0.952907
134,0.948009
135,0.938866
136,0.941323
137,0.945387
138,0.941766
139,0.926576
140,0.936348
141,0.911208
142,0.925112
143,0.931375
144,0.955501
145,0.967661
146,0.970462
147,0.963891
148,0.968827
149,0.968704
150,0.971237
151,0.969851
152,0.974357
153,0.977958
154,0.981071
155,0.972808
156,0.969172
157,0.968127
158,0.965186
159,0.961308
160,0.956375
161,0.955562
162,0.948363
163,0.944119
164,0.938886
165,0.94135
166,0.945221
167,0.935824
168,0.927327
169,0.912203
170,0.905267
171,0.900939
172,0.911985
173,0.945649
174,0.919139
175,0.87261
176,0.909504
177,0.875243
178,0.889371
179,0.908012
180,0.887915
181,0.933426
182,0.930833
183,0.932528
184,0.925768
185,0.939316
186,0.91602
187,0.929924
188,0.951332
189,0.941476
190,0.944711
191,0.927317
192,0.923389
193,0.889988
194,0.896566
195,0.911926
196,0.911986
197,0.911993
198,0.919992
199,0.94444
200,0.932427
201,0.935046
202,0.938224
203,0.934598
204,0.936246
205,0.921772
206,0.926505
207,0.920435
208,0.925412
209,0.937544
210,0.944433
211,0.952355
212,0.954306
213,0.953584
214,0.952732
215,0.948646
216,0.943236
217,0.940163
218,0.927585
219,0.933512
220,0.923709
221,0.922188
222,0.92667
223,0.936529
224,0.936799
225,0.936608
226,0.931051
227,0.932329
228,0.926492
229,0.92754
230,0.920776
231,0.926224
232,0.932094
233,0.934525
234,0.945526
235,0.948799
236,0.93892
237,0.938957
238,0.937708
239,0.945728
240,0.942984
241,0.953773
242,0.954798
243,0.959006
244,0.95796
245,0.948864
246,0.935389
247,0.940004
248,0.94184
249,0.943773
250,0.942195
251,0.920896
252,0.926779
253,0.910292
254,0.891129
255,0.90874
256,0.911727
257,0.910582
258,0.932488
259,0.93664
260,0.939663
261,0.934497
262,0.941267
263,0.940193
264,0.938087
265,0.962652
266,0.965662
267,0.966102
268,0.965923
269,0.957002
270,0.950051
271,0.9483
272,0.95202
273,0.952262
274,0.952539
275,0.941942
276,0.941832
277,0.946098
278,0.939995
279,0.949669
280,0.946773
281,0.939479
282,0.945228
283,0.944821
284,0.95086
285,0.958375
286,0.96113
287,0.958755
288,0.954459
289,0.948185
290,0.951842
291,0.951282
292,0.945374
293,0.943195
294,0.946282
295,0.944221
296,0.954349
297,0.951752
298,0.949558
299,0.95492
300,0.955908
301,0.963115
302,0.958585
303,0.959257
304,0.955416
305,0.954773
306,0.950087
307,0.950812
308,0.953561
309,0.955329
310,0.955457
311,0.959797
312,0.956273
313,0.937802
314,0.934229
315,0.930041
316,0.932661
317,0.928812
318,0.930042
319,0.934568
320,0.933311
321,0.932714
322,0.934214
323,0.935409
324,0.940903
325,0.942711
326,0.943113
327,0.941596
328,0.940243
329,0.941891
330,0.947735
331,0.656816
332,0.553021
333,0.663086
334,0.8678
335,0.922404
336,0.950878
337,0.959026
338,0.957864
339,0.956391
340,0.956118
341,0.958454
342,0.952102
343,0.9474
344,0.953503
345,0.948723
346,0.94466
347,0.946528
348,0.949125
349,0.952224
350,0.950294
351,0.947105
352,0.950306
353,0.954342
354,0.952315
355,0.950862
356,0.969583
357,0.971436
358,0.969901
359,0.957578
360,0.951481
361,0.922342
362,0.917266
363,0.92812
364,0.935606
365,0.933878
366,0.938431
367,0.938602
368,0.927659
369,0.9271
370,0.923166
371,0.908535
372,0.897379
373,0.900242
374,0.898944
375,0.900288
376,0.896599
377,0.901438
378,0.903849
379,0.882926
380,0.848529
381,0.871715
382,0.837184
383,0.86123
384,0.859729
385,0.74291
386,0.753459
387,0.75904
388,0.74486
389,0.744078
390,0.783508
391,0.773688
392,0.817985
393,0.84012
394,0.833496
395,0.822606
396,0.800417
397,0.74273
398,0.803783
399,0.845313
400,0.79408
401,0.803207
402,0.814508
403,0.788003
404,0.828114
405,0.863084
406,0.849073
407,0.796478
408,0.786327
409,0.738639
410,0.793953
411,0.789424
412,0.766609
413,0.75239
414,0.788495
415,0.82437
416,0.887402
417,0.870783
418,0.866227
419,0.908811
420,0.896672
421,0.867321
422,0.874616
423,0.890074
424,0.893567
425,0.861714
426,0.873696
427,0.875075
428,0.874538
429,0.829839
430,0.853433
431,0.864943
432,0.872163
433,0.875458
434,0.820283
435,0.84419
436,0.835308
437,0.856629
438,0.84396
439,0.836768
440,0.83196
441,0.790182
442,0.821514
443,0.789122
444,0.793422
445,0.818697
446,0.807916
447,0.825068
448,0.824888
449,0.871133
450,0.885079
451,0.885743
452,0.888931
453,0.895078
454,0.916339
455,0.905201
456,0.896208
457,0.853039
458,0.862706
459,0.898838
460,0.917794
461,0.896409
462,0.901492
463,0.89542
464,0.875437
465,0.881613
466,0.845272
467,0.807237
468,0.831436
469,0.869211
470,0.873886
471,0.873575
472,0.829181
473,0.788831
474,0.776463
475,0.791732
476,0.786073
477,0.815633
478,0.787798
479,0.75563
480,0.727802
481,0.58742
482,0.537053
483,0.566687
484,0.599641
485,0.535833
486,0.516006
487,0.534332
488,0.552668
489,0.545295
490,0.477435
491,0.500204
492,0.523487
493,0.607663
494,0.600904
495,0.595555
496,0.562534
497,0.573876
498,0.571798
499,0.523529
500,0.573341
501,0.628129
502,0.683012
503,0.617788
504,0.63855
505,0.582335
506,0.549244
507,0.52614
508,0.557753
509,0.569488
510,0.589446
511,0.663422
512,0.70847
513,0.709388
514,0.710679
515,0.707657
516,0.746844
517,0.798923
518,0.802338
519,0.788145
520,0.80855
521,0.802135
522,0.88786
523,0.849182
524,0.881654
525,0.888359
526,0.896111
527,0.911065
528,0.911708
529,0.890216
530,0.883177
531,0.86382
532,0.884687
533,0.892954
534,0.92144
535,0.933769
536,0.942417
537,0.934885
538,0.929454
539,0.920304
540,0.912857
541,0.900341
542,0.898048
543,0.892057
544,0.890715
545,0.926121
546,0.941462
547,0.922555
548,0.937391
549,0.93241
550,0.934252
551,0.94445
552,0.945342
553,0.903977
554,0.895597
555,0.887247
556,0.900454
557,0.892258
558,0.861192
559,0.893215
560,0.876128
561,0.877721
562,0.869074
563,0.879495
564,0.879368
565,0.854247
566,0.854408
567,0.92351
568,0.835014
569,0.850234
570,0.847233
571,0.802577
572,0.834982
573,0.804708
574,0.783228
575,0.769105
576,0.750423
577,0.696402
578,0.725979
579,0.741539
580,0.760494
581,0.756867
582,0.635104
583,0.626005
584,0.691681
585,0.659534
586,0.696509
587,0.790909
588,0.754943
589,0.709219
590,0.703362
591,0.692232
592,0.675691
593,0.670222
594,0.691911
595,0.719104
596,0.656211
597,0.654795
598,0.628948
599,0.624736
600,0.752495
601,0.783003
602,0.795512
603,0.774332
604,0.759773
605,0.756289
606,0.779799
607,0.743562
608,0.72683
609,0.726723
610,0.75501
611,0.749
612,0.753901
613,0.794212
614,0.815721
615,0.839732
616,0.859462
617,0.85709
618,0.883234
619,0.871325
620,0.894619
621,0.911708
622,0.89905
623,0.8832
624,0.834543
625,0.889247
626,0.882709
627,0.832724
628,0.848906
629,0.855354
630,0.855732
631,0.865765
632,0.863786
633,0.868828
634,0.863026
635,0.890163
636,0.88409
637,0.876982
638,0.955227
639,0.896876
640,0.922669
641,0.923507
642,0.923818
643,0.927293
644,0.925397
645,0.911129
646,0.915317
647,0.955912
648,0.951279
649,0.77198
650,0.765997
651,0.785817
652,0.881361
653,0.87511
654,0.880505
655,0.869539
656,0.864709
657,0.939981
658,0.940766
659,0.942235
660,0.933989
661,0.858555
662,0.849796
663,0.842358
664,0.870171
665,0.904957
666,0.909686
667,0.802515
668,0.885946
669,0.886023
670,0.628594
671,0.819891
672,0.818962
673,0.789979
674,0.902963
675,0.894932
676,0.897889
677,0.876505
678,0.888525
679,0.886187
680,0.894614
681,0.888425
682,0.878542
683,0.893981
684,0.876339
685,0.857927
686,0.877556
687,0.86278
688,0.880519
689,0.853669
690,0.851463
691,0.92061
692,0.924351
693,0.914808
694,0.90866
695,0.910357
696,0.841471
697,0.790542
698,0.791601
699,0.776866
700,0.774033
701,0.764278
702,0.932691
703,0.940806
704,0.937105
705,0.939675
706,0.937859
707,0.938564
708,0.929418
709,0.921433
710,0.924683
711,0.91583
712,0.932263
713,0.928992
714,0.936085
715,0.932423
716,0.934499
717,0.944958
718,0.948573
719,0.921574
720,0.9305
721,0.960642
722,0.951704
723,0.927513
724,0.935746
725,0.9475
726,0.938149
727,0.939835
728,0.935086
729,0.939366
730,0.937912
731,0.930359
732,0.908933
733,0.891615
734,0.909054
735,0.904766
736,0.83302
737,0.855992
738,0.837159
739,0.847062
740,0.82435
741,0.74004
742,0.737617
743,0.780691
744,0.758355
745,0.748125
746,0.657779
747,0.703022
748,0.722071
749,0.657001
750,0.667526
751,0.734095
752,0.737388
753,0.587551
754,0.625626
755,0.644465
756,0.684953
757,0.693785
758,0.7052
759,0.65329
760,0.703179
761,0.687421
762,0.780133
763,0.804939
764,0.802356
765,0.783547
766,0.766752
767,0.672249
768,0.6281
769,0.405544
770,0.356793
771,0.357328
772,0.43371
773,0.423983
774,0.399962
775,0.460973
776,0.517674
777,0.509598
778,0.505153
779,0.53097
780,0.509143
781,0.427917
782,0.446409
783,0.518343
784,0.508728
785,0.471266
786,0.466052
787,0.416938
788,0.404568
789,0.416401
790,0.443721
791,0.449034
792,0.478077
793,0.338319
794,0.283791
795,0.287392
796,0.344734
797,0.373191
798,0.36281
799,0.330796
800,0.381074
801,0.399243
802,0.420931
803,0.539927
804,0.484991
805,0.640751
806,0.675514
807,0.547206
808,0.49918
809,0.473181
810,0.476615
811,0.507504
812,0.435648
813,0.421813
814,0.429221
815,0.400429
816,0.521643
817,0.480355
818,0.529796
819,0.512284
820,0.571848
821,0.672856
822,0.817952
823,0.818074
824,0.735632
825,0.578171
826,0.784413
827,0.786685
828,0.732132
829,0.860846
830,0.904462
831,0.825625
832,0.808195
833,0.809977
834,0.818191
835,0.833043
836,0.847344
837,0.866702
838,0.870386
839,0.914783
840,0.924671
841,0.905124
842,0.914048
843,0.914405
844,0.883221
845,0.828288
846,0.852181
847,0.829121
848,0.942898
849,0.918135
850,0.864375
851,0.884152
852,0.876483
853,0.896285
854,0.892069
855,0.904915
856,0.894288
857,0.889892
858,0.874104
859,0.880843
860,0.886606
861,0.880627
862,0.864724
863,0.816935
864,0.85886
865,0.865263
866,0.886404
867,0.893456
868,0.904055
869,0.911197
870,0.910751
871,0.902627
872,0.899136
873,0.886317
874,0.890066
875,0.878564
876,0.913378
877,0.943241
878,0.939277
879,0.93697
880,0.939719
881,0.924812
882,0.9269
883,0.923111
884,0.758314
885,0.813029
886,0.735758
887,0.818766
888,0.818972
889,0.928691
890,0.905189
891,0.916464
892,0.919578
893,0.884523
894,0.844453
895,0.897256
896,0.88547
897,0.902608
898,0.848755
899,0.786259
900,0.858511
901,0.833192
902,0.834838
903,0.826831
904,0.8246
905,0.851037
906,0.828793
907,0.811476
908,0.826957
909,0.85591
910,0.902974
911,0.929199
912,0.932484
913,0.910888
914,0.92909
915,0.915645
916,0.925284
917,0.930569
918,0.919886
919,0.919008
920,0.906853
921,0.922702
922,0.930222
923,0.936285
924,0.949551
925,0.969242
926,0.972426
927,0.970325
928,0.97189
929,0.973983
930,0.964508
931,0.961161
932,0.95549
933,0.958553
934,0.962223
935,0.947847
936,0.954938
937,0.954406
938,0.952059
939,0.944874
940,0.945906
941,0.939268
942,0.952029
943,0.953756
944,0.955536
945,0.959734
946,0.953428
947,0.938405
948,0.949086
949,0.965676
950,0.965337
951,0.963557
952,0.966646
953,0.967041
954,0.966593
955,0.971456
956,0.972526
957,0.970091
958,0.972665
959,0.97368
960,0.973382
961,0.96847
962,0.965906
963,0.961676
964,0.966593
965,0.893615
966,0.937176
967,0.878245
968,0.868318
969,0.923188
970,0.960316
971,0.960456
972,0.954294
973,0.949346
974,0.948934
975,0.944662
976,0.943808
977,0.942362
978,0.94393
979,0.940343
980,0.940771
981,0.93898
982,0.926779
983,0.916356
984,0.912691
985,0.924366
986,0.917505
987,0.93634
988,0.910606
989,0.906081
990,0.931966
991,0.926613
992,0.937607
993,0.925709
994,0.894527
995,0.90451
996,0.881886
997,0.916968
998,0.91368
999,0.90382
1000,0.915242
1001,0.937776
1002,0.937698
1003,0.94189
1004,0.945757
1005,0.947479
1006,0.954046
1007,0.949932
1008,0.951725
1009,0.964863
1010,0.963943
1011,0.960907
1012,0.94997
1013,0.936444
1014,0.921168
1015,0.916676
1016,0.908423
1017,0.897968
1018,0.913756
1019,0.894919
1020,0.896366
1021,0.939622
1022,0.935589
1023,0.933694
1024,0.933677
1025,0.929634
1026,0.926205
1027,0.914398
1028,0.917573
1029,0.925245
1030,0.925244
1031,0.916161
1032,0.916383
1033,0.927271
1034,0.929492
1035,0.911356
1036,0.907213
1037,0.901017
1038,0.902806
1039,0.924302
1040,0.940042
1041,0.928899
1042,0.94049
1043,0.94169
1044,0.924079
1045,0.906488
1046,0.903751
1047,0.887491
1048,0.895086
1049,0.913199
1050,0.88541
1051,0.884591
1052,0.891725
1053,0.906615
1054,0.895583
1055,0.889501
1056,0.891525
1057,0.911559
1058,0.913885
1059,0.913179
1060,0.910632
1061,0.911473
1062,0.909201
1063,0.914512
1064,0.929223
1065,0.939441
1066,0.93855
1067,0.938605
1068,0.926284
1069,0.945354
1070,0.931947
1071,0.926151
1072,0.926455
1073,0.925085
1074,0.931289
1075,0.925773
1076,0.926069
1077,0.928444
1078,0.889231
1079,0.869921
1080,0.900046
1081,0.942223
1082,0.946113
1083,0.926566
1084,0.934134
1085,0.926205
1086,0.926299
1087,0.927351
1088,0.929416
1089,0.922734
1090,0.920962
1091,0.918593
1092,0.922791
1093,0.896566
1094,0.913314
1095,0.835001
1096,0.834522
1097,0.83571
1098,0.939735
1099,0.94271
1100,0.949678
1101,0.939842
1102,0.930763
1103,0.937153
1104,0.950088
1105,0.940513
1106,0.932323
1107,0.924961
1108,0.924779
1109,0.918002
1110,0.918298
1111,0.908195
1112,0.878213
1113,0.872047
1114,0.864425
1115,0.872445
1116,0.874101
1117,0.848229
1118,0.853987
1119,0.876931
1120,0.902674
1121,0.886834
1122,0.868508
1123,0.861674
1124,0.853989
1125,0.853513
1126,0.854223
1127,0.852363
1128,0.841058
1129,0.883036
1130,0.855008
1131,0.870023
1132,0.827001
1133,0.836116
1134,0.831744
1135,0.844605
1136,0.835265
1137,0.804202
1138,0.821378
1139,0.794859
1140,0.794008
1141,0.803352
1142,0.793771
1143,0.757043
1144,0.761347
1145,0.77453
1146,0.768999
1147,0.778011
1148,0.769147
1149,0.760063
1150,0.749457
1151,0.714367
1152,0.668811
1153,0.873818
1154,0.888336
1155,0.896099
1156,0.890845
1157,0.903301
1158,0.909273
1159,0.905021
1160,0.896047
1161,0.894344
1162,0.891469
1163,0.903725
1164,0.898805
1165,0.346328
1166,0.584375
1167,0.364419
1168,0.362953
1169,0.342872
1170,0.323822
1171,0.331197
1172,0.38203
1173,0.393073
1174,0.369876
1175,0.893555
1176,0.891506
1177,0.836317
1178,0.861234
1179,0.852315
1180,0.851504
1181,0.259132
1182,0.238978
1183,0.230794
1184,0.208609
1185,0.177101
1186,0.174746
1187,0.205494
1188,0.212171
1189,0.203563
1190,0.194844
1191,0.222185
1192,0.21988
1193,0.212698
1194,0.182237
1195,0.191501
1196,0.189306
1197,0.16991
1198,0.200701
1199,0.235165
1200,0.230331
1201,0.227936
1202,0.228463
1203,0.226623
1204,0.221206
1205,0.237271
1206,0.241316
1207,0.261414
1208,0.271719
1209,0.291868
1210,0.271762
1211,0.343449
1212,0.300328
1213,0.440385
1214,0.429497
1215,0.376665
1216,0.513592
1217,0.441728
1218,0.456739
1219,0.567909
1220,0.682908
1221,0.676048
1222,0.665075
1223,0.640179
1224,0.60829
1225,0.822902
1226,0.811386
1227,0.824484
1228,0.484284
1229,0.799666
1230,0.784024
1231,0.781271
1232,0.46706
1233,0.379611
1234,0.359705
1235,0.384198
1236,0.473636
1237,0.749101
1238,0.476712
1239,0.437497
1240,0.215309
1241,0.198982
1242,0.218043
1243,0.319708
1244,0.407407
1245,0.417799
1246,0.410086
1247,0.408711
1248,0.742831
1249,0.831958
1250,0.413726
1251,0.520663
1252,0.480133
1253,0.483559
1254,0.486054
1255,0.443039
1256,0.406052
1257,0.446966
1258,0.840793
1259,0.469588
1260,0.825696
1261,0.319768
1262,0.320466
1263,0.296372
1264,0.316045
1265,0.27351
1266,0.247384
1267,0.24419
1268,0.229368
1269,0.233802
1270,0.160793
1271,0.141501
1272,0.14195
1273,0.201972
1274,0.196871
1275,0.144833
1276,0.145229
1277,0.132132
1278,0.161281
1279,0.138022
1280,0.123424
1281,0.094769
1282,0.052486
1283,0.036759
1284,0.518844
1285,0.460297
1286,0.390225
1287,0.472975
1288,0.391884
1289,0.412206
1290,0.434465
1291,0.4149
1292,0.503611
1293,0.458481
1294,0.45284
1295,0.504777
1296,0.502789
1297,0.490371
1298,0.463637
1299,0.475388
1300,0.563763
1301,0.640898
1302,0.705268
1303,0.730286
1304,0.733897
1305,0.735753
1306,0.738734
1307,0.804574
1308,0.779219
1309,0.845541
1310,0.848296
1311,0.843747
1312,0.832954
1313,0.841017
1314,0.853746
1315,0.873763
1316,0.87982
1317,0.905793
1318,0.913054
1319,0.902468
1320,0.895289
1321,0.907388
1322,0.904428
1323,0.897689
1324,0.893329
1325,0.857756
1326,0.889258
1327,0.901569
1328,0.903843
1329,0.905413
1330,0.912756
1331,0.909371
1332,0.917023
1333,0.66263
1334,0.63678
1335,0.599352
1336,0.581952
1337,0.555435
1338,0.909571
1339,0.562921
1340,0.527668
1341,0.503344
1342,0.631324
1343,0.651896
1344,0.675038
1345,0.889781
1346,0.877335
1347,0.868709
1348,0.863307
1349,0.870048
1350,0.860068
1351,0.85223
1352,0.870055
