1,0.996555
2,0.996673
3,0.997694
4,0.997364
5,0.99767
6,0.997617
7,0.997806
8,0.99814
9,0.998362
10,0.998219
11,0.998215
12,0.998148
13,0.993719
14,0.993142
15,0.993094
16,0.997571
17,0.996892
18,0.996616
19,0.997051
20,0.997174
21,0.997074
22,0.99735
23,0.996907
24,0.994066
25,0.997256
26,0.997008
27,0.993534
28,0.99709
29,0.997329
30,0.994851
31,0.99461
32,0.993127
33,0.993465
34,0.990947
35,0.992814
36,0.993073
37,0.990642
38,0.990192
39,0.991153
40,0.989739
41,0.985807
42,0.992968
43,0.990959
44,0.983902
45,0.984951
46,0.984167
47,0.977933
48,0.968967
49,0.964995
50,0.972771
51,0.928008
52,0.922129
53,0.942214
54,0.960329
55,0.953275
56,0.92746
57,0.947948
58,0.16732
59,0.003724
60,0.008895
61,0.004684
62,0.001264
63,0.001526
64,0.00079
65,0.000713
66,0.000734
67,0.000703
68,0.001233
69,0.00109
70,0.000766
71,0.000972
72,0.00092
73,0.000977
74,0.002284
75,0.000896
76,0.000783
77,0.000876
78,0.003409
79,0.287373
80,0.430762
81,0.332244
82,0.466391
83,0.895955
84,0.850714
85,0.870666
86,0.901159
87,0.883684
88,0.897728
89,0.909835
90,0.940056
91,0.943056
92,0.929197
93,0.933005
94,0.945078
95,0.946399
96,0.947686
97,0.949567
98,0.957955
99,0.953272
100,0.944904
101,0.945615
102,0.94032
103,0.921195
104,0.939388
105,0.911506
106,0.930743
107,0.942341
108,0.94106
109,0.941907
110,0.94979
111,0.93206
112,0.94237
113,0.940916
114,0.946275
115,0.962978
116,0.965087
117,0.970709
118,0.947881
119,0.930764
120,0.953693
121,0.988964
122,0.99047
123,0.978276
124,0.97408
125,0.973571
126,0.973388
127,0.973233
128,0.97604
129,0.980331
130,0.978949
131,0.984139
132,0.984201
133,0.99056
134,0.990485
135,0.988748
136,0.988554
137,0.98994
138,0.990065
139,0.99058
140,0.991155
141,0.991504
142,0.996336
143,0.99166
144,0.991645
145,0.993639
146,0.993711
147,0.993559
148,0.992992
149,0.983907
150,0.592812
151,0.080763
152,0.076537
153,0.09415
154,0.10161
155,0.066313
156,0.060746
157,0.059837
158,0.061266
159,0.06133
160,0.068774
161,0.054052
162,0.040369
163,0.01919
164,0.354761
165,0.988753
166,0.985933
167,0.986853
168,0.986317
169,0.979622
170,0.982324
171,0.979572
172,0.973536
173,0.98299
174,0.084141
175,0.012652
176,0.011538
177,0.012225
178,0.013733
179,0.01443
180,0.010092
181,0.013017
182,0.009055
183,0.007543
184,0.008064
185,0.010355
186,0.009487
187,0.007835
188,0.010171
189,0.038455
190,0.041022
191,0.043783
192,0.042595
193,0.035282
194,0.031542
195,0.314034
196,0.948493
197,0.984381
198,0.990453
199,0.98621
200,0.984984
201,0.987926
202,0.991672
203,0.991111
204,0.988086
205,0.986033
206,0.990325
207,0.991699
208,0.989492
209,0.989907
210,0.987594
211,0.981893
212,0.639992
213,0.025095
214,0.020778
215,0.004167
216,0.004472
217,0.001345
218,0.00068
219,0.06051
220,0.050217
221,0.04289
222,0.031165
223,0.045797
224,0.041376
225,0.011171
226,0.016951
227,0.012506
228,0.013398
229,0.053873
230,0.05974
231,0.05539
232,0.056629
233,0.003491
234,0.005344
235,0.390534
236,0.929155
237,0.959863
238,0.953633
239,0.962523
240,0.965648
241,0.955657
242,0.98186
243,0.978413
244,0.976901
245,0.977829
246,0.981523
247,0.976859
248,0.509574
249,0.084926
250,0.004778
251,0.000745
252,0.010248
253,0.007736
254,0.010691
255,0.011251
256,0.013514
257,0.011843
258,0.013094
259,0.015652
260,0.048065
261,0.052799
262,0.051036
263,0.052707
264,0.05309
265,0.001063
266,0.002607
267,0.001636
268,0.049656
269,0.003058
270,0.079669
271,0.550426
272,0.867094
273,0.793537
274,0.79774
275,0.811807
276,0.738226
277,0.750774
278,0.910856
279,0.909625
280,0.931301
281,0.936332
282,0.967055
283,0.968633
284,0.97582
285,0.984964
286,0.984472
287,0.987415
288,0.988763
289,0.991504
290,0.540698
291,0.065641
292,0.018289
293,0.008685
294,0.006556
295,0.006005
296,0.00735
297,0.003819
298,0.001769
299,0.001551
300,0.001729
301,0.001745
302,0.001734
303,0.589665
304,0.968758
305,0.94967
306,0.948439
307,0.943763
308,0.951519
309,0.968788
310,0.975645
311,0.980938
312,0.981393
313,0.989841
314,0.990418
315,0.389064
316,0.026203
317,0.010971
318,0.007946
319,0.007341
320,0.00712
321,0.004013
322,0.002088
323,0.002213
324,0.001605
325,0.00156
326,0.001597
327,0.00064
328,0.000676
329,0.000495
330,0.000497
331,0.000522
332,0.000608
333,0.000657
334,0.000596
335,0.001175
336,0.001664
337,0.00729
338,0.007108
339,0.006138
340,0.007236
341,0.028919
342,0.039559
343,0.673718
344,0.977395
345,0.971536
346,0.975855
347,0.972388
348,0.97425
349,0.977345
350,0.968157
351,0.969768
352,0.866004
353,0.021807
354,0.032141
355,0.006315
356,0.006155
357,0.004209
358,0.006071
359,0.005398
360,0.002626
361,0.00203
362,0.002134
363,0.002149
364,0.000995
365,0.001471
366,0.000962
367,0.001703
368,0.001284
369,0.003668
370,0.243925
371,0.949107
372,0.949121
373,0.952145
374,0.958905
375,0.962876
376,0.965465
377,0.978951
378,0.974541
379,0.973334
380,0.964254
381,0.969893
382,0.96991
383,0.981447
384,0.97643
385,0.978367
386,0.977512
387,0.974152
388,0.973506
389,0.981765
390,0.981814
391,0.987219
392,0.987428
393,0.988791
394,0.988386
395,0.985815
396,0.983301
397,0.990065
398,0.988577
399,0.987534
400,0.98732
401,0.988736
402,0.988698
403,0.987746
404,0.98746
405,0.984258
406,0.978339
407,0.962724
408,0.104435
409,0.010053
410,0.009116
411,0.010292
412,0.009853
413,0.009228
414,0.009049
415,0.014404
416,0.011327
417,0.012702
418,0.012043
419,0.011891
420,0.015897
421,0.716827
422,0.946987
423,0.943612
424,0.958404
425,0.954141
426,0.976756
427,0.97782
428,0.970468
429,0.973685
430,0.955566
431,0.967391
432,0.977689
433,0.983437
434,0.980814
435,0.977144
436,0.977528
437,0.9774
438,0.973721
439,0.974533
440,0.971055
441,0.967909
442,0.9762
443,0.726039
444,0.0269
445,0.014442
446,0.014307
447,0.013128
448,0.008151
449,0.007655
450,0.007312
451,0.00435
452,0.005099
453,0.005417
454,0.004645
455,0.004854
456,0.004698
457,0.007233
458,0.005936
459,0.007862
460,0.006493
461,0.011593
462,0.011858
463,0.009057
464,0.009336
465,0.758463
466,0.948549
467,0.797706
468,0.823575
469,0.569742
470,0.704265
471,0.629873
472,0.647517
473,0.66589
474,0.652863
475,0.937766
476,0.781608
477,0.018552
478,0.021258
479,0.015703
480,0.015119
481,0.013413
482,0.0141
483,0.02112
484,0.013649
485,0.015362
486,0.015325
487,0.015435
488,0.011339
489,0.009812
490,0.007632
491,0.00936
492,0.01137
493,0.023677
494,0.023727
495,0.025136
496,0.025499
497,0.027995
498,0.027885
499,0.023882
500,0.018689
501,0.011257
502,0.012659
503,0.015806
504,0.018484
505,0.013527
506,0.015407
507,0.013667
508,0.010891
509,0.018883
510,0.802632
511,0.971839
512,0.946844
513,0.940993
514,0.960361
515,0.954468
516,0.966267
517,0.976997
518,0.979408
519,0.277595
520,0.020067
521,0.01536
522,0.010484
523,0.012426
524,0.010277
525,0.009013
526,0.006796
527,0.01011
528,0.011646
529,0.008475
530,0.00864
531,0.009504
532,0.387991
533,0.94809
534,0.973849
535,0.970139
536,0.970901
537,0.975175
538,0.983019
539,0.982601
540,0.981502
541,0.974371
542,0.952506
543,0.075595
544,0.010386
545,0.006774
546,0.001709
547,0.001208
548,0.001341
549,0.001643
550,0.001457
551,0.001619
552,0.002484
553,0.012674
554,0.016926
555,0.003105
556,0.003197
557,0.020936
558,0.017273
559,0.017229
560,0.02025
561,0.018149
562,0.016301
563,0.01668
564,0.011517
565,0.019058
566,0.020037
567,0.020224
568,0.012138
569,0.017793
570,0.019359
571,0.018208
572,0.01768
573,0.016938
574,0.016944
575,0.018411
576,0.017776
577,0.007493
578,0.00732
579,0.027791
580,0.447672
581,0.919586
582,0.931138
583,0.932781
584,0.936083
585,0.943728
586,0.950077
587,0.958601
588,0.951916
589,0.120728
590,0.009702
591,0.043895
592,0.032393
593,0.004508
594,0.009084
595,0.006897
596,0.003159
597,0.00614
598,0.006238
599,0.002061
600,0.002297
601,0.002724
602,0.002237
603,0.001824
604,0.003271
605,0.003437
606,0.003023
607,0.001906
608,0.001163
609,0.040457
610,0.892409
611,0.971861
612,0.972874
613,0.966542
614,0.96791
615,0.967539
616,0.967358
617,0.967557
618,0.964906
619,0.960579
620,0.112388
621,0.006926
622,0.007558
623,0.005855
624,0.006784
625,0.005693
626,0.005366
627,0.003462
628,0.003228
629,0.027635
630,0.041579
631,0.762397
632,0.968599
633,0.96064
634,0.962112
635,0.963741
636,0.963015
637,0.972113
638,0.975394
639,0.982594
640,0.980806
641,0.982532
642,0.985522
643,0.303523
644,0.028563
645,0.015852
646,0.02736
647,0.022521
648,0.022456
649,0.008996
650,0.005893
651,0.008387
652,0.011924
653,0.010358
654,0.007807
655,0.009697
656,0.012163
657,0.007511
658,0.015476
659,0.015958
660,0.01071
661,0.019536
662,0.173151
663,0.843836
664,0.942064
665,0.863744
666,0.827777
667,0.845281
668,0.903402
669,0.925951
670,0.946172
671,0.934623
672,0.934964
673,0.971552
674,0.101276
675,0.022265
676,0.03834
677,0.040766
678,0.03923
679,0.04015
680,0.036819
681,0.029645
682,0.032308
683,0.033198
684,0.03357
685,0.01907
686,0.023701
687,0.233777
688,0.921874
689,0.984052
690,0.985112
691,0.987851
692,0.988071
693,0.987945
694,0.991031
695,0.991885
696,0.990777
697,0.858759
698,0.096577
699,0.021444
700,0.003845
701,0.002643
702,0.002877
703,0.00308
704,0.002002
705,0.00257
706,0.001326
707,0.001155
708,0.000999
709,0.000843
710,0.000877
711,0.001073
712,0.000805
713,0.000816
714,0.00085
715,0.001229
716,0.001366
717,0.001035
718,0.001131
719,0.001463
720,0.000996
721,0.001129
722,0.001738
723,0.001475
724,0.001294
725,0.021803
726,0.024553
727,0.028096
728,0.034772
729,0.038138
730,0.038149
731,0.024564
732,0.028867
733,0.027182
734,0.032761
735,0.025186
736,0.019419
737,0.012997
738,0.009022
739,0.008617
740,0.008288
741,0.010737
742,0.012013
743,0.015014
744,0.019019
745,0.017995
746,0.021694
747,0.015242
748,0.017061
749,0.016843
750,0.100102
751,0.962393
752,0.969716
753,0.978494
754,0.971643
755,0.973854
756,0.966305
757,0.914497
758,0.951984
759,0.964329
760,0.962511
761,0.921835
762,0.831852
763,0.735736
764,0.406559
765,0.035542
766,0.031677
767,0.031487
768,0.034016
769,0.024878
770,0.019041
771,0.020895
772,0.018305
773,0.024151
774,0.013828
775,0.015073
776,0.019009
777,0.019591
778,0.066975
779,0.88346
780,0.928965
781,0.905296
782,0.915773
783,0.909127
784,0.885915
785,0.882444
786,0.878359
787,0.871871
788,0.867095
789,0.870255
790,0.898999
791,0.902327
792,0.925809
793,0.914225
794,0.913293
795,0.915487
796,0.903359
797,0.693725
798,0.55957
799,0.39145
800,0.476954
801,0.606684
802,0.932929
803,0.933167
804,0.89534
805,0.879972
806,0.841965
807,0.833997
808,0.841362
809,0.870287
810,0.889762
811,0.948432
812,0.955367
813,0.696025
814,0.706229
815,0.893945
816,0.948741
817,0.899173
818,0.936289
