1,0.987308
2,0.99585
3,0.994761
4,0.981745
5,0.993075
6,0.993752
7,0.983962
8,0.986875
9,0.990962
10,0.98955
11,0.989852
12,0.990306
13,0.996894
14,0.991383
15,0.9894
16,0.994926
17,0.990633
18,0.995446
19,0.995138
20,0.994443
21,0.995706
22,0.994001
23,0.994013
24,0.99639
25,0.993433
26,0.9934
27,0.993013
28,0.993275
29,0.992362
30,0.992908
31,0.992642
32,0.994029
33,0.993621
34,0.993164
35,0.993483
36,0.994048
37,0.994546
38,0.992522
39,0.846359
40,0.691065
41,0.547037
42,0.96006
43,0.991576
44,0.993069
45,0.986938
46,0.985515
47,0.985233
48,0.983236
49,0.975525
50,0.970398
51,0.954178
52,0.974559
53,0.980978
54,0.981567
55,0.983266
56,0.977839
57,0.979403
58,0.980022
59,0.977518
60,0.978648
61,0.976951
62,0.980626
63,0.975989
64,0.968678
65,0.96559
66,0.963798
67,0.953642
68,0.963706
69,0.955967
70,0.957556
71,0.957392
72,0.958307
73,0.94861
74,0.942679
75,0.954072
76,0.955978
77,0.93615
78,0.75338
79,0.039897
80,0.004652
81,0.004729
82,0.003026
83,0.002434
84,0.001333
85,0.002322
86,0.00248
87,0.002427
88,0.002927
89,0.002113
90,0.000898
91,0.001304
92,0.000644
93,0.000665
94,0.000656
95,0.000581
96,0.00049
97,0.000524
98,0.000499
99,0.000452
100,0.002317
101,0.765339
102,0.948206
103,0.852889
104,0.841444
105,0.913107
106,0.893128
107,0.929523
108,0.951879
109,0.935721
110,0.944804
111,0.961111
112,0.94338
113,0.939788
114,0.895478
115,0.83712
116,0.871062
117,0.901011
118,0.904911
119,0.888644
120,0.892068
121,0.915249
122,0.932161
123,0.926607
124,0.949864
125,0.950635
126,0.959795
127,0.968244
128,0.978426
129,0.985272
130,0.991901
131,0.976664
132,0.872357
133,0.938092
134,0.980272
135,0.994884
136,0.989938
137,0.995466
138,0.991035
139,0.988782
140,0.992088
141,0.991643
142,0.991511
143,0.993488
144,0.994057
145,0.992696
146,0.99214
147,0.994152
148,0.992501
149,0.994445
150,0.993819
151,0.993869
152,0.994041
153,0.989583
154,0.575649
155,0.005151
156,0.004237
157,0.004035
158,0.003875
159,0.005698
160,0.005792
161,0.004886
162,0.308052
163,0.992473
164,0.996433
165,0.996412
166,0.994419
167,0.995205
168,0.995133
169,0.995364
170,0.993323
171,0.993799
172,0.994479
173,0.975899
174,0.062059
175,0.001754
176,0.004425
177,0.002459
178,0.003047
179,0.004208
180,0.001679
181,0.016881
182,0.025312
183,0.025522
184,0.022565
185,0.029409
186,0.024101
187,0.000906
188,0.001362
189,0.001762
190,0.001253
191,0.001846
192,0.001727
193,0.001172
194,0.002782
195,0.006741
196,0.008125
197,0.008329
198,0.08871
199,0.005279
200,0.005642
201,0.005597
202,0.004216
203,0.010052
204,0.009482
205,0.008029
206,0.00973
207,0.011362
208,0.007533
209,0.005924
210,0.00614
211,0.730382
212,0.985905
213,0.991061
214,0.992182
215,0.990184
216,0.989557
217,0.98792
218,0.992243
219,0.992337
220,0.99119
221,0.990103
222,0.991675
223,0.991554
224,0.991562
225,0.655825
226,0.0048
227,0.021026
228,0.005437
229,0.002123
230,0.002122
231,0.002528
232,0.003082
233,0.002486
234,0.001876
235,0.002342
236,0.003454
237,0.007471
238,0.001514
239,0.001122
240,0.000963
241,0.00118
242,0.014231
243,0.023269
244,0.011131
245,0.002419
246,0.005082
247,0.012496
248,0.009589
249,0.005839
250,0.014124
251,0.013208
252,0.005355
253,0.007135
254,0.010077
255,0.006895
256,0.005476
257,0.008654
258,0.009498
259,0.420004
260,0.931843
261,0.97013
262,0.972085
263,0.971223
264,0.972043
265,0.965438
266,0.96637
267,0.95405
268,0.20242
269,0.030696
270,0.026615
271,0.040439
272,0.017174
273,0.001628
274,0.014833
275,0.009808
276,0.011218
277,0.019346
278,0.005896
279,0.007752
280,0.00159
281,0.001636
282,0.002223
283,0.002627
284,0.003364
285,0.005094
286,0.004784
287,0.00427
288,0.00371
289,0.003642
290,0.030532
291,0.027967
292,0.018868
293,0.024032
294,0.013984
295,0.007714
296,0.011881
297,0.04699
298,0.069645
299,0.03516
300,0.029294
301,0.4354
302,0.753508
303,0.980854
304,0.977894
305,0.982437
306,0.985388
307,0.986949
308,0.980529
309,0.087068
310,0.001776
311,0.006092
312,0.000986
313,0.000569
314,0.000455
315,0.00043
316,0.000477
317,0.000434
318,0.000445
319,0.000459
320,0.000738
321,0.001139
322,0.003189
323,0.004014
324,0.003071
325,0.000801
326,0.006961
327,0.939552
328,0.992219
329,0.994425
330,0.993383
331,0.995259
332,0.995123
333,0.994855
334,0.994876
335,0.99396
336,0.995278
337,0.996135
338,0.650167
339,0.011938
340,0.003733
341,0.00076
342,0.000596
343,0.000862
344,0.000591
345,0.000828
346,0.000913
347,0.001225
348,0.002784
349,0.001928
350,0.001854
351,0.00136
352,0.001351
353,0.005102
354,0.002426
355,0.000987
356,0.002017
357,0.002666
358,0.575344
359,0.970971
360,0.989691
361,0.991458
362,0.991644
363,0.990249
364,0.990715
365,0.991447
366,0.993141
367,0.992822
368,0.993403
369,0.993376
370,0.9934
371,0.994535
372,0.993639
373,0.992459
374,0.991618
375,0.544219
376,0.005872
377,0.00369
378,0.003515
379,0.001982
380,0.001112
381,0.000788
382,0.002277
383,0.564241
384,0.955009
385,0.975533
386,0.979847
387,0.978257
388,0.991981
389,0.993506
390,0.9949
391,0.995424
392,0.995483
393,0.995791
394,0.995604
395,0.995957
396,0.993952
397,0.995214
398,0.766721
399,0.180724
400,0.181533
401,0.127519
402,0.089901
403,0.089724
404,0.076105
405,0.093368
406,0.08244
407,0.084652
408,0.053201
409,0.031977
410,0.063009
411,0.041536
412,0.105883
413,0.140555
414,0.110837
415,0.057272
416,0.116181
417,0.108704
418,0.05257
419,0.041141
420,0.036343
421,0.043456
422,0.024274
423,0.10537
424,0.042934
425,0.217652
426,0.055793
427,0.973609
428,0.992224
429,0.995964
430,0.995226
431,0.99523
432,0.995136
433,0.996741
434,0.992507
435,0.993642
436,0.994499
437,0.974752
438,0.977123
439,0.98306
440,0.980501
441,0.973321
442,0.972599
443,0.965001
444,0.962665
445,0.922922
446,0.993212
447,0.09067
448,0.013717
449,0.019036
450,0.013284
451,0.016102
452,0.013337
453,0.060979
454,0.013738
455,0.244033
