1,0.984313
2,0.9855
3,0.985492
4,0.984772
5,0.987121
6,0.984785
7,0.98895
8,0.991878
9,0.991078
10,0.991605
11,0.992193
12,0.989835
13,0.99744
14,0.996663
15,0.997133
16,0.996629
17,0.996478
18,0.995229
19,0.994665
20,0.995608
21,0.996701
22,0.996529
23,0.997367
24,0.997407
25,0.998145
26,0.997749
27,0.998036
28,0.997844
29,0.998043
30,0.99823
31,0.989005
32,0.998167
33,0.99808
34,0.997442
35,0.997458
36,0.997646
37,0.997336
38,0.997118
39,0.664223
40,0.060289
41,0.037686
42,0.043783
43,0.232335
44,0.058109
45,0.01491
46,0.010399
47,0.008388
48,0.005575
49,0.005936
50,0.211524
51,0.968831
52,0.985776
53,0.986554
54,0.990065
55,0.99182
56,0.99116
57,0.990777
58,0.99061
59,0.992745
60,0.992046
61,0.985878
62,0.987486
63,0.989691
64,0.989427
65,0.236398
66,0.011161
67,0.016959
68,0.00712
69,0.006797
70,0.010664
71,0.009962
72,0.008017
73,0.034157
74,0.432247
75,0.644036
76,0.575126
77,0.569204
78,0.630182
79,0.575064
80,0.577809
81,0.853641
82,0.866704
83,0.883921
84,0.890885
85,0.932846
86,0.904391
87,0.019547
88,0.012898
89,0.001617
90,0.001158
91,0.000711
92,0.000687
93,0.000544
94,0.000431
95,0.000429
96,0.000293
97,0.000433
98,0.000374
99,0.000623
100,0.013498
101,0.602803
102,0.574572
103,0.543203
104,0.566169
105,0.856008
106,0.815192
107,0.838075
108,0.823107
109,0.807052
110,0.807888
111,0.896801
112,0.932049
113,0.958866
114,0.970916
115,0.976281
116,0.972291
117,0.976592
118,0.973166
119,0.983467
120,0.976568
121,0.982135
122,0.983871
123,0.986812
124,0.98742
125,0.990566
126,0.983242
127,0.982741
128,0.987503
129,0.987364
130,0.985682
131,0.986206
132,0.988187
133,0.992344
134,0.990584
135,0.993903
136,0.994335
137,0.994448
138,0.995594
139,0.995503
140,0.995459
141,0.995064
142,0.994604
143,0.33914
144,0.013658
145,0.012158
146,0.009028
147,0.010368
148,0.007264
149,0.008298
150,0.008625
151,0.009323
152,0.008732
153,0.010972
154,0.525726
155,0.995122
156,0.99496
157,0.996595
158,0.996511
159,0.996444
160,0.99666
161,0.996151
162,0.996085
163,0.996723
164,0.995974
165,0.99597
166,0.996327
167,0.996358
168,0.996977
169,0.99469
170,0.995245
171,0.99335
172,0.993271
173,0.993909
174,0.362974
175,0.268166
176,0.060915
177,0.034034
178,0.034626
179,0.017604
180,0.011204
181,0.213915
182,0.933744
183,0.948678
184,0.972977
185,0.972428
186,0.983462
187,0.99196
188,0.992866
189,0.99166
190,0.991263
191,0.993121
192,0.992109
193,0.993793
194,0.993101
195,0.991711
196,0.9938
197,0.993642
198,0.994374
199,0.994239
200,0.994578
201,0.992466
202,0.993704
203,0.995187
204,0.994012
205,0.995919
206,0.995673
207,0.995977
208,0.996254
209,0.996412
210,0.996352
211,0.996316
212,0.996186
213,0.996004
214,0.996115
215,0.995977
216,0.996127
217,0.996893
218,0.996901
219,0.996705
220,0.997206
221,0.995915
222,0.99571
223,0.996252
224,0.996022
225,0.99628
226,0.996152
227,0.996376
228,0.996262
229,0.996854
230,0.99709
231,0.996594
232,0.996809
233,0.996571
234,0.996964
235,0.99658
236,0.342425
237,0.00492
238,0.000327
239,0.000785
240,0.000529
241,0.000618
242,0.000387
243,0.001141
244,0.00081
245,0.000806
246,0.000895
247,0.000979
248,0.000805
249,0.000963
250,0.000987
251,0.001158
252,0.00277
253,0.00606
254,0.006981
255,0.0059
256,0.006806
257,0.008676
258,0.01036
259,0.00836
260,0.010418
261,0.006882
262,0.00715
263,0.011615
264,0.020449
265,0.001767
266,0.018667
267,0.025414
268,0.016534
269,0.014131
270,0.019693
271,0.045811
272,0.021018
273,0.011404
274,0.029425
275,0.02661
276,0.041479
277,0.03858
278,0.056998
279,0.019343
280,0.011451
281,0.324935
282,0.929325
283,0.969164
284,0.978898
285,0.977342
286,0.977258
287,0.979305
288,0.982105
289,0.989757
290,0.992535
291,0.993538
292,0.994048
293,0.993374
294,0.991837
295,0.961804
296,0.091763
297,0.051505
298,0.037337
299,0.038235
300,0.021089
301,0.01323
302,0.018607
303,0.013618
304,0.018324
305,0.01327
306,0.015586
307,0.013091
308,0.021008
309,0.020176
310,0.017039
311,0.012544
312,0.01232
313,0.008164
314,0.013093
315,0.005773
316,0.002379
317,0.002977
318,0.002396
319,0.003678
320,0.002103
321,0.00589
322,0.004212
323,0.002879
324,0.002151
325,0.002348
326,0.002576
327,0.001547
328,0.001694
329,0.002318
330,0.002054
331,0.102335
332,0.831861
333,0.948522
334,0.967597
335,0.978393
336,0.981231
337,0.973016
338,0.972565
339,0.978214
340,0.979729
341,0.987223
342,0.991488
343,0.991768
344,0.99182
345,0.99272
346,0.992072
347,0.993917
348,0.994083
349,0.993526
350,0.995658
351,0.119917
352,0.052405
353,0.06911
354,0.065646
355,0.038635
356,0.031543
357,0.06036
358,0.046385
359,0.067021
360,0.068867
361,0.003903
362,0.002359
363,0.003048
364,0.002384
365,0.002384
366,0.003591
367,0.003246
368,0.001372
369,0.010129
370,0.006299
371,0.007906
372,0.006809
373,0.004747
374,0.003692
375,0.002988
376,0.002939
377,0.003577
378,0.003858
379,0.003109
380,0.00573
381,0.006475
382,0.008092
383,0.008871
384,0.007442
385,0.006486
386,0.014235
387,0.010502
388,0.009662
389,0.007955
390,0.007309
391,0.005003
392,0.009374
393,0.00587
394,0.006838
395,0.006034
396,0.007525
397,0.025991
398,0.025038
399,0.013738
400,0.010399
401,0.0078
402,0.033671
403,0.049753
404,0.033705
405,0.038598
406,0.448692
407,0.96891
408,0.989952
409,0.996765
410,0.995338
411,0.994954
412,0.995228
413,0.993429
414,0.993348
415,0.995867
416,0.996458
417,0.993902
418,0.992316
419,0.99482
420,0.989649
421,0.989945
422,0.995697
423,0.996075
424,0.994567
425,0.99382
426,0.993779
427,0.992706
428,0.993138
429,0.99119
430,0.990413
431,0.951183
432,0.913477
433,0.793576
434,0.667434
435,0.644178
436,0.104449
437,0.031717
438,0.025438
439,0.022376
440,0.021386
441,0.001961
442,0.001479
443,0.026651
444,0.02758
445,0.021172
446,0.012733
447,0.008973
448,0.01345
449,0.01514
450,0.035274
451,0.050895
452,0.039446
453,0.050067
454,0.060311
455,0.037286
456,0.0479
457,0.000748
458,0.001846
459,0.001629
460,0.00172
461,0.001967
462,0.003014
463,0.001696
464,0.001955
465,0.001725
466,0.001487
467,0.001365
468,0.001505
469,0.001581
470,0.001565
471,0.00221
472,0.001885
473,0.078781
474,0.965551
475,0.906493
476,0.971898
477,0.911434
478,0.878191
479,0.804611
480,0.538452
481,0.6364
482,0.583016
483,0.670607
484,0.639975
485,0.685783
486,0.765761
487,0.819988
488,0.784953
489,0.733911
490,0.703103
491,0.988096
492,0.767351
493,0.721026
494,0.693679
495,0.694171
496,0.700102
497,0.394213
498,0.003721
499,0.007069
500,0.010011
501,0.014629
502,0.022652
503,0.773914
504,0.991923
505,0.993551
506,0.994816
507,0.996429
508,0.979922
509,0.952055
510,0.960524
511,0.974101
512,0.984329
513,0.957117
514,0.968102
515,0.977693
516,0.961517
517,0.921327
518,0.892244
519,0.918228
520,0.963534
521,0.958718
522,0.923989
523,0.923006
524,0.928913
525,0.935838
526,0.900195
527,0.956522
528,0.956507
529,0.915154
530,0.952813
531,0.976287
532,0.972987
533,0.979452
534,0.98795
535,0.98685
536,0.97605
537,0.11028
538,0.009798
539,0.007049
540,0.012088
541,0.011446
542,0.008823
543,0.009552
544,0.006845
545,0.006889
546,0.00508
547,0.050815
548,0.001727
549,0.036882
550,0.042728
551,0.203984
552,0.949717
553,0.946624
554,0.966071
555,0.974092
556,0.961195
557,0.957242
558,0.975379
559,0.985672
560,0.979279
561,0.9798
562,0.981604
563,0.567023
564,0.181166
565,0.074276
566,0.070595
567,0.06316
568,0.063263
569,0.049092
570,0.073848
571,0.064161
572,0.055409
573,0.058496
574,0.070728
575,0.059536
576,0.002109
577,0.003681
578,0.003576
579,0.003803
580,0.059403
581,0.955654
582,0.898515
583,0.911222
584,0.94155
585,0.966759
586,0.946007
587,0.926651
588,0.915404
589,0.935413
590,0.920519
591,0.924706
592,0.902383
593,0.735677
594,0.075583
595,0.043806
596,0.001811
597,0.001516
598,0.00238
599,0.001406
600,0.001255
601,0.05541
602,0.108824
603,0.056329
604,0.051015
605,0.000821
606,0.001034
607,0.002154
608,0.002675
609,0.188019
610,0.943873
611,0.972005
612,0.970773
613,0.938595
614,0.939507
615,0.93934
616,0.943936
617,0.981483
618,0.98603
619,0.992138
620,0.992214
621,0.994052
622,0.994858
623,0.994497
624,0.995298
625,0.996133
626,0.995645
627,0.994959
628,0.948348
629,0.067458
630,0.007704
631,0.007526
632,0.007407
633,0.006084
634,0.004852
635,0.006146
636,0.006267
637,0.004899
638,0.005357
639,0.006058
640,0.004277
641,0.004005
642,0.003652
643,0.003391
644,0.003554
645,0.010673
646,0.009339
647,0.00756
648,0.011504
649,0.003487
650,0.001298
651,0.002056
652,0.001063
653,0.79529
654,0.904712
655,0.983578
656,0.994929
657,0.995011
658,0.995364
659,0.984866
660,0.986269
661,0.988327
662,0.990366
663,0.990277
664,0.991664
665,0.980634
666,0.979423
667,0.988026
668,0.63841
669,0.007789
670,0.008221
671,0.004335
672,0.00385
673,0.002133
674,0.000836
675,0.001621
676,0.001769
677,0.000785
678,0.002094
679,0.002115
680,0.001518
681,0.001783
682,0.00264
683,0.005749
684,0.005956
685,0.005166
686,0.00391
687,0.003172
688,0.002649
689,0.043886
690,0.831285
691,0.964382
692,0.951681
693,0.838662
694,0.893037
695,0.923492
696,0.930862
697,0.928959
698,0.929856
699,0.921172
700,0.947491
701,0.934349
702,0.969595
703,0.984449
704,0.992915
705,0.990687
706,0.992548
707,0.880143
708,0.006141
709,0.027089
710,0.001534
711,0.001443
712,0.001356
713,0.002124
714,0.002715
715,0.002333
716,0.002543
717,0.001145
718,0.001145
719,0.000877
720,0.000766
721,0.000554
722,0.000381
723,0.000261
724,0.000286
725,0.000486
726,0.000617
727,0.000495
728,0.000491
729,0.000308
730,0.011942
731,0.0052
732,0.709249
733,0.96679
734,0.992806
735,0.99007
736,0.991388
737,0.988665
738,0.993324
739,0.994837
740,0.994736
741,0.21334
742,0.000749
743,0.029115
744,0.020315
745,0.021864
746,0.000598
747,0.000403
748,0.000445
749,0.000684
750,0.00088
751,0.000776
752,0.654355
753,0.917475
754,0.877551
755,0.692981
756,0.638577
757,0.389849
758,0.501557
759,0.447008
760,0.643817
761,0.687108
762,0.763374
763,0.747607
764,0.698548
765,0.70194
766,0.879034
767,0.046083
768,0.021019
769,0.027541
770,0.027039
771,0.027632
772,0.021085
773,0.024277
774,0.018478
775,0.015255
776,0.010954
777,0.011404
778,0.003897
779,0.006575
780,0.005589
781,0.012843
782,0.030492
783,0.037068
784,0.0175
785,0.033923
786,0.020411
787,0.02211
788,0.023864
789,0.024766
790,0.0285
791,0.028436
792,0.020081
793,0.015421
794,0.018251
795,0.012443
796,0.010742
797,0.013403
798,0.009274
799,0.009123
800,0.458066
801,0.922877
802,0.932268
803,0.9229
804,0.940352
805,0.836361
806,0.858465
807,0.838429
808,0.882597
809,0.96066
810,0.967596
811,0.946304
812,0.943898
813,0.950406
814,0.958494
815,0.959823
816,0.965621
817,0.964623
818,0.966964
819,0.961699
820,0.960186
821,0.170277
822,0.027373
823,0.012673
824,0.010299
825,0.00828
826,0.00366
827,0.00625
828,0.006984
829,0.013773
830,0.324796
831,0.880984
832,0.949508
833,0.956595
834,0.957829
835,0.966792
836,0.990981
837,0.990927
838,0.99009
839,0.989481
840,0.988855
841,0.988631
842,0.992827
843,0.991948
844,0.991314
845,0.995365
846,0.995966
847,0.995952
848,0.994873
849,0.991804
850,0.996744
851,0.99715
852,0.996884
853,0.994781
854,0.994845
855,0.97666
856,0.97286
857,0.982568
858,0.976477
859,0.975315
860,0.956292
861,0.94437
862,0.95248
863,0.99331
864,0.995782
865,0.948597
866,0.987028
867,0.984296
868,0.970347
869,0.989308
870,0.966686
871,0.975829
872,0.983386
873,0.975198
874,0.956998
875,0.964887
876,0.96423
877,0.961987
878,0.962222
879,0.957794
880,0.940417
881,0.961516
882,0.9647
883,0.97491
884,0.976665
885,0.962356
886,0.988908
887,0.993004
888,0.987509
889,0.980977
890,0.975964
891,0.978389
892,0.985082
893,0.975976
894,0.98133
895,0.979753
896,0.984914
897,0.984664
898,0.98415
899,0.983602
900,0.968215
901,0.984117
902,0.9804
903,0.990834
904,0.124517
905,0.004958
906,0.002539
907,0.003941
908,0.003998
909,0.004547
910,0.015799
911,0.007385
912,0.008389
913,0.01047
914,0.065891
915,0.860286
916,0.964719
917,0.988919
918,0.98132
919,0.989691
920,0.993611
921,0.994973
922,0.995106
923,0.995526
924,0.995431
925,0.994523
926,0.993843
927,0.994269
928,0.993642
929,0.993098
930,0.992941
931,0.992802
932,0.994031
933,0.993469
934,0.993446
935,0.995385
936,0.994354
937,0.992821
938,0.993669
939,0.994878
940,0.993262
941,0.99399
942,0.995474
943,0.995496
944,0.994063
945,0.992268
946,0.949265
947,0.878256
948,0.923312
949,0.986895
950,0.990438
951,0.996247
952,0.994736
953,0.995281
954,0.995456
955,0.978027
956,0.995766
957,0.995884
958,0.995488
959,0.995642
960,0.995181
961,0.996119
962,0.995985
963,0.996254
964,0.995804
965,0.995266
966,0.994899
967,0.994469
968,0.995573
969,0.995791
970,0.994462
971,0.995579
972,0.995848
973,0.99469
974,0.993922
975,0.994979
976,0.994885
977,0.994601
978,0.979698
979,0.973925
980,0.970812
981,0.973571
982,0.977211
983,0.938763
984,0.957358
985,0.956231
986,0.953097
987,0.944765
988,0.94897
989,0.948283
990,0.941932
991,0.945167
992,0.952767
993,0.961474
994,0.102842
995,0.006421
996,0.002721
997,0.006745
998,0.009454
999,0.00149
1000,0.000616
1001,0.000318
1002,0.000417
1003,0.000502
1004,0.002287
1005,0.07605
1006,0.050202
1007,0.054838
1008,0.049427
1009,0.0544
1010,0.062339
1011,0.092345
1012,0.069785
1013,0.063574
1014,0.0052
1015,0.078257
1016,0.048819
1017,0.060503
1018,0.09973
1019,0.079327
1020,0.066441
1021,0.089029
1022,0.009074
1023,0.321145
1024,0.990196
1025,0.987892
1026,0.982722
1027,0.983678
1028,0.9697
1029,0.99341
1030,0.993013
1031,0.994568
1032,0.993672
1033,0.992593
1034,0.98834
1035,0.980894
1036,0.982966
1037,0.991479
1038,0.9938
1039,0.993119
1040,0.99003
1041,0.99035
1042,0.988031
1043,0.995306
1044,0.717703
1045,0.007381
1046,0.084892
1047,0.080006
1048,0.076995
1049,0.097379
1050,0.088472
1051,0.101371
1052,0.115968
1053,0.107488
1054,0.140433
1055,0.107683
1056,0.123251
1057,0.083804
1058,0.939384
1059,0.937863
1060,0.95815
1061,0.990601
1062,0.996236
1063,0.997165
1064,0.996585
1065,0.99459
1066,0.996451
1067,0.997228
1068,0.996852
1069,0.803873
1070,0.015331
1071,0.047369
1072,0.064831
1073,0.102849
1074,0.009469
1075,0.108583
1076,0.041202
1077,0.04996
1078,0.034946
1079,0.040388
1080,0.042483
1081,0.036131
1082,0.107273
1083,0.066139
1084,0.063522
1085,0.052934
1086,0.108971
1087,0.086459
1088,0.079822
1089,0.069491
1090,0.094094
1091,0.193719
1092,0.401259
1093,0.016912
1094,0.151486
1095,0.960872
1096,0.976162
1097,0.982421
1098,0.978408
1099,0.976875
1100,0.992148
1101,0.979057
1102,0.993179
1103,0.982969
1104,0.994602
1105,0.993107
1106,0.986805
1107,0.987565
1108,0.910136
1109,0.044478
1110,0.073165
1111,0.066801
1112,0.002393
1113,0.007082
1114,0.008138
1115,0.240805
1116,0.136183
1117,0.164271
1118,0.145295
1119,0.073415
1120,0.079805
1121,0.080021
1122,0.073883
1123,0.512416
1124,0.963268
1125,0.975295
1126,0.969334
1127,0.986838
1128,0.995461
1129,0.994625
1130,0.992911
1131,0.991628
1132,0.548335
1133,0.016119
1134,0.006985
1135,0.005851
1136,0.004209
1137,0.151129
1138,0.095462
1139,0.146286
1140,0.10078
1141,0.124868
1142,0.084831
1143,0.102136
1144,0.083609
1145,0.064463
1146,0.079398
1147,0.066049
1148,0.061914
1149,0.063851
1150,0.079051
1151,0.073197
1152,0.106022
1153,0.120916
1154,0.102472
1155,0.089773
1156,0.090229
1157,0.073497
1158,0.083872
1159,0.075213
1160,0.063198
1161,0.06426
1162,0.130814
1163,0.161891
1164,0.0841
1165,0.053023
1166,0.058798
1167,0.061813
1168,0.065018
1169,0.136909
1170,0.953029
1171,0.968946
1172,0.968674
1173,0.981232
1174,0.938964
1175,0.861386
1176,0.886323
1177,0.775274
1178,0.788354
1179,0.75154
1180,0.812041
1181,0.888294
1182,0.96944
1183,0.066715
1184,0.009403
1185,0.004213
1186,0.003152
1187,0.041204
1188,0.052065
1189,0.026861
1190,0.019904
1191,0.020771
1192,0.025706
1193,0.018212
1194,0.019887
1195,0.015886
1196,0.010064
1197,0.010248
1198,0.013549
1199,0.018394
1200,0.01912
1201,0.027045
1202,0.029475
1203,0.035824
1204,0.076905
1205,0.047438
1206,0.072971
1207,0.856327
1208,0.925292
1209,0.931811
1210,0.931407
1211,0.957226
1212,0.953727
1213,0.820661
1214,0.863356
1215,0.944709
1216,0.962129
1217,0.960196
1218,0.976276
1219,0.978131
1220,0.987025
1221,0.978424
1222,0.982172
1223,0.976424
1224,0.973722
1225,0.977805
1226,0.975713
1227,0.978838
1228,0.988208
1229,0.989457
1230,0.990342
1231,0.989819
1232,0.98967
1233,0.991201
1234,0.992335
1235,0.991212
1236,0.991813
1237,0.985097
1238,0.983048
1239,0.981076
1240,0.981675
1241,0.988272
1242,0.989615
1243,0.991054
1244,0.9883
1245,0.99
1246,0.989358
1247,0.97716
1248,0.979992
1249,0.973874
1250,0.973047
1251,0.971289
1252,0.969593
1253,0.970211
1254,0.972342
1255,0.97007
1256,0.971401
1257,0.973294
1258,0.97742
1259,0.974681
1260,0.97492
1261,0.979117
1262,0.973221
1263,0.975992
1264,0.978531
1265,0.979474
1266,0.97719
1267,0.976046
1268,0.973686
1269,0.975373
1270,0.915652
1271,0.171863
1272,0.051215
1273,0.029921
1274,0.016493
1275,0.037915
1276,0.003141
1277,0.004531
1278,0.001991
1279,0.002855
1280,0.003802
1281,0.003048
1282,0.316799
1283,0.44144
1284,0.565626
1285,0.521941
1286,0.661674
1287,0.834947
1288,0.835697
1289,0.83276
1290,0.857562
1291,0.798052
1292,0.926933
1293,0.93734
1294,0.936405
1295,0.933781
1296,0.928265
1297,0.943569
1298,0.949863
1299,0.950991
1300,0.946155
1301,0.948669
1302,0.890622
1303,0.059805
1304,0.002057
1305,0.001158
1306,0.001014
1307,0.000769
1308,0.000747
1309,0.000466
1310,0.000758
1311,0.001584
1312,0.001945
1313,0.000799
1314,0.001027
1315,0.001204
1316,0.001088
1317,0.001119
1318,0.001711
1319,0.002887
1320,0.002749
1321,0.003754
1322,0.003073
1323,0.002501
1324,0.004219
1325,0.002912
1326,0.002643
1327,0.568379
1328,0.98154
1329,0.982179
1330,0.982891
1331,0.981036
1332,0.984408
1333,0.987149
1334,0.986635
1335,0.987147
1336,0.986371
1337,0.986697
1338,0.986891
1339,0.542617
1340,0.144367
1341,0.125538
1342,0.111368
1343,0.076206
1344,0.086162
1345,0.044139
1346,0.059222
1347,0.049926
1348,0.055489
1349,0.052136
1350,0.047033
1351,0.042954
1352,0.204088
1353,0.92547
1354,0.958026
1355,0.889104
1356,0.984558
1357,0.986727
1358,0.987047
1359,0.989233
1360,0.990741
1361,0.991118
1362,0.990809
1363,0.991008
1364,0.989054
1365,0.990809
1366,0.990229
1367,0.988192
1368,0.986753
1369,0.990351
1370,0.990298
1371,0.990596
1372,0.98461
1373,0.98913
1374,0.968145
1375,0.988329
1376,0.990536
1377,0.983104
1378,0.987417
1379,0.986736
1380,0.989834
1381,0.989649
1382,0.988975
1383,0.991977
1384,0.992212
1385,0.97282
1386,0.974003
1387,0.990446
1388,0.986315
1389,0.980267
1390,0.953433
1391,0.92149
1392,0.919096
1393,0.912146
1394,0.892991
1395,0.904143
1396,0.992422
1397,0.818799
1398,0.03502
1399,0.037099
1400,0.126686
1401,0.048573
1402,0.028412
1403,0.032428
1404,0.014136
1405,0.006283
1406,0.007888
1407,0.008254
1408,0.006724
1409,0.016102
1410,0.016774
1411,0.008443
1412,0.00944
1413,0.014468
1414,0.022589
1415,0.011543
1416,0.028514
1417,0.00595
1418,0.012358
1419,0.0069
1420,0.006966
1421,0.011178
1422,0.026198
1423,0.057078
1424,0.037285
1425,0.031382
1426,0.074709
1427,0.128944
1428,0.0974
1429,0.036217
1430,0.032495
1431,0.030675
1432,0.04825
1433,0.042727
1434,0.041311
1435,0.032208
1436,0.036851
1437,0.051349
1438,0.046138
1439,0.025106
1440,0.030965
1441,0.924452
1442,0.979299
1443,0.979268
1444,0.979546
1445,0.979918
1446,0.975635
1447,0.985987
1448,0.988362
1449,0.989422
1450,0.403276
1451,0.015586
1452,0.014101
1453,0.018762
1454,0.014843
1455,0.037837
1456,0.086906
1457,0.076071
1458,0.098876
1459,0.040863
1460,0.025584
1461,0.041004
1462,0.024012
1463,0.02299
1464,0.028102
1465,0.038817
1466,0.052382
1467,0.038431
1468,0.042738
1469,0.068193
1470,0.026123
1471,0.017178
1472,0.437247
1473,0.965444
1474,0.97057
1475,0.975331
1476,0.966836
1477,0.971569
1478,0.97804
1479,0.975379
1480,0.964534
1481,0.965533
1482,0.969758
1483,0.966361
1484,0.974921
1485,0.952236
1486,0.946893
1487,0.966832
1488,0.980452
1489,0.989489
1490,0.989888
1491,0.989877
1492,0.989566
1493,0.989411
1494,0.988441
1495,0.99064
1496,0.988181
1497,0.986069
1498,0.989534
1499,0.987937
1500,0.973216
1501,0.984858
1502,0.969391
1503,0.635092
1504,0.03755
1505,0.069679
1506,0.073747
1507,0.101131
1508,0.085048
1509,0.105426
1510,0.086492
1511,0.027225
1512,0.06708
1513,0.08131
1514,0.03124
1515,0.103035
1516,0.892323
1517,0.99092
1518,0.99522
1519,0.994939
1520,0.973312
1521,0.979613
1522,0.97805
1523,0.975863
1524,0.994164
1525,0.995135
1526,0.992107
1527,0.992874
1528,0.99451
1529,0.993899
1530,0.98762
1531,0.991324
1532,0.990542
1533,0.979615
1534,0.921893
1535,0.864789
1536,0.76867
1537,0.443737
1538,0.07448
1539,0.022975
1540,0.031408
1541,0.026523
1542,0.024289
1543,0.020216
1544,0.014207
1545,0.016679
1546,0.019852
1547,0.01586
1548,0.365266
1549,0.047615
1550,0.068091
1551,0.089317
1552,0.102695
1553,0.131714
1554,0.111157
1555,0.088206
1556,0.056793
1557,0.074537
1558,0.076407
1559,0.118867
1560,0.119892
1561,0.264478
1562,0.353451
1563,0.471952
1564,0.488207
1565,0.821171
1566,0.940962
1567,0.864217
1568,0.711985
1569,0.556418
1570,0.7782
1571,0.818171
1572,0.805875
1573,0.547682
1574,0.551665
1575,0.58092
1576,0.525881
1577,0.54189
1578,0.604921
1579,0.642629
1580,0.602657
1581,0.634099
1582,0.628564
1583,0.353265
1584,0.510602
1585,0.342922
1586,0.614489
1587,0.515097
1588,0.531986
1589,0.489608
1590,0.508492
1591,0.414321
1592,0.433284
1593,0.57833
1594,0.458394
1595,0.482669
1596,0.5173
1597,0.721482
1598,0.684168
1599,0.62615
1600,0.629421
1601,0.683002
1602,0.734604
1603,0.647636
1604,0.55389
1605,0.407923
1606,0.631891
