1,0.986927
2,0.987139
3,0.9864
4,0.986519
5,0.985871
6,0.987814
7,0.986058
8,0.985451
9,0.984792
10,0.985215
11,0.986997
12,0.984988
13,0.982657
14,0.982332
15,0.981932
16,0.982709
17,0.983131
18,0.983447
19,0.981943
20,0.985263
21,0.985882
22,0.987524
23,0.989203
24,0.988018
25,0.987761
26,0.986016
27,0.982489
28,0.981099
29,0.987035
30,0.988728
31,0.988429
32,0.988026
33,0.988801
34,0.986009
35,0.986437
36,0.987782
37,0.986302
38,0.986337
39,0.98894
40,0.981325
41,0.974759
42,0.9755
43,0.960879
44,0.969833
45,0.978727
46,0.975739
47,0.97514
48,0.987234
49,0.974579
50,0.980161
51,0.929478
52,0.969712
53,0.95682
54,0.95077
55,0.928486
56,0.93787
57,0.944515
58,0.913435
59,0.405315
60,0.074801
61,0.017071
62,0.016367
63,0.024734
64,0.021029
65,0.013869
66,0.014587
67,0.010786
68,0.012631
69,0.02218
70,0.031108
71,0.028572
72,0.03509
73,0.042124
74,0.057489
75,0.039538
76,0.044351
77,0.705712
78,0.960214
79,0.962462
80,0.959023
81,0.964474
82,0.959172
83,0.825939
84,0.919765
85,0.75577
86,0.960868
87,0.034123
88,0.017883
89,0.004957
90,0.005172
91,0.006519
92,0.008674
93,0.008828
94,0.008487
95,0.009621
96,0.010909
97,0.013398
98,0.013057
99,0.036378
100,0.518819
101,0.817199
102,0.712217
103,0.831509
104,0.873083
105,0.876021
106,0.940476
107,0.933752
108,0.865912
109,0.004248
110,0.010122
111,0.009607
112,0.011385
113,0.009679
114,0.00876
115,0.00899
116,0.007906
117,0.009972
118,0.010331
119,0.010143
120,0.010078
121,0.013782
122,0.014783
123,0.018789
124,0.023652
125,0.033367
126,0.036803
127,0.010772
128,0.012638
129,0.031738
130,0.57897
131,0.967116
132,0.978638
133,0.978333
134,0.975472
135,0.984475
136,0.98709
137,0.982132
138,0.597651
139,0.025939
140,0.002945
141,0.013964
142,0.003519
143,0.006074
144,0.004524
145,0.004056
146,0.003552
147,0.003431
148,0.007565
149,0.007747
150,0.006449
151,0.009623
152,0.007324
153,0.009042
154,0.009533
155,0.013009
156,0.007768
157,0.005131
158,0.007029
159,0.005564
160,0.007685
161,0.009111
162,0.008638
163,0.010216
164,0.010937
165,0.009244
166,0.009932
167,0.0124
168,0.009556
169,0.009667
170,0.007679
171,0.006965
172,0.005089
173,0.009016
174,0.00782
175,0.005342
176,0.002595
177,0.002556
178,0.006179
179,0.005458
180,0.0188
181,0.018347
182,0.003488
183,0.004311
184,0.0184
185,0.01616
186,0.013379
187,0.006537
188,0.009949
189,0.012029
190,0.011944
191,0.01104
192,0.013273
193,0.01471
194,0.013947
195,0.011816
196,0.012639
197,0.011122
198,0.013881
199,0.014724
200,0.012636
201,0.012134
202,0.010698
203,0.01928
204,0.019156
205,0.018144
206,0.027073
207,0.020722
208,0.032096
209,0.023736
210,0.018236
211,0.018891
212,0.016158
213,0.009527
214,0.012625
215,0.014143
216,0.012938
217,0.012068
218,0.012466
219,0.013276
220,0.012817
221,0.01541
222,0.011518
223,0.014977
224,0.01977
225,0.434355
226,0.967412
227,0.978754
228,0.973656
229,0.983005
230,0.985609
231,0.988922
232,0.986824
233,0.986297
234,0.985828
235,0.980786
236,0.065639
237,0.006658
238,0.011232
239,0.010325
240,0.01042
241,0.005921
242,0.008248
243,0.00592
244,0.007675
245,0.009227
246,0.009636
247,0.008003
248,0.012385
249,0.844128
250,0.944557
251,0.98259
252,0.98498
253,0.978721
254,0.977224
255,0.977834
256,0.032239
257,0.001495
258,0.001203
259,0.001697
260,0.001963
261,0.002886
262,0.002676
263,0.002551
264,0.001935
265,0.002231
266,0.00274
267,0.229024
268,0.912116
269,0.901998
270,0.93648
271,0.950451
272,0.953072
273,0.969091
274,0.961807
275,0.609988
276,0.002936
277,0.001856
278,0.001573
279,0.001815
280,0.001732
281,0.005749
282,0.004198
283,0.006139
284,0.005798
285,0.008862
286,0.007539
287,0.005928
288,0.0052
289,0.004413
290,0.00816
291,0.00707
292,0.00789
293,0.006688
294,0.012304
295,0.583503
296,0.968297
297,0.964552
298,0.98157
299,0.989457
300,0.985779
301,0.775373
302,0.118077
303,0.017137
304,0.010902
305,0.017521
306,0.013314
307,0.013637
308,0.002039
309,0.00138
310,0.002982
311,0.005442
312,0.006714
313,0.00919
314,0.014403
315,0.017929
316,0.020487
317,0.084403
318,0.092624
319,0.053937
320,0.03383
321,0.003489
322,0.004355
323,0.003618
324,0.002432
325,0.232428
326,0.966271
327,0.98756
328,0.994686
329,0.994588
330,0.993051
331,0.993429
332,0.988585
333,0.987162
334,0.986849
335,0.985656
336,0.349259
337,0.005867
338,0.054567
339,0.029249
340,0.032626
341,0.01835
342,0.028405
343,0.056382
344,0.047902
345,0.005768
346,0.007041
347,0.008238
348,0.00653
349,0.006462
350,0.00664
351,0.004808
352,0.004259
353,0.005443
354,0.006142
355,0.005758
356,0.007198
357,0.003762
358,0.017611
359,0.009245
360,0.009933
361,0.012431
362,0.019584
363,0.026015
364,0.03865
365,0.137003
366,0.693119
367,0.985314
368,0.994341
369,0.994307
370,0.993411
371,0.994319
372,0.995578
373,0.997365
374,0.996104
375,0.061338
376,0.005943
377,0.005313
378,0.003548
379,0.002615
380,0.002354
381,0.001498
382,0.002166
383,0.001629
384,0.015764
385,0.014715
386,0.397011
387,0.908867
388,0.991703
389,0.988709
390,0.99041
391,0.990247
392,0.982532
393,0.980579
394,0.979538
395,0.979347
396,0.973935
397,0.977643
398,0.976326
399,0.976409
400,0.99141
401,0.979725
402,0.969338
403,0.977983
404,0.979154
405,0.974909
406,0.976949
407,0.976975
408,0.977651
409,0.984465
410,0.983552
411,0.892044
412,0.023229
413,0.022607
414,0.051
415,0.040522
416,0.024788
417,0.006784
418,0.010363
419,0.008938
420,0.011268
421,0.010723
422,0.018622
423,0.027454
424,0.028157
425,0.027943
426,0.026042
427,0.022654
428,0.017476
429,0.016492
430,0.015865
431,0.01553
432,0.016483
433,0.014259
434,0.014349
435,0.021296
436,0.022115
437,0.020079
438,0.025155
439,0.02302
440,0.022768
441,0.02801
442,0.026634
443,0.03677
444,0.099303
445,0.856434
446,0.987175
447,0.992323
448,0.995941
449,0.991963
450,0.990171
451,0.989064
452,0.989206
453,0.981409
454,0.987442
455,0.992342
456,0.991374
457,0.987441
458,0.989334
459,0.989143
460,0.986466
461,0.9842
462,0.986477
463,0.977793
464,0.980802
465,0.978442
466,0.984205
467,0.96666
468,0.040704
469,0.009778
470,0.018913
471,0.018276
472,0.023672
473,0.015333
474,0.01748
475,0.012538
476,0.008198
477,0.006491
478,0.011286
479,0.021186
480,0.027854
481,0.020968
482,0.021135
483,0.022525
484,0.028942
485,0.031182
486,0.029276
487,0.027145
488,0.030727
489,0.053636
490,0.092576
491,0.081757
492,0.069757
493,0.044313
494,0.016776
495,0.014912
496,0.014596
497,0.018285
498,0.019433
499,0.016683
500,0.013159
501,0.034298
502,0.037543
503,0.047589
504,0.035751
505,0.8776
506,0.984741
507,0.989197
508,0.991544
509,0.990102
510,0.991203
511,0.992151
512,0.98785
513,0.954835
514,0.974652
515,0.973541
516,0.978526
517,0.984367
518,0.982375
519,0.989012
520,0.941603
521,0.094516
522,0.024517
523,0.022074
524,0.024456
525,0.028117
526,0.034159
527,0.015537
528,0.027488
529,0.03072
530,0.040877
531,0.040089
532,0.039378
533,0.042937
534,0.048738
535,0.05762
536,0.06504
537,0.077526
538,0.087699
539,0.064676
540,0.103176
541,0.063742
542,0.064759
543,0.062764
544,0.058487
545,0.030466
546,0.025149
547,0.021897
548,0.029376
549,0.022971
550,0.019266
551,0.022502
552,0.023394
553,0.009916
554,0.010292
555,0.008999
556,0.01183
557,0.040826
558,0.046508
559,0.050774
560,0.041341
561,0.054878
562,0.069807
563,0.726755
564,0.848956
565,0.89358
566,0.946883
567,0.946303
568,0.940552
569,0.895568
570,0.89653
571,0.853148
572,0.884676
573,0.892705
574,0.875995
575,0.537971
576,0.012418
577,0.015013
578,0.014026
579,0.012233
580,0.015954
581,0.026665
582,0.022195
583,0.026736
584,0.019705
585,0.025917
586,0.016091
587,0.011607
588,0.011824
589,0.002734
590,0.003036
591,0.007724
592,0.009406
593,0.010347
594,0.007792
595,0.007314
596,0.00591
597,0.009582
598,0.008584
599,0.009572
600,0.020534
601,0.040605
602,0.026479
603,0.022218
604,0.017885
605,0.010131
606,0.441461
607,0.939457
608,0.931279
609,0.929382
610,0.881332
611,0.916547
612,0.936251
613,0.951554
614,0.951093
615,0.944673
616,0.948916
617,0.948174
618,0.96466
619,0.214886
620,0.017752
621,0.010177
622,0.015658
623,0.014046
624,0.01547
625,0.012643
626,0.015092
627,0.014289
628,0.013377
629,0.018814
630,0.118637
631,0.830345
632,0.953862
633,0.975969
634,0.981783
635,0.985596
636,0.983236
637,0.985808
638,0.985157
639,0.977408
640,0.979189
641,0.982148
642,0.994782
643,0.99294
644,0.991179
645,0.472634
646,0.013645
647,0.011087
648,0.009316
649,0.009339
650,0.008189
651,0.007366
652,0.499887
653,0.974192
654,0.994238
655,0.984109
656,0.983504
657,0.983622
658,0.984238
659,0.983688
660,0.840524
661,0.017306
662,0.018039
663,0.01657
664,0.005917
665,0.006367
666,0.005008
667,0.00709
668,0.006442
669,0.006355
670,0.008899
671,0.009456
672,0.014338
673,0.009149
674,0.007649
675,0.007664
676,0.011871
677,0.009643
678,0.006991
679,0.007816
680,0.010313
681,0.007562
682,0.011052
683,0.010947
684,0.012004
685,0.009217
686,0.037868
687,0.753931
688,0.92121
689,0.975498
690,0.986344
691,0.9729
692,0.970513
693,0.980634
694,0.979317
695,0.979473
696,0.97027
697,0.967831
698,0.964443
699,0.945232
700,0.910008
701,0.058763
702,0.003494
703,0.009333
704,0.000367
705,0.000401
706,0.003802
707,0.004129
708,0.004077
709,0.00651
710,0.008978
711,0.017787
712,0.031844
713,0.016823
714,0.021876
715,0.023307
716,0.023153
717,0.020181
718,0.014912
719,0.011219
720,0.009843
721,0.021826
722,0.027002
723,0.021955
724,0.025697
725,0.054287
726,0.062955
727,0.068729
728,0.069216
729,0.039784
730,0.035779
731,0.028637
732,0.039548
733,0.018766
734,0.016405
735,0.002174
736,0.012816
737,0.001354
738,0.001562
739,0.001524
740,0.001758
741,0.017311
742,0.025247
743,0.019588
744,0.021973
745,0.035318
746,0.037611
747,0.04764
748,0.055694
749,0.042566
750,0.046504
751,0.027849
752,0.019506
753,0.019698
754,0.020536
755,0.017715
756,0.085393
757,0.667292
758,0.374412
759,0.322208
760,0.501795
761,0.64898
762,0.716325
763,0.739472
764,0.777122
765,0.6473
766,0.032893
767,0.007323
768,0.007959
769,0.008383
770,0.012216
771,0.011777
772,0.018374
773,0.017395
774,0.019269
775,0.020194
776,0.02496
777,0.02131
778,0.019474
779,0.000793
780,0.000748
781,0.000634
782,0.000569
783,0.000902
784,0.0006
785,0.001051
786,0.001175
787,0.002321
788,0.002398
789,0.00356
790,0.001904
791,0.003125
792,0.007546
793,0.003013
794,0.002301
795,0.008864
796,0.011537
797,0.007882
798,0.001132
799,0.003072
800,0.00447
801,0.004854
802,0.003738
803,0.003522
804,0.002575
805,0.003333
806,0.004603
807,0.005478
808,0.006221
809,0.039991
810,0.461973
811,0.407209
812,0.939843
813,0.968494
814,0.982242
815,0.985053
816,0.97678
817,0.946016
818,0.963833
819,0.967042
820,0.923431
821,0.934577
822,0.93273
823,0.969928
824,0.897299
825,0.003483
826,0.001236
827,0.001197
828,0.00226
829,0.003954
830,0.004399
831,0.006422
832,0.009362
833,0.012836
834,0.005272
835,0.005371
836,0.007293
837,0.009111
838,0.008401
839,0.010112
840,0.013497
841,0.018482
842,0.652883
843,0.983731
844,0.985263
845,0.987944
846,0.986162
847,0.986813
848,0.982765
849,0.067118
850,0.008471
851,0.020519
852,0.021951
853,0.0135
854,0.019018
855,0.014427
856,0.017247
857,0.022697
858,0.031731
859,0.031542
860,0.045769
861,0.022533
862,0.041662
863,0.030329
864,0.040458
865,0.05804
866,0.065879
867,0.006142
868,0.007104
869,0.017324
870,0.009907
871,0.008232
872,0.088157
873,0.091465
874,0.081257
875,0.104191
876,0.168538
877,0.9474
878,0.988149
879,0.994565
880,0.994194
881,0.986495
882,0.986805
883,0.986529
884,0.405583
885,0.018348
886,0.010847
887,0.009118
888,0.026412
889,0.016115
890,0.021502
891,0.024035
892,0.01778
893,0.016811
894,0.015702
895,0.014863
896,0.014782
897,0.016076
898,0.008086
899,0.008976
900,0.007915
901,0.004146
902,0.005521
903,0.006262
904,0.007381
905,0.005087
906,0.004595
907,0.006374
908,0.005974
909,0.00763
910,0.011417
911,0.009519
912,0.008499
913,0.006228
914,0.00747
915,0.007238
916,0.009096
917,0.010393
918,0.011479
919,0.00688
920,0.007405
921,0.008225
922,0.010248
923,0.006948
924,0.008918
925,0.010491
926,0.005889
927,0.010217
928,0.010719
929,0.008375
930,0.010309
931,0.018431
932,0.018812
933,0.010834
934,0.010766
935,0.014399
936,0.013872
937,0.009594
938,0.008439
939,0.01817
940,0.019876
941,0.024751
942,0.015331
943,0.014562
944,0.010206
945,0.01095
946,0.016764
947,0.021822
948,0.027218
949,0.016498
950,0.022513
951,0.024837
952,0.023515
953,0.030412
954,0.027506
955,0.01503
956,0.010501
957,0.01444
958,0.013783
959,0.010457
960,0.160723
961,0.715554
962,0.972258
963,0.989313
964,0.98697
965,0.978266
966,0.989739
967,0.990474
968,0.983633
969,0.983839
970,0.988937
971,0.994459
972,0.992718
973,0.995856
974,0.993838
975,0.993204
976,0.995403
977,0.989938
978,0.337839
979,0.011495
980,0.006455
981,0.010818
982,0.009481
983,0.002132
984,0.003417
985,0.004448
986,0.004119
987,0.004465
988,0.005784
989,0.007926
990,0.005237
991,0.00542
992,0.006735
993,0.004282
994,0.00377
995,0.002391
996,0.001564
997,0.501656
998,0.976078
999,0.99467
1000,0.988834
1001,0.995612
1002,0.995839
1003,0.996099
1004,0.994876
1005,0.995506
1006,0.801849
1007,0.034425
1008,0.001065
1009,0.002904
1010,0.002995
1011,0.000808
1012,0.000968
1013,0.001579
1014,0.003387
1015,0.004433
1016,0.004445
1017,0.001776
1018,0.004891
1019,0.002908
1020,0.00625
1021,0.009273
1022,0.010741
1023,0.00836
1024,0.00929
1025,0.005278
1026,0.005526
1027,0.005847
1028,0.015052
1029,0.018247
1030,0.017705
1031,0.024728
1032,0.024613
1033,0.010182
1034,0.01161
1035,0.009407
1036,0.00945
1037,0.012949
1038,0.011854
1039,0.012267
1040,0.012647
1041,0.012383
1042,0.010137
1043,0.011424
1044,0.014981
1045,0.022886
1046,0.804265
1047,0.988669
1048,0.993135
1049,0.993816
1050,0.991795
1051,0.99338
1052,0.993292
1053,0.992094
1054,0.992158
1055,0.977982
1056,0.120476
1057,0.008217
1058,0.010671
1059,0.017183
1060,0.017221
1061,0.019433
1062,0.015156
1063,0.022899
1064,0.027577
1065,0.030068
1066,0.033805
1067,0.032161
1068,0.030316
1069,0.029244
1070,0.032171
1071,0.024975
1072,0.03276
1073,0.042845
1074,0.033002
1075,0.040829
1076,0.04285
1077,0.029204
1078,0.024988
1079,0.023654
1080,0.017252
1081,0.020342
1082,0.015279
1083,0.025355
1084,0.026209
1085,0.037252
1086,0.032186
1087,0.03973
1088,0.062851
1089,0.008433
1090,0.012886
1091,0.017184
1092,0.027316
1093,0.106173
1094,0.922518
1095,0.982389
1096,0.994782
1097,0.995743
1098,0.994564
1099,0.993665
1100,0.99355
1101,0.993411
1102,0.985023
1103,0.988416
1104,0.086154
1105,0.004052
1106,0.008209
1107,0.003407
1108,0.00298
1109,0.00247
1110,0.001705
1111,0.013092
1112,0.014872
1113,0.018829
1114,0.019944
1115,0.016236
1116,0.031608
1117,0.026363
1118,0.028324
1119,0.0406
1120,0.111043
1121,0.706866
1122,0.90591
1123,0.995458
1124,0.997193
1125,0.996635
1126,0.994736
1127,0.995432
1128,0.995261
1129,0.994992
1130,0.995681
1131,0.996009
1132,0.99556
1133,0.04399
