1,0.987305
2,0.985671
3,0.984881
4,0.983828
5,0.980608
6,0.982947
7,0.983813
8,0.983603
9,0.980312
10,0.979807
11,0.987541
12,0.989528
13,0.989445
14,0.987516
15,0.984547
16,0.987663
17,0.99051
18,0.990015
19,0.989234
20,0.990502
21,0.991245
22,0.990875
23,0.991228
24,0.989627
25,0.990438
26,0.989372
27,0.98933
28,0.98934
29,0.992054
30,0.992616
31,0.990947
32,0.992705
33,0.993038
34,0.993468
35,0.993552
36,0.993865
37,0.993455
38,0.986545
39,0.991443
40,0.99741
41,0.98907
42,0.966501
43,0.970084
44,0.959121
45,0.965782
46,0.966212
47,0.959098
48,0.937959
49,0.935265
50,0.96734
51,0.14684
52,0.059986
53,0.016192
54,0.006115
55,0.008395
56,0.008582
57,0.007131
58,0.012683
59,0.024354
60,0.041958
61,0.032098
62,0.034403
63,0.037822
64,0.046892
65,0.051979
66,0.025996
67,0.035734
68,0.025995
69,0.02701
70,0.026918
71,0.030329
72,0.025874
73,0.133599
74,0.78725
75,0.450227
76,0.484906
77,0.36255
78,0.433986
79,0.459834
80,0.437339
81,0.487732
82,0.609881
83,0.552131
84,0.418134
85,0.414016
86,0.408067
87,0.499871
88,0.383559
89,0.461275
90,0.43097
91,0.033955
92,0.008412
93,0.007562
94,0.010118
95,0.009822
96,0.005125
97,0.006304
98,0.058706
99,0.588364
100,0.82488
101,0.79299
102,0.791112
103,0.808625
104,0.850489
105,0.781092
106,0.879741
107,0.794301
108,0.841254
109,0.82942
110,0.789768
111,0.8818
112,0.909749
113,0.926179
114,0.931063
115,0.937072
116,0.951667
117,0.955797
118,0.96455
119,0.964314
120,0.967994
121,0.975286
122,0.978541
123,0.978292
124,0.976388
125,0.982721
126,0.985181
127,0.980732
128,0.984257
129,0.978996
130,0.974014
131,0.966054
132,0.954523
133,0.987305
134,0.983344
135,0.990048
136,0.985065
137,0.056433
138,0.002911
139,0.001465
140,0.000646
141,0.000745
142,0.001065
143,0.000777
144,0.000733
145,0.000747
146,0.58183
147,0.972628
148,0.993927
149,0.996709
150,0.997939
151,0.997874
152,0.997317
153,0.997129
154,0.997304
155,0.99771
156,0.957313
157,0.022741
158,0.001667
159,0.004477
160,0.003516
161,0.0042
162,0.002433
163,0.003093
164,0.002743
165,0.005934
166,0.004867
167,0.015036
168,0.945953
169,0.99011
170,0.996701
171,0.99483
172,0.993333
173,0.996351
174,0.993773
175,0.993179
176,0.992592
177,0.990294
178,0.992067
179,0.993217
180,0.992946
181,0.516339
182,0.035025
183,0.008714
184,0.005933
185,0.005048
186,0.003906
187,0.003623
188,0.003484
189,0.004187
190,0.003741
191,0.005957
192,0.00734
193,0.784767
194,0.979552
195,0.99481
196,0.993835
197,0.994402
198,0.994023
199,0.994395
200,0.994511
201,0.992654
202,0.9929
203,0.993357
204,0.992837
205,0.992679
206,0.803604
207,0.009934
208,0.009358
209,0.007651
210,0.006114
211,0.005177
212,0.005739
213,0.004827
214,0.003892
215,0.004029
216,0.004091
217,0.00421
218,0.006237
219,0.006652
220,0.294529
221,0.963861
222,0.967558
223,0.966685
224,0.937914
225,0.954908
226,0.965729
227,0.973067
228,0.95952
229,0.9806
230,0.98402
231,0.96901
232,0.779707
233,0.005813
234,0.00161
235,0.001836
236,0.002294
237,0.002651
238,0.001936
239,0.005391
240,0.0066
241,0.003502
242,0.00354
243,0.003387
244,0.003607
245,0.003132
246,0.002047
247,0.002125
248,0.001837
249,0.001391
250,0.002353
251,0.397254
252,0.963695
253,0.923588
254,0.879917
255,0.923469
256,0.891867
257,0.904722
258,0.891195
259,0.872139
260,0.876093
261,0.887755
262,0.906687
263,0.896796
264,0.886519
265,0.313574
266,0.003136
267,0.001898
268,0.001973
269,0.002924
270,0.002746
271,0.002067
272,0.003017
273,0.001791
274,0.00121
275,0.002429
276,0.001341
277,0.002045
278,0.001602
279,0.002674
280,0.08868
281,0.943402
282,0.970053
283,0.947539
284,0.971491
285,0.966577
286,0.906274
287,0.925264
288,0.936478
289,0.926125
290,0.945884
291,0.947069
292,0.934555
293,0.937038
294,0.633193
