1,0.972611
2,0.973132
3,0.972375
4,0.990441
5,0.990594
6,0.99265
7,0.990619
8,0.990114
9,0.99009
10,0.99121
11,0.990947
12,0.990812
13,0.990618
14,0.990737
15,0.990393
16,0.989162
17,0.989818
18,0.988752
19,0.986169
20,0.989567
21,0.987405
22,0.984257
23,0.98436
24,0.984973
25,0.988499
26,0.988843
27,0.987996
28,0.985909
29,0.984508
30,0.984119
31,0.985212
32,0.987182
33,0.986924
34,0.986762
35,0.986026
36,0.985799
37,0.980733
38,0.9841
39,0.98668
40,0.985268
41,0.987296
42,0.9844
43,0.983571
44,0.983041
45,0.983951
46,0.981707
47,0.979202
48,0.977372
49,0.970468
50,0.971125
51,0.970495
52,0.970623
53,0.97018
54,0.970512
55,0.972548
56,0.972022
57,0.97034
58,0.963138
59,0.963723
60,0.964507
61,0.963388
62,0.963929
63,0.96296
64,0.964045
65,0.960425
66,0.961915
67,0.96356
68,0.957735
69,0.953158
70,0.956172
71,0.957888
72,0.956976
73,0.947058
74,0.947401
75,0.943717
76,0.941838
77,0.947267
78,0.947471
79,0.949065
80,0.949482
81,0.94877
82,0.935798
83,0.922683
84,0.93318
85,0.931767
86,0.932178
87,0.929828
88,0.935419
89,0.915677
90,0.942521
91,0.949218
92,0.949382
93,0.951125
94,0.954347
95,0.954545
96,0.951955
97,0.951048
98,0.944139
99,0.932621
100,0.947188
101,0.943481
102,0.94946
103,0.953113
104,0.951289
105,0.949572
106,0.947833
107,0.948716
108,0.941277
109,0.953165
110,0.957043
111,0.965514
112,0.964138
113,0.964985
114,0.965972
115,0.967354
116,0.965042
117,0.966244
118,0.965781
119,0.975072
120,0.974667
121,0.974276
122,0.974309
123,0.973705
124,0.973412
125,0.973809
126,0.978698
127,0.978679
128,0.979762
129,0.978549
130,0.977313
131,0.978423
132,0.978762
133,0.980487
134,0.979364
135,0.979068
136,0.979595
137,0.979548
138,0.979932
139,0.980016
140,0.979235
141,0.977803
142,0.979283
143,0.978177
144,0.978058
145,0.981423
146,0.981795
147,0.983948
148,0.98318
149,0.980992
150,0.982338
151,0.979222
152,0.980153
153,0.979297
154,0.978158
155,0.977134
156,0.978747
157,0.978261
158,0.974716
159,0.973697
160,0.975816
161,0.974229
162,0.973183
163,0.976584
164,0.978223
165,0.977322
166,0.976827
167,0.974053
168,0.972733
169,0.969847
170,0.964116
171,0.958433
172,0.959449
173,0.961526
174,0.961628
175,0.964244
176,0.963375
177,0.960389
178,0.960752
179,0.964545
180,0.968219
181,0.977987
182,0.97757
183,0.977352
184,0.976937
185,0.972755
186,0.973237
187,0.970534
188,0.969507
189,0.971778
190,0.977337
191,0.973029
192,0.973011
193,0.979838
194,0.978334
195,0.977649
196,0.978059
197,0.979271
198,0.979621
199,0.980348
200,0.979282
201,0.978631
202,0.979221
203,0.97551
204,0.978492
205,0.973508
206,0.971963
207,0.975082
208,0.979523
209,0.97932
210,0.978942
211,0.98449
212,0.986031
213,0.985635
214,0.984651
215,0.983072
216,0.980814
217,0.981043
218,0.981071
219,0.981103
220,0.969889
221,0.976575
222,0.980054
223,0.975733
224,0.978693
225,0.977914
226,0.978115
227,0.981791
228,0.982191
229,0.981091
230,0.980682
231,0.981792
232,0.979319
233,0.979552
234,0.980616
235,0.982483
236,0.981946
237,0.980247
238,0.977019
239,0.971138
240,0.972286
241,0.975802
242,0.973599
243,0.970345
244,0.971952
245,0.969843
246,0.970396
247,0.97275
248,0.973513
249,0.972795
250,0.97158
251,0.975893
252,0.975891
253,0.975503
254,0.976849
255,0.978453
256,0.979276
257,0.979337
258,0.980089
259,0.980635
260,0.981859
261,0.981155
262,0.981752
263,0.978277
264,0.978787
265,0.978552
266,0.978414
267,0.978851
268,0.979482
269,0.978431
270,0.977085
271,0.977758
272,0.977563
273,0.978913
274,0.980411
275,0.979482
276,0.978647
277,0.975053
278,0.976537
279,0.976127
280,0.976366
281,0.976692
282,0.975263
283,0.976423
284,0.976306
285,0.974809
286,0.974925
287,0.972386
288,0.973073
289,0.97775
290,0.977501
291,0.976685
292,0.975253
293,0.977603
294,0.976552
295,0.977531
296,0.976544
297,0.977467
298,0.981607
299,0.9835
300,0.98009
301,0.982896
302,0.983554
303,0.982291
304,0.984597
305,0.98229
306,0.982764
307,0.983124
308,0.98157
309,0.979166
310,0.983265
311,0.982397
312,0.979925
313,0.983759
314,0.985647
315,0.98538
316,0.984406
317,0.983413
318,0.983785
319,0.97847
320,0.982118
321,0.982444
322,0.978922
323,0.980291
324,0.981838
325,0.983901
326,0.983479
327,0.985129
328,0.985032
329,0.98667
330,0.986103
331,0.985244
332,0.984876
333,0.98531
334,0.98355
335,0.982119
336,0.980867
337,0.98375
338,0.983291
339,0.984837
340,0.985586
341,0.984677
342,0.984689
343,0.98314
344,0.982174
345,0.980581
346,0.981367
347,0.979956
348,0.980685
349,0.981879
350,0.980447
351,0.981237
352,0.981761
353,0.982047
354,0.98275
355,0.981549
356,0.982494
357,0.983367
358,0.979486
359,0.980885
360,0.97925
361,0.9756
362,0.970818
363,0.974087
364,0.971549
365,0.976715
366,0.977322
367,0.975556
368,0.979758
369,0.969388
370,0.896576
371,0.800739
372,0.875503
373,0.957355
374,0.97701
375,0.975814
376,0.974305
377,0.974807
378,0.973311
379,0.973105
380,0.977511
381,0.976945
382,0.978055
383,0.973907
384,0.974797
385,0.976069
386,0.975458
387,0.975934
388,0.977288
389,0.976555
390,0.977274
391,0.975585
392,0.973008
393,0.976024
394,0.975178
395,0.967757
396,0.968823
397,0.969806
398,0.957516
399,0.948756
400,0.952525
401,0.933685
402,0.913944
403,0.90796
404,0.921969
405,0.959056
406,0.962811
407,0.964889
408,0.971522
409,0.962349
410,0.960587
411,0.970287
412,0.971774
413,0.973924
414,0.974908
415,0.972327
416,0.974617
417,0.974155
418,0.974768
419,0.971302
420,0.958787
421,0.955667
422,0.953362
423,0.953347
424,0.950343
425,0.952894
426,0.917991
427,0.908426
428,0.900447
429,0.896264
430,0.896637
431,0.864982
432,0.883546
433,0.889217
434,0.891956
435,0.903986
436,0.848947
437,0.890251
438,0.908933
439,0.896156
440,0.900935
441,0.935563
442,0.910145
443,0.930941
444,0.918746
445,0.832699
446,0.790956
447,0.907209
448,0.839358
449,0.868037
450,0.862997
451,0.847481
452,0.890187
453,0.848594
454,0.814158
455,0.81473
456,0.757675
457,0.78802
458,0.734519
459,0.764549
460,0.791457
461,0.719912
462,0.707652
463,0.754498
464,0.745929
465,0.735195
466,0.77002
467,0.729466
468,0.706629
469,0.718525
470,0.727229
471,0.71953
472,0.697612
473,0.72752
474,0.744743
475,0.728169
476,0.716377
477,0.668221
478,0.647765
479,0.60215
480,0.600794
481,0.73259
482,0.712168
483,0.624732
484,0.609878
485,0.673645
486,0.653351
487,0.659677
488,0.638573
489,0.644712
490,0.641116
491,0.667043
492,0.651317
493,0.651895
494,0.598365
495,0.584844
496,0.56624
497,0.615665
498,0.61109
499,0.658809
500,0.619054
501,0.55259
502,0.564464
503,0.631785
504,0.603906
505,0.585591
506,0.554623
507,0.613123
508,0.697585
509,0.662463
510,0.656677
511,0.67551
512,0.678242
513,0.710812
514,0.75925
515,0.825311
516,0.794369
517,0.852647
518,0.881365
519,0.771936
520,0.79744
521,0.832428
522,0.811572
523,0.77655
524,0.813511
525,0.784129
526,0.844243
527,0.853079
528,0.880256
529,0.951776
530,0.927183
531,0.876155
532,0.89349
533,0.925639
534,0.925179
535,0.938628
536,0.928715
537,0.94534
538,0.936346
539,0.945983
540,0.960562
541,0.95605
542,0.958909
543,0.96349
544,0.961779
545,0.963058
546,0.959177
547,0.963957
548,0.96218
549,0.957195
550,0.974191
551,0.960189
552,0.950172
553,0.954053
554,0.955576
555,0.956457
556,0.958689
557,0.958634
558,0.960008
559,0.966415
560,0.97201
561,0.969563
562,0.973359
563,0.970898
564,0.968562
565,0.974193
566,0.969631
567,0.974674
568,0.971643
569,0.973354
570,0.971329
571,0.972462
572,0.975098
573,0.97387
574,0.976149
575,0.972494
576,0.971351
577,0.973637
578,0.972498
579,0.973689
580,0.972803
581,0.969798
582,0.973191
583,0.973568
584,0.975258
585,0.982294
586,0.981084
587,0.980789
588,0.978336
589,0.977966
590,0.971493
591,0.969895
592,0.969799
593,0.974343
594,0.972777
595,0.974488
596,0.972967
597,0.972978
598,0.971674
599,0.972876
600,0.966021
601,0.966924
602,0.973306
603,0.972602
604,0.968689
605,0.973316
606,0.969729
607,0.969194
608,0.966639
609,0.967478
610,0.970242
611,0.971344
612,0.973133
613,0.978486
614,0.977571
615,0.977544
616,0.970624
617,0.968989
618,0.971772
619,0.966555
620,0.967216
621,0.967249
622,0.966585
623,0.973439
624,0.971717
625,0.974043
626,0.975391
627,0.975177
628,0.975125
629,0.974192
630,0.972533
631,0.97702
632,0.973905
633,0.972617
634,0.972235
635,0.974666
636,0.972861
637,0.970026
638,0.971484
639,0.980376
640,0.978705
641,0.97729
642,0.974911
643,0.975669
644,0.972548
645,0.972282
646,0.96897
647,0.965991
648,0.950539
649,0.9604
650,0.964202
651,0.968855
652,0.976279
653,0.956316
654,0.953496
655,0.974961
656,0.956337
657,0.955909
658,0.930136
659,0.944322
660,0.887869
661,0.952573
662,0.946198
663,0.902664
664,0.941107
665,0.928144
666,0.924117
667,0.936705
668,0.955923
669,0.924354
670,0.933396
671,0.943469
672,0.866238
673,0.867202
674,0.916579
675,0.821651
676,0.883937
677,0.888647
678,0.889679
679,0.849608
680,0.826923
681,0.887271
682,0.902489
683,0.891714
684,0.854072
685,0.922991
686,0.921827
687,0.910617
688,0.910408
689,0.917524
690,0.90317
691,0.939644
692,0.937994
693,0.941932
694,0.940463
695,0.929258
696,0.942461
697,0.967657
698,0.971709
699,0.96943
700,0.972865
701,0.973794
702,0.978284
703,0.979735
704,0.979466
705,0.980243
706,0.98111
707,0.978949
708,0.979032
709,0.977194
710,0.973174
711,0.972525
712,0.978658
713,0.975564
714,0.97457
715,0.97388
716,0.972729
717,0.974231
718,0.974865
719,0.972814
720,0.974683
721,0.972875
722,0.975425
723,0.977551
724,0.980208
725,0.977107
726,0.976109
727,0.973251
728,0.972532
729,0.971657
730,0.969521
731,0.976945
732,0.974423
733,0.979355
734,0.978881
735,0.976418
736,0.96767
737,0.972393
738,0.973135
739,0.972334
740,0.961597
741,0.958205
742,0.962057
743,0.960977
744,0.956106
745,0.954956
746,0.963162
747,0.954766
748,0.950755
749,0.956048
750,0.953927
751,0.948403
752,0.949751
753,0.949936
754,0.931672
755,0.945788
756,0.948918
757,0.949809
758,0.948343
759,0.934901
760,0.941225
761,0.950455
762,0.932697
763,0.946383
764,0.939973
765,0.945635
766,0.925624
767,0.944295
768,0.940346
769,0.899196
770,0.896231
771,0.896874
772,0.899207
773,0.926676
774,0.915888
775,0.928349
776,0.879441
777,0.868454
778,0.902421
779,0.868669
780,0.875072
781,0.925812
782,0.93738
783,0.928453
784,0.935087
785,0.932047
786,0.93562
787,0.932026
788,0.932965
789,0.943861
790,0.939851
791,0.932141
792,0.941729
793,0.925659
794,0.908604
795,0.913723
796,0.921735
797,0.934345
798,0.925479
799,0.927862
800,0.93892
801,0.932191
802,0.934737
803,0.936951
804,0.930946
805,0.937784
806,0.951274
807,0.954125
808,0.94366
809,0.946894
810,0.946338
811,0.957123
812,0.957466
813,0.956384
814,0.95901
815,0.955356
816,0.949937
817,0.958463
818,0.964468
819,0.961446
820,0.959733
821,0.960793
822,0.966374
823,0.972459
824,0.975201
825,0.974673
826,0.972203
827,0.97371
828,0.977553
829,0.971798
830,0.96658
831,0.971402
832,0.975843
833,0.980331
834,0.978844
835,0.979044
836,0.979519
837,0.974436
838,0.97486
839,0.969149
840,0.967787
841,0.979507
842,0.977187
843,0.978457
844,0.976381
845,0.968611
846,0.971162
847,0.969428
848,0.971446
849,0.970705
850,0.975057
851,0.97272
852,0.976398
853,0.962652
854,0.949308
855,0.948709
856,0.954446
857,0.949361
858,0.946908
859,0.947828
860,0.934573
861,0.938849
862,0.902312
863,0.920925
864,0.933459
865,0.928661
866,0.921685
867,0.898022
868,0.917112
869,0.879534
870,0.857387
871,0.888477
872,0.916032
873,0.885143
874,0.881281
875,0.847567
876,0.920069
877,0.897457
878,0.890977
879,0.836887
880,0.878938
881,0.863965
882,0.882751
883,0.926126
884,0.886813
885,0.883736
886,0.851539
887,0.74977
888,0.816562
889,0.780809
890,0.669029
891,0.663954
892,0.765829
893,0.752446
894,0.691848
895,0.716489
896,0.786543
897,0.756802
898,0.684164
899,0.731081
900,0.779707
901,0.856916
902,0.864885
903,0.830589
904,0.867193
905,0.849591
906,0.839822
907,0.782335
908,0.808485
909,0.852513
910,0.874745
911,0.925344
912,0.904975
913,0.918943
914,0.945549
915,0.949932
916,0.946896
917,0.943437
918,0.938009
919,0.959158
920,0.95061
921,0.945827
922,0.956115
923,0.949965
924,0.966744
925,0.97907
926,0.9735
927,0.970202
928,0.955189
929,0.91306
930,0.930967
931,0.870284
932,0.869779
933,0.911445
934,0.904965
935,0.944239
936,0.934574
937,0.936892
938,0.943279
939,0.964152
940,0.975957
941,0.974035
942,0.968452
943,0.958469
944,0.958911
945,0.96499
946,0.969873
947,0.973427
948,0.972924
949,0.968304
950,0.975113
951,0.977594
952,0.976763
953,0.975621
954,0.98041
955,0.961858
956,0.962712
957,0.965536
958,0.947625
959,0.942259
960,0.955735
961,0.914912
962,0.940905
963,0.942067
964,0.931365
965,0.93541
966,0.947506
967,0.95327
968,0.926332
969,0.945838
970,0.939424
971,0.949746
972,0.952319
973,0.950619
974,0.95475
975,0.949225
976,0.94887
977,0.952534
978,0.95393
979,0.939816
980,0.953039
981,0.954195
982,0.953433
983,0.942164
984,0.942512
985,0.967179
986,0.961782
987,0.95203
988,0.925134
989,0.915095
990,0.936648
991,0.898727
992,0.907261
993,0.890803
994,0.937405
995,0.903068
996,0.937871
997,0.947817
998,0.930927
999,0.936691
1000,0.915033
1001,0.959942
1002,0.961033
1003,0.963548
1004,0.971652
1005,0.97014
1006,0.955362
1007,0.938094
1008,0.875849
1009,0.950715
1010,0.928078
1011,0.924164
1012,0.918819
1013,0.918812
1014,0.920984
1015,0.901119
1016,0.895716
1017,0.853626
1018,0.88981
1019,0.876783
1020,0.87121
1021,0.90461
1022,0.910336
1023,0.909293
1024,0.916801
1025,0.916135
1026,0.921447
1027,0.923507
1028,0.921007
1029,0.933554
1030,0.906517
1031,0.884466
1032,0.89229
1033,0.90555
1034,0.899096
1035,0.887411
1036,0.903908
1037,0.905936
1038,0.916722
1039,0.899575
1040,0.883468
1041,0.905252
1042,0.870978
1043,0.842666
1044,0.852744
1045,0.892107
1046,0.902281
1047,0.896645
1048,0.924067
1049,0.938991
1050,0.934495
1051,0.905333
1052,0.907244
1053,0.903767
1054,0.913546
1055,0.902778
1056,0.890562
1057,0.909771
1058,0.91888
1059,0.910067
1060,0.900945
1061,0.880987
1062,0.883245
1063,0.896686
1064,0.894245
1065,0.872273
1066,0.889177
1067,0.884756
1068,0.86384
1069,0.915806
1070,0.910297
1071,0.912371
1072,0.898119
1073,0.883661
1074,0.903498
1075,0.906584
1076,0.888758
1077,0.865923
1078,0.862499
1079,0.827857
1080,0.909853
1081,0.950378
1082,0.964009
1083,0.966774
1084,0.979447
1085,0.966098
1086,0.972987
1087,0.976102
1088,0.979825
1089,0.981688
1090,0.982183
1091,0.979588
1092,0.97859
1093,0.970644
1094,0.974662
1095,0.969256
1096,0.965395
1097,0.957748
1098,0.992964
1099,0.97604
1100,0.969686
1101,0.976666
1102,0.962246
1103,0.973542
1104,0.971477
1105,0.946174
1106,0.908732
1107,0.95084
1108,0.958484
1109,0.959935
1110,0.963992
1111,0.967409
1112,0.964169
1113,0.963647
1114,0.958148
1115,0.964158
1116,0.973122
1117,0.956542
1118,0.961527
1119,0.994652
1120,0.955926
1121,0.944805
1122,0.993883
1123,0.961049
1124,0.935437
1125,0.927752
1126,0.98635
1127,0.930229
1128,0.927008
1129,0.914926
1130,0.942551
1131,0.886278
1132,0.903255
1133,0.91238
1134,0.905977
1135,0.903069
1136,0.893747
1137,0.9133
1138,0.914627
1139,0.913119
1140,0.927265
1141,0.937034
1142,0.928736
1143,0.925534
1144,0.927919
1145,0.93424
1146,0.931681
1147,0.887404
1148,0.93279
1149,0.924749
1150,0.897872
1151,0.892124
1152,0.941337
1153,0.92516
1154,0.922966
1155,0.884601
1156,0.87742
1157,0.878205
1158,0.877498
1159,0.877999
1160,0.91022
1161,0.916397
1162,0.898235
1163,0.891357
1164,0.911089
1165,0.902203
1166,0.891399
1167,0.889647
1168,0.897549
1169,0.90797
1170,0.912057
1171,0.913718
1172,0.919322
1173,0.909256
1174,0.90758
1175,0.918288
1176,0.936911
1177,0.904767
1178,0.896001
1179,0.909345
1180,0.900455
1181,0.889254
1182,0.878544
1183,0.883449
1184,0.800707
1185,0.879783
1186,0.903205
1187,0.930405
1188,0.928019
1189,0.951677
1190,0.940941
1191,0.972117
1192,0.922601
1193,0.913621
1194,0.931396
1195,0.894593
1196,0.914318
1197,0.919014
1198,0.936118
1199,0.924532
1200,0.908025
1201,0.843459
1202,0.915016
1203,0.904757
1204,0.926384
1205,0.948322
1206,0.944797
1207,0.9382
1208,0.938236
1209,0.918483
1210,0.881459
1211,0.90581
1212,0.912108
1213,0.951018
1214,0.944868
1215,0.956894
1216,0.93684
1217,0.937434
1218,0.952746
1219,0.943013
1220,0.956828
1221,0.955956
1222,0.965858
1223,0.965303
1224,0.947373
1225,0.954027
1226,0.960857
1227,0.952636
1228,0.9613
1229,0.962631
1230,0.966706
1231,0.96981
1232,0.965619
1233,0.966504
1234,0.970723
1235,0.971999
1236,0.977183
1237,0.973797
1238,0.970308
1239,0.971944
1240,0.965124
1241,0.96619
1242,0.970882
1243,0.965428
1244,0.97008
1245,0.973969
1246,0.974628
1247,0.979295
1248,0.980389
1249,0.970205
1250,0.967206
1251,0.971815
1252,0.96583
1253,0.966349
1254,0.969002
1255,0.967796
1256,0.971369
1257,0.968782
1258,0.967789
1259,0.971233
1260,0.970751
1261,0.971014
1262,0.970911
1263,0.969745
1264,0.96634
1265,0.96769
1266,0.971275
1267,0.972097
1268,0.971917
1269,0.969326
1270,0.968605
1271,0.968492
1272,0.968554
1273,0.964732
1274,0.964884
1275,0.966074
1276,0.967211
1277,0.966757
1278,0.905396
1279,0.916702
1280,0.923203
1281,0.964046
1282,0.956109
1283,0.950319
1284,0.940512
1285,0.935849
1286,0.944755
1287,0.922669
1288,0.932423
1289,0.929347
1290,0.927888
1291,0.928899
1292,0.939721
1293,0.939808
1294,0.94148
1295,0.940446
1296,0.940251
1297,0.942296
1298,0.937925
1299,0.937268
1300,0.927283
1301,0.921275
1302,0.921446
1303,0.927167
1304,0.93762
1305,0.938148
1306,0.940695
1307,0.955756
1308,0.959059
1309,0.96478
1310,0.959674
1311,0.96303
1312,0.965201
1313,0.962673
1314,0.958183
1315,0.955047
1316,0.957897
1317,0.959403
1318,0.956398
1319,0.960627
1320,0.961275
1321,0.965937
1322,0.966877
1323,0.9704
1324,0.970367
1325,0.969732
1326,0.968889
1327,0.972302
1328,0.971426
1329,0.970335
1330,0.968179
1331,0.974115
1332,0.975427
1333,0.973128
1334,0.976033
1335,0.976423
1336,0.973237
1337,0.974914
1338,0.976644
1339,0.975877
1340,0.97201
1341,0.967374
1342,0.972317
1343,0.977139
1344,0.97472
1345,0.975249
1346,0.975932
1347,0.977654
1348,0.975112
1349,0.977245
1350,0.97484
1351,0.972946
1352,0.964484
