1,0.997935
2,0.997969
3,0.997608
4,0.997603
5,0.997453
6,0.997533
7,0.997368
8,0.998109
9,0.997367
10,0.997437
11,0.99798
12,0.997842
13,0.996802
14,0.998144
15,0.997997
16,0.996244
17,0.997039
18,0.996968
19,0.994605
20,0.937818
21,0.982362
22,0.992949
23,0.992491
24,0.995416
25,0.995532
26,0.995972
27,0.995843
28,0.995259
29,0.996011
30,0.995362
31,0.997699
32,0.997267
33,0.995892
34,0.99762
35,0.997623
36,0.997102
37,0.997529
38,0.997544
39,0.99768
40,0.997589
41,0.997979
42,0.993405
43,0.355254
44,0.012513
45,0.014372
46,0.017878
47,0.010169
48,0.009872
49,0.006964
50,0.004741
51,0.003378
52,0.004028
53,0.00646
54,0.009992
55,0.012401
56,0.015539
57,0.009905
58,0.009194
59,0.007905
60,0.008045
61,0.043547
62,0.027739
63,0.019574
64,0.015827
65,0.009947
66,0.010348
67,0.013931
68,0.017588
69,0.015072
70,0.013417
71,0.009295
72,0.022812
73,0.442634
74,0.948827
75,0.958949
76,0.90491
77,0.873106
78,0.871233
79,0.869084
80,0.832828
81,0.738712
82,0.779959
83,0.768818
84,0.824103
85,0.756661
86,0.848255
87,0.843047
88,0.84029
89,0.874484
90,0.863892
91,0.893451
92,0.911743
93,0.876763
94,0.935776
95,0.940357
96,0.949349
97,0.961077
98,0.927329
99,0.092563
100,0.012963
101,0.016509
102,0.010844
103,0.007795
104,0.01192
105,0.009493
106,0.011014
107,0.013838
108,0.016235
109,0.029109
110,0.02903
111,0.015767
112,0.015184
113,0.018126
114,0.019588
115,0.016607
116,0.025404
117,0.019612
118,0.033869
119,0.022422
120,0.018294
121,0.025401
122,0.028353
123,0.021154
124,0.03
125,0.02892
126,0.038635
127,0.024646
128,0.025591
129,0.024975
130,0.020343
131,0.012572
132,0.008692
133,0.013005
134,0.009499
135,0.54343
136,0.991945
137,0.998071
138,0.998279
139,0.998315
140,0.998627
141,0.998461
142,0.99836
143,0.998607
144,0.998618
145,0.998257
146,0.99838
147,0.998666
148,0.99847
149,0.998582
150,0.99852
151,0.998519
152,0.998744
153,0.998838
154,0.998822
155,0.998825
156,0.997177
157,0.476776
158,0.021068
159,0.028771
160,0.024521
161,0.017782
162,0.020021
163,0.018562
164,0.022012
165,0.02078
166,0.014056
167,0.013239
168,0.015131
169,0.0168
170,0.013702
171,0.012208
172,0.018009
173,0.013606
174,0.012179
175,0.009954
176,0.00799
177,0.006894
178,0.009316
179,0.010138
180,0.01132
181,0.013134
182,0.012638
183,0.009947
184,0.010343
185,0.011534
186,0.013766
187,0.017555
188,0.013347
189,0.011866
190,0.018368
191,0.015465
192,0.013229
193,0.038301
194,0.44446
195,0.963809
196,0.982864
197,0.997737
198,0.998304
199,0.998531
200,0.998528
201,0.998717
202,0.998786
203,0.998878
204,0.998655
205,0.998611
206,0.996894
207,0.329923
208,0.01202
209,0.010458
210,0.009277
211,0.009561
212,0.010754
213,0.006575
214,0.015812
215,0.018737
216,0.016229
217,0.014319
218,0.015841
219,0.011201
220,0.014453
221,0.016021
222,0.018001
223,0.016112
224,0.024425
225,0.017655
226,0.013829
227,0.01676
228,0.019885
229,0.019083
230,0.024929
231,0.020384
232,0.023099
233,0.021399
234,0.003469
235,0.00309
236,0.026343
237,0.020608
238,0.022376
239,0.014323
240,0.239521
241,0.988978
242,0.99521
243,0.995969
244,0.995579
245,0.995066
246,0.995311
247,0.996057
248,0.996109
249,0.996398
250,0.996629
251,0.995723
252,0.995892
253,0.99582
254,0.996615
255,0.996635
256,0.996416
257,0.993453
258,0.114103
259,0.000918
260,0.013989
261,0.008123
262,0.007196
263,0.007055
264,0.004245
265,0.005608
266,0.005921
267,0.006097
268,0.006876
269,0.008244
270,0.010261
271,0.008606
272,0.006096
273,0.000846
274,0.000691
275,0.001153
276,0.06783
277,0.692842
278,0.993613
279,0.996139
280,0.996604
281,0.996496
282,0.997153
283,0.986642
284,0.989177
285,0.991472
286,0.992075
287,0.997994
288,0.997756
289,0.998357
290,0.998427
291,0.99848
292,0.998463
293,0.998466
294,0.99833
295,0.998338
296,0.998413
297,0.513196
298,0.011529
299,0.005558
300,0.006652
301,0.004839
302,0.004503
303,0.004261
304,0.009515
305,0.659117
306,0.99553
307,0.99835
308,0.995784
309,0.998274
310,0.998004
311,0.998253
312,0.995301
313,0.243444
314,0.007978
315,0.003401
316,0.00453
317,0.004328
318,0.0029
319,0.002065
320,0.001831
321,0.002056
322,0.002305
323,0.001912
324,0.002191
325,0.002153
326,0.00252
327,0.003273
328,0.002987
329,0.00316
330,0.002493
331,0.002476
332,0.002109
333,0.029119
334,0.024089
335,0.027672
336,0.04174
337,0.028033
338,0.062277
339,0.092203
340,0.069848
341,0.058131
342,0.046572
343,0.038034
344,0.047479
345,0.029049
346,0.030624
347,0.024988
348,0.022876
349,0.029806
350,0.032689
351,0.027476
352,0.038195
353,0.042751
354,0.039503
355,0.039167
356,0.03137
357,0.028002
358,0.032311
359,0.023984
360,0.025778
361,0.021366
362,0.032499
363,0.017314
364,0.016577
365,0.015075
366,0.01607
367,0.015159
368,0.015802
369,0.009589
370,0.002187
371,0.378091
372,0.948489
373,0.988264
374,0.989928
375,0.994209
376,0.99521
377,0.995737
378,0.99464
379,0.995103
380,0.995343
381,0.994522
382,0.994339
383,0.994417
384,0.996075
385,0.995325
386,0.995398
387,0.952283
388,0.078054
389,0.013626
390,0.005272
391,0.005387
392,0.004574
393,0.004067
394,0.005357
395,0.006973
396,0.00735
397,0.006906
398,0.010284
399,0.009309
400,0.010095
401,0.013491
402,0.013722
403,0.014425
404,0.013936
405,0.010951
406,0.009957
407,0.007043
408,0.008751
409,0.039943
410,0.043766
411,0.017187
412,0.017824
413,0.02315
414,0.020087
415,0.029565
416,0.028689
417,0.030075
418,0.027035
419,0.055841
420,0.047505
421,0.083531
422,0.094487
423,0.092229
424,0.095263
425,0.096204
426,0.040264
427,0.029083
428,0.317572
429,0.565556
430,0.978165
431,0.991104
432,0.993071
433,0.995635
434,0.9945
435,0.994275
436,0.994444
437,0.99442
438,0.99437
439,0.993259
440,0.99496
441,0.992635
442,0.993133
443,0.992654
444,0.992897
445,0.991452
446,0.991873
447,0.992704
448,0.99166
449,0.99001
450,0.990742
451,0.990338
452,0.989797
453,0.994438
454,0.949012
455,0.055373
456,0.00915
457,0.005067
458,0.002219
459,0.001758
460,0.000665
461,0.000666
462,0.000722
463,0.03755
464,0.036174
465,0.045114
466,0.063226
467,0.089484
468,0.091841
469,0.068101
470,0.060145
471,0.085077
472,0.086021
473,0.038039
474,0.057281
475,0.082551
476,0.083245
477,0.053622
478,0.054521
479,0.030163
480,0.038209
481,0.030241
482,0.030331
483,0.021695
484,0.020638
485,0.019483
486,0.015516
487,0.014007
488,0.019107
489,0.010869
490,0.014895
491,0.015665
492,0.019596
493,0.006701
494,0.007214
495,0.006327
496,0.006519
497,0.007927
498,0.010059
499,0.009435
500,0.011519
501,0.012179
502,0.009358
503,0.037828
504,0.42436
505,0.965218
506,0.981503
507,0.985089
508,0.981034
509,0.983194
510,0.990577
511,0.983294
512,0.985028
513,0.994068
514,0.988983
515,0.731959
516,0.028679
517,0.004978
518,0.022572
519,0.012191
520,0.010129
521,0.009623
522,0.012432
523,0.011183
524,0.018556
525,0.0036
526,0.003406
527,0.0024
528,0.002379
529,0.003619
530,0.003432
531,0.003843
532,0.002984
533,0.002704
534,0.015925
535,0.017104
536,0.017156
537,0.017455
538,0.022359
539,0.046154
540,0.039461
541,0.062614
542,0.059501
543,0.042554
544,0.046423
545,0.044798
546,0.040234
547,0.050815
548,0.062208
549,0.054662
550,0.053108
551,0.04805
552,0.055437
553,0.047866
554,0.053612
555,0.048364
556,0.050784
557,0.045853
558,0.028534
559,0.019919
560,0.015631
561,0.01405
562,0.009965
563,0.009124
564,0.015622
565,0.023521
566,0.026403
567,0.048008
568,0.385489
569,0.960554
570,0.989521
571,0.991105
572,0.993176
573,0.993313
574,0.993429
575,0.991987
576,0.989127
577,0.998297
578,0.997758
579,0.9917
580,0.21046
581,0.029386
582,0.030781
583,0.038054
584,0.039597
585,0.031127
586,0.03551
587,0.014546
588,0.012588
589,0.013508
590,0.013716
591,0.009122
592,0.008059
593,0.005537
594,0.00853
595,0.005946
596,0.007388
597,0.007461
598,0.008598
599,0.007648
600,0.005515
601,0.005421
602,0.005362
603,0.005196
604,0.005202
605,0.005879
606,0.007708
607,0.008117
608,0.00844
609,0.007538
610,0.00927
611,0.009672
612,0.009629
613,0.009198
614,0.0099
615,0.009905
616,0.010124
617,0.005865
618,0.006155
619,0.004806
620,0.005023
621,0.004343
622,0.00468
623,0.004771
624,0.005104
625,0.00457
626,0.006419
627,0.00887
628,0.010117
629,0.008796
630,0.024619
631,0.019272
632,0.021976
633,0.022122
634,0.023281
635,0.015725
636,0.019508
637,0.036249
638,0.031131
639,0.029031
640,0.025311
641,0.024229
642,0.051008
643,0.046351
644,0.042243
645,0.027883
646,0.029829
647,0.029208
648,0.021986
649,0.023342
650,0.022195
651,0.022182
652,0.029885
653,0.025482
654,0.021724
655,0.024689
656,0.025906
657,0.074723
658,0.074147
659,0.034562
660,0.027666
661,0.053565
662,0.186162
663,0.941811
664,0.989415
665,0.994013
666,0.990364
667,0.99015
668,0.997649
669,0.998143
670,0.998463
671,0.998214
672,0.99842
673,0.9973
674,0.998092
675,0.83218
676,0.029843
677,0.016566
678,0.005825
679,0.004373
680,0.003911
681,0.003525
682,0.005233
683,0.016921
684,0.014299
685,0.006231
686,0.007087
687,0.004983
688,0.00496
689,0.003253
690,0.002364
691,0.001569
692,0.001438
693,0.018788
694,0.018429
695,0.008093
696,0.005876
697,0.003608
698,0.005835
699,0.005637
700,0.003983
701,0.003871
702,0.004323
703,0.004223
704,0.004087
705,0.004316
706,0.00314
707,0.004775
708,0.005232
709,0.004041
710,0.00586
711,0.005502
712,0.006107
713,0.007376
714,0.007877
715,0.007727
716,0.009033
717,0.010128
718,0.013495
719,0.013137
720,0.016833
721,0.01195
722,0.011977
723,0.005826
724,0.007158
725,0.009806
726,0.011575
727,0.009604
728,0.00933
729,0.009442
730,0.010124
731,0.008367
732,0.013501
733,0.007812
734,0.010232
735,0.009135
736,0.009688
737,0.009856
738,0.007082
739,0.007536
740,0.007785
741,0.006805
742,0.004928
743,0.003696
744,0.005821
745,0.006111
746,0.005948
747,0.006294
748,0.005889
749,0.004915
750,0.004869
751,0.005064
752,0.005379
753,0.006119
754,0.006367
755,0.005639
756,0.005327
757,0.008018
758,0.006145
759,0.006221
760,0.007486
761,0.00484
762,0.006506
763,0.006004
764,0.006027
765,0.005864
766,0.005704
767,0.005864
768,0.005508
769,0.006258
770,0.00733
771,0.008543
772,0.01007
773,0.01118
774,0.011103
775,0.007931
776,0.007586
777,0.008963
778,0.01357
779,0.010182
780,0.008894
781,0.014745
782,0.01557
783,0.015227
784,0.017271
785,0.018098
786,0.040453
787,0.033983
788,0.03461
789,0.014701
790,0.012294
791,0.01661
792,0.014527
793,0.010439
794,0.006323
795,0.00724
796,0.008548
797,0.00854
798,0.011893
799,0.008194
800,0.007484
801,0.007537
802,0.00713
803,0.006153
804,0.008597
805,0.009251
806,0.008847
807,0.009502
808,0.035655
809,0.006639
810,0.01497
811,0.01485
812,0.020851
813,0.020806
814,0.014977
815,0.009664
816,0.013265
817,0.019269
818,0.024742
819,0.022821
820,0.014778
821,0.011923
822,0.010768
823,0.007817
824,0.009573
825,0.063371
826,0.687527
827,0.980143
828,0.996664
829,0.997621
830,0.997657
831,0.997739
832,0.998133
833,0.998237
834,0.997855
835,0.997772
836,0.998033
837,0.998236
838,0.998336
839,0.997777
840,0.997872
841,0.997624
842,0.997543
843,0.997473
844,0.997757
845,0.99789
846,0.997592
847,0.997885
848,0.997763
849,0.997571
850,0.997536
851,0.997722
852,0.996546
853,0.996874
854,0.996024
855,0.996227
856,0.996108
857,0.996104
858,0.995653
859,0.995832
860,0.996485
861,0.995214
862,0.996158
863,0.996433
864,0.995225
865,0.994497
866,0.993787
867,0.992113
868,0.992952
869,0.997652
870,0.832149
871,0.050597
872,0.044418
873,0.051692
874,0.049222
875,0.050982
876,0.057673
877,0.021658
878,0.020719
879,0.019438
880,0.118385
881,0.035676
882,0.116353
883,0.119663
884,0.028579
885,0.108032
886,0.028405
887,0.02839
888,0.123396
889,0.021299
890,0.104665
891,0.120808
892,0.025351
893,0.050557
894,0.040077
895,0.03466
896,0.114522
897,0.039952
898,0.114019
899,0.028478
900,0.073917
901,0.053554
902,0.06363
903,0.061972
904,0.059828
905,0.053472
906,0.064138
907,0.054238
908,0.050174
909,0.045659
910,0.049139
911,0.053599
912,0.064382
913,0.031044
914,0.004134
915,0.003834
916,0.036161
917,0.026773
918,0.0382
919,0.045356
920,0.053285
921,0.067093
922,0.06596
923,0.075516
924,0.077571
925,0.016172
926,0.086994
927,0.082856
928,0.085457
929,0.079502
930,0.231156
931,0.633893
932,0.947415
933,0.990497
934,0.994383
935,0.995472
936,0.997555
937,0.994067
938,0.994073
939,0.995848
940,0.979897
941,0.14968
942,0.038832
943,0.031652
944,0.029213
945,0.013989
946,0.013401
947,0.011367
948,0.017295
949,0.015512
950,0.015385
951,0.015353
952,0.005847
953,0.005318
954,0.00499
955,0.011121
956,0.004718
957,0.003536
958,0.009126
959,0.005081
960,0.00336
961,0.004667
962,0.004367
963,0.004314
964,0.004774
965,0.004142
966,0.005876
967,0.00528
968,0.005498
969,0.003176
970,0.003292
971,0.002727
972,0.00312
973,0.003026
974,0.002029
975,0.002212
976,0.002314
977,0.001954
978,0.003586
979,0.002729
980,0.003065
981,0.003188
982,0.002693
983,0.00365
984,0.003973
985,0.003963
986,0.007203
987,0.007019
988,0.006383
989,0.009765
990,0.013075
991,0.014294
992,0.014921
993,0.017981
994,0.013796
995,0.013472
996,0.014376
997,0.01201
998,0.020552
999,0.010524
1000,0.014242
1001,0.012357
1002,0.011003
1003,0.012945
1004,0.008942
1005,0.007469
1006,0.007194
1007,0.016594
1008,0.006754
1009,0.00839
1010,0.022761
1011,0.011415
1012,0.014713
1013,0.011448
1014,0.012952
1015,0.005732
1016,0.003998
1017,0.003685
1018,0.003315
1019,0.003744
1020,0.003655
1021,0.004265
1022,0.006301
1023,0.005577
1024,0.00643
1025,0.005669
1026,0.004944
1027,0.00333
1028,0.00353
1029,0.003634
1030,0.003293
1031,0.00342
1032,0.003735
1033,0.002778
1034,0.003466
1035,0.002484
1036,0.008933
1037,0.049172
1038,0.157883
1039,0.814321
1040,0.990823
1041,0.997474
1042,0.99758
1043,0.997483
1044,0.997255
1045,0.995795
1046,0.994426
1047,0.995293
1048,0.995888
1049,0.996667
1050,0.996796
1051,0.985614
1052,0.32795
1053,0.083983
1054,0.022779
1055,0.015926
1056,0.014328
1057,0.010826
1058,0.01254
1059,0.024068
1060,0.025191
1061,0.012855
1062,0.010904
1063,0.006986
1064,0.005206
1065,0.004963
1066,0.003592
1067,0.003393
1068,0.004185
1069,0.00293
1070,0.009937
1071,0.011569
1072,0.002878
1073,0.00253
1074,0.042014
1075,0.014391
1076,0.012524
1077,0.01491
1078,0.018906
1079,0.03458
1080,0.036605
1081,0.040477
1082,0.044634
1083,0.029859
1084,0.031863
1085,0.038153
1086,0.034612
1087,0.031074
1088,0.025125
1089,0.032399
1090,0.034318
1091,0.033695
1092,0.033211
1093,0.090386
1094,0.087187
1095,0.072184
1096,0.062565
1097,0.032101
1098,0.032674
1099,0.017914
1100,0.030328
1101,0.021218
1102,0.011264
1103,0.017566
1104,0.036653
1105,0.05656
1106,0.01212
1107,0.060537
1108,0.092265
1109,0.046081
1110,0.058694
1111,0.103136
1112,0.16302
1113,0.335833
1114,0.455261
1115,0.26494
1116,0.370733
1117,0.401165
1118,0.115698
1119,0.055599
1120,0.085485
1121,0.061649
1122,0.04783
1123,0.080447
1124,0.060021
1125,0.061079
1126,0.047414
1127,0.040446
1128,0.069312
1129,0.099097
1130,0.424582
1131,0.481488
1132,0.397302
1133,0.407519
1134,0.391399
1135,0.417519
1136,0.450743
1137,0.489802
1138,0.437553
1139,0.477711
1140,0.419791
1141,0.357356
1142,0.374843
1143,0.357711
1144,0.386896
1145,0.246994
1146,0.24648
1147,0.25622
1148,0.222351
1149,0.221235
1150,0.303818
1151,0.252724
1152,0.351834
1153,0.301635
1154,0.295025
1155,0.254177
1156,0.216648
1157,0.257356
1158,0.264622
1159,0.277556
1160,0.292545
1161,0.249287
1162,0.25249
1163,0.305494
1164,0.260641
1165,0.204127
1166,0.306414
1167,0.293469
1168,0.276368
1169,0.46772
1170,0.570497
1171,0.616286
1172,0.641285
1173,0.632197
1174,0.767571
1175,0.544203
1176,0.575378
1177,0.75251
1178,0.754097
1179,0.456167
1180,0.422623
1181,0.340073
1182,0.454801
1183,0.396056
1184,0.452013
1185,0.497815
1186,0.368718
1187,0.193649
1188,0.178763
1189,0.053897
1190,0.081246
1191,0.141876
1192,0.1558
1193,0.116995
1194,0.103531
1195,0.147124
1196,0.143555
1197,0.131512
1198,0.160642
1199,0.295355
1200,0.302318
1201,0.220001
1202,0.263109
1203,0.217166
1204,0.24048
1205,0.240704
1206,0.304025
1207,0.270263
1208,0.225007
1209,0.217181
1210,0.201207
1211,0.207229
1212,0.230385
1213,0.141055
1214,0.176639
1215,0.193536
1216,0.231265
1217,0.232453
1218,0.283787
1219,0.297502
1220,0.336788
1221,0.297485
1222,0.310595
1223,0.26954
1224,0.12016
1225,0.019246
1226,0.029008
1227,0.04369
1228,0.336761
1229,0.536762
1230,0.509401
1231,0.417368
1232,0.362665
1233,0.416167
1234,0.35845
1235,0.24713
1236,0.106973
1237,0.06034
1238,0.06928
1239,0.050712
1240,0.041093
1241,0.028862
1242,0.029518
1243,0.030487
1244,0.041082
1245,0.044213
1246,0.054528
1247,0.077913
1248,0.105709
1249,0.053014
1250,0.0952
1251,0.113049
1252,0.137463
1253,0.101552
1254,0.090636
1255,0.073191
1256,0.064188
1257,0.078209
1258,0.114514
1259,0.110892
1260,0.141428
1261,0.163191
1262,0.121259
1263,0.082708
1264,0.107074
1265,0.194
1266,0.067983
1267,0.070279
1268,0.072881
1269,0.008791
1270,0.009014
1271,0.00718
1272,0.008446
1273,0.017476
1274,0.013656
1275,0.008006
1276,0.008941
1277,0.006596
1278,0.006032
1279,0.00526
1280,0.007772
1281,0.005112
1282,0.007691
1283,0.010512
1284,0.012921
1285,0.043451
1286,0.042948
1287,0.020906
1288,0.033999
1289,0.025126
1290,0.031032
1291,0.035433
1292,0.043166
1293,0.026157
1294,0.027631
1295,0.042924
1296,0.022118
1297,0.01186
1298,0.012164
1299,0.009944
1300,0.608693
1301,0.971901
1302,0.979457
1303,0.983645
1304,0.983307
1305,0.984494
1306,0.984817
1307,0.984796
1308,0.985697
1309,0.487528
1310,0.021195
1311,0.007229
1312,0.013185
1313,0.007814
1314,0.006124
1315,0.00439
1316,0.006879
1317,0.004782
1318,0.00429
1319,0.004149
1320,0.004758
1321,0.002787
1322,0.003331
1323,0.002852
1324,0.002621
1325,0.002654
1326,0.00265
1327,0.002853
1328,0.002987
1329,0.003609
1330,0.002812
1331,0.001922
1332,0.002958
1333,0.003415
1334,0.004046
1335,0.003695
1336,0.00269
1337,0.004472
1338,0.002756
1339,0.002226
1340,0.002809
1341,0.00366
1342,0.003661
1343,0.003519
1344,0.006
1345,0.008005
1346,0.009996
1347,0.007456
1348,0.010971
1349,0.006698
1350,0.010312
1351,0.008252
1352,0.01449
1353,0.01276
1354,0.008437
1355,0.010631
1356,0.018094
1357,0.014169
1358,0.012371
1359,0.005828
1360,0.006408
1361,0.005257
1362,0.003379
1363,0.002778
1364,0.003382
1365,0.00159
1366,0.002099
1367,0.003412
1368,0.001602
1369,0.002474
1370,0.002037
1371,0.001749
1372,0.001679
1373,0.00143
1374,0.001086
1375,0.001088
1376,0.00102
1377,0.000807
1378,0.000737
1379,0.000641
1380,0.000526
1381,0.001051
1382,0.001699
1383,0.002024
1384,0.003587
1385,0.003617
1386,0.009742
1387,0.015422
1388,0.018692
1389,0.010894
1390,0.014495
1391,0.020044
1392,0.022076
1393,0.016988
1394,0.019329
1395,0.012031
1396,0.013992
1397,0.012235
1398,0.013015
1399,0.010814
1400,0.010398
1401,0.00746
1402,0.007026
1403,0.006431
1404,0.009212
1405,0.012908
1406,0.015819
1407,0.00591
1408,0.007715
1409,0.008343
1410,0.009146
1411,0.009697
1412,0.013318
1413,0.011994
1414,0.012127
1415,0.009142
1416,0.010741
1417,0.00698
1418,0.004952
1419,0.003688
1420,0.003653
1421,0.003683
1422,0.006092
1423,0.006103
1424,0.006231
1425,0.00596
1426,0.006028
1427,0.004128
1428,0.003535
1429,0.004477
1430,0.004671
1431,0.006333
1432,0.006845
1433,0.007468
1434,0.009374
1435,0.008537
1436,0.00792
1437,0.009175
1438,0.00729
1439,0.006418
1440,0.005696
1441,0.004987
1442,0.003509
1443,0.003582
1444,0.004591
1445,0.011865
1446,0.01061
1447,0.010905
1448,0.009688
1449,0.014964
1450,0.016587
1451,0.000772
1452,0.000857
1453,0.015011
1454,0.000627
1455,0.000712
1456,0.000614
1457,0.000529
1458,0.000503
1459,0.007152
1460,0.013479
1461,0.010128
1462,0.013778
1463,0.011327
1464,0.011796
1465,0.022093
1466,0.018147
1467,0.074958
1468,0.529397
1469,0.97515
1470,0.993583
1471,0.996558
1472,0.996514
1473,0.996456
1474,0.997064
1475,0.99702
1476,0.997606
1477,0.684544
1478,0.007151
1479,0.007221
1480,0.017263
1481,0.012357
1482,0.006859
1483,0.005214
1484,0.00473
1485,0.005189
1486,0.004466
1487,0.005351
1488,0.005464
1489,0.009324
1490,0.00983
1491,0.006533
1492,0.007072
1493,0.00292
1494,0.004383
1495,0.00335
1496,0.00314
1497,0.003061
1498,0.003159
1499,0.003534
1500,0.003581
1501,0.00488
1502,0.006227
1503,0.008997
1504,0.006858
1505,0.005999
1506,0.005743
1507,0.008168
1508,0.007731
1509,0.006029
1510,0.008786
1511,0.006559
1512,0.006054
1513,0.007173
1514,0.007432
1515,0.006896
1516,0.010049
1517,0.009578
1518,0.008247
1519,0.006578
1520,0.006854
1521,0.008133
1522,0.009699
1523,0.011766
1524,0.00956
1525,0.013814
1526,0.017074
1527,0.010476
1528,0.008949
1529,0.013957
1530,0.010869
1531,0.010321
1532,0.009487
1533,0.008516
1534,0.007809
1535,0.006016
1536,0.011371
1537,0.01083
1538,0.007739
1539,0.008305
1540,0.011208
1541,0.006737
1542,0.007175
1543,0.0084
1544,0.007101
1545,0.006928
1546,0.013045
1547,0.011842
1548,0.010644
1549,0.008706
1550,0.008326
1551,0.007912
1552,0.006975
1553,0.008216
1554,0.007475
1555,0.007702
1556,0.01143
1557,0.010509
1558,0.009959
1559,0.007605
1560,0.008932
1561,0.011383
1562,0.012163
1563,0.012949
1564,0.011704
1565,0.008717
1566,0.017682
1567,0.011813
1568,0.01256
1569,0.01719
1570,0.010924
1571,0.010736
1572,0.010741
1573,0.010176
1574,0.013529
1575,0.013821
1576,0.011846
1577,0.010418
1578,0.011947
1579,0.010747
1580,0.011249
1581,0.009937
1582,0.01727
1583,0.015146
1584,0.017125
1585,0.01538
1586,0.015657
1587,0.011947
1588,0.010459
1589,0.008882
1590,0.004382
1591,0.006262
1592,0.009297
1593,0.006353
1594,0.007224
1595,0.006007
1596,0.006448
1597,0.006417
1598,0.007441
1599,0.007775
1600,0.010245
1601,0.0172
1602,0.018099
1603,0.027212
1604,0.025663
1605,0.028543
1606,0.033715
1607,0.048398
1608,0.112826
1609,0.940592
1610,0.989425
1611,0.990236
1612,0.994026
1613,0.99177
1614,0.99464
1615,0.993341
1616,0.989483
1617,0.976275
1618,0.965043
1619,0.994047
1620,0.498146
1621,0.033579
1622,0.095739
1623,0.020476
1624,0.01844
1625,0.020822
1626,0.020284
1627,0.014126
1628,0.011783
1629,0.012928
1630,0.013302
1631,0.009926
1632,0.007985
1633,0.011012
1634,0.011197
1635,0.014578
1636,0.01128
1637,0.010804
1638,0.005846
1639,0.007091
1640,0.007765
1641,0.008465
1642,0.015141
1643,0.020583
1644,0.018713
1645,0.045749
1646,0.049965
1647,0.030556
1648,0.031042
1649,0.069155
1650,0.213033
1651,0.211294
1652,0.404802
1653,0.408834
1654,0.516285
1655,0.519073
1656,0.478324
1657,0.41806
1658,0.37392
1659,0.318837
1660,0.363834
1661,0.149943
1662,0.500543
1663,0.26524
1664,0.297264
1665,0.322306
1666,0.395793
1667,0.36869
1668,0.337935
1669,0.376419
1670,0.409214
1671,0.411895
1672,0.432409
1673,0.272188
1674,0.170447
1675,0.205383
1676,0.18585
1677,0.175837
1678,0.153664
1679,0.142519
1680,0.192398
1681,0.157326
1682,0.142627
1683,0.094556
1684,0.05992
1685,0.068548
1686,0.122264
1687,0.097872
1688,0.101238
1689,0.108787
1690,0.087381
1691,0.061605
1692,0.051937
1693,0.076675
1694,0.073873
1695,0.088773
1696,0.04552
1697,0.028758
1698,0.037074
1699,0.075792
1700,0.017733
1701,0.026565
1702,0.039202
1703,0.026811
1704,0.030462
1705,0.04115
1706,0.05883
1707,0.059527
1708,0.047195
1709,0.03753
1710,0.089723
1711,0.249719
1712,0.201551
1713,0.209041
1714,0.326794
1715,0.38897
1716,0.180369
1717,0.293515
1718,0.332864
1719,0.329988
1720,0.282743
1721,0.282751
1722,0.33606
1723,0.254038
1724,0.234063
1725,0.278404
1726,0.320542
1727,0.298985
1728,0.21422
1729,0.257984
1730,0.420008
1731,0.447379
1732,0.371103
1733,0.262467
1734,0.292199
1735,0.279597
1736,0.250872
1737,0.230889
1738,0.152732
1739,0.144346
1740,0.159242
1741,0.210383
1742,0.134136
1743,0.154073
1744,0.226452
1745,0.334448
1746,0.351899
1747,0.300521
1748,0.266231
1749,0.280502
1750,0.252222
1751,0.297429
1752,0.287342
1753,0.34149
1754,0.355951
1755,0.335302
1756,0.207566
1757,0.262115
1758,0.20616
1759,0.293404
1760,0.346284
1761,0.246669
1762,0.298474
1763,0.225779
1764,0.304574
1765,0.269798
1766,0.301434
1767,0.467431
1768,0.643583
1769,0.726002
1770,0.775108
1771,0.779709
1772,0.777908
1773,0.76704
1774,0.7383
1775,0.706832
1776,0.710393
1777,0.626819
1778,0.522202
1779,0.566981
1780,0.561935
1781,0.563932
1782,0.619944
1783,0.578252
1784,0.480117
1785,0.542977
1786,0.582546
1787,0.559824
1788,0.602488
1789,0.42667
1790,0.416302
1791,0.41236
1792,0.423953
1793,0.420384
1794,0.389301
1795,0.382979
1796,0.454005
1797,0.464645
1798,0.43551
1799,0.438083
1800,0.36867
1801,0.425041
1802,0.393461
1803,0.373835
1804,0.39672
1805,0.368815
1806,0.356778
1807,0.353545
1808,0.366729
1809,0.365462
1810,0.380935
1811,0.374515
1812,0.403206
1813,0.377358
1814,0.516187
1815,0.505416
1816,0.504421
1817,0.46753
1818,0.461304
1819,0.320221
1820,0.390838
1821,0.428769
1822,0.362316
1823,0.366457
1824,0.451846
1825,0.499577
1826,0.429931
1827,0.424132
1828,0.433392
1829,0.401804
1830,0.445946
1831,0.369606
1832,0.352401
1833,0.366113
1834,0.456366
1835,0.362996
1836,0.38552
1837,0.442885
1838,0.437454
1839,0.424484
1840,0.538087
1841,0.506639
1842,0.50819
1843,0.554685
1844,0.515113
1845,0.458484
1846,0.550061
1847,0.538365
1848,0.551882
1849,0.491833
1850,0.526008
1851,0.402954
1852,0.427817
1853,0.456912
1854,0.392043
1855,0.317362
1856,0.467674
1857,0.366103
1858,0.362688
1859,0.358422
1860,0.4227
1861,0.530686
1862,0.465477
1863,0.401439
1864,0.449127
1865,0.403699
1866,0.422905
1867,0.399465
1868,0.354541
1869,0.465485
1870,0.359006
1871,0.348659
1872,0.459847
1873,0.388794
1874,0.368818
1875,0.336258
1876,0.47928
1877,0.522067
1878,0.572455
1879,0.61828
1880,0.602125
1881,0.611748
1882,0.590151
1883,0.604414
1884,0.630256
1885,0.593135
1886,0.682354
1887,0.624288
1888,0.573022
1889,0.592406
1890,0.626164
1891,0.582043
1892,0.600281
1893,0.586352
1894,0.60201
1895,0.59641
1896,0.511956
1897,0.535306
1898,0.634059
1899,0.498406
1900,0.477008
1901,0.425094
1902,0.456331
1903,0.549666
1904,0.444894
1905,0.369222
1906,0.473347
1907,0.552354
1908,0.591416
1909,0.641734
1910,0.616522
1911,0.509837
1912,0.575658
1913,0.577557
1914,0.586856
1915,0.579763
1916,0.588362
1917,0.544047
1918,0.354117
1919,0.611024
1920,0.55173
1921,0.469254
1922,0.586124
1923,0.490363
1924,0.392103
1925,0.287808
1926,0.377984
1927,0.311617
1928,0.387264
1929,0.423396
1930,0.45633
1931,0.321782
1932,0.585026
1933,0.554208
1934,0.608256
1935,0.507655
1936,0.496824
1937,0.464118
1938,0.259031
1939,0.10851
1940,0.061413
1941,0.066721
1942,0.677405
1943,0.943091
1944,0.982297
1945,0.994481
1946,0.998491
1947,0.990558
1948,0.997391
1949,0.998234
1950,0.992182
1951,0.990197
1952,0.995727
1953,0.959652
1954,0.990895
1955,0.967136
1956,0.771465
1957,0.753114
1958,0.263496
1959,0.196485
1960,0.05069
1961,0.864916
1962,0.939965
1963,0.953801
1964,0.96336
1965,0.961221
1966,0.977101
1967,0.986542
1968,0.987438
1969,0.985919
1970,0.988382
