1,0.998288
2,0.998324
3,0.994072
4,0.998529
5,0.995661
6,0.995501
7,0.998362
8,0.998562
9,0.997886
10,0.997764
11,0.997716
12,0.997772
13,0.998591
14,0.998677
15,0.998701
16,0.998408
17,0.998087
18,0.998557
19,0.998452
20,0.998278
21,0.998331
22,0.998506
23,0.998277
24,0.998089
25,0.998087
26,0.997871
27,0.998161
28,0.997928
29,0.998044
30,0.997982
31,0.997997
32,0.997984
33,0.997603
34,0.998174
35,0.997827
36,0.992649
37,0.923626
38,0.989429
39,0.992927
40,0.994284
41,0.995609
42,0.995563
43,0.996993
44,0.997664
45,0.997812
46,0.996582
47,0.99162
48,0.773724
49,0.145615
50,0.034034
51,0.01503
52,0.008914
53,0.008239
54,0.003948
55,0.024952
56,0.003408
57,0.001472
58,0.002523
59,0.005683
60,0.01055
61,0.005591
62,0.005663
63,0.010968
64,0.012299
65,0.013447
66,0.011915
67,0.014083
68,0.014415
69,0.013452
70,0.010446
71,0.0125
72,0.011874
73,0.009402
74,0.009185
75,0.005653
76,0.005153
77,0.004975
78,0.003801
79,0.004382
80,0.00497
81,0.003966
82,0.005118
83,0.00412
84,0.005015
85,0.008076
86,0.009417
87,0.006532
88,0.00946
89,0.007671
90,0.006619
91,0.008064
92,0.007187
93,0.113546
94,0.758815
95,0.988941
96,0.9849
97,0.965492
98,0.97191
99,0.947106
100,0.929313
101,0.911974
102,0.85591
103,0.88349
104,0.918337
105,0.95645
106,0.952573
107,0.932008
108,0.938132
109,0.958053
110,0.959201
111,0.965626
112,0.940568
113,0.760947
114,0.767282
115,0.910653
116,0.947397
117,0.966248
118,0.96993
119,0.954563
120,0.977486
121,0.982333
122,0.98359
123,0.971378
124,0.083775
125,0.006204
126,0.004963
127,0.004013
128,0.003688
129,0.002669
130,0.003185
131,0.005965
132,0.006975
133,0.0204
134,0.02207
135,0.012855
136,0.010887
137,0.011137
138,0.20135
139,0.369802
140,0.440375
141,0.849172
142,0.952996
143,0.977018
144,0.982914
145,0.985567
146,0.988269
147,0.988527
148,0.988028
149,0.988143
150,0.987221
151,0.996192
152,0.99691
153,0.996841
154,0.996993
155,0.997697
156,0.997807
157,0.997664
158,0.997884
159,0.997626
160,0.997807
161,0.997985
162,0.997764
163,0.997644
164,0.997664
165,0.997737
166,0.997453
167,0.997364
168,0.99757
169,0.997687
170,0.997708
171,0.997795
172,0.997932
173,0.99782
174,0.997764
175,0.997769
176,0.997797
177,0.997914
178,0.997933
179,0.99767
180,0.997916
181,0.998055
182,0.992984
183,0.601306
184,0.040385
185,0.009825
186,0.007042
187,0.009361
188,0.003667
189,0.004549
190,0.003282
191,0.003541
192,0.00426
193,0.005377
194,0.004654
195,0.004194
196,0.004909
197,0.004269
198,0.003882
199,0.004077
200,0.004492
201,0.004188
202,0.00227
203,0.001717
204,0.002279
205,0.000929
206,0.00114
207,0.000891
208,0.001234
209,0.000499
210,0.011902
211,0.021535
212,0.008371
213,0.008874
214,0.008669
215,0.008515
216,0.006932
217,0.019208
218,0.003571
219,0.064314
220,0.068286
221,0.90934
222,0.987667
223,0.994639
224,0.998216
225,0.998168
226,0.998171
227,0.998235
228,0.998306
229,0.996825
230,0.997135
231,0.998368
232,0.9983
233,0.924679
234,0.190238
235,0.006675
236,0.010406
237,0.005326
238,0.002862
239,0.002839
240,0.004038
241,0.001886
242,0.001571
243,0.001577
244,0.001462
245,0.00165
246,0.004405
247,0.002104
248,0.006407
249,0.007007
250,0.00665
251,0.006879
252,0.008808
253,0.012869
254,0.005815
255,0.00579
256,0.006016
257,0.006477
258,0.003742
259,0.005608
260,0.005185
261,0.004418
262,0.004092
263,0.005633
264,0.004926
265,0.009039
266,0.01012
267,0.008607
268,0.009999
269,0.009217
270,0.010145
271,0.008745
272,0.01288
273,0.010667
274,0.010046
275,0.007075
276,0.010608
277,0.013431
278,0.01322
279,0.017548
280,0.014238
281,0.012509
282,0.017885
283,0.012881
284,0.011278
285,0.011832
286,0.012018
287,0.008454
288,0.008405
289,0.015633
290,0.011083
291,0.012344
292,0.013287
293,0.013588
294,0.020264
295,0.012176
296,0.011294
297,0.009327
298,0.008627
299,0.009737
300,0.008416
301,0.009902
302,0.009262
303,0.007437
304,0.005482
305,0.005904
306,0.005065
307,0.004266
308,0.005259
309,0.00463
310,0.004831
311,0.004204
312,0.005211
313,0.006697
314,0.006528
315,0.007652
316,0.01389
317,0.011888
318,0.015963
319,0.013413
320,0.017777
321,0.014733
322,0.012265
323,0.010245
324,0.011396
325,0.014503
326,0.014186
327,0.01567
328,0.015851
329,0.017272
330,0.025129
331,0.015019
332,0.016778
333,0.013536
334,0.011256
335,0.013004
336,0.011829
337,0.010869
338,0.01091
339,0.006328
340,0.005318
341,0.005223
342,0.004773
343,0.005249
344,0.004435
345,0.00501
346,0.00406
347,0.003055
348,0.003438
349,0.004693
350,0.019779
351,0.527219
352,0.988011
353,0.987697
354,0.994865
355,0.993511
356,0.997443
357,0.997239
358,0.99774
359,0.995039
360,0.265722
361,0.021767
362,0.003307
363,0.001769
364,0.001591
365,0.001338
366,0.001429
367,0.001312
368,0.001501
369,0.001489
370,0.001486
371,0.000806
372,0.000673
373,0.001051
374,0.00109
375,0.000812
376,0.001218
377,0.001463
378,0.001921
379,0.002209
380,0.002316
381,0.002177
382,0.001113
383,0.000984
384,0.001049
385,0.001857
386,0.002125
387,0.001989
388,0.004837
389,0.0057
390,0.009857
391,0.005327
392,0.006231
393,0.005343
394,0.004346
395,0.005266
396,0.006641
397,0.007687
398,0.004229
399,0.002865
400,0.00158
401,0.00511
402,0.008761
403,0.010137
404,0.010253
405,0.008493
406,0.018772
407,0.00605
408,0.004561
409,0.005302
410,0.007959
411,0.008181
412,0.010442
413,0.008343
414,0.004777
415,0.006691
416,0.005604
417,0.008064
418,0.013991
419,0.016229
420,0.016058
421,0.018552
422,0.023344
423,0.016129
424,0.017252
425,0.02131
426,0.0255
427,0.022694
428,0.036474
429,0.033312
430,0.034143
431,0.034011
432,0.035724
433,0.043364
434,0.033662
435,0.013822
436,0.007956
437,0.003652
438,0.000274
439,0.000324
440,0.000634
441,0.003164
442,0.186433
443,0.951836
444,0.9953
445,0.997069
446,0.996619
447,0.996086
448,0.995737
449,0.995175
450,0.995907
451,0.996008
452,0.995944
453,0.994847
454,0.995485
455,0.981998
456,0.070085
457,0.007926
458,0.004317
459,0.002656
460,0.002625
461,0.003211
462,0.004036
463,0.004203
464,0.004987
465,0.006612
466,0.006753
467,0.006721
468,0.005645
469,0.002827
470,0.002549
471,0.001558
472,0.001386
473,0.002007
474,0.000931
475,0.000942
476,0.001051
477,0.001274
478,0.001138
479,0.000992
480,0.00087
481,0.001361
482,0.00074
483,0.000654
484,0.001184
485,0.001835
486,0.001547
487,0.001835
488,0.001549
489,0.001619
490,0.002756
491,0.002173
492,0.002965
493,0.030285
494,0.661134
495,0.966889
496,0.955883
497,0.874893
498,0.790269
499,0.940624
500,0.983212
501,0.974896
502,0.978541
503,0.979078
504,0.99519
505,0.261096
506,0.011296
507,0.006089
508,0.006329
509,0.004401
510,0.003417
511,0.002496
512,0.002021
513,0.001856
514,0.003463
515,0.002976
516,0.002006
517,0.004107
518,0.003687
519,0.002095
520,0.002777
521,0.003041
522,0.002608
523,0.003065
524,0.003042
525,0.002877
526,0.002356
527,0.001099
528,0.002017
529,0.001877
530,0.002234
531,0.015673
532,0.204881
533,0.962566
534,0.97526
535,0.979966
536,0.981055
537,0.984083
538,0.983265
539,0.893822
540,0.047431
541,0.00153
542,0.002056
543,0.001301
544,0.000569
545,0.000473
546,0.000825
547,0.000755
548,0.000613
549,0.000781
550,0.001126
551,0.007623
552,0.00657
553,0.00829
554,0.012571
555,0.001485
556,0.012764
557,0.015549
558,0.002155
559,0.001537
560,0.015421
561,0.001577
562,0.002177
563,0.002214
564,0.001873
565,0.000987
566,0.001018
567,0.001432
568,0.057327
569,0.963843
570,0.980807
571,0.97724
572,0.98335
573,0.981319
574,0.980868
575,0.979983
576,0.97425
577,0.30278
578,0.028225
579,0.022911
580,0.003234
581,0.000969
582,0.000724
583,0.000615
584,0.000582
585,0.000509
586,0.000725
587,0.000635
588,0.000652
589,0.000717
590,0.00071
591,0.000726
592,0.000749
593,0.000943
594,0.000816
595,0.036542
596,0.979591
597,0.982771
598,0.984299
599,0.984348
600,0.983607
601,0.985229
602,0.989038
603,0.989302
604,0.991193
605,0.985144
606,0.979429
607,0.026921
608,0.002957
609,0.00258
610,0.002685
611,0.002406
612,0.002508
613,0.00501
614,0.005394
615,0.00404
616,0.004389
617,0.00268
618,0.003372
619,0.002772
620,0.003421
621,0.002325
622,0.002365
623,0.00204
624,0.002746
625,0.004181
626,0.004403
627,0.002742
628,0.003007
629,0.002872
630,0.002766
631,0.003234
632,0.002375
633,0.002183
634,0.002237
635,0.001954
636,0.00218
637,0.003126
638,0.019155
639,0.079602
640,0.865819
641,0.978767
642,0.988816
643,0.990099
644,0.989734
645,0.991408
646,0.990701
647,0.988466
648,0.986684
649,0.986878
650,0.986373
651,0.986726
652,0.987192
653,0.989741
654,0.987902
655,0.987016
656,0.986158
657,0.986632
658,0.986947
659,0.985744
660,0.985721
661,0.983026
662,0.985585
663,0.576168
664,0.031631
665,0.001558
666,0.00259
667,0.002032
668,0.001743
669,0.001765
670,0.002246
671,0.002598
672,0.001722
673,0.00428
674,0.003427
675,0.002608
676,0.002438
677,0.002267
678,0.001611
679,0.002308
680,0.002459
681,0.001806
682,0.001051
683,0.000897
684,0.000947
685,0.001568
686,0.001414
687,0.000998
688,0.000786
689,0.000762
690,0.000702
691,0.000487
692,0.000759
693,0.0014
694,0.002349
695,0.07909
696,0.642205
697,0.900847
698,0.985742
699,0.994356
700,0.995247
