1,0.985516
2,0.988096
3,0.989188
4,0.987236
5,0.513387
6,0.098189
7,0.015706
8,0.013085
9,0.009167
10,0.004707
11,0.005578
12,0.006989
13,0.011608
14,0.005213
15,0.005296
16,0.005845
17,0.046334
18,0.866871
19,0.996852
20,0.986528
21,0.996776
22,0.997023
23,0.997364
24,0.997387
25,0.98772
26,0.987504
27,0.997935
28,0.987642
29,0.987654
30,0.986452
31,0.998027
32,0.987232
33,0.998026
34,0.997969
35,0.997936
36,0.998303
37,0.986541
38,0.997752
39,0.997842
40,0.997066
41,0.289599
42,0.129598
43,0.020705
44,0.097509
45,0.077815
46,0.06089
47,0.065624
48,0.068591
49,0.063399
50,0.124598
51,0.10936
52,0.106905
53,0.103292
54,0.407176
55,0.337537
56,0.911936
57,0.973888
58,0.988847
59,0.991296
60,0.99401
61,0.992107
62,0.992851
63,0.991995
64,0.987742
65,0.988865
66,0.974443
67,0.987384
68,0.983768
69,0.978174
70,0.977275
71,0.954771
72,0.960255
73,0.946853
74,0.940894
75,0.727193
76,0.093856
77,0.033623
78,0.040058
79,0.029001
80,0.021774
81,0.028601
82,0.04125
83,0.03085
84,0.029922
85,0.033042
86,0.028063
87,0.03554
88,0.028711
89,0.072432
90,0.542522
91,0.988792
92,0.987694
93,0.988862
94,0.988854
95,0.984013
96,0.977056
97,0.947223
98,0.940464
99,0.940376
100,0.955933
101,0.946128
102,0.973811
103,0.936812
104,0.141612
105,0.027041
106,0.013798
107,0.027368
108,0.022461
109,0.013901
110,0.029242
111,0.030658
112,0.023352
113,0.027746
114,0.022218
115,0.019236
116,0.017051
117,0.017674
118,0.014907
119,0.017402
120,0.01163
121,0.012004
122,0.013393
123,0.01175
124,0.010477
125,0.011323
126,0.015492
127,0.019265
128,0.022679
129,0.023686
130,0.0217
131,0.02215
132,0.03087
133,0.022823
134,0.029171
135,0.029909
136,0.027603
137,0.037189
138,0.027998
139,0.011385
140,0.011185
141,0.008679
142,0.003283
143,0.00243
144,0.002867
145,0.010888
146,0.003629
147,0.004965
148,0.006264
149,0.001895
150,0.001488
151,0.001804
152,0.001969
153,0.002084
154,0.010623
155,0.002257
156,0.002817
157,0.004474
158,0.017182
159,0.027756
160,0.028238
161,0.021993
162,0.021887
163,0.017889
164,0.014277
165,0.017984
166,0.049616
167,0.039723
168,0.037128
169,0.036535
170,0.044712
171,0.026742
172,0.030548
173,0.022474
174,0.019219
175,0.015883
176,0.013056
177,0.003584
178,0.004229
179,0.004929
180,0.004108
181,0.006423
182,0.009046
183,0.004273
184,0.005285
185,0.004543
186,0.003924
187,0.004549
188,0.003241
189,0.00387
190,0.072404
191,0.65615
192,0.876905
193,0.98714
194,0.99531
195,0.99368
196,0.993567
197,0.994544
198,0.997589
199,0.998413
200,0.998396
201,0.641984
202,0.135022
203,0.021905
204,0.025429
205,0.003216
206,0.001747
207,0.000962
208,0.000969
209,0.000858
210,0.02423
211,0.023346
212,0.027981
213,0.02199
214,0.022401
215,0.028285
216,0.037683
217,0.03084
218,0.041498
219,0.053274
220,0.065931
221,0.016004
222,0.020589
223,0.02965
224,0.024504
225,0.025194
226,0.034885
227,0.041824
228,0.057799
229,0.102043
230,0.089691
231,0.060393
232,0.083863
233,0.087601
234,0.057685
235,0.106523
236,0.116361
237,0.087217
238,0.062079
239,0.069952
240,0.041932
241,0.04068
242,0.040941
243,0.029769
244,0.025618
245,0.020229
246,0.005444
247,0.005279
248,0.015082
249,0.015579
250,0.013659
251,0.019756
252,0.260731
253,0.938171
254,0.990633
255,0.995561
256,0.995267
257,0.994923
258,0.995575
259,0.995394
260,0.995311
261,0.994571
262,0.995021
263,0.994962
264,0.979376
265,0.185065
266,0.052793
267,0.017904
268,0.021332
269,0.021818
270,0.015819
271,0.005854
272,0.005768
273,0.008367
274,0.010864
275,0.014356
276,0.022399
277,0.018694
278,0.023603
279,0.021994
280,0.026048
281,0.019186
282,0.021807
283,0.021194
284,0.015823
285,0.016759
286,0.011951
287,0.007651
288,0.011358
289,0.007224
290,0.008135
291,0.005376
292,0.006224
293,0.006995
294,0.00734
295,0.008283
296,0.005706
297,0.005229
298,0.012464
299,0.021922
300,0.017172
301,0.01559
302,0.027257
303,0.0322
304,0.018817
305,0.024592
306,0.048177
307,0.032407
308,0.017421
309,0.01332
310,0.013364
311,0.01791
312,0.018832
313,0.02039
314,0.021269
315,0.022299
316,0.033434
317,0.022287
318,0.027351
319,0.033288
320,0.036741
321,0.038216
322,0.105053
323,0.075037
324,0.040713
325,0.029301
326,0.018652
327,0.022882
328,0.026059
329,0.026714
330,0.021216
331,0.010418
332,0.009469
333,0.012115
334,0.009574
335,0.013792
336,0.01105
337,0.007225
338,0.016823
339,0.017423
340,0.017161
341,0.034056
342,0.057111
343,0.044614
344,0.049673
345,0.044953
346,0.028944
347,0.036167
348,0.039646
349,0.027863
350,0.040108
351,0.019731
352,0.0165
353,0.031757
354,0.046162
355,0.063572
356,0.048746
357,0.035523
358,0.047054
359,0.04673
360,0.06864
361,0.058862
362,0.130485
363,0.103284
364,0.067838
365,0.037494
366,0.031937
367,0.032536
368,0.028286
369,0.02196
370,0.024759
371,0.02362
372,0.014086
373,0.016054
374,0.013517
375,0.005732
376,0.007019
377,0.006036
378,0.010299
379,0.007555
380,0.009806
381,0.009228
382,0.014632
383,0.013666
384,0.014231
385,0.09714
386,0.101884
387,0.005538
388,0.187108
389,0.968689
390,0.994577
391,0.996441
392,0.994694
393,0.995913
394,0.996739
395,0.996716
396,0.997207
397,0.996591
398,0.997791
399,0.878467
400,0.039282
401,0.002702
402,0.001136
403,0.000359
404,0.003284
405,0.008877
406,0.007114
407,0.007557
408,0.018366
409,0.012415
410,0.014666
411,0.008521
412,0.01048
413,0.013894
414,0.014421
415,0.014266
416,0.012624
417,0.012343
418,0.014423
419,0.010506
420,0.012853
421,0.007753
422,0.008982
423,0.009227
424,0.007074
425,0.007486
426,0.006444
427,0.006715
428,0.008568
429,0.010009
430,0.005838
431,0.00633
432,0.00776
433,0.006253
434,0.00534
435,0.005765
436,0.012662
437,0.011169
438,0.011095
439,0.006525
440,0.003092
441,0.291573
442,0.90374
443,0.987422
444,0.996189
445,0.997482
446,0.997747
447,0.994445
448,0.995405
449,0.994656
450,0.997001
451,0.93686
452,0.13537
453,0.006408
454,0.008079
455,0.004255
456,0.009185
457,0.0023
458,0.001746
459,0.001168
460,0.017546
461,0.02083
462,0.054403
463,0.015249
464,0.020683
465,0.021086
466,0.018767
467,0.012992
468,0.011699
469,0.018708
470,0.030261
471,0.025605
472,0.021915
473,0.027317
474,0.021694
475,0.025955
476,0.030505
477,0.029303
478,0.020591
479,0.024907
480,0.02558
481,0.025959
482,0.027137
483,0.026349
484,0.02946
485,0.050888
486,0.047615
487,0.055821
488,0.067752
489,0.115981
490,0.118135
491,0.078668
492,0.100744
493,0.117577
494,0.050912
495,0.053544
496,0.118658
497,0.098389
498,0.061565
499,0.05335
500,0.059809
501,0.047173
502,0.080264
503,0.033001
504,0.044078
505,0.051387
506,0.055659
507,0.046147
508,0.041293
509,0.039264
510,0.036993
511,0.03907
512,0.036904
513,0.033029
514,0.072994
515,0.107151
516,0.165726
517,0.133491
518,0.107097
519,0.14294
520,0.248045
521,0.201152
522,0.181333
523,0.214859
524,0.18886
525,0.142805
526,0.18239
527,0.177221
528,0.242467
529,0.306431
530,0.309312
531,0.309496
532,0.37326
533,0.272537
534,0.315428
535,0.326147
536,0.309715
537,0.194828
538,0.181551
539,0.173927
540,0.143355
541,0.169629
542,0.164571
543,0.140719
544,0.132
545,0.115435
546,0.135193
547,0.14387
548,0.105569
549,0.050163
550,0.069876
551,0.051687
552,0.060504
553,0.076388
554,0.091071
555,0.063247
556,0.048049
557,0.049734
558,0.050417
559,0.063846
560,0.118043
561,0.141895
562,0.132803
563,0.095459
564,0.115154
565,0.123746
566,0.134928
567,0.043198
568,0.044449
569,0.040398
570,0.04108
571,0.031309
572,0.032036
573,0.04869
574,0.079577
575,0.076093
576,0.462478
577,0.596534
578,0.944034
579,0.980226
580,0.987513
581,0.988634
582,0.990564
583,0.99347
584,0.995034
585,0.995583
586,0.995685
587,0.996136
588,0.994992
589,0.995556
590,0.994544
591,0.993699
592,0.992965
593,0.99329
594,0.994639
595,0.989548
596,0.119432
597,0.023087
598,0.020355
599,0.02147
600,0.014462
601,0.014695
602,0.019407
603,0.012209
604,0.0089
605,0.011032
606,0.01077
607,0.012682
608,0.012527
609,0.011244
610,0.010523
611,0.009644
612,0.007459
613,0.019778
614,0.09873
615,0.959063
616,0.995857
617,0.995912
618,0.995605
619,0.995836
620,0.995656
621,0.994473
622,0.994041
623,0.993815
624,0.994689
625,0.99399
626,0.99411
627,0.995278
628,0.995345
629,0.99365
630,0.901608
631,0.023924
632,0.006319
633,0.005869
634,0.006971
635,0.004439
636,0.003942
637,0.008465
638,0.008408
639,0.005021
640,0.007047
641,0.007258
642,0.005064
643,0.011037
644,0.011359
645,0.019829
646,0.021333
647,0.016958
648,0.007621
649,0.005712
650,0.005854
651,0.005286
652,0.004498
653,0.010101
654,0.009829
655,0.011266
656,0.052308
657,0.03165
658,0.05358
659,0.043713
660,0.058112
661,0.093088
662,0.088167
663,0.034774
664,0.030061
665,0.014269
666,0.012232
667,0.002581
668,0.008945
669,0.104837
670,0.571139
671,0.92929
672,0.967697
673,0.969994
674,0.97366
675,0.981652
676,0.966145
677,0.970713
678,0.950644
679,0.948881
680,0.95643
681,0.964806
682,0.98006
683,0.9744
684,0.972461
685,0.967683
686,0.971007
687,0.922848
688,0.870276
689,0.989005
690,0.128313
691,0.017053
692,0.000951
693,0.006541
694,0.014335
695,0.034526
696,0.047857
697,0.061049
698,0.046729
699,0.03958
700,0.050627
701,0.046598
702,0.057086
703,0.035323
704,0.03801
705,0.031799
