1,0.996463
2,0.99556
3,0.996257
4,0.9956
5,0.995299
6,0.995086
7,0.994292
8,0.996365
9,0.996561
10,0.996743
11,0.996849
12,0.99732
13,0.996878
14,0.996948
15,0.996733
16,0.996737
17,0.995863
18,0.996754
19,0.996945
20,0.99704
21,0.997338
22,0.997132
23,0.996351
24,0.997007
25,0.995551
26,0.995908
27,0.995771
28,0.995147
29,0.995431
30,0.995669
31,0.995361
32,0.995088
33,0.994992
34,0.99479
35,0.994664
36,0.994671
37,0.997223
38,0.997285
39,0.997279
40,0.997316
41,0.996152
42,0.995835
43,0.996954
44,0.99696
45,0.996147
46,0.992416
47,0.973778
48,0.173976
49,0.06905
50,0.066233
51,0.085904
52,0.06625
53,0.074473
54,0.123143
55,0.147547
56,0.141339
57,0.149579
58,0.204658
59,0.043294
60,0.05679
61,0.030888
62,0.03004
63,0.012108
64,0.022875
65,0.018084
66,0.020798
67,0.049504
68,0.046528
69,0.032319
70,0.03862
71,0.04848
72,0.097605
73,0.05897
74,0.532016
75,0.973354
76,0.978684
77,0.974089
78,0.977856
79,0.976989
80,0.973988
81,0.973367
82,0.967494
83,0.976305
84,0.968415
85,0.975545
86,0.967623
87,0.969579
88,0.956024
89,0.961276
90,0.965338
91,0.966331
92,0.971523
93,0.968517
94,0.961921
95,0.813415
96,0.314375
97,0.127925
98,0.082253
99,0.055761
100,0.067345
101,0.056999
102,0.041481
103,0.03195
104,0.036984
105,0.044713
106,0.042628
107,0.03825
108,0.023272
109,0.027587
110,0.03524
111,0.032248
112,0.03938
113,0.030192
114,0.044936
115,0.025849
116,0.048563
117,0.053207
118,0.034551
119,0.02221
120,0.03853
121,0.02041
122,0.047415
123,0.664296
124,0.97421
125,0.992509
126,0.993253
127,0.988376
128,0.991223
129,0.990484
130,0.991013
131,0.991715
132,0.991794
133,0.993545
134,0.934392
135,0.207686
136,0.060616
137,0.029121
138,0.031355
139,0.023605
140,0.087874
141,0.140703
142,0.150974
143,0.153582
144,0.488901
145,0.35505
146,0.286115
147,0.19105
148,0.184096
149,0.165811
150,0.182239
151,0.207805
152,0.209863
153,0.226589
154,0.205934
155,0.150644
156,0.118222
157,0.09171
158,0.14799
159,0.159612
160,0.099396
161,0.089456
162,0.060755
163,0.054225
164,0.066932
165,0.065543
166,0.032462
167,0.109736
168,0.806547
169,0.988915
170,0.833443
171,0.976947
172,0.979891
173,0.956058
174,0.960752
175,0.939077
176,0.936505
177,0.971194
178,0.975257
179,0.990332
180,0.986532
181,0.997022
182,0.997183
183,0.997667
184,0.987473
185,0.990233
186,0.987586
187,0.99186
188,0.994828
189,0.994706
190,0.993932
191,0.995652
192,0.993132
193,0.992311
194,0.992902
195,0.993052
196,0.994207
197,0.993397
198,0.988191
199,0.992622
200,0.994879
201,0.995574
202,0.993944
203,0.996618
204,0.666801
205,0.111637
206,0.089442
207,0.064122
208,0.071618
209,0.065759
210,0.040557
211,0.031521
212,0.035487
213,0.039187
214,0.023193
215,0.025791
216,0.036059
217,0.067872
218,0.051964
219,0.104907
220,0.084515
221,0.102274
222,0.089836
223,0.061554
224,0.099706
225,0.096088
226,0.061681
227,0.037829
228,0.029922
229,0.044641
230,0.084438
231,0.051182
232,0.065766
233,0.065053
234,0.042669
235,0.044868
236,0.030323
237,0.02193
238,0.027622
239,0.042983
240,0.062573
241,0.056795
242,0.115137
243,0.042779
244,0.136266
245,0.080978
246,0.148375
247,0.089013
248,0.058405
249,0.042623
250,0.078458
251,0.27601
252,0.225257
253,0.110956
254,0.01966
255,0.014808
256,0.013855
257,0.038322
258,0.021147
259,0.10093
260,0.097043
261,0.210876
262,0.011341
263,0.930339
264,0.979631
265,0.982984
266,0.985297
267,0.985784
268,0.99229
269,0.994564
270,0.99305
271,0.994132
272,0.989757
273,0.27863
274,0.394345
275,0.303441
276,0.262272
277,0.244224
278,0.226692
279,0.228804
280,0.242838
281,0.163154
282,0.2095
283,0.153156
284,0.135231
285,0.176483
286,0.121268
287,0.122836
288,0.197975
289,0.184435
290,0.284693
291,0.057203
292,0.021039
293,0.012177
294,0.097837
295,0.091749
296,0.099138
297,0.055464
298,0.075821
299,0.081365
300,0.208248
301,0.382882
302,0.280158
303,0.460902
304,0.376151
305,0.394969
306,0.381837
307,0.352366
308,0.15043
309,0.200463
310,0.146641
311,0.150554
312,0.177466
313,0.302782
314,0.111548
315,0.12387
316,0.161686
317,0.171834
318,0.159835
319,0.193041
320,0.120253
321,0.121397
322,0.077348
323,0.064132
324,0.071422
325,0.067242
326,0.136571
327,0.160093
328,0.05295
329,0.046792
330,0.056571
331,0.069497
332,0.051075
333,0.063309
334,0.061043
335,0.045509
336,0.053439
337,0.068616
338,0.103081
339,0.094406
340,0.080273
341,0.136106
342,0.188229
343,0.129101
344,0.333813
345,0.623278
346,0.37646
347,0.947764
348,0.975444
349,0.984566
350,0.991245
351,0.988167
352,0.993887
353,0.989073
354,0.99138
355,0.989757
356,0.992342
357,0.993666
358,0.996399
359,0.994912
360,0.995563
361,0.995238
362,0.996202
363,0.995981
364,0.992581
365,0.988202
366,0.995286
367,0.162479
368,0.042375
369,0.063743
370,0.161959
371,0.139304
372,0.142872
373,0.135729
374,0.184761
375,0.08803
376,0.073537
377,0.049834
378,0.023748
379,0.018888
380,0.025403
381,0.164177
382,0.116696
383,0.090701
384,0.085432
385,0.080787
386,0.060524
387,0.051757
388,0.061354
389,0.068272
390,0.077862
391,0.06427
392,0.057922
393,0.039848
394,0.073514
395,0.059695
396,0.03721
397,0.041288
398,0.060812
399,0.04901
400,0.032183
401,0.039564
402,0.032037
403,0.03921
404,0.041792
405,0.357937
406,0.906516
407,0.984886
408,0.993316
409,0.995125
410,0.995527
411,0.99598
412,0.995414
413,0.996716
414,0.997318
415,0.997015
416,0.997051
417,0.996908
418,0.995983
419,0.994102
420,0.995857
421,0.996397
422,0.988513
423,0.959228
424,0.994291
425,0.995094
426,0.992525
427,0.998037
428,0.926413
429,0.028534
430,0.019102
431,0.022014
432,0.010862
433,0.024868
434,0.015486
435,0.006603
436,0.006136
437,0.004045
438,0.004413
439,0.00701
440,0.010885
441,0.01778
442,0.022074
443,0.014379
444,0.02214
445,0.024125
446,0.071923
447,0.016529
448,0.055918
449,0.011666
450,0.186294
451,0.14328
452,0.036317
453,0.101495
454,0.089504
455,0.043555
456,0.027479
457,0.024143
458,0.0323
459,0.053313
460,0.058648
461,0.045288
462,0.077746
463,0.126771
464,0.166526
465,0.115839
466,0.08276
467,0.084583
468,0.054157
469,0.051751
470,0.066241
471,0.090566
472,0.124977
473,0.764916
474,0.900261
475,0.979283
476,0.985074
477,0.98921
478,0.983408
479,0.97256
480,0.976805
481,0.977426
482,0.926715
483,0.945106
484,0.927783
485,0.923875
486,0.889538
487,0.858395
488,0.809965
489,0.76311
490,0.849755
491,0.925052
492,0.949984
493,0.964346
494,0.969162
495,0.971657
496,0.978558
497,0.967908
498,0.957092
499,0.942428
500,0.953148
501,0.913112
502,0.887511
503,0.84035
504,0.901049
505,0.94853
506,0.985305
507,0.62743
508,0.066665
509,0.064289
510,0.031887
511,0.003704
512,0.005974
513,0.009338
514,0.063219
515,0.05843
516,0.080376
517,0.079569
518,0.086159
519,0.074972
520,0.05478
521,0.067266
522,0.084758
523,0.064894
524,0.109843
525,0.197448
526,0.179995
527,0.047449
528,0.041543
529,0.055023
530,0.050441
531,0.165712
532,0.127309
533,0.050685
534,0.015164
535,0.009266
536,0.0112
537,0.068359
538,0.083954
539,0.080692
540,0.051669
541,0.019875
542,0.100475
543,0.46972
544,0.972821
545,0.996125
546,0.997852
547,0.998204
548,0.998258
549,0.99835
550,0.998552
551,0.998405
552,0.997948
553,0.984506
554,0.348634
555,0.12066
556,0.062559
557,0.028367
558,0.025206
559,0.017168
560,0.015942
561,0.009522
562,0.012561
563,0.011591
564,0.020163
565,0.019877
566,0.031431
567,0.02046
568,0.019451
569,0.018937
570,0.156649
571,0.378818
572,0.88473
573,0.991958
574,0.992036
575,0.996031
576,0.9968
577,0.994171
578,0.994354
579,0.996367
580,0.992273
581,0.990241
582,0.987244
583,0.991793
584,0.992749
585,0.98985
586,0.995612
587,0.994097
588,0.993732
589,0.99138
590,0.996094
591,0.995991
592,0.996139
593,0.996665
594,0.996399
595,0.995284
596,0.997075
597,0.996697
598,0.989405
599,0.139044
600,0.029527
601,0.030073
602,0.062613
603,0.013101
604,0.011926
605,0.010022
606,0.021044
607,0.08991
608,0.027444
609,0.031475
610,0.052033
611,0.036805
612,0.061136
613,0.049894
614,0.017702
615,0.01803
616,0.015008
617,0.010873
618,0.01887
619,0.024757
620,0.032701
621,0.037639
622,0.034604
623,0.019208
624,0.012538
625,0.016347
626,0.018555
627,0.006076
628,0.032375
629,0.034668
630,0.031132
631,0.032072
632,0.014099
633,0.007607
634,0.006547
635,0.012903
636,0.575152
637,0.786181
638,0.981006
639,0.996781
640,0.997556
641,0.997688
642,0.994706
643,0.99547
644,0.993346
645,0.992244
646,0.994341
647,0.840316
648,0.19118
649,0.124703
650,0.085384
651,0.124615
652,0.178025
653,0.184103
654,0.136701
655,0.097978
656,0.103085
657,0.092726
658,0.069811
659,0.009128
660,0.014518
661,0.022262
662,0.028967
663,0.042892
664,0.051493
665,0.101207
666,0.124464
667,0.113847
668,0.108815
669,0.125989
670,0.14228
671,0.144423
672,0.169716
673,0.132437
674,0.114961
675,0.112907
676,0.142151
677,0.11128
678,0.129139
679,0.118818
680,0.142282
681,0.15318
682,0.133759
683,0.084389
684,0.05107
685,0.061912
686,0.055294
687,0.058074
688,0.080544
689,0.072574
690,0.078247
691,0.106721
692,0.12782
693,0.09689
694,0.096523
695,0.051412
696,0.051421
697,0.058581
698,0.077876
699,0.475214
700,0.688272
701,0.903822
702,0.995187
703,0.98048
704,0.98902
705,0.991898
706,0.987656
707,0.991421
708,0.993302
709,0.994696
710,0.995032
711,0.996093
712,0.99641
713,0.996665
714,0.988923
715,0.291727
716,0.074519
717,0.073156
718,0.020123
719,0.02402
720,0.048186
721,0.120679
722,0.170666
723,0.144946
724,0.174104
725,0.179523
726,0.171908
727,0.147224
728,0.125476
729,0.162151
730,0.122292
731,0.134737
732,0.11469
733,0.076249
734,0.067901
735,0.05384
736,0.051582
737,0.03751
738,0.03705
739,0.037794
740,0.031903
741,0.031638
742,0.091221
743,0.059321
744,0.036643
745,0.039869
746,0.039247
747,0.042994
748,0.028685
749,0.01106
750,0.014064
751,0.022617
752,0.017986
753,0.019624
754,0.017421
755,0.016548
756,0.016293
757,0.019886
758,0.024499
759,0.020976
760,0.028182
761,0.0254
762,0.031077
763,0.027306
764,0.031744
765,0.017065
766,0.01962
767,0.020354
768,0.02204
769,0.025304
770,0.031247
771,0.024111
772,0.022175
773,0.016436
774,0.029332
775,0.151023
776,0.381453
777,0.952002
778,0.897233
779,0.943689
780,0.941138
781,0.92946
782,0.933974
783,0.964139
784,0.959832
785,0.979194
786,0.973691
787,0.982177
788,0.970508
789,0.239622
790,0.046483
791,0.032201
792,0.019925
793,0.017462
794,0.026789
795,0.07088
796,0.133615
797,0.103711
798,0.037102
799,0.096201
800,0.162687
801,0.099055
802,0.223445
803,0.207997
804,0.216685
805,0.227367
806,0.278439
807,0.261013
808,0.327278
809,0.35906
810,0.196248
811,0.168128
812,0.420988
813,0.31304
814,0.383757
815,0.272237
816,0.128244
817,0.271986
818,0.58317
819,0.605611
820,0.499465
821,0.586441
822,0.795141
823,0.77071
824,0.76589
825,0.674343
826,0.461416
827,0.610242
828,0.489553
829,0.298958
830,0.150384
831,0.070797
832,0.21159
833,0.094202
834,0.253106
835,0.088458
836,0.035913
837,0.279255
838,0.793225
839,0.986401
840,0.995728
841,0.996687
842,0.997307
843,0.997113
844,0.99746
845,0.99751
846,0.984042
847,0.522065
848,0.079267
849,0.049384
850,0.023385
851,0.053605
852,0.142512
853,0.015853
854,0.083546
855,0.186283
856,0.240943
857,0.284583
858,0.373248
859,0.622459
860,0.694537
861,0.681716
862,0.727515
863,0.800468
864,0.739394
865,0.718699
866,0.854662
867,0.869316
868,0.857406
869,0.861214
870,0.869906
871,0.900926
872,0.879003
873,0.883324
874,0.853567
875,0.85461
876,0.840379
877,0.784442
878,0.840144
879,0.841397
880,0.865728
881,0.884489
882,0.886052
883,0.913878
884,0.889656
885,0.906639
886,0.921932
887,0.919811
888,0.919949
889,0.863653
890,0.860552
891,0.867915
892,0.889996
893,0.884241
894,0.922265
895,0.857857
896,0.898672
897,0.915183
898,0.908476
899,0.918442
900,0.896484
901,0.860801
902,0.856206
903,0.705584
904,0.735983
905,0.865669
906,0.879375
907,0.882181
908,0.856241
909,0.903204
910,0.895924
911,0.899131
912,0.906407
913,0.835628
914,0.787381
915,0.73329
916,0.905748
917,0.918896
918,0.942877
919,0.917681
920,0.923606
921,0.867082
922,0.939402
923,0.44168
924,0.823734
925,0.77585
926,0.769904
927,0.861382
928,0.928726
929,0.796949
930,0.856022
931,0.895127
932,0.88111
933,0.895563
934,0.937168
935,0.954941
936,0.962083
937,0.967971
938,0.967428
939,0.966299
940,0.965675
941,0.967218
942,0.963663
943,0.912453
944,0.933014
945,0.904752
946,0.911412
947,0.927174
948,0.905353
949,0.84924
950,0.806906
951,0.760288
952,0.805404
953,0.753797
954,0.797049
955,0.741408
956,0.669917
957,0.66239
958,0.879612
959,0.944295
960,0.913707
961,0.898744
962,0.909407
963,0.91122
964,0.864509
965,0.887051
966,0.885346
967,0.828303
968,0.882577
969,0.827373
970,0.797249
971,0.66926
972,0.351465
973,0.330224
974,0.4185
975,0.896368
976,0.757431
977,0.395935
978,0.688748
979,0.67645
980,0.767821
981,0.706381
982,0.536537
983,0.272248
984,0.444148
985,0.145263
986,0.086162
987,0.135855
988,0.266097
989,0.468962
990,0.838678
991,0.947908
992,0.990356
993,0.989868
994,0.988577
995,0.993458
996,0.994576
997,0.993493
998,0.988501
999,0.991679
1000,0.984978
1001,0.974192
1002,0.973941
1003,0.987714
1004,0.990821
1005,0.997495
1006,0.997705
1007,0.997548
1008,0.996952
1009,0.997621
1010,0.995934
1011,0.989381
1012,0.97094
1013,0.985418
1014,0.99465
1015,0.995127
1016,0.993339
1017,0.983362
1018,0.991327
1019,0.964072
1020,0.086895
1021,0.031545
1022,0.020519
1023,0.021265
1024,0.067874
1025,0.116534
1026,0.089749
1027,0.053187
1028,0.061771
1029,0.075094
1030,0.06676
1031,0.055054
1032,0.055363
1033,0.046155
1034,0.064049
1035,0.059296
1036,0.046611
1037,0.047005
1038,0.04599
1039,0.03929
1040,0.052969
1041,0.065746
1042,0.069128
1043,0.045565
1044,0.047779
1045,0.053629
1046,0.053668
1047,0.055263
1048,0.057887
1049,0.05765
1050,0.045154
1051,0.051099
1052,0.029839
1053,0.027236
1054,0.01579
1055,0.009831
1056,0.008249
1057,0.018087
1058,0.014601
1059,0.010423
1060,0.008267
1061,0.008661
1062,0.017608
1063,0.020967
1064,0.03774
1065,0.024476
1066,0.010114
1067,0.041404
1068,0.056182
1069,0.048943
1070,0.059445
1071,0.056712
1072,0.069676
1073,0.063025
1074,0.075829
1075,0.077561
1076,0.094586
1077,0.085554
1078,0.122412
1079,0.109781
1080,0.153567
1081,0.201356
1082,0.086698
1083,0.007785
1084,0.018549
1085,0.066217
1086,0.169919
1087,0.0468
1088,0.049242
1089,0.037235
1090,0.032043
1091,0.172472
1092,0.225385
1093,0.226091
1094,0.257407
1095,0.128764
1096,0.110558
1097,0.051531
1098,0.176413
1099,0.454947
1100,0.54485
1101,0.597538
1102,0.520191
1103,0.65393
1104,0.657222
1105,0.612171
1106,0.382408
1107,0.433613
1108,0.490465
1109,0.385546
1110,0.408894
1111,0.379944
1112,0.336724
1113,0.338018
1114,0.399906
1115,0.339655
1116,0.303282
1117,0.036757
1118,0.248964
1119,0.108442
1120,0.856265
1121,0.984853
1122,0.994313
1123,0.997818
1124,0.997646
1125,0.993421
1126,0.993641
1127,0.994223
1128,0.994806
1129,0.993077
1130,0.99313
1131,0.993631
1132,0.990487
1133,0.990528
1134,0.498679
1135,0.101352
1136,0.073399
1137,0.062327
1138,0.048222
1139,0.050644
1140,0.05488
1141,0.043233
1142,0.042612
1143,0.030727
1144,0.023927
1145,0.025331
1146,0.046928
1147,0.028157
1148,0.023397
1149,0.027796
1150,0.220903
1151,0.36206
1152,0.863067
1153,0.987109
1154,0.991672
1155,0.994263
1156,0.994392
1157,0.994832
1158,0.994724
1159,0.993627
1160,0.993064
1161,0.992896
1162,0.991564
1163,0.991796
1164,0.990708
1165,0.991228
1166,0.992925
1167,0.993383
1168,0.992688
1169,0.982866
1170,0.989202
1171,0.991416
1172,0.991475
1173,0.989441
1174,0.991977
1175,0.991709
1176,0.991507
1177,0.992817
1178,0.993248
1179,0.991335
1180,0.991481
1181,0.995914
1182,0.991309
1183,0.99685
1184,0.997025
1185,0.991143
1186,0.990737
1187,0.995934
1188,0.996067
1189,0.992206
1190,0.996442
1191,0.993017
1192,0.99011
1193,0.989444
1194,0.987334
1195,0.085041
1196,0.019287
1197,0.013403
1198,0.015635
1199,0.018055
1200,0.0194
1201,0.034248
1202,0.025691
1203,0.021377
1204,0.018168
1205,0.022085
1206,0.022735
1207,0.028079
1208,0.02261
1209,0.026083
1210,0.018701
1211,0.020273
1212,0.022502
1213,0.016005
1214,0.023489
1215,0.016366
1216,0.011087
1217,0.040167
1218,0.061931
1219,0.045213
1220,0.048034
1221,0.045129
1222,0.055051
1223,0.061621
1224,0.067402
1225,0.039224
1226,0.031415
1227,0.041502
1228,0.104313
1229,0.079522
1230,0.185244
1231,0.147721
1232,0.155756
1233,0.048449
1234,0.104338
1235,0.329627
1236,0.0411
1237,0.045381
1238,0.227131
1239,0.197325
1240,0.216037
1241,0.313359
1242,0.414066
1243,0.479133
1244,0.165039
1245,0.025514
1246,0.157379
1247,0.775411
1248,0.964001
1249,0.997613
1250,0.997305
1251,0.997829
1252,0.997659
1253,0.99744
1254,0.997855
1255,0.997372
1256,0.997097
1257,0.996809
1258,0.99703
1259,0.997804
1260,0.996967
1261,0.997284
1262,0.996493
1263,0.996871
1264,0.995716
1265,0.995489
1266,0.94738
1267,0.958224
1268,0.992986
1269,0.987578
1270,0.987413
1271,0.985235
1272,0.962829
1273,0.951224
1274,0.974174
1275,0.963089
1276,0.920744
1277,0.99439
1278,0.819037
1279,0.995597
1280,0.99529
1281,0.993467
1282,0.993638
1283,0.994554
1284,0.995025
1285,0.987824
1286,0.991231
1287,0.992253
1288,0.992317
1289,0.989871
1290,0.990916
1291,0.816336
1292,0.01404
1293,0.009088
1294,0.010775
1295,0.014407
1296,0.013179
1297,0.007442
1298,0.012642
1299,0.007803
1300,0.007829
1301,0.006549
1302,0.008031
1303,0.007133
1304,0.046889
1305,0.977017
1306,0.992551
1307,0.994898
1308,0.981587
1309,0.986443
1310,0.98667
1311,0.995954
1312,0.996079
1313,0.996628
1314,0.996609
1315,0.996865
1316,0.996882
1317,0.997067
1318,0.996884
1319,0.997323
1320,0.997439
1321,0.997876
1322,0.997858
1323,0.997895
1324,0.988836
1325,0.997876
1326,0.998151
1327,0.998145
1328,0.998232
1329,0.998347
1330,0.998306
1331,0.998241
1332,0.998293
1333,0.998204
1334,0.998274
1335,0.998151
1336,0.998186
1337,0.998194
1338,0.995998
1339,0.995635
1340,0.995663
1341,0.995157
1342,0.996423
1343,0.995091
1344,0.993295
1345,0.987408
1346,0.988412
1347,0.982684
1348,0.990896
1349,0.365279
1350,0.039528
1351,0.027373
1352,0.020951
1353,0.018925
1354,0.019683
1355,0.027481
1356,0.055837
1357,0.043427
1358,0.03972
1359,0.040463
1360,0.046135
1361,0.043111
1362,0.037595
1363,0.013351
1364,0.012434
1365,0.012641
1366,0.015217
1367,0.015895
1368,0.007217
1369,0.016795
1370,0.016591
1371,0.019931
1372,0.022834
1373,0.019388
1374,0.022073
1375,0.048258
1376,0.045786
1377,0.038762
1378,0.248145
1379,0.383362
1380,0.933513
1381,0.95337
1382,0.984159
1383,0.990104
1384,0.991055
1385,0.991169
1386,0.990685
1387,0.948345
1388,0.943661
1389,0.842471
1390,0.981755
1391,0.891851
1392,0.91277
1393,0.970828
1394,0.985389
1395,0.552049
1396,0.03558
1397,0.02336
1398,0.020701
1399,0.020688
1400,0.033879
1401,0.019192
1402,0.019728
1403,0.006341
1404,0.010189
1405,0.016713
1406,0.030477
1407,0.031151
1408,0.057396
1409,0.052329
1410,0.095141
1411,0.058424
1412,0.07851
1413,0.05291
1414,0.060849
1415,0.121296
1416,0.128491
1417,0.1292
1418,0.028827
1419,0.080942
1420,0.985079
1421,0.986188
1422,0.994299
1423,0.994274
1424,0.992905
1425,0.988307
1426,0.992555
1427,0.992462
1428,0.991858
1429,0.991496
1430,0.99167
1431,0.992305
1432,0.990708
1433,0.991099
1434,0.986715
1435,0.987976
1436,0.988525
1437,0.991032
1438,0.990967
1439,0.992111
1440,0.993752
1441,0.997307
1442,0.997436
1443,0.997576
1444,0.998114
1445,0.998087
1446,0.998338
1447,0.998234
1448,0.998198
