1,0.998863
2,0.998984
3,0.998948
4,0.998933
5,0.998935
6,0.999019
7,0.99888
8,0.998956
9,0.998928
10,0.998898
11,0.998984
12,0.999
13,0.998621
14,0.998546
15,0.998762
16,0.998785
17,0.998721
18,0.99876
19,0.998724
20,0.998724
21,0.998757
22,0.998866
23,0.998868
24,0.998945
25,0.998957
26,0.998977
27,0.998814
28,0.998857
29,0.998789
30,0.998812
31,0.99891
32,0.998901
33,0.998854
34,0.998907
35,0.99868
36,0.998754
37,0.998934
38,0.998756
39,0.998722
40,0.998772
41,0.998729
42,0.998739
43,0.998879
44,0.99563
45,0.997476
46,0.998187
47,0.997683
48,0.997677
49,0.997384
50,0.99677
51,0.985152
52,0.719874
53,0.016933
54,0.024604
55,0.023313
56,0.014868
57,0.011731
58,0.010282
59,0.011722
60,0.014586
61,0.013074
62,0.017457
63,0.018215
64,0.027413
65,0.042057
66,0.072041
67,0.598192
68,0.961457
69,0.973989
70,0.97623
71,0.979189
72,0.982983
73,0.974675
74,0.97624
75,0.972894
76,0.974598
77,0.95457
78,0.961762
79,0.968458
80,0.974483
81,0.973505
82,0.973931
83,0.970823
84,0.963174
85,0.974426
86,0.977102
87,0.977342
88,0.973889
89,0.325216
90,0.03069
91,0.015086
92,0.011512
93,0.01242
94,0.014834
95,0.007945
96,0.008733
97,0.008423
98,0.008135
99,0.006601
100,0.011418
101,0.029524
102,0.028497
103,0.025925
104,0.012024
105,0.01305
106,0.010913
107,0.008545
108,0.025758
109,0.001933
110,0.002552
111,0.017053
112,0.025063
113,0.016756
114,0.020206
115,0.017548
116,0.015755
117,0.019871
118,0.017839
119,0.015595
120,0.01257
121,0.011474
122,0.013672
123,0.008239
124,0.016522
125,0.015142
126,0.009473
127,0.004286
128,0.006196
129,0.005729
130,0.006859
131,0.004178
132,0.00419
133,0.004122
134,0.00439
135,0.003709
136,0.002661
137,0.001705
138,0.092752
139,0.78099
140,0.986813
141,0.994464
142,0.996371
143,0.996781
144,0.996049
145,0.995671
146,0.997209
147,0.997013
148,0.997091
149,0.99751
150,0.99761
151,0.823469
152,0.066071
153,0.0226
154,0.031624
155,0.02211
156,0.015656
157,0.017309
158,0.012615
159,0.018599
160,0.020596
161,0.019391
162,0.014051
163,0.028812
164,0.024129
165,0.021417
166,0.022044
167,0.016692
168,0.016881
169,0.016118
170,0.016551
171,0.01692
172,0.020902
173,0.018959
174,0.025213
175,0.021127
176,0.024392
177,0.02332
178,0.026314
179,0.02098
180,0.024246
181,0.016262
182,0.011265
183,0.01028
184,0.008283
185,0.00494
186,0.009385
187,0.009151
188,0.011751
189,0.008308
190,0.010751
191,0.0122
192,0.008509
193,0.006259
194,0.007132
195,0.003448
196,0.001196
197,0.001064
198,0.00171
199,0.001605
200,0.002479
201,0.002937
202,0.00251
203,0.003207
204,0.002675
205,0.003875
206,0.002997
207,0.002616
208,0.002704
209,0.001922
210,0.002269
211,0.002903
212,0.00448
213,0.003353
214,0.002879
215,0.002413
216,0.004047
217,0.005907
218,0.005952
219,0.005833
220,0.004458
221,0.003587
222,0.003442
223,0.003311
224,0.004437
225,0.004792
226,0.004167
227,0.004455
228,0.006082
229,0.005377
230,0.0057
231,0.009198
232,0.011515
233,0.014145
234,0.006732
235,0.002797
236,0.020632
237,0.011589
238,0.008756
239,0.009795
240,0.008143
241,0.005026
242,0.012024
243,0.013264
244,0.004762
245,0.00546
246,0.01343
247,0.008522
248,0.01085
249,0.010457
250,0.01266
251,0.002194
252,0.001672
253,0.001148
254,0.00824
255,0.007746
256,0.008035
257,0.001352
258,0.001717
259,0.008807
260,0.007846
261,0.000901
262,0.008572
263,0.009384
264,0.008525
265,0.00989
266,0.009237
267,0.008529
268,0.008497
269,0.012484
270,0.011256
271,0.013091
272,0.015905
273,0.051447
274,0.035819
275,0.002669
276,0.003134
277,0.003006
278,0.002392
279,0.003263
280,0.004581
281,0.004119
282,0.004378
283,0.005328
284,0.005596
285,0.005024
286,0.006459
287,0.006868
288,0.009453
289,0.015539
290,0.017721
291,0.008827
292,0.008007
293,0.011836
294,0.011286
295,0.008936
296,0.012173
297,0.007075
298,0.008786
299,0.007252
300,0.006543
301,0.005053
302,0.004487
303,0.006408
304,0.005769
305,0.007107
306,0.006581
307,0.106214
308,0.246563
309,0.730218
310,0.985079
311,0.997428
312,0.998542
313,0.997581
314,0.996561
315,0.997402
316,0.997302
317,0.997909
318,0.9982
319,0.983804
320,0.973438
321,0.96042
322,0.974492
323,0.966088
324,0.960824
325,0.607252
326,0.089567
327,0.056107
328,0.048242
329,0.039035
330,0.03557
331,0.022116
332,0.027617
333,0.032448
334,0.026941
335,0.024985
336,0.032323
337,0.02387
338,0.029234
339,0.021581
340,0.022675
341,0.021523
342,0.033592
343,0.026174
344,0.02494
345,0.001385
346,0.024949
347,0.030471
348,0.026957
349,0.019924
350,0.267263
351,0.772224
352,0.990133
353,0.99732
354,0.998245
355,0.998134
356,0.998108
357,0.997928
358,0.997823
359,0.99782
360,0.997673
361,0.996855
362,0.996792
363,0.996826
364,0.99677
365,0.997626
366,0.631126
367,0.029775
368,0.02283
369,0.018985
370,0.038205
371,0.029697
372,0.025329
373,0.027772
374,0.023099
375,0.026617
376,0.030934
377,0.002171
378,0.001592
379,0.001687
380,0.001653
381,0.001511
382,0.00106
383,0.000745
384,0.000814
385,0.000579
386,0.014305
387,0.013237
388,0.015699
389,0.008086
390,0.004019
391,0.004568
392,0.004304
393,0.005058
394,0.008667
395,0.006944
396,0.00958
397,0.010469
398,0.009155
399,0.007528
400,0.008861
401,0.007043
402,0.002465
403,0.00265
404,0.004662
405,0.004363
406,0.0059
407,0.005132
408,0.005327
409,0.005721
410,0.005933
411,0.005319
412,0.004842
413,0.000386
414,0.004625
415,0.005254
416,0.006455
417,0.00032
418,0.005675
419,0.006409
420,0.00041
421,0.000395
422,0.000374
423,0.000395
424,0.000461
425,0.000412
426,0.006455
427,0.00045
428,0.008368
429,0.006536
430,0.003962
431,0.008382
432,0.01481
433,0.015088
434,0.031474
435,0.039157
436,0.019161
437,0.007509
438,0.006416
439,0.00508
440,0.004459
441,0.004267
442,0.004591
443,0.005897
444,0.007032
445,0.006216
446,0.007919
447,0.011087
448,0.015327
449,0.014033
450,0.011973
451,0.012467
452,0.010906
453,0.011584
454,0.00769
455,0.009563
456,0.007923
457,0.005047
458,0.006734
459,0.007079
460,0.003907
461,0.00318
462,0.005222
463,0.00455
464,0.002116
465,0.002459
466,0.003041
467,0.000858
468,0.165259
469,0.638317
470,0.889189
471,0.993502
472,0.99132
473,0.99365
474,0.997194
475,0.997099
476,0.995835
477,0.996839
478,0.996599
479,0.997197
480,0.996588
481,0.998016
482,0.992672
483,0.998704
484,0.998215
485,0.99718
486,0.995502
487,0.994826
488,0.995245
489,0.994059
490,0.992045
491,0.993402
492,0.992788
493,0.992514
494,0.975784
495,0.997143
496,0.312512
497,0.019158
498,0.000526
499,0.000899
500,0.002499
501,0.005042
502,0.006082
503,0.006034
504,0.007539
505,0.008586
506,0.00877
507,0.00801
508,0.007715
509,0.009422
510,0.007033
511,0.008119
512,0.00887
513,0.010744
514,0.009942
515,0.012925
516,0.008588
517,0.007381
518,0.002754
519,0.001149
520,0.001214
521,0.000995
522,0.000601
523,0.000415
524,0.000754
525,0.000945
526,0.002374
527,0.00321
528,0.001609
529,0.000792
530,0.001653
531,0.001534
532,0.001476
533,0.001773
534,0.002267
535,0.001511
536,0.00136
537,0.002194
538,0.001361
539,0.002058
540,0.002078
541,0.008953
542,0.010684
543,0.008488
544,0.007777
545,0.010698
546,0.013258
547,0.014617
548,0.017651
549,0.020887
550,0.028173
551,0.034663
552,0.033544
553,0.032582
554,0.030988
555,0.052628
556,0.300636
557,0.050875
558,0.91794
559,0.957618
560,0.992223
561,0.995987
562,0.99627
563,0.996961
564,0.996611
565,0.966551
566,0.321419
567,0.01346
568,0.006069
569,0.003394
570,0.003592
571,0.003401
572,0.002625
573,0.00258
574,0.002279
575,0.003064
576,0.003563
577,0.003819
578,0.003764
579,0.003046
580,0.003062
581,0.002596
582,0.001857
583,0.000918
584,0.00074
585,0.001728
586,0.003771
587,0.003481
588,0.003542
589,0.002673
590,0.003687
591,0.002865
592,0.003092
593,0.005938
594,0.00543
595,0.00444
596,0.003579
597,0.0031
598,0.002262
599,0.001678
600,0.00338
601,0.006122
602,0.006865
603,0.009033
604,0.015261
605,0.011521
606,0.02569
607,0.009947
608,0.021076
609,0.010542
610,0.018107
611,0.013171
612,0.024126
613,0.023934
614,0.011164
615,0.009339
616,0.026121
617,0.030583
618,0.04153
619,0.302646
620,0.788159
621,0.976168
622,0.992845
623,0.995622
624,0.995054
625,0.995547
626,0.995925
627,0.996159
628,0.978617
629,0.358557
630,0.056995
631,0.026298
632,0.041356
633,0.029873
634,0.021844
635,0.013577
636,0.015993
637,0.026875
638,0.010687
639,0.008379
640,0.012503
641,0.009188
642,0.006924
643,0.007844
644,0.006531
645,0.009145
646,0.008132
647,0.003721
648,0.003838
649,0.006085
650,0.00566
651,0.006139
652,0.007354
653,0.003762
654,0.003673
655,0.003496
656,0.002988
657,0.002593
658,0.002998
659,0.003851
660,0.003025
661,0.004097
662,0.004515
663,0.003258
664,0.003504
665,0.005363
666,0.00336
667,0.003305
668,0.002821
669,0.00281
670,0.002258
671,0.001774
672,0.001609
673,0.003489
674,0.003623
675,0.0025
676,0.00436
677,0.003504
678,0.002006
679,0.001788
680,0.005125
681,0.006377
682,0.009469
683,0.006639
684,0.010366
685,0.007492
686,0.006958
687,0.003782
688,0.004522
689,0.004704
690,0.004984
691,0.009108
692,0.007769
693,0.006412
694,0.004955
695,0.005512
696,0.004307
697,0.006473
698,0.005463
699,0.002573
700,0.001007
701,0.000766
702,0.000652
703,0.000976
704,0.001833
705,0.003646
706,0.004773
707,0.003813
708,0.004441
709,0.00439
710,0.002527
711,0.003915
712,0.007739
713,0.010227
714,0.012774
715,0.007704
716,0.020823
717,0.015856
718,0.03932
719,0.03089
720,0.038713
721,0.040048
722,0.0305
723,0.010589
724,0.010254
725,0.014287
726,0.013422
727,0.014724
728,0.01661
729,0.018271
730,0.050365
731,0.049694
732,0.052594
733,0.052041
734,0.04518
735,0.05803
736,0.032676
737,0.028296
738,0.014765
739,0.009897
740,0.01416
741,0.01164
742,0.010672
743,0.010377
744,0.00621
745,0.005648
746,0.00391
747,0.004717
748,0.003328
749,0.007028
750,0.015663
751,0.022587
752,0.14588
753,0.149953
754,0.178731
755,0.237754
756,0.217171
757,0.254717
758,0.233417
759,0.293012
760,0.365814
761,0.334103
762,0.399996
763,0.264239
764,0.325251
765,0.32473
766,0.338589
767,0.276994
768,0.087257
769,0.05392
770,0.087911
771,0.023091
772,0.015079
773,0.008437
774,0.002696
775,0.005266
776,0.006253
777,0.004798
778,0.192959
779,0.981071
780,0.981975
781,0.978879
782,0.973296
783,0.973385
784,0.975127
785,0.966843
786,0.970023
787,0.968232
788,0.965153
789,0.964769
790,0.968504
791,0.969078
792,0.97216
793,0.972557
794,0.975177
795,0.971474
796,0.973431
797,0.973301
798,0.970941
799,0.964181
800,0.230541
801,0.016769
802,0.010272
803,0.006907
804,0.006002
805,0.003414
806,0.003375
807,0.002436
808,0.002573
809,0.001447
810,0.001692
811,0.001804
812,0.001791
813,0.002008
814,0.001974
815,0.002486
816,0.004438
817,0.01205
818,0.010343
819,0.009515
820,0.007342
821,0.007187
822,0.025643
823,0.006274
824,0.004097
825,0.004057
826,0.005326
827,0.004409
828,0.007102
829,0.009102
830,0.00241
831,0.001698
832,0.001886
833,0.001342
834,0.001366
835,0.001174
836,0.002285
837,0.001645
838,0.003047
839,0.003271
840,0.004311
841,0.00771
842,0.019026
843,0.014466
844,0.022576
845,0.0154
846,0.011373
847,0.006473
848,0.008399
849,0.007215
850,0.007275
851,0.009221
852,0.008081
853,0.013967
854,0.009099
855,0.010561
856,0.003595
857,0.001024
858,0.003725
859,0.003187
860,0.002874
861,0.012054
862,0.01247
863,0.007313
864,0.004744
865,0.005553
866,0.007813
867,0.008076
868,0.012393
869,0.013476
870,0.008872
871,0.008532
872,0.007999
873,0.009821
874,0.007186
875,0.008618
876,0.016304
877,0.049686
878,0.062152
879,0.07543
880,0.847391
881,0.993276
882,0.937768
883,0.979473
884,0.997311
885,0.996093
886,0.986885
887,0.989878
888,0.985882
889,0.987987
890,0.989628
891,0.990209
892,0.988891
893,0.991226
894,0.998047
895,0.88216
896,0.077918
897,0.007977
898,0.017946
899,0.012517
900,0.004951
901,0.006944
902,0.00298
903,0.002051
904,0.001615
905,0.001611
906,0.002416
907,0.002595
908,0.003554
909,0.003245
910,0.005245
911,0.004652
912,0.005063
913,0.007362
914,0.00586
915,0.00439
916,0.003027
917,0.006808
918,0.009587
919,0.00613
920,0.010741
921,0.027326
922,0.043556
923,0.04729
924,0.073104
925,0.086816
926,0.106702
927,0.122517
928,0.122383
929,0.096677
930,0.124416
931,0.111906
932,0.125188
933,0.10234
934,0.13334
935,0.27338
936,0.261384
937,0.123924
938,0.057666
939,0.022286
940,0.028304
941,0.027231
942,0.030917
943,0.022787
944,0.030914
945,0.015677
946,0.016857
947,0.018058
948,0.018455
949,0.020149
950,0.022932
951,0.009574
952,0.011761
953,0.015588
954,0.019054
955,0.010669
956,0.014255
957,0.015059
958,0.029516
959,0.020516
960,0.022819
961,0.02297
962,0.017715
963,0.032921
964,0.018415
965,0.066984
966,0.458758
967,0.920355
968,0.953507
969,0.963111
970,0.988473
971,0.996342
972,0.995496
973,0.994006
974,0.994027
975,0.994645
976,0.992435
977,0.991223
978,0.994446
979,0.987062
980,0.807083
981,0.014161
982,0.006301
983,0.002935
984,0.004321
985,0.002633
986,0.002134
987,0.003762
988,0.002629
989,0.001359
990,0.001428
991,0.001068
992,0.001362
993,0.001611
994,0.002767
995,0.003353
996,0.003402
997,0.003842
998,0.003597
999,0.003801
1000,0.003994
1001,0.003201
1002,0.00482
1003,0.003064
1004,0.004066
1005,0.002397
1006,0.004829
1007,0.002612
1008,0.002258
1009,0.002287
1010,0.002226
1011,0.002542
1012,0.002167
1013,0.002232
1014,0.004492
1015,0.002246
1016,0.002804
1017,0.002125
1018,0.001218
1019,0.002377
1020,0.002186
1021,0.002307
1022,0.011941
1023,0.01636
1024,0.061914
1025,0.915502
1026,0.945769
1027,0.972723
1028,0.958045
1029,0.952036
1030,0.965513
1031,0.969249
1032,0.962545
1033,0.938718
1034,0.961619
1035,0.943132
1036,0.94477
1037,0.94685
1038,0.958167
1039,0.886608
1040,0.860065
1041,0.920979
1042,0.906985
1043,0.977733
1044,0.965542
1045,0.967598
1046,0.945004
1047,0.053185
1048,0.004899
1049,0.002324
1050,0.002275
1051,0.001226
1052,0.001813
1053,0.002199
1054,0.002273
1055,0.001631
1056,0.001763
1057,0.002617
1058,0.002229
1059,0.00201
1060,0.002603
1061,0.002398
1062,0.003212
1063,0.003701
1064,0.003886
1065,0.001956
1066,0.001928
1067,0.002013
1068,0.002016
1069,0.002256
1070,0.001309
1071,0.000562
1072,0.000458
1073,0.000451
1074,0.000558
1075,0.000491
1076,0.000351
1077,0.000319
1078,0.000236
1079,0.000501
1080,0.000378
1081,0.00076
1082,0.000845
1083,0.000526
1084,0.000703
1085,0.000821
1086,0.000969
1087,0.000631
1088,0.000576
1089,0.000579
1090,0.001027
1091,0.001235
1092,0.001377
1093,0.002157
1094,0.002187
1095,0.002194
1096,0.003048
1097,0.001952
1098,0.013259
1099,0.010614
1100,0.013689
1101,0.018595
1102,0.04116
1103,0.025975
1104,0.032527
1105,0.036957
1106,0.038297
1107,0.018704
1108,0.023558
1109,0.016411
1110,0.004242
1111,0.007543
1112,0.004818
1113,0.014816
1114,0.021605
1115,0.01698
1116,0.00538
1117,0.009541
1118,0.010418
1119,0.058248
1120,0.830385
1121,0.971191
1122,0.942212
1123,0.965012
1124,0.978127
1125,0.969632
1126,0.966397
1127,0.958687
1128,0.959934
1129,0.919914
1130,0.568758
1131,0.041698
1132,0.008231
1133,0.001851
1134,0.001509
1135,0.001038
1136,0.001325
1137,0.001306
1138,0.001429
1139,0.001503
1140,0.001352
1141,0.002178
1142,0.001962
1143,0.001635
1144,0.001487
1145,0.001274
1146,0.002095
1147,0.003385
1148,0.006135
1149,0.006176
1150,0.00687
1151,0.009937
1152,0.012725
1153,0.075256
1154,0.070902
1155,0.02214
1156,0.022154
1157,0.021858
1158,0.020768
1159,0.021617
1160,0.027286
1161,0.025838
1162,0.024646
1163,0.026805
1164,0.038958
1165,0.014594
1166,0.012228
1167,0.004686
1168,0.008373
1169,0.005981
1170,0.007128
1171,0.007078
1172,0.022178
1173,0.032375
1174,0.037298
1175,0.032603
1176,0.021581
1177,0.031194
1178,0.03948
1179,0.030018
1180,0.04259
1181,0.066693
1182,0.077735
1183,0.04238
1184,0.208558
1185,0.222282
1186,0.171491
1187,0.233614
1188,0.216082
1189,0.137877
1190,0.085637
1191,0.085791
1192,0.072435
1193,0.085432
1194,0.054451
1195,0.044375
1196,0.036443
1197,0.059453
1198,0.034289
1199,0.034661
1200,0.028277
1201,0.047045
1202,0.041804
1203,0.051014
1204,0.055895
1205,0.052766
1206,0.048034
1207,0.055639
1208,0.052542
1209,0.053717
1210,0.064753
1211,0.056892
1212,0.065007
1213,0.044778
1214,0.027051
1215,0.030336
1216,0.025652
1217,0.034929
1218,0.025219
1219,0.019008
1220,0.021625
1221,0.023906
1222,0.027296
1223,0.03686
1224,0.01865
1225,0.01393
1226,0.072736
1227,0.016908
1228,0.065133
1229,0.010886
1230,0.088207
1231,0.011609
1232,0.064937
1233,0.084835
1234,0.106882
1235,0.125524
1236,0.140272
1237,0.16395
1238,0.139797
1239,0.126361
1240,0.148126
1241,0.135567
1242,0.075993
1243,0.017807
1244,0.032865
1245,0.026708
1246,0.035119
1247,0.097451
1248,0.05296
1249,0.237408
1250,0.080039
1251,0.042265
1252,0.024521
1253,0.017082
1254,0.068775
1255,0.113995
1256,0.161554
1257,0.154068
1258,0.167227
1259,0.169484
1260,0.199355
1261,0.09929
1262,0.085413
1263,0.044091
1264,0.057286
1265,0.030187
1266,0.044921
1267,0.043539
1268,0.09609
1269,0.09313
1270,0.120164
1271,0.087447
1272,0.090614
1273,0.08448
1274,0.058764
1275,0.029041
1276,0.143641
1277,0.100722
1278,0.134126
1279,0.123147
1280,0.05281
1281,0.107559
1282,0.07024
1283,0.102818
1284,0.109362
1285,0.142049
1286,0.347721
1287,0.082259
1288,0.274832
1289,0.922592
1290,0.961095
1291,0.96222
1292,0.967892
1293,0.971817
1294,0.974903
1295,0.970889
1296,0.980061
1297,0.972226
1298,0.77835
1299,0.163061
1300,0.003953
1301,0.003164
1302,0.017284
1303,0.013527
1304,0.016806
1305,0.017066
1306,0.017292
1307,0.017869
1308,0.019223
1309,0.033095
1310,0.02948
1311,0.032426
1312,0.022743
1313,0.018824
1314,0.030613
1315,0.023475
1316,0.024241
1317,0.056565
1318,0.059914
1319,0.051247
1320,0.063806
1321,0.101571
1322,0.131621
1323,0.083962
1324,0.089744
1325,0.089214
1326,0.056998
1327,0.031623
1328,0.051767
1329,0.045382
1330,0.037714
1331,0.032656
1332,0.008693
1333,0.01475
1334,0.016126
1335,0.022887
1336,0.022222
1337,0.021082
1338,0.022995
1339,0.015285
1340,0.012547
1341,0.007645
1342,0.00751
1343,0.004586
1344,0.005993
1345,0.006944
1346,0.012444
1347,0.011691
1348,0.008427
1349,0.034378
1350,0.041167
1351,0.02566
1352,0.035183
1353,0.039895
1354,0.035641
1355,0.035966
1356,0.04099
1357,0.056455
1358,0.054144
1359,0.034778
1360,0.041164
1361,0.030998
1362,0.039435
1363,0.051275
1364,0.040806
1365,0.022691
1366,0.022831
1367,0.022101
1368,0.025077
1369,0.024113
1370,0.021228
1371,0.013792
1372,0.012124
1373,0.010492
1374,0.011681
1375,0.023053
1376,0.022535
1377,0.023081
1378,0.044765
1379,0.034622
1380,0.049083
1381,0.021019
1382,0.073967
1383,0.035412
1384,0.023245
1385,0.0193
1386,0.020779
1387,0.025102
1388,0.019964
1389,0.025111
1390,0.019442
1391,0.070859
1392,0.063005
1393,0.020191
1394,0.019725
1395,0.030209
1396,0.063361
1397,0.056322
1398,0.06661
1399,0.06814
1400,0.062108
1401,0.081492
1402,0.078953
1403,0.082602
1404,0.091554
1405,0.124924
1406,0.081799
1407,0.077431
1408,0.102618
1409,0.115587
1410,0.088318
1411,0.129556
1412,0.119216
1413,0.071043
1414,0.102403
1415,0.123032
1416,0.094932
1417,0.09908
1418,0.12649
1419,0.075198
1420,0.078641
1421,0.021444
1422,0.049139
1423,0.05715
1424,0.011149
1425,0.007413
1426,0.013604
1427,0.015735
1428,0.012976
1429,0.015198
1430,0.129208
1431,0.116269
1432,0.116063
1433,0.011559
1434,0.012887
1435,0.010762
1436,0.014777
1437,0.012785
1438,0.016905
1439,0.01165
1440,0.017604
1441,0.117441
1442,0.969807
1443,0.995255
1444,0.994142
1445,0.995849
1446,0.996155
1447,0.997264
1448,0.997626
1449,0.997365
1450,0.9972
1451,0.995362
1452,0.986005
1453,0.987553
1454,0.99096
1455,0.992629
1456,0.986603
1457,0.827287
1458,0.583891
1459,0.147329
1460,0.009634
1461,0.001209
1462,0.00175
1463,0.000876
1464,0.000582
1465,0.001391
1466,0.000695
1467,0.000586
1468,0.000965
1469,0.001257
1470,0.001294
1471,0.000961
1472,0.000967
1473,0.000835
1474,0.000715
1475,0.000516
1476,0.000959
1477,0.001161
1478,0.001429
1479,0.001604
1480,0.000775
1481,0.000768
1482,0.001157
1483,0.000887
1484,0.001416
1485,0.001252
1486,0.001044
1487,0.001033
1488,0.000973
1489,0.000812
1490,0.001012
1491,0.000852
1492,0.001372
1493,0.001226
1494,0.001377
1495,0.001233
1496,0.000965
1497,0.001321
1498,0.002005
1499,0.001019
1500,0.002715
1501,0.004274
1502,0.002914
1503,0.003577
1504,0.00717
1505,0.005673
1506,0.00601
1507,0.004071
1508,0.005703
1509,0.004893
1510,0.055364
1511,0.213952
1512,0.743452
1513,0.950961
1514,0.993538
1515,0.995586
1516,0.996153
1517,0.99656
1518,0.996292
1519,0.99641
1520,0.997086
1521,0.996297
1522,0.995367
1523,0.994701
1524,0.995
1525,0.995112
1526,0.995324
1527,0.99505
1528,0.994089
1529,0.992758
1530,0.99257
1531,0.992942
1532,0.993353
1533,0.992974
1534,0.993768
1535,0.770699
1536,0.03696
1537,0.009554
1538,0.001152
1539,0.001079
1540,0.001486
1541,0.001482
1542,0.00154
1543,0.001417
1544,0.00135
1545,0.001022
1546,0.000628
1547,0.000693
1548,0.00036
1549,0.00035
1550,0.000389
1551,0.000163
1552,0.000207
1553,0.000161
1554,0.000147
1555,0.000146
1556,0.000159
1557,0.000109
1558,0.00013
1559,0.000115
1560,0.000108
1561,0.000207
1562,0.000312
1563,0.000241
1564,0.000197
1565,0.058137
1566,0.096155
1567,0.888596
1568,0.968193
1569,0.941666
1570,0.944029
1571,0.966749
1572,0.954943
1573,0.957467
1574,0.94565
1575,0.962638
1576,0.956274
1577,0.964859
1578,0.963076
1579,0.96884
1580,0.955621
1581,0.966365
1582,0.956836
1583,0.951707
1584,0.898328
1585,0.908839
1586,0.930008
1587,0.921861
1588,0.880105
1589,0.868492
1590,0.840191
1591,0.941831
1592,0.925019
1593,0.916453
1594,0.931719
1595,0.910672
1596,0.927113
1597,0.920609
1598,0.93254
1599,0.925622
1600,0.464726
1601,0.734538
1602,0.907703
1603,0.980103
1604,0.986153
1605,0.990938
1606,0.993078
1607,0.993054
1608,0.993124
1609,0.993259
1610,0.986361
1611,0.977576
1612,0.543284
1613,0.006735
1614,0.000302
1615,0.001601
1616,0.002758
1617,0.003383
1618,0.002642
1619,0.001918
1620,0.002355
1621,0.001747
1622,0.001319
1623,0.000824
1624,0.000909
1625,0.001552
1626,0.000966
1627,0.003955
1628,0.019874
1629,0.013627
1630,0.010649
1631,0.055884
1632,0.058473
1633,0.16444
1634,0.124126
1635,0.132485
1636,0.246493
1637,0.221383
1638,0.336327
1639,0.265531
1640,0.403953
1641,0.265481
1642,0.093718
1643,0.146183
1644,0.204471
1645,0.372264
1646,0.361236
1647,0.178114
1648,0.368036
1649,0.339144
1650,0.41122
1651,0.397052
1652,0.480752
1653,0.172093
1654,0.197543
1655,0.421003
1656,0.464084
1657,0.187952
1658,0.368731
1659,0.394326
1660,0.371614
1661,0.331113
1662,0.419793
1663,0.539841
1664,0.555278
1665,0.540545
1666,0.5476
1667,0.484376
1668,0.480779
1669,0.347928
1670,0.40375
1671,0.409484
1672,0.414447
1673,0.420125
1674,0.383172
1675,0.368979
1676,0.418422
1677,0.376813
1678,0.403253
1679,0.442671
1680,0.426229
1681,0.422616
1682,0.372836
1683,0.358793
1684,0.389552
1685,0.361028
1686,0.248415
1687,0.217495
1688,0.113368
1689,0.114358
1690,0.70284
1691,0.881988
1692,0.936617
1693,0.9715
1694,0.993374
1695,0.991153
1696,0.992563
1697,0.991617
1698,0.963115
1699,0.968159
1700,0.972043
1701,0.981642
1702,0.982067
1703,0.981983
1704,0.980911
1705,0.971249
1706,0.975022
1707,0.974949
1708,0.966426
1709,0.966538
1710,0.951588
1711,0.942357
1712,0.950873
1713,0.942941
1714,0.94817
1715,0.983219
1716,0.690246
1717,0.011423
1718,0.009138
1719,0.001667
1720,0.00105
1721,0.000801
1722,0.001103
1723,0.001008
1724,0.000373
1725,0.000303
1726,0.000362
1727,0.000235
1728,0.000333
1729,0.000771
1730,0.00066
1731,0.000435
1732,0.000864
1733,0.004905
1734,0.005854
1735,0.005038
1736,0.007421
1737,0.021841
1738,0.018019
1739,0.01677
1740,0.018514
1741,0.014445
1742,0.025904
1743,0.017777
1744,0.018633
1745,0.032254
1746,0.035736
1747,0.035274
1748,0.046168
1749,0.064391
1750,0.077329
1751,0.053523
1752,0.041587
1753,0.04075
1754,0.050754
1755,0.05047
1756,0.042936
1757,0.021409
1758,0.028222
1759,0.062451
1760,0.141796
1761,0.123252
1762,0.094853
1763,0.063114
1764,0.071452
1765,0.074245
1766,0.117104
1767,0.159624
1768,0.231926
1769,0.253136
1770,0.268305
1771,0.34577
1772,0.428041
1773,0.322365
1774,0.236796
1775,0.222834
1776,0.233752
1777,0.222883
1778,0.063143
1779,0.041994
1780,0.073976
1781,0.069762
1782,0.087603
1783,0.179111
1784,0.104574
1785,0.113497
1786,0.154212
1787,0.133206
1788,0.141549
1789,0.156323
1790,0.175366
1791,0.130727
1792,0.135581
1793,0.239118
1794,0.238846
1795,0.225298
1796,0.240374
1797,0.242636
1798,0.070969
1799,0.161697
1800,0.15729
1801,0.369153
1802,0.369839
1803,0.432501
1804,0.343858
1805,0.308321
1806,0.079775
1807,0.036734
1808,0.745693
1809,0.933702
1810,0.985124
1811,0.989337
1812,0.981271
1813,0.991837
1814,0.990234
1815,0.989705
1816,0.988666
1817,0.973513
1818,0.242733
1819,0.006454
1820,0.016044
1821,0.028318
1822,0.056072
1823,0.036756
1824,0.034172
1825,0.114738
1826,0.044043
1827,0.029641
1828,0.033686
1829,0.056862
1830,0.057211
1831,0.122224
1832,0.134227
1833,0.098739
1834,0.124191
1835,0.125587
1836,0.209818
1837,0.191467
1838,0.202852
1839,0.173545
1840,0.180785
1841,0.339997
1842,0.353261
1843,0.346949
1844,0.200928
1845,0.135405
1846,0.136113
1847,0.126119
1848,0.134944
1849,0.297108
1850,0.321874
1851,0.192459
1852,0.206587
1853,0.1551
1854,0.21605
1855,0.133156
1856,0.183486
1857,0.110661
1858,0.243414
1859,0.133926
1860,0.253523
1861,0.159806
1862,0.204032
1863,0.127557
1864,0.157587
1865,0.215557
1866,0.173984
1867,0.194567
1868,0.257787
1869,0.318119
1870,0.213816
1871,0.175518
1872,0.159665
1873,0.069735
1874,0.041831
1875,0.040185
1876,0.10476
1877,0.450891
1878,0.704844
1879,0.97895
1880,0.968316
1881,0.971073
1882,0.98685
1883,0.991999
1884,0.993218
1885,0.993268
1886,0.99448
1887,0.992611
1888,0.990074
1889,0.988281
1890,0.989578
1891,0.834214
1892,0.00738
1893,0.000991
1894,0.000303
1895,0.002493
1896,0.003935
1897,0.00954
1898,0.022604
1899,0.015968
1900,0.013546
1901,0.030355
1902,0.123175
1903,0.205658
1904,0.17294
1905,0.091433
1906,0.206686
1907,0.158664
1908,0.069684
1909,0.16274
1910,0.194833
1911,0.157661
1912,0.214166
1913,0.243939
1914,0.250879
1915,0.306235
1916,0.410634
1917,0.413196
1918,0.262036
1919,0.20827
1920,0.187473
1921,0.213797
1922,0.298607
1923,0.299433
1924,0.286447
1925,0.342155
1926,0.207701
1927,0.202466
1928,0.203775
1929,0.134403
1930,0.121554
1931,0.120408
1932,0.070257
1933,0.117453
1934,0.148152
1935,0.234725
1936,0.219629
1937,0.213506
1938,0.198911
1939,0.22318
1940,0.293511
1941,0.288723
1942,0.238425
1943,0.303813
1944,0.372872
1945,0.368445
1946,0.371636
1947,0.426656
1948,0.341163
1949,0.232979
1950,0.258648
1951,0.245518
1952,0.246087
1953,0.246382
1954,0.266955
1955,0.214361
1956,0.257766
1957,0.205562
1958,0.219979
1959,0.236929
1960,0.285687
1961,0.351972
1962,0.188244
1963,0.251653
1964,0.205931
1965,0.230149
1966,0.284406
1967,0.128423
1968,0.131177
1969,0.233981
1970,0.210958
1971,0.246042
1972,0.158072
1973,0.166313
1974,0.269358
1975,0.221749
1976,0.266615
1977,0.178599
1978,0.202082
1979,0.202541
1980,0.190816
1981,0.34203
1982,0.448292
1983,0.313652
1984,0.390507
1985,0.34519
1986,0.338209
1987,0.355729
1988,0.362824
1989,0.368239
1990,0.079647
1991,0.214919
1992,0.407088
1993,0.341544
1994,0.955757
1995,0.983424
1996,0.987475
1997,0.992727
1998,0.995661
1999,0.996145
2000,0.997094
2001,0.995552
2002,0.996664
2003,0.9954
2004,0.995704
2005,0.994637
2006,0.995385
2007,0.994267
2008,0.98963
2009,0.276983
2010,0.05421
2011,0.0084
2012,0.013808
2013,0.012288
2014,0.047752
2015,0.020001
2016,0.009091
2017,0.017349
2018,0.028146
2019,0.022329
2020,0.040908
2021,0.059409
2022,0.06273
2023,0.051265
2024,0.045373
2025,0.044307
2026,0.033219
2027,0.028749
2028,0.026374
2029,0.03181
2030,0.032951
2031,0.035759
2032,0.440456
2033,0.948097
2034,0.987065
2035,0.985326
2036,0.995648
2037,0.997095
2038,0.997291
2039,0.997169
2040,0.996804
2041,0.997025
2042,0.996102
2043,0.996228
2044,0.996647
2045,0.99539
2046,0.996325
2047,0.995906
2048,0.993842
2049,0.992828
2050,0.989221
2051,0.981974
2052,0.988952
2053,0.982241
2054,0.98065
2055,0.988299
2056,0.98821
2057,0.990599
2058,0.991944
2059,0.990892
2060,0.993894
2061,0.996509
2062,0.996006
2063,0.996725
2064,0.997005
2065,0.996829
2066,0.996636
2067,0.996191
2068,0.876881
2069,0.076875
2070,0.013106
2071,0.010949
2072,0.013614
2073,0.016522
2074,0.011133
2075,0.004992
2076,0.017815
2077,0.011984
2078,0.008511
2079,0.004845
2080,0.010342
2081,0.019425
2082,0.023578
2083,0.036
2084,0.068879
2085,0.053189
2086,0.513399
2087,0.342992
2088,0.351056
2089,0.349851
2090,0.384933
2091,0.327024
2092,0.322883
2093,0.39601
2094,0.374133
2095,0.385339
2096,0.447619
2097,0.354855
2098,0.399778
2099,0.043605
2100,0.026983
2101,0.04255
2102,0.031831
2103,0.008415
2104,0.001159
2105,0.023174
2106,0.656901
2107,0.981389
2108,0.963145
2109,0.930478
2110,0.950907
2111,0.973799
2112,0.966253
2113,0.87883
2114,0.926418
2115,0.952541
2116,0.970107
2117,0.934852
2118,0.931127
2119,0.929044
2120,0.940279
2121,0.955157
2122,0.960572
2123,0.974905
2124,0.978122
2125,0.980535
2126,0.98679
2127,0.983975
2128,0.991172
2129,0.665908
2130,0.097584
2131,0.010297
2132,0.002851
2133,0.016442
2134,0.027193
2135,0.10275
2136,0.076278
2137,0.032419
2138,0.056571
2139,0.030507
2140,0.014766
2141,0.016816
2142,0.051969
2143,0.043038
2144,0.037835
2145,0.173893
2146,0.19904
2147,0.028173
2148,0.234805
2149,0.121735
2150,0.192781
2151,0.042081
2152,0.011973
2153,0.035509
2154,0.00852
2155,0.669168
2156,0.9426
2157,0.989231
2158,0.991789
2159,0.990782
2160,0.989398
2161,0.992356
2162,0.993984
2163,0.994451
2164,0.99495
2165,0.994452
2166,0.993271
2167,0.991589
2168,0.810629
2169,0.081592
2170,0.011548
2171,0.003935
2172,0.010352
2173,0.052133
2174,0.136617
2175,0.029422
2176,0.045361
2177,0.020824
2178,0.023478
2179,0.044593
2180,0.084077
2181,0.041745
2182,0.036283
2183,0.027943
2184,0.018125
2185,0.028345
2186,0.045025
2187,0.163692
2188,0.036222
2189,0.04131
2190,0.033937
2191,0.032592
2192,0.015782
2193,0.011512
2194,0.014775
2195,0.014202
2196,0.02268
2197,0.02984
2198,0.029134
2199,0.036719
2200,0.043738
2201,0.034182
2202,0.365065
2203,0.460538
2204,0.072226
2205,0.0571
2206,0.05289
2207,0.052119
2208,0.228822
2209,0.126796
2210,0.01839
2211,0.016249
2212,0.832369
2213,0.963491
2214,0.978144
2215,0.98606
2216,0.972431
2217,0.897464
2218,0.923513
2219,0.945365
2220,0.992576
2221,0.720456
2222,0.013435
2223,0.006736
2224,0.005429
2225,0.007341
2226,0.006953
2227,0.011922
2228,0.019846
2229,0.011436
2230,0.00806
2231,0.002104
2232,0.008201
2233,0.29288
2234,0.262656
2235,0.142071
2236,0.385877
2237,0.358313
2238,0.420537
2239,0.419847
2240,0.444597
2241,0.036052
2242,0.034842
2243,0.038403
2244,0.048723
2245,0.040381
2246,0.04915
2247,0.055931
2248,0.055868
2249,0.093009
2250,0.090096
2251,0.124798
2252,0.133674
2253,0.076843
2254,0.080987
2255,0.078629
2256,0.069217
2257,0.151565
2258,0.143407
2259,0.150742
2260,0.141076
2261,0.089721
2262,0.081387
2263,0.067373
2264,0.064414
2265,0.052051
2266,0.069684
2267,0.062431
2268,0.060254
2269,0.212063
2270,0.190931
2271,0.230586
2272,0.173715
2273,0.363746
2274,0.131201
2275,0.241493
2276,0.956236
2277,0.891327
2278,0.976394
2279,0.955754
2280,0.976941
2281,0.979652
2282,0.984539
2283,0.989593
2284,0.991087
2285,0.99328
2286,0.994619
2287,0.991958
2288,0.992998
2289,0.994568
2290,0.973377
2291,0.14013
2292,0.019192
2293,0.00375
2294,0.004955
2295,0.005431
2296,0.020704
2297,0.00445
2298,0.015106
2299,0.036936
2300,0.155801
2301,0.092706
2302,0.105026
2303,0.087057
2304,0.07384
2305,0.122548
2306,0.121411
2307,0.085464
2308,0.068601
2309,0.067745
2310,0.045675
2311,0.080219
2312,0.110198
2313,0.110409
2314,0.094248
2315,0.105535
2316,0.138774
2317,0.137197
2318,0.119002
2319,0.195397
2320,0.258991
2321,0.222122
2322,0.166049
2323,0.145353
2324,0.304143
2325,0.101724
2326,0.25317
2327,0.150984
2328,0.252755
2329,0.195794
2330,0.194848
2331,0.237023
2332,0.120526
2333,0.176842
2334,0.136968
2335,0.23452
2336,0.256067
2337,0.15007
2338,0.185158
2339,0.080902
2340,0.130474
2341,0.168893
2342,0.186755
2343,0.199751
2344,0.336136
2345,0.307357
2346,0.205136
2347,0.48058
2348,0.028873
2349,0.194694
2350,0.901996
2351,0.975592
2352,0.967413
2353,0.980625
2354,0.987112
2355,0.987869
2356,0.989602
2357,0.994131
2358,0.995563
2359,0.996285
2360,0.996043
2361,0.99531
2362,0.97923
2363,0.852588
2364,0.042618
2365,0.024991
2366,0.003561
2367,0.009647
2368,0.006219
2369,0.006688
2370,0.012847
2371,0.039752
2372,0.048703
2373,0.056431
2374,0.120718
2375,0.13346
2376,0.2269
2377,0.276618
2378,0.28145
2379,0.293984
2380,0.39556
2381,0.489929
2382,0.519776
2383,0.533689
2384,0.597954
2385,0.569951
2386,0.557814
2387,0.531017
2388,0.531332
2389,0.481936
2390,0.512845
2391,0.488587
2392,0.557968
2393,0.599423
2394,0.533405
2395,0.507718
2396,0.501074
2397,0.393433
2398,0.392602
2399,0.284514
2400,0.227429
2401,0.269957
2402,0.221399
2403,0.214487
2404,0.127581
2405,0.063501
2406,0.122388
2407,0.107445
2408,0.053536
2409,0.006681
2410,0.021724
2411,0.901609
2412,0.952677
2413,0.980628
2414,0.98874
2415,0.996098
2416,0.996462
2417,0.997049
2418,0.996503
2419,0.361897
2420,0.006712
2421,0.001253
2422,0.008443
2423,0.006886
2424,0.001365
2425,0.001041
2426,0.001411
2427,0.002066
2428,0.001475
2429,0.00135
2430,0.002378
2431,0.001241
2432,0.0014
2433,0.00088
2434,0.000854
2435,0.000844
2436,0.001498
2437,0.002097
2438,0.005187
2439,0.007804
2440,0.012024
2441,0.124124
2442,0.988137
2443,0.995812
2444,0.982724
2445,0.981037
2446,0.986466
2447,0.98949
2448,0.99535
2449,0.990145
2450,0.995916
2451,0.9967
2452,0.996446
2453,0.996309
2454,0.996231
2455,0.994936
2456,0.987664
2457,0.986724
2458,0.960705
2459,0.056997
2460,0.001939
2461,0.001109
2462,0.000699
2463,0.000441
2464,0.000355
2465,0.000153
2466,0.000111
2467,8.2e-05
2468,9.1e-05
2469,0.000106
2470,0.000121
2471,8.7e-05
2472,0.000124
2473,0.001754
2474,0.002151
2475,0.003349
2476,0.005444
2477,0.005415
2478,0.008962
2479,0.007768
2480,0.006
2481,0.007214
2482,0.006292
2483,0.004468
2484,0.004148
2485,0.004739
2486,0.002463
2487,0.002582
2488,0.00203
2489,0.013264
2490,0.422598
2491,0.990272
2492,0.991268
2493,0.95807
2494,0.962024
2495,0.963182
2496,0.97991
2497,0.988405
2498,0.987889
2499,0.987202
2500,0.986138
2501,0.985153
2502,0.983646
2503,0.981805
2504,0.978551
2505,0.981502
2506,0.985148
2507,0.983798
2508,0.983622
2509,0.984099
2510,0.971816
2511,0.127765
2512,0.002393
2513,0.000596
2514,0.000499
2515,0.000224
2516,0.000163
2517,0.000101
2518,0.000111
2519,7.9e-05
2520,0.000115
2521,0.000148
2522,0.000174
2523,0.000158
2524,0.000149
2525,0.000142
2526,0.000296
2527,0.000375
2528,0.000516
2529,0.002009
2530,0.394025
2531,0.964315
2532,0.987275
2533,0.996509
2534,0.99741
2535,0.996977
2536,0.996763
2537,0.995902
2538,0.997929
2539,0.997877
2540,0.997904
2541,0.998111
2542,0.997862
2543,0.997454
2544,0.997492
2545,0.990169
2546,0.987138
2547,0.990381
2548,0.989934
2549,0.990014
2550,0.991004
2551,0.985411
2552,0.991731
2553,0.993319
2554,0.996208
2555,0.99779
2556,0.998201
2557,0.997678
2558,0.997468
2559,0.99798
2560,0.997336
2561,0.997558
2562,0.997397
2563,0.991809
2564,0.234596
2565,0.017173
2566,0.005171
2567,0.003749
2568,0.004285
2569,0.003021
2570,0.00431
2571,0.006587
2572,0.001982
2573,0.001896
2574,0.003352
2575,0.00194
2576,0.004716
2577,0.006232
2578,0.002181
2579,0.01334
2580,0.077354
2581,0.903138
2582,0.985546
2583,0.98329
2584,0.975843
2585,0.970945
2586,0.969448
2587,0.97052
2588,0.966162
2589,0.976332
2590,0.975354
2591,0.980223
2592,0.985297
2593,0.973511
2594,0.979383
2595,0.985843
2596,0.970488
2597,0.974242
2598,0.979575
2599,0.974374
2600,0.976304
2601,0.981896
2602,0.978759
2603,0.981136
2604,0.98466
2605,0.990549
2606,0.991491
2607,0.992765
2608,0.989937
2609,0.994081
2610,0.745467
2611,0.032339
2612,0.01107
2613,0.00446
2614,0.002847
2615,0.001887
2616,0.001849
2617,0.001689
2618,0.001008
2619,0.000866
2620,0.001027
2621,0.000648
2622,0.000409
2623,0.000636
2624,0.000561
2625,0.000587
2626,0.039043
2627,0.976305
2628,0.855571
2629,0.892475
2630,0.874784
2631,0.865754
2632,0.888799
2633,0.916266
2634,0.937115
2635,0.851173
2636,0.154906
2637,0.005664
2638,0.001
2639,0.000425
2640,0.000416
2641,0.001688
2642,0.001425
2643,0.00207
2644,0.002112
2645,0.002078
2646,0.004336
2647,0.004952
2648,0.004583
2649,0.003929
2650,0.004111
2651,0.004615
2652,0.006787
2653,0.008204
2654,0.012486
2655,0.010021
2656,0.009915
2657,0.005903
2658,0.004999
2659,0.00468
2660,0.051713
2661,0.035552
2662,0.0311
2663,0.025574
2664,0.02652
2665,0.008096
2666,0.006707
2667,0.004337
2668,0.095745
2669,0.076006
2670,0.093551
2671,0.12719
2672,0.182231
2673,0.164713
2674,0.207186
2675,0.087145
2676,0.145525
2677,0.242472
2678,0.319298
2679,0.225955
2680,0.232678
2681,0.23857
2682,0.24234
2683,0.206403
2684,0.277117
2685,0.212289
2686,0.254583
2687,0.292752
2688,0.346839
2689,0.349651
2690,0.291769
2691,0.250423
2692,0.248541
2693,0.190756
2694,0.209929
2695,0.21151
2696,0.210306
2697,0.263059
2698,0.335559
2699,0.282185
2700,0.421136
2701,0.35378
2702,0.284102
2703,0.183173
2704,0.294081
2705,0.2628
2706,0.082337
2707,0.061113
2708,0.002785
2709,0.002363
2710,0.005718
2711,0.028773
2712,0.00666
2713,0.006769
2714,0.007649
2715,0.029357
2716,0.881756
2717,0.940974
2718,0.924951
2719,0.902355
2720,0.987979
2721,0.988128
2722,0.99091
2723,0.993972
2724,0.995425
2725,0.993297
2726,0.994553
2727,0.99397
2728,0.995574
2729,0.99634
2730,0.997198
2731,0.997418
2732,0.997918
2733,0.812397
2734,0.049063
2735,0.009981
2736,0.004471
2737,0.004982
2738,0.005055
2739,0.001851
2740,0.001788
2741,0.002349
2742,0.001798
2743,0.001339
2744,0.002146
2745,0.001083
2746,0.001529
2747,0.002379
2748,0.001789
2749,0.00339
2750,0.004951
2751,0.018142
2752,0.012709
2753,0.015275
2754,0.040385
2755,0.062983
2756,0.079234
2757,0.011464
2758,0.088193
2759,0.096574
2760,0.147136
2761,0.167233
2762,0.22364
2763,0.088824
2764,0.030733
2765,0.080462
2766,0.37328
2767,0.912054
2768,0.977863
2769,0.996126
2770,0.986618
2771,0.992066
2772,0.98523
2773,0.991681
2774,0.994879
2775,0.99633
2776,0.996839
2777,0.996101
2778,0.996053
2779,0.995815
2780,0.996405
2781,0.994705
2782,0.954232
2783,0.933606
2784,0.941077
2785,0.944909
2786,0.960695
2787,0.931508
2788,0.922182
2789,0.994405
2790,0.166843
2791,0.035346
2792,0.009616
2793,0.008748
2794,0.002532
2795,0.004153
2796,0.001164
2797,0.001489
2798,0.000704
2799,0.000339
2800,0.000269
2801,0.000268
2802,0.000253
2803,0.000164
2804,0.000116
2805,0.000266
2806,0.005325
2807,0.005576
2808,0.004811
2809,0.010377
2810,0.006503
2811,0.004426
2812,0.000385
2813,0.000598
2814,0.000753
2815,0.000605
2816,0.001407
2817,0.010095
2818,0.264892
2819,0.887024
2820,0.990711
2821,0.987324
2822,0.995875
2823,0.994892
2824,0.990656
2825,0.991311
2826,0.99232
2827,0.994205
2828,0.989905
2829,0.994199
2830,0.993051
2831,0.994176
2832,0.993971
2833,0.983989
2834,0.910534
2835,0.84102
2836,0.908775
2837,0.987175
2838,0.994943
2839,0.996291
2840,0.996448
2841,0.996746
2842,0.996889
2843,0.996688
2844,0.996619
2845,0.996692
2846,0.995579
2847,0.99648
2848,0.996197
2849,0.995033
2850,0.996165
2851,0.996136
2852,0.995661
2853,0.995496
2854,0.994071
2855,0.993644
2856,0.994676
2857,0.996592
2858,0.19504
2859,0.011121
2860,0.027964
2861,0.015786
2862,0.004366
2863,0.003505
2864,0.001952
2865,0.001704
2866,0.002181
2867,0.003227
2868,0.001405
2869,0.001086
2870,0.001209
2871,0.000757
2872,0.000755
2873,0.000538
2874,0.004033
2875,0.00616
2876,0.008093
2877,0.008123
2878,0.019305
2879,0.010598
2880,0.010603
2881,0.021416
2882,0.019869
2883,0.014689
2884,0.018925
2885,0.020174
2886,0.027874
2887,0.024706
2888,0.021941
2889,0.013549
2890,0.012679
2891,0.014538
2892,0.012243
2893,0.007804
2894,0.011252
2895,0.047866
2896,0.015034
2897,0.01108
2898,0.121348
2899,0.159043
2900,0.155136
2901,0.15209
2902,0.165092
2903,0.207418
2904,0.235959
2905,0.27281
2906,0.277577
2907,0.214501
2908,0.278906
2909,0.211714
2910,0.289734
2911,0.289122
2912,0.312688
2913,0.380667
2914,0.407788
2915,0.44629
2916,0.431364
2917,0.443493
2918,0.513442
2919,0.41323
2920,0.466158
2921,0.382376
2922,0.479834
2923,0.537505
2924,0.585397
2925,0.64676
2926,0.668397
2927,0.699941
2928,0.77072
2929,0.670531
2930,0.684034
2931,0.738277
2932,0.489207
2933,0.403906
2934,0.433758
2935,0.256279
2936,0.316085
2937,0.280967
2938,0.025647
2939,0.005677
2940,0.01441
2941,0.034343
2942,0.039913
2943,0.175763
2944,0.949312
2945,0.98256
2946,0.988803
2947,0.99682
2948,0.996888
2949,0.997223
2950,0.997371
2951,0.99741
2952,0.997234
2953,0.996827
2954,0.997096
2955,0.997161
2956,0.996523
2957,0.996087
2958,0.995813
2959,0.996453
2960,0.997364
2961,0.996551
2962,0.997362
2963,0.997746
2964,0.997571
2965,0.997777
2966,0.997651
2967,0.997927
2968,0.997786
2969,0.997895
2970,0.997744
