1,0.996576
2,0.996235
3,0.995182
4,0.995672
5,0.99511
6,0.995337
7,0.995676
8,0.997016
9,0.997317
10,0.996573
11,0.996291
12,0.996588
13,0.996895
14,0.996804
15,0.996825
16,0.995839
17,0.996077
18,0.996453
19,0.996361
20,0.99645
21,0.996614
22,0.996663
23,0.996726
24,0.996819
25,0.995565
26,0.995875
27,0.995727
28,0.995598
29,0.995569
30,0.994914
31,0.995273
32,0.995675
33,0.995895
34,0.993608
35,0.993463
36,0.993178
37,0.995343
38,0.994843
39,0.99528
40,0.994553
41,0.994185
42,0.989298
43,0.983295
44,0.983413
45,0.972708
46,0.992506
47,0.99016
48,0.987134
49,0.976488
50,0.977047
51,0.979932
52,0.975982
53,0.97546
54,0.969959
55,0.809357
56,0.97677
57,0.972956
58,0.889646
59,0.90282
60,0.955364
61,0.895943
62,0.81998
63,0.775413
64,0.763927
65,0.738881
66,0.780789
67,0.711864
68,0.749152
69,0.609237
70,0.610227
71,0.640753
72,0.928016
73,0.647426
74,0.637203
75,0.621641
76,0.677344
77,0.667776
78,0.641565
79,0.620809
80,0.741775
81,0.715395
82,0.703984
83,0.758674
84,0.767196
85,0.741853
86,0.715908
87,0.718251
88,0.724173
89,0.708643
90,0.675671
91,0.670624
92,0.647651
93,0.683682
94,0.714078
95,0.668912
96,0.667555
97,0.731694
98,0.799484
99,0.761447
100,0.770441
101,0.774928
102,0.78218
103,0.795378
104,0.846251
105,0.849746
106,0.853913
107,0.850158
108,0.880192
109,0.871689
110,0.868266
111,0.871314
112,0.871279
113,0.872759
114,0.872679
115,0.978675
116,0.96759
117,0.9631
118,0.961979
119,0.984539
120,0.978837
121,0.983285
122,0.988774
123,0.987432
124,0.987718
125,0.98574
126,0.989091
127,0.992191
128,0.991489
129,0.989302
130,0.979994
131,0.986675
132,0.987484
133,0.99254
134,0.995164
135,0.995645
136,0.995557
137,0.996226
138,0.997685
139,0.997435
140,0.99754
141,0.997361
142,0.997156
143,0.997284
144,0.996098
145,0.996886
146,0.997438
147,0.997254
148,0.99722
149,0.997143
150,0.997271
151,0.997046
152,0.996893
153,0.997106
154,0.997043
155,0.997234
156,0.997425
157,0.997815
158,0.997895
159,0.99796
160,0.99787
161,0.997915
162,0.997775
163,0.997876
164,0.997989
165,0.997858
166,0.997889
167,0.998116
168,0.998406
169,0.997797
170,0.997835
171,0.998128
172,0.997789
173,0.998115
174,0.998142
175,0.998141
176,0.998098
177,0.998383
178,0.998147
179,0.998041
180,0.997979
181,0.998018
182,0.997992
183,0.998311
184,0.998465
185,0.998065
186,0.99811
187,0.998246
188,0.998173
189,0.998074
190,0.998081
191,0.998107
192,0.998155
193,0.997914
194,0.997948
195,0.997724
196,0.998035
197,0.998275
198,0.998421
199,0.998414
200,0.998297
201,0.998297
202,0.998288
203,0.997813
204,0.997857
205,0.997678
206,0.99756
207,0.997529
208,0.997679
209,0.997216
210,0.997352
211,0.997301
212,0.997442
213,0.997303
214,0.996923
215,0.997195
216,0.997228
217,0.997494
218,0.997197
219,0.997282
220,0.997271
221,0.997147
222,0.997001
223,0.996944
224,0.980696
225,0.990921
226,0.995715
227,0.996787
228,0.996953
229,0.996415
230,0.996596
231,0.995793
232,0.995483
233,0.995347
234,0.99436
235,0.993643
236,0.993623
237,0.993477
238,0.990829
239,0.992356
240,0.992444
241,0.990345
242,0.988629
243,0.987436
244,0.992098
245,0.907459
246,0.902097
247,0.983487
248,0.978978
249,0.971386
250,0.984855
251,0.989194
252,0.987797
253,0.991615
254,0.986824
255,0.984038
256,0.984943
257,0.981905
258,0.984138
259,0.9795
260,0.977958
261,0.978106
262,0.971957
263,0.978538
264,0.961965
265,0.944019
266,0.937696
267,0.904473
268,0.929546
269,0.933232
270,0.918604
271,0.976106
272,0.510693
273,0.374578
274,0.833662
275,0.967391
276,0.97739
277,0.975412
278,0.976549
279,0.979964
280,0.975088
281,0.979921
282,0.984236
283,0.986116
284,0.981685
285,0.988886
286,0.990499
287,0.991054
288,0.994222
289,0.990438
290,0.991866
291,0.992175
292,0.992331
293,0.994491
294,0.995209
295,0.996624
296,0.996704
297,0.996596
298,0.996447
299,0.995927
300,0.995824
301,0.997115
302,0.997321
303,0.99778
304,0.997199
305,0.997107
306,0.997325
307,0.996843
308,0.997019
309,0.997074
310,0.996922
311,0.997401
312,0.997508
313,0.9966
314,0.997242
315,0.997983
316,0.998019
317,0.998089
318,0.997917
319,0.998073
320,0.997927
321,0.998197
322,0.998148
323,0.998154
324,0.99811
325,0.998457
326,0.998486
327,0.998496
328,0.998558
329,0.998571
330,0.998486
331,0.998722
332,0.998619
333,0.998634
334,0.998575
335,0.998512
336,0.998549
337,0.998462
338,0.998481
339,0.998501
340,0.998569
341,0.998545
342,0.998474
343,0.998565
344,0.99859
345,0.998577
346,0.998597
347,0.998608
348,0.998587
349,0.99836
350,0.998333
351,0.998296
352,0.998285
353,0.998263
354,0.998391
355,0.998323
356,0.998404
357,0.998586
358,0.998614
359,0.995882
360,0.95347
361,0.937602
362,0.987886
363,0.99518
364,0.997233
365,0.998225
366,0.998144
367,0.998394
368,0.99839
369,0.998408
370,0.998411
371,0.998346
372,0.99845
373,0.998442
374,0.998554
375,0.998618
376,0.998635
377,0.998652
378,0.998598
379,0.998632
380,0.998589
381,0.998523
382,0.99854
383,0.998561
384,0.998556
385,0.998736
386,0.998744
387,0.998781
388,0.998747
389,0.998734
390,0.998781
391,0.998743
392,0.998759
393,0.998772
394,0.998727
395,0.998503
396,0.998762
397,0.998764
398,0.998738
399,0.998664
400,0.998661
401,0.998535
402,0.997888
403,0.986523
404,0.986943
405,0.996203
406,0.997144
407,0.997454
408,0.998112
409,0.997889
410,0.998065
411,0.998073
412,0.99814
413,0.998043
414,0.997884
415,0.99797
416,0.998007
417,0.998063
418,0.998175
419,0.998106
420,0.998028
421,0.998114
422,0.998101
423,0.998176
424,0.998319
425,0.998173
426,0.998046
427,0.997854
428,0.997937
429,0.997867
430,0.997913
431,0.997701
432,0.99733
433,0.99726
434,0.997085
435,0.997326
436,0.997507
437,0.9976
438,0.99769
439,0.99793
440,0.997839
441,0.997808
442,0.997776
443,0.997807
444,0.997793
445,0.997525
446,0.997444
447,0.997425
448,0.997796
449,0.998094
450,0.997993
451,0.99784
452,0.997494
453,0.997445
454,0.997142
455,0.997449
456,0.997099
457,0.997166
458,0.997157
459,0.997038
460,0.997194
461,0.997294
462,0.996179
463,0.995479
464,0.994781
465,0.99501
466,0.995489
467,0.994311
468,0.993594
469,0.990812
470,0.991156
471,0.99149
472,0.989791
473,0.991
474,0.990069
475,0.992201
476,0.991832
477,0.992536
478,0.993181
479,0.993224
480,0.991648
481,0.990549
482,0.990818
483,0.989763
484,0.991222
485,0.990352
486,0.990505
487,0.990767
488,0.990191
489,0.981005
490,0.762847
491,0.963039
492,0.985221
493,0.982081
494,0.991924
495,0.993229
496,0.994432
497,0.993338
498,0.99299
499,0.993164
500,0.993112
501,0.991312
502,0.992539
503,0.991654
504,0.997384
505,0.997869
506,0.997613
507,0.997097
508,0.997367
509,0.997588
510,0.997855
511,0.997599
512,0.997364
513,0.996532
514,0.997195
515,0.997337
516,0.997008
517,0.997738
518,0.997754
519,0.997909
520,0.997656
521,0.998134
522,0.997962
523,0.997843
524,0.998012
525,0.998094
526,0.998167
527,0.998098
528,0.99804
529,0.998275
530,0.998295
531,0.998392
532,0.998408
533,0.998396
534,0.99847
535,0.998523
536,0.998788
537,0.99879
538,0.998845
539,0.998845
540,0.998874
541,0.998815
542,0.998812
543,0.998784
544,0.99883
545,0.998788
546,0.9988
547,0.998622
548,0.99836
549,0.998289
550,0.998481
551,0.998263
552,0.998151
553,0.998189
554,0.998074
555,0.997986
556,0.998094
557,0.998022
558,0.998009
559,0.998132
560,0.998272
561,0.997877
562,0.997082
563,0.996474
564,0.996721
565,0.995576
566,0.995433
567,0.994965
568,0.995481
569,0.995316
570,0.994927
571,0.995927
572,0.996296
573,0.995436
574,0.99623
575,0.995396
576,0.996292
577,0.987998
578,0.991276
579,0.98095
580,0.964487
581,0.95609
582,0.943686
583,0.972208
584,0.963393
585,0.971355
586,0.972601
587,0.97244
588,0.973465
589,0.943524
590,0.946086
591,0.963179
592,0.96731
593,0.972954
594,0.97193
595,0.963833
596,0.942839
597,0.920684
598,0.975625
599,0.975637
600,0.972848
601,0.986149
602,0.98646
603,0.982611
604,0.986326
605,0.985785
606,0.984834
607,0.988865
608,0.992497
609,0.989144
610,0.993376
611,0.991863
612,0.993014
613,0.994118
614,0.994277
615,0.996409
616,0.996239
617,0.99597
618,0.996112
619,0.996072
620,0.996051
621,0.996374
622,0.996152
623,0.997425
624,0.997089
625,0.994535
626,0.995444
627,0.995895
628,0.99621
629,0.995591
630,0.995361
631,0.996471
632,0.997167
633,0.997099
634,0.997329
635,0.997405
636,0.997724
637,0.997937
638,0.997938
639,0.998252
640,0.998363
641,0.998474
642,0.99849
643,0.998528
644,0.998638
645,0.998739
646,0.998764
647,0.99873
648,0.998703
649,0.998936
650,0.998938
651,0.998894
652,0.99887
653,0.998759
654,0.998897
655,0.998921
656,0.99891
657,0.99889
658,0.998885
659,0.998876
660,0.998867
661,0.998816
662,0.998718
663,0.99874
664,0.998752
665,0.998747
666,0.998736
667,0.99872
668,0.99864
669,0.998493
670,0.998508
671,0.998608
672,0.998594
673,0.998778
674,0.998726
675,0.998672
676,0.998658
677,0.998658
678,0.998682
679,0.998693
680,0.998722
681,0.998644
682,0.998484
683,0.998531
684,0.998519
685,0.998476
686,0.998497
687,0.998603
688,0.998628
689,0.998652
690,0.998594
691,0.983584
692,0.882663
693,0.941853
694,0.989828
695,0.995951
696,0.997727
697,0.997774
698,0.997363
699,0.997595
700,0.997863
701,0.997981
702,0.997914
703,0.998002
704,0.998207
705,0.998305
706,0.998428
707,0.998413
708,0.998455
709,0.998409
710,0.998388
711,0.99838
712,0.998346
713,0.998405
714,0.998348
715,0.998356
716,0.998427
717,0.998453
718,0.998512
719,0.998526
720,0.998464
721,0.998329
722,0.998309
723,0.998198
724,0.997981
725,0.997985
726,0.997641
727,0.997824
728,0.997857
729,0.997311
730,0.99707
731,0.997284
732,0.99634
733,0.996014
734,0.993943
735,0.994726
736,0.995986
737,0.996067
738,0.995469
739,0.995224
740,0.994117
741,0.994017
742,0.994292
743,0.994512
744,0.994438
745,0.991707
746,0.990169
747,0.987806
748,0.981734
749,0.980241
750,0.979532
751,0.980034
752,0.981838
753,0.979481
754,0.978151
755,0.974536
756,0.968299
757,0.903161
758,0.89402
759,0.892066
760,0.926908
761,0.892596
762,0.917962
763,0.914886
764,0.90062
765,0.898305
766,0.902107
767,0.846736
768,0.788575
769,0.800643
770,0.803127
771,0.830539
772,0.83152
773,0.813668
774,0.8143
775,0.812479
776,0.817436
777,0.801265
778,0.825198
779,0.814937
780,0.83401
781,0.830188
782,0.824875
783,0.847424
784,0.858588
785,0.831987
786,0.836647
787,0.830814
788,0.868573
789,0.866486
790,0.878928
791,0.880205
792,0.863897
793,0.837859
794,0.847649
795,0.833625
796,0.833015
797,0.835275
798,0.857081
799,0.851494
800,0.892157
801,0.927761
802,0.938755
803,0.933582
804,0.976784
805,0.975442
806,0.973029
807,0.980359
808,0.971295
809,0.985614
810,0.977974
811,0.975618
812,0.981004
813,0.983296
814,0.985201
815,0.971322
816,0.981525
817,0.95846
818,0.960325
819,0.959847
820,0.96941
821,0.980222
822,0.985069
823,0.978215
824,0.987669
825,0.993423
826,0.992761
827,0.994495
828,0.997001
829,0.996352
830,0.995978
831,0.996573
832,0.997059
833,0.997468
834,0.997143
835,0.997441
836,0.997448
837,0.997515
838,0.997032
839,0.997182
840,0.997044
841,0.998423
842,0.998393
843,0.998068
844,0.998183
845,0.998462
846,0.998424
847,0.998464
848,0.994654
849,0.915752
850,0.78197
851,0.846359
852,0.982058
853,0.995717
854,0.99766
855,0.997933
856,0.998281
857,0.99831
858,0.998448
859,0.998468
860,0.998468
861,0.99852
862,0.998491
863,0.998399
864,0.998524
865,0.998522
866,0.998497
867,0.998566
868,0.998614
869,0.998598
870,0.998642
871,0.998638
872,0.998624
873,0.998623
874,0.998506
875,0.998523
876,0.998286
877,0.998628
878,0.998531
879,0.998606
880,0.99864
881,0.998653
882,0.998648
883,0.998656
884,0.998654
885,0.998657
886,0.998669
887,0.998671
888,0.998685
889,0.998527
890,0.998523
891,0.998544
892,0.998624
893,0.998611
894,0.998646
895,0.998643
896,0.998597
897,0.998656
898,0.998635
899,0.998595
900,0.998634
901,0.998669
902,0.998705
903,0.998661
904,0.998592
905,0.998522
906,0.998664
907,0.998635
908,0.998626
909,0.998573
910,0.998511
911,0.998535
912,0.998466
913,0.998852
914,0.998871
915,0.998894
916,0.998861
917,0.998898
918,0.998859
919,0.998763
920,0.998758
921,0.998718
922,0.998746
923,0.998693
924,0.998684
925,0.998723
926,0.998667
927,0.998741
928,0.998772
929,0.998828
930,0.99884
931,0.998846
932,0.998792
933,0.998801
934,0.998782
935,0.998723
936,0.998747
937,0.998845
938,0.998846
939,0.998853
940,0.998864
941,0.998925
942,0.998893
943,0.998853
944,0.998826
945,0.998815
946,0.998796
947,0.998781
948,0.998769
949,0.998763
950,0.998563
951,0.99383
952,0.914622
953,0.990636
954,0.996602
955,0.997979
956,0.997934
957,0.997936
958,0.997919
959,0.997926
960,0.998036
961,0.998269
962,0.998399
963,0.998466
964,0.998382
965,0.998378
966,0.998257
967,0.998263
968,0.998353
969,0.99845
970,0.998379
971,0.998409
972,0.998449
973,0.998228
974,0.99819
975,0.998119
976,0.99804
977,0.998105
978,0.998122
979,0.998082
980,0.998053
981,0.998102
982,0.998062
983,0.997993
984,0.998221
985,0.998331
986,0.998326
987,0.99846
988,0.998489
989,0.998492
990,0.998477
991,0.998452
992,0.998484
993,0.998454
994,0.998528
995,0.998481
996,0.998503
997,0.998573
998,0.998571
999,0.998608
1000,0.998582
1001,0.99826
1002,0.991068
1003,0.986262
1004,0.993588
1005,0.997372
1006,0.997911
1007,0.998122
1008,0.998346
1009,0.997743
1010,0.997704
1011,0.997696
1012,0.997601
1013,0.997578
1014,0.997461
1015,0.997279
1016,0.997395
1017,0.99763
1018,0.997641
1019,0.997953
1020,0.99799
1021,0.998041
1022,0.997971
1023,0.997794
1024,0.998067
1025,0.998018
1026,0.997988
1027,0.997018
1028,0.918659
1029,0.882765
1030,0.870126
1031,0.9186
1032,0.98955
1033,0.992132
1034,0.996374
1035,0.996683
1036,0.997069
1037,0.997502
1038,0.997587
1039,0.997344
1040,0.99749
1041,0.997405
1042,0.997562
1043,0.99766
1044,0.997474
1045,0.997277
1046,0.997357
1047,0.997663
1048,0.997595
1049,0.997691
1050,0.997202
1051,0.997718
1052,0.99778
1053,0.997851
1054,0.99786
1055,0.997735
1056,0.997895
1057,0.998157
1058,0.998223
1059,0.998219
1060,0.998205
1061,0.998332
1062,0.998348
1063,0.998231
1064,0.998134
1065,0.998277
1066,0.998196
1067,0.998082
1068,0.998258
1069,0.998167
1070,0.998199
1071,0.998232
1072,0.998205
1073,0.998109
1074,0.998268
1075,0.998178
1076,0.998243
1077,0.998194
1078,0.998335
1079,0.998341
1080,0.998347
1081,0.998455
1082,0.998463
1083,0.99851
1084,0.998188
1085,0.998113
1086,0.998353
1087,0.998424
1088,0.998462
1089,0.998488
1090,0.998456
1091,0.998376
1092,0.998286
1093,0.998423
1094,0.998408
1095,0.998424
1096,0.998362
1097,0.998324
1098,0.998282
1099,0.998283
1100,0.998337
1101,0.998328
1102,0.99834
1103,0.998376
1104,0.9983
1105,0.998245
1106,0.998259
1107,0.997954
1108,0.998251
1109,0.995497
1110,0.891599
1111,0.830796
1112,0.852213
1113,0.948207
1114,0.993676
1115,0.995147
1116,0.996729
1117,0.997373
1118,0.99764
1119,0.997871
1120,0.997905
1121,0.997884
1122,0.997982
1123,0.997879
1124,0.997933
1125,0.998066
1126,0.997911
1127,0.997822
1128,0.997911
1129,0.998415
1130,0.998367
1131,0.998429
1132,0.998447
1133,0.998444
1134,0.998365
1135,0.998363
1136,0.998345
1137,0.99829
1138,0.998372
1139,0.998387
1140,0.99838
1141,0.998221
1142,0.99835
1143,0.998355
1144,0.998321
1145,0.99839
1146,0.998331
1147,0.998249
1148,0.998214
1149,0.998159
1150,0.997979
1151,0.998123
1152,0.998244
1153,0.997774
1154,0.997756
1155,0.997703
1156,0.997842
1157,0.997994
1158,0.99801
1159,0.997887
1160,0.998029
1161,0.99809
1162,0.997978
1163,0.997923
1164,0.998044
1165,0.998186
1166,0.998028
1167,0.997993
1168,0.997961
1169,0.997892
1170,0.997931
1171,0.997855
1172,0.997984
1173,0.998024
1174,0.997722
1175,0.997545
1176,0.996537
1177,0.995465
1178,0.996274
1179,0.996073
1180,0.995901
1181,0.99604
1182,0.996169
1183,0.996272
1184,0.995761
1185,0.996321
1186,0.99627
1187,0.996947
1188,0.996712
1189,0.996924
1190,0.997012
1191,0.996867
1192,0.997129
1193,0.997316
1194,0.997367
1195,0.997888
1196,0.998062
1197,0.998198
1198,0.998354
1199,0.998325
1200,0.998246
1201,0.997975
1202,0.997902
1203,0.998049
1204,0.997831
1205,0.997869
1206,0.997946
1207,0.998126
1208,0.997993
1209,0.997826
1210,0.997832
1211,0.997936
1212,0.997883
1213,0.99794
1214,0.985691
1215,0.895043
1216,0.88255
1217,0.922892
1218,0.990233
1219,0.995644
1220,0.997283
1221,0.997598
1222,0.997505
1223,0.997888
1224,0.998028
1225,0.998158
1226,0.998159
1227,0.998291
1228,0.998434
1229,0.998517
1230,0.998175
1231,0.998106
1232,0.998234
1233,0.998046
1234,0.998131
1235,0.998062
1236,0.997982
1237,0.998042
1238,0.998018
1239,0.998016
1240,0.998015
1241,0.997225
1242,0.997348
1243,0.997076
1244,0.996371
1245,0.996378
1246,0.996647
1247,0.997126
1248,0.996394
1249,0.995592
1250,0.995748
1251,0.99405
1252,0.994116
1253,0.994259
1254,0.991204
1255,0.990715
1256,0.99104
1257,0.987965
1258,0.986728
1259,0.978288
1260,0.982811
1261,0.985965
1262,0.984761
1263,0.984352
1264,0.986794
1265,0.98845
1266,0.990336
1267,0.984382
1268,0.979599
1269,0.944316
1270,0.927515
1271,0.925922
1272,0.921502
1273,0.907093
1274,0.911633
1275,0.913475
1276,0.91093
1277,0.970262
1278,0.843575
1279,0.778647
1280,0.937317
1281,0.936467
1282,0.83282
1283,0.763394
1284,0.711855
1285,0.736996
1286,0.680944
1287,0.699734
1288,0.739803
1289,0.760906
1290,0.794455
1291,0.794167
1292,0.790147
1293,0.794505
1294,0.780858
1295,0.800175
1296,0.820729
1297,0.75811
1298,0.753098
1299,0.758762
1300,0.776488
1301,0.813095
1302,0.815822
1303,0.84315
1304,0.836739
1305,0.862403
1306,0.862683
1307,0.865804
1308,0.8516
1309,0.879057
1310,0.879096
1311,0.893034
1312,0.886201
1313,0.900151
1314,0.945103
1315,0.95859
1316,0.948971
1317,0.936714
1318,0.94816
1319,0.963973
1320,0.967984
1321,0.96443
1322,0.979538
1323,0.979465
1324,0.980459
1325,0.982687
1326,0.981665
1327,0.986809
1328,0.982148
1329,0.98482
1330,0.983846
1331,0.987166
1332,0.987219
1333,0.990493
1334,0.99557
1335,0.996053
1336,0.995975
1337,0.992767
1338,0.992503
1339,0.997424
1340,0.993949
1341,0.994656
1342,0.99716
1343,0.99727
1344,0.997248
1345,0.998228
1346,0.998199
1347,0.998183
1348,0.998299
1349,0.998431
1350,0.998266
1351,0.998544
1352,0.998522
1353,0.998517
