1,0.961009
2,0.964422
3,0.968177
4,0.966125
5,0.965577
6,0.967452
7,0.936196
8,0.9762
9,0.97708
10,0.977644
11,0.975604
12,0.968996
13,0.96752
14,0.964054
15,0.965846
16,0.939099
17,0.951952
18,0.966408
19,0.966681
20,0.975937
21,0.963293
22,0.961604
23,0.960953
24,0.967936
25,0.968328
26,0.969565
27,0.971706
28,0.970647
29,0.959319
30,0.971198
31,0.9716
32,0.974642
33,0.96854
34,0.971616
35,0.93556
36,0.934033
37,0.948658
38,0.94452
39,0.949626
40,0.956894
41,0.954193
42,0.954968
43,0.955466
44,0.955331
45,0.97358
46,0.966131
47,0.960199
48,0.957504
49,0.963192
50,0.953722
51,0.96003
52,0.938818
53,0.946466
54,0.937721
55,0.930934
56,0.947225
57,0.937539
58,0.942345
59,0.927461
60,0.936434
61,0.926522
62,0.930573
63,0.927187
64,0.932365
65,0.937429
66,0.928229
67,0.908393
68,0.906499
69,0.895784
70,0.888505
71,0.874951
72,0.885741
73,0.881037
74,0.117309
75,0.030319
76,0.045527
77,0.047558
78,0.080357
79,0.082056
80,0.081164
81,0.07735
82,0.079829
83,0.034
84,0.046055
85,0.032779
86,0.030099
87,0.037911
88,0.05326
89,0.0349
90,0.046397
91,0.057024
92,0.079667
93,0.116807
94,0.128984
95,0.136043
96,0.155285
97,0.282758
98,0.412738
99,0.351916
100,0.389676
101,0.480147
102,0.405857
103,0.41509
104,0.437346
105,0.379403
106,0.552748
107,0.427033
108,0.412833
109,0.504787
110,0.433712
111,0.525712
112,0.509058
113,0.528981
114,0.519096
115,0.524591
116,0.58223
117,0.566213
118,0.608292
119,0.626588
120,0.692133
121,0.652944
122,0.656304
123,0.604266
124,0.631848
125,0.68654
126,0.676518
127,0.696047
128,0.795479
129,0.880262
130,0.877823
131,0.906966
132,0.916231
133,0.930233
134,0.948886
135,0.93172
136,0.904764
137,0.913245
138,0.903028
139,0.909205
140,0.912872
141,0.942759
142,0.933077
143,0.943928
144,0.946486
145,0.948671
146,0.957255
147,0.957675
148,0.956835
149,0.957735
150,0.961164
151,0.967829
152,0.961569
153,0.966181
154,0.966792
155,0.965845
156,0.967406
157,0.975744
158,0.974806
159,0.976387
160,0.97806
161,0.976079
162,0.976504
163,0.973767
164,0.976338
165,0.975623
166,0.977907
167,0.97682
168,0.979066
169,0.976411
170,0.97623
171,0.976701
172,0.974026
173,0.970417
174,0.971076
175,0.971106
176,0.96837
177,0.966831
178,0.96868
179,0.970011
180,0.970433
181,0.969086
182,0.97083
183,0.966974
184,0.334783
185,0.024116
186,0.014786
187,0.030334
188,0.02292
189,0.02257
190,0.018951
191,0.016835
192,0.018347
193,0.012994
194,0.014536
195,0.01553
196,0.01716
197,0.018386
198,0.01833
199,0.017903
200,0.021773
201,0.025103
202,0.016881
203,0.014592
204,0.01553
205,0.012017
206,0.015483
207,0.016361
208,0.034415
209,0.036354
210,0.028749
211,0.038628
212,0.014262
213,0.010918
214,0.01195
215,0.013071
216,0.008959
217,0.017741
218,0.028098
219,0.268706
220,0.884644
221,0.951318
222,0.956156
223,0.964855
224,0.960285
225,0.937138
226,0.946913
227,0.936822
228,0.918042
229,0.846653
230,0.89431
231,0.890204
232,0.90468
233,0.907762
234,0.930646
235,0.928139
236,0.910642
237,0.924789
238,0.880946
239,0.828955
240,0.856357
241,0.877743
242,0.887282
243,0.881752
244,0.911305
245,0.910545
246,0.930517
247,0.921418
248,0.900604
249,0.881238
250,0.899059
251,0.893459
252,0.900699
253,0.860851
254,0.885943
255,0.894366
256,0.888577
257,0.912312
258,0.854093
259,0.877278
260,0.885278
261,0.874701
262,0.948353
263,0.955123
264,0.952164
265,0.90044
266,0.913449
267,0.933783
268,0.930601
269,0.908968
270,0.914708
271,0.921123
272,0.924649
273,0.919436
274,0.908509
275,0.923032
276,0.90652
277,0.892295
278,0.937408
279,0.936571
280,0.943518
281,0.908696
282,0.516369
283,0.043534
284,0.034902
285,0.099544
286,0.176036
287,0.108657
288,0.102572
289,0.138699
290,0.160267
291,0.137953
292,0.092101
293,0.06772
294,0.053423
295,0.061038
296,0.059792
297,0.057638
298,0.059401
299,0.062988
300,0.069175
301,0.072009
302,0.061671
303,0.060566
304,0.051773
305,0.051057
306,0.06632
307,0.051475
308,0.057549
309,0.050931
310,0.051484
311,0.052136
312,0.049963
313,0.039956
314,0.043001
315,0.023573
316,0.027389
317,0.027301
318,0.034453
319,0.055576
320,0.06988
321,0.038452
322,0.06725
323,0.053403
324,0.025485
325,0.294207
326,0.919763
327,0.944381
328,0.935571
329,0.958085
330,0.946056
331,0.947343
332,0.958302
333,0.960022
334,0.947147
335,0.941605
336,0.945928
337,0.95448
338,0.94821
339,0.943018
340,0.949209
341,0.955956
342,0.955251
343,0.955331
344,0.951796
345,0.969495
346,0.965636
347,0.969402
348,0.966677
349,0.965781
350,0.963363
351,0.963464
352,0.96176
353,0.962317
354,0.273839
355,0.039945
356,0.02834
357,0.022261
358,0.012308
359,0.008963
360,0.014398
361,0.013636
362,0.02103
363,0.022372
364,0.021156
365,0.020088
366,0.017056
367,0.012245
368,0.016076
369,0.037548
370,0.05115
371,0.086733
372,0.117135
373,0.049734
374,0.077721
375,0.083385
376,0.082916
377,0.091902
378,0.059236
379,0.050305
380,0.073922
381,0.061099
382,0.064298
383,0.070542
384,0.33283
385,0.960754
386,0.970526
387,0.966814
388,0.952828
389,0.965321
390,0.969612
391,0.974306
392,0.972156
393,0.974949
394,0.97356
395,0.970013
396,0.970476
397,0.970373
398,0.97643
399,0.971562
400,0.961111
401,0.959971
402,0.958086
403,0.966462
404,0.970158
405,0.969059
406,0.970062
407,0.971347
408,0.973995
409,0.968117
410,0.970548
411,0.971019
412,0.969017
413,0.963739
414,0.968042
415,0.96928
416,0.970363
417,0.965693
418,0.962285
419,0.959981
420,0.963723
421,0.96107
422,0.959741
423,0.953769
424,0.958502
425,0.952801
426,0.942525
427,0.954288
428,0.955565
429,0.963654
430,0.949374
431,0.936904
432,0.958892
433,0.944945
434,0.941289
435,0.963568
436,0.951006
437,0.929602
438,0.948657
439,0.951244
440,0.924136
441,0.943733
442,0.941242
443,0.935467
444,0.944075
445,0.946558
446,0.949801
447,0.883972
448,0.947277
449,0.946568
450,0.868598
451,0.928928
452,0.920832
453,0.891772
454,0.852752
455,0.866644
456,0.962677
457,0.871711
458,0.130967
459,0.135308
460,0.062993
461,0.105142
462,0.07086
463,0.099236
464,0.090746
465,0.097384
466,0.125628
467,0.101322
468,0.118433
469,0.101758
470,0.057345
471,0.056229
472,0.088057
473,0.071337
474,0.079877
475,0.033606
476,0.036271
477,0.027693
478,0.02432
479,0.027359
480,0.024436
481,0.124722
482,0.938379
483,0.894945
484,0.882332
485,0.859773
486,0.859335
487,0.860433
488,0.858332
489,0.899096
490,0.877793
491,0.869075
492,0.862087
493,0.90383
494,0.897726
495,0.891405
496,0.867726
497,0.958092
498,0.879387
499,0.162524
500,0.104613
501,0.183344
502,0.125096
503,0.221469
504,0.32689
505,0.272181
506,0.23176
507,0.22791
508,0.261723
509,0.166743
510,0.137623
511,0.170367
512,0.146026
513,0.153465
514,0.162348
515,0.272005
516,0.311854
517,0.47798
518,0.446738
519,0.430062
520,0.307253
521,0.29965
522,0.269942
523,0.253531
524,0.235446
525,0.174977
526,0.150913
527,0.182304
528,0.162295
529,0.198089
530,0.213666
531,0.196501
532,0.199466
533,0.165454
534,0.210108
535,0.236431
536,0.207952
537,0.279162
538,0.278607
539,0.207114
540,0.210119
541,0.263534
542,0.265169
543,0.1422
544,0.134689
545,0.13651
546,0.140141
547,0.135427
548,0.121969
549,0.12055
550,0.193213
551,0.166648
552,0.157464
553,0.107524
554,0.114095
555,0.124494
556,0.142691
557,0.161145
558,0.228414
559,0.215569
560,0.192856
561,0.143276
562,0.219916
563,0.219538
564,0.238897
565,0.280985
566,0.265168
567,0.206314
568,0.225911
569,0.203016
570,0.263245
571,0.189598
572,0.147975
573,0.137766
574,0.172733
575,0.142497
576,0.135849
577,0.113061
578,0.124949
579,0.105109
580,0.124206
581,0.125151
582,0.151365
583,0.200975
584,0.91773
585,0.964857
586,0.965286
587,0.963
588,0.963607
589,0.962439
590,0.965435
591,0.963448
592,0.956047
593,0.940982
594,0.941066
595,0.924188
596,0.92239
597,0.915749
598,0.934126
599,0.937108
600,0.939108
601,0.933833
602,0.939142
603,0.945062
604,0.929104
605,0.937131
606,0.938698
607,0.928524
608,0.916384
609,0.924486
610,0.930363
611,0.951581
612,0.945466
613,0.943356
614,0.946374
615,0.941178
616,0.951491
617,0.94945
618,0.946211
619,0.951889
620,0.951194
621,0.949388
622,0.953289
623,0.95274
624,0.953868
625,0.952124
626,0.948156
627,0.947596
628,0.736673
629,0.075449
630,0.124755
631,0.181728
632,0.118281
633,0.09208
634,0.092694
635,0.106906
636,0.077429
637,0.09598
638,0.092931
639,0.084912
640,0.092456
641,0.128895
642,0.192853
643,0.195802
644,0.261728
645,0.181937
646,0.27228
647,0.245857
648,0.295765
649,0.224933
650,0.241663
651,0.246523
652,0.183655
653,0.212955
654,0.214254
655,0.145067
656,0.124017
657,0.113734
658,0.141194
659,0.121087
660,0.104054
661,0.08153
662,0.097309
663,0.090927
664,0.09791
665,0.091557
666,0.199199
667,0.205745
668,0.167671
669,0.249846
670,0.283804
671,0.356179
672,0.337759
673,0.223471
674,0.198773
675,0.12072
676,0.15654
677,0.112634
678,0.143498
679,0.149036
680,0.187365
681,0.130291
682,0.101427
683,0.121118
684,0.100006
685,0.175299
686,0.187557
687,0.182466
688,0.122004
689,0.233806
690,0.193924
691,0.140215
692,0.079927
693,0.479198
694,0.937383
695,0.923802
696,0.931205
697,0.947368
698,0.964138
699,0.91887
700,0.962221
701,0.970319
702,0.965757
703,0.917949
704,0.919109
705,0.915515
706,0.94781
707,0.950979
708,0.922653
709,0.926332
710,0.932034
711,0.955435
712,0.923608
713,0.930784
714,0.928316
715,0.928145
716,0.915833
717,0.92686
718,0.919252
719,0.9357
720,0.936972
721,0.936427
722,0.94166
723,0.980239
724,0.943217
725,0.591851
726,0.088931
727,0.084306
728,0.100105
729,0.116352
730,0.084598
731,0.131489
732,0.115403
733,0.097746
734,0.084642
735,0.074818
736,0.074091
737,0.081117
738,0.071091
739,0.076057
740,0.059279
741,0.057773
742,0.047621
743,0.058488
744,0.072354
745,0.073892
746,0.086284
747,0.076096
748,0.060629
749,0.067558
750,0.063369
751,0.051874
752,0.059564
753,0.065283
754,0.078708
755,0.055418
756,0.048748
757,0.052882
758,0.06769
759,0.074885
760,0.103791
761,0.093703
762,0.077257
763,0.075415
764,0.063964
765,0.08254
766,0.058939
767,0.061722
768,0.044631
769,0.049791
770,0.07081
771,0.072992
772,0.071424
773,0.087662
774,0.090587
775,0.079314
776,0.084133
777,0.092123
778,0.071769
779,0.114345
780,0.147145
781,0.185282
782,0.234314
783,0.309395
784,0.270502
785,0.187209
786,0.203358
787,0.162137
788,0.24932
789,0.074322
790,0.066232
791,0.081815
792,0.087697
793,0.08773
794,0.083788
795,0.114839
796,0.106179
797,0.09069
798,0.125745
799,0.107308
800,0.102267
801,0.150612
802,0.107219
803,0.127394
804,0.083178
805,0.129628
806,0.086002
807,0.073864
808,0.149888
809,0.11155
810,0.193246
811,0.128489
812,0.263695
813,0.162998
814,0.1263
815,0.088184
816,0.089211
817,0.056744
818,0.080291
819,0.090999
820,0.073565
821,0.071499
822,0.056376
823,0.058088
824,0.072585
825,0.074482
826,0.071284
827,0.057347
828,0.043943
829,0.029735
830,0.042387
831,0.045976
832,0.055537
833,0.05618
834,0.070779
835,0.062432
836,0.082285
837,0.136233
838,0.098774
839,0.10963
840,0.343996
841,0.892829
842,0.928919
843,0.913
844,0.929012
845,0.926091
846,0.938654
847,0.934264
848,0.934192
849,0.91273
850,0.920486
851,0.693089
852,0.106259
853,0.062207
854,0.023103
855,0.029529
856,0.036307
857,0.029391
858,0.039623
859,0.023519
860,0.033901
861,0.066234
862,0.059166
863,0.05714
864,0.078943
865,0.053313
866,0.063077
867,0.068199
868,0.067662
869,0.063984
870,0.054033
871,0.043425
872,0.065131
873,0.066887
874,0.068749
875,0.085286
876,0.056979
877,0.040172
878,0.038394
879,0.045408
880,0.063403
881,0.067771
882,0.06343
883,0.064229
884,0.051123
885,0.043061
886,0.044358
887,0.025785
888,0.028035
889,0.033601
890,0.031702
891,0.038693
892,0.034364
893,0.045615
894,0.051259
895,0.051577
896,0.056766
897,0.039382
898,0.024522
899,0.028646
900,0.022542
901,0.013607
902,0.011378
903,0.01096
904,0.014157
905,0.013796
906,0.012256
907,0.015523
908,0.015529
909,0.018732
910,0.019184
911,0.026386
912,0.452821
913,0.862378
914,0.905676
915,0.906856
916,0.912224
917,0.908634
918,0.927974
919,0.928331
920,0.900998
921,0.90505
922,0.222742
923,0.080028
924,0.135416
925,0.207392
926,0.274573
927,0.355787
928,0.437701
929,0.513853
930,0.61327
931,0.658792
932,0.724391
933,0.738162
934,0.668519
935,0.699067
936,0.710788
937,0.727915
938,0.740823
939,0.711526
940,0.702557
941,0.714244
942,0.712802
943,0.697755
944,0.665953
945,0.660662
946,0.566192
947,0.52824
948,0.438123
949,0.476277
950,0.575916
951,0.582432
952,0.556585
953,0.521093
954,0.505989
955,0.551933
956,0.4141
957,0.346381
958,0.351236
959,0.369246
960,0.398709
961,0.264467
962,0.28422
963,0.255832
964,0.282067
965,0.284622
966,0.234193
967,0.322532
968,0.316079
969,0.20048
970,0.170716
971,0.113517
972,0.208518
973,0.359225
974,0.224264
975,0.319194
976,0.275596
977,0.236803
978,0.168722
979,0.45836
980,0.708975
981,0.443785
982,0.477694
983,0.827338
984,0.8631
985,0.830522
986,0.930601
987,0.876511
988,0.95723
989,0.956528
990,0.931628
991,0.923859
992,0.941655
993,0.946262
994,0.952821
995,0.953252
996,0.961284
997,0.958834
998,0.957771
999,0.954902
1000,0.950831
1001,0.936764
1002,0.938281
1003,0.937353
1004,0.935848
1005,0.953266
1006,0.956486
1007,0.959673
1008,0.952348
1009,0.256528
1010,0.08838
1011,0.082496
1012,0.075128
1013,0.144361
1014,0.092536
1015,0.106552
1016,0.167791
1017,0.089795
1018,0.083864
1019,0.083287
1020,0.123976
1021,0.203735
1022,0.274443
1023,0.322008
1024,0.277026
1025,0.446668
1026,0.671717
1027,0.599497
1028,0.460971
1029,0.296622
1030,0.331349
1031,0.363199
1032,0.392
1033,0.43472
1034,0.363195
1035,0.324918
1036,0.281867
1037,0.259815
1038,0.238645
1039,0.235268
1040,0.338685
1041,0.335723
1042,0.27704
1043,0.255579
1044,0.245996
1045,0.119913
1046,0.113178
1047,0.10123
1048,0.108094
1049,0.082607
1050,0.097429
1051,0.364909
1052,0.473992
1053,0.536008
1054,0.525535
1055,0.526279
1056,0.441187
1057,0.425602
1058,0.171232
1059,0.394572
1060,0.171271
1061,0.249348
1062,0.140738
1063,0.153167
1064,0.173349
1065,0.217523
1066,0.215522
1067,0.238977
1068,0.223298
1069,0.24741
1070,0.255743
1071,0.246595
1072,0.264687
1073,0.205635
1074,0.175782
1075,0.145686
1076,0.159554
1077,0.165328
1078,0.139217
1079,0.141886
1080,0.170285
1081,0.245841
1082,0.335568
1083,0.305351
1084,0.338996
1085,0.393627
1086,0.48022
1087,0.420859
1088,0.335345
1089,0.265541
1090,0.190429
1091,0.120039
1092,0.1452
1093,0.159535
1094,0.136229
1095,0.074968
1096,0.06175
1097,0.069332
1098,0.050844
1099,0.045214
1100,0.050395
1101,0.052523
1102,0.084092
1103,0.073
1104,0.05984
1105,0.087211
1106,0.128759
1107,0.106081
1108,0.139923
1109,0.142042
1110,0.132131
1111,0.139481
1112,0.165073
1113,0.11675
1114,0.121828
1115,0.108285
1116,0.100056
1117,0.102005
1118,0.114787
1119,0.107268
1120,0.118273
1121,0.118463
1122,0.134529
1123,0.100422
1124,0.124015
1125,0.09294
1126,0.088522
1127,0.119369
1128,0.092612
1129,0.087729
1130,0.093767
1131,0.103093
1132,0.097191
1133,0.107616
1134,0.16486
1135,0.146657
1136,0.146273
1137,0.158702
1138,0.120892
1139,0.12263
1140,0.097464
1141,0.073236
1142,0.355946
1143,0.795285
1144,0.876304
1145,0.840423
1146,0.907069
1147,0.885393
1148,0.900283
1149,0.897323
1150,0.882906
1151,0.836708
1152,0.851231
1153,0.871229
1154,0.87695
1155,0.876276
1156,0.86616
1157,0.879413
1158,0.886646
1159,0.87806
1160,0.877998
1161,0.881169
1162,0.885038
1163,0.870952
1164,0.873474
1165,0.869092
1166,0.875671
1167,0.847609
1168,0.86409
1169,0.855982
1170,0.872171
1171,0.869502
1172,0.876032
1173,0.882051
1174,0.879554
1175,0.877853
1176,0.854664
1177,0.929742
1178,0.895387
1179,0.739705
1180,0.789323
1181,0.845206
1182,0.838201
1183,0.950495
1184,0.941885
1185,0.951847
1186,0.965524
1187,0.972599
1188,0.975984
1189,0.974076
1190,0.972944
1191,0.977625
1192,0.74487
1193,0.137377
1194,0.042487
1195,0.034518
1196,0.034296
1197,0.044945
1198,0.053522
1199,0.072181
1200,0.052139
1201,0.077125
1202,0.135739
1203,0.112772
1204,0.059184
1205,0.089275
1206,0.131865
1207,0.155566
1208,0.177106
1209,0.151793
1210,0.137852
1211,0.174668
1212,0.198915
1213,0.164394
1214,0.166925
1215,0.142103
1216,0.142758
1217,0.143854
1218,0.139779
1219,0.278337
1220,0.369969
1221,0.468939
1222,0.567244
1223,0.615574
1224,0.540739
1225,0.566382
1226,0.644012
1227,0.626487
1228,0.554371
1229,0.691373
1230,0.689334
1231,0.62452
1232,0.707807
1233,0.645331
1234,0.573378
1235,0.525132
1236,0.422103
1237,0.464085
1238,0.498109
1239,0.503446
1240,0.501826
1241,0.357491
1242,0.292729
1243,0.321692
1244,0.277433
1245,0.288876
1246,0.343255
1247,0.329132
1248,0.364022
1249,0.449499
1250,0.488408
1251,0.500647
1252,0.520473
1253,0.58261
1254,0.491592
1255,0.495096
1256,0.609016
1257,0.445049
1258,0.515805
1259,0.486456
1260,0.53346
1261,0.439768
1262,0.383949
1263,0.459099
1264,0.42981
1265,0.441424
1266,0.239918
1267,0.190196
1268,0.164215
1269,0.121754
1270,0.149208
1271,0.136659
1272,0.129107
1273,0.15271
1274,0.157096
1275,0.567141
1276,0.552359
1277,0.557464
1278,0.615333
1279,0.644385
1280,0.594688
1281,0.585027
1282,0.698493
1283,0.624823
1284,0.668611
1285,0.581281
1286,0.618068
1287,0.658818
1288,0.623735
1289,0.62099
1290,0.620855
1291,0.648206
1292,0.750052
1293,0.702822
1294,0.75973
1295,0.775682
1296,0.797473
1297,0.744393
1298,0.760419
1299,0.732134
1300,0.675485
1301,0.652271
1302,0.651983
1303,0.654033
1304,0.643466
1305,0.71897
1306,0.691407
1307,0.729146
1308,0.697919
1309,0.688235
1310,0.618881
1311,0.637525
1312,0.56587
1313,0.631637
1314,0.390043
1315,0.44478
1316,0.480196
1317,0.23514
1318,0.424851
1319,0.206356
1320,0.203967
1321,0.01612
1322,0.068039
1323,0.213209
1324,0.084135
1325,0.053893
1326,0.01219
1327,0.043446
1328,0.080041
1329,0.105684
1330,0.083162
1331,0.176619
1332,0.337047
1333,0.211492
1334,0.194303
1335,0.072565
1336,0.100035
1337,0.044537
1338,0.046048
1339,0.053863
1340,0.07199
1341,0.087033
1342,0.361324
1343,0.121028
1344,0.083062
1345,0.101346
1346,0.069623
1347,0.06072
1348,0.038259
1349,0.041752
1350,0.047114
1351,0.018545
1352,0.041479
1353,0.514695
1354,0.768414
1355,0.755773
1356,0.759119
1357,0.81204
1358,0.796854
1359,0.782188
1360,0.773534
1361,0.727392
1362,0.788415
1363,0.801745
1364,0.5564
1365,0.066764
1366,0.014045
1367,0.052752
1368,0.042371
1369,0.045681
1370,0.029264
1371,0.020102
1372,0.032822
1373,0.017947
1374,0.017943
1375,0.010911
1376,0.010344
1377,0.011631
1378,0.013354
1379,0.008768
1380,0.011566
1381,0.015967
1382,0.018166
1383,0.021491
1384,0.02545
1385,0.020865
1386,0.031089
1387,0.032901
1388,0.027003
1389,0.026222
1390,0.038475
1391,0.034579
1392,0.036771
1393,0.032547
1394,0.049696
1395,0.046397
1396,0.044968
1397,0.049545
1398,0.074074
1399,0.080341
1400,0.098381
1401,0.09914
1402,0.134433
1403,0.151301
1404,0.199877
1405,0.177536
1406,0.173524
1407,0.166181
1408,0.238423
1409,0.264646
1410,0.269141
1411,0.282206
1412,0.278155
1413,0.21353
1414,0.227981
1415,0.250425
1416,0.206773
1417,0.142283
1418,0.137814
1419,0.090606
1420,0.17139
1421,0.193611
1422,0.202062
1423,0.180247
1424,0.218002
1425,0.258174
1426,0.258953
1427,0.430997
1428,0.440492
1429,0.377927
1430,0.442612
1431,0.466319
1432,0.491314
1433,0.496294
1434,0.481395
1435,0.5219
1436,0.481388
1437,0.452842
1438,0.502349
1439,0.446289
1440,0.432902
1441,0.476377
1442,0.579803
1443,0.537293
1444,0.519487
1445,0.486995
1446,0.401793
1447,0.386399
1448,0.432123
1449,0.392097
1450,0.406374
1451,0.338269
1452,0.325053
1453,0.523138
1454,0.537407
1455,0.558904
1456,0.489242
1457,0.471691
1458,0.493939
1459,0.600476
1460,0.573897
1461,0.587723
1462,0.582178
1463,0.585881
1464,0.49222
1465,0.5309
1466,0.531382
1467,0.533475
1468,0.536186
1469,0.437915
1470,0.45459
1471,0.348551
1472,0.272466
1473,0.177365
1474,0.180464
1475,0.174738
1476,0.311992
1477,0.243566
1478,0.234302
1479,0.239067
1480,0.251155
1481,0.220782
1482,0.204685
1483,0.187988
1484,0.149334
1485,0.101809
1486,0.118529
1487,0.106909
1488,0.118128
1489,0.241338
1490,0.24029
1491,0.314298
1492,0.341868
1493,0.246734
1494,0.312281
1495,0.216149
1496,0.157559
1497,0.184898
1498,0.218707
1499,0.18357
1500,0.267441
1501,0.203259
1502,0.156591
1503,0.150119
1504,0.158547
1505,0.170958
1506,0.216231
1507,0.18335
1508,0.389514
1509,0.319061
1510,0.391838
1511,0.448979
1512,0.562468
1513,0.609368
1514,0.66811
1515,0.769982
1516,0.780515
1517,0.807057
1518,0.846317
1519,0.880266
1520,0.769562
1521,0.807407
1522,0.832742
1523,0.831204
1524,0.868803
1525,0.886192
1526,0.936408
1527,0.942896
1528,0.901036
1529,0.888544
1530,0.941406
1531,0.945869
1532,0.938425
1533,0.923702
1534,0.910703
1535,0.853642
1536,0.867483
1537,0.889379
1538,0.892589
1539,0.885608
1540,0.877885
1541,0.875042
1542,0.844806
1543,0.848386
1544,0.874017
1545,0.867034
1546,0.861481
1547,0.84973
1548,0.873063
1549,0.898121
1550,0.897616
1551,0.897698
1552,0.899254
1553,0.895853
1554,0.879019
1555,0.836446
1556,0.833769
1557,0.867451
1558,0.849018
1559,0.816904
1560,0.797409
1561,0.816966
1562,0.926907
1563,0.579962
1564,0.09201
1565,0.076378
1566,0.065966
1567,0.053532
1568,0.061033
1569,0.076031
1570,0.071604
1571,0.068006
1572,0.068963
1573,0.088608
1574,0.111818
1575,0.087777
1576,0.068363
1577,0.053376
1578,0.054553
1579,0.05237
1580,0.039301
1581,0.047236
1582,0.058997
1583,0.050176
1584,0.064688
1585,0.069328
1586,0.070359
1587,0.070451
1588,0.054086
1589,0.035196
1590,0.0441
1591,0.039759
1592,0.038384
1593,0.036571
1594,0.036415
1595,0.041595
1596,0.031946
1597,0.06158
1598,0.053119
1599,0.037567
1600,0.031858
1601,0.037634
1602,0.029165
1603,0.029458
1604,0.032999
1605,0.031156
1606,0.036898
1607,0.034588
1608,0.037189
1609,0.037691
1610,0.055353
1611,0.042308
1612,0.053482
1613,0.043064
1614,0.051106
1615,0.052471
1616,0.063366
1617,0.071535
1618,0.069088
1619,0.070508
1620,0.071317
1621,0.090914
1622,0.101558
1623,0.115201
1624,0.103567
1625,0.106182
1626,0.087852
1627,0.088792
1628,0.193909
1629,0.899327
1630,0.908088
1631,0.90021
1632,0.904026
1633,0.915592
1634,0.917521
1635,0.905257
1636,0.881428
1637,0.86576
1638,0.878673
1639,0.890457
1640,0.945018
1641,0.22923
1642,0.116081
1643,0.075911
1644,0.086606
1645,0.097366
1646,0.077888
1647,0.072015
1648,0.074342
1649,0.083121
1650,0.084868
1651,0.076749
1652,0.046473
1653,0.037144
1654,0.03914
1655,0.039998
1656,0.046565
1657,0.046461
1658,0.055071
1659,0.066099
1660,0.053559
1661,0.053459
1662,0.048966
1663,0.051174
1664,0.046662
1665,0.051331
1666,0.063188
1667,0.06925
1668,0.076654
1669,0.081862
1670,0.11257
1671,0.074904
1672,0.088256
1673,0.099202
1674,0.120142
1675,0.137169
1676,0.097161
1677,0.091624
1678,0.10058
1679,0.09072
1680,0.108092
1681,0.091459
1682,0.084552
1683,0.102473
1684,0.138907
1685,0.133032
1686,0.229301
1687,0.15772
1688,0.130433
1689,0.199181
1690,0.183108
1691,0.166578
1692,0.199032
1693,0.285229
1694,0.265958
1695,0.100245
1696,0.114945
1697,0.153087
1698,0.159704
1699,0.099839
1700,0.087022
1701,0.06064
1702,0.075307
1703,0.094954
1704,0.06997
1705,0.077148
1706,0.05655
1707,0.077516
1708,0.100934
1709,0.113374
1710,0.077989
1711,0.106986
1712,0.108876
1713,0.250587
1714,0.130309
1715,0.13666
1716,0.122027
1717,0.096415
1718,0.076137
1719,0.074625
1720,0.063644
1721,0.069457
1722,0.094107
1723,0.092932
1724,0.119623
1725,0.100021
1726,0.124438
1727,0.077282
1728,0.108793
1729,0.13587
1730,0.793561
1731,0.948777
1732,0.912305
1733,0.959151
1734,0.96186
1735,0.878792
1736,0.866694
1737,0.870259
1738,0.881412
1739,0.928157
1740,0.926697
1741,0.873945
1742,0.876659
1743,0.892648
1744,0.696841
1745,0.207158
1746,0.20901
1747,0.341426
1748,0.328471
1749,0.317649
1750,0.301226
1751,0.276748
1752,0.303553
1753,0.310156
1754,0.379296
1755,0.386928
1756,0.410407
1757,0.341407
1758,0.283538
1759,0.292638
1760,0.291183
1761,0.328128
1762,0.331972
1763,0.319142
1764,0.318882
1765,0.271538
1766,0.308595
1767,0.22546
1768,0.219066
1769,0.224362
1770,0.082663
1771,0.07825
1772,0.090071
1773,0.092009
1774,0.102735
1775,0.098039
1776,0.082965
1777,0.112134
1778,0.117994
1779,0.102678
1780,0.093739
1781,0.092723
1782,0.10528
1783,0.100513
1784,0.102938
1785,0.092582
1786,0.081965
1787,0.093674
1788,0.08945
1789,0.121747
1790,0.104545
1791,0.099041
1792,0.10915
1793,0.079352
1794,0.090933
1795,0.097199
1796,0.075794
1797,0.100934
1798,0.085119
1799,0.087801
1800,0.062735
1801,0.059272
1802,0.062168
1803,0.044795
1804,0.05293
1805,0.049299
1806,0.054547
1807,0.052551
1808,0.062941
1809,0.045103
1810,0.044259
1811,0.041145
1812,0.035172
1813,0.028139
1814,0.031146
1815,0.034369
1816,0.036917
1817,0.039543
1818,0.093973
1819,0.12826
1820,0.088592
