1,0.967271
2,0.962611
3,0.962803
4,0.957548
5,0.956255
6,0.959563
7,0.964031
8,0.961958
9,0.962579
10,0.962034
11,0.949271
12,0.957398
13,0.956198
14,0.959336
15,0.958759
16,0.956447
17,0.949716
18,0.955066
19,0.950649
20,0.94614
21,0.937979
22,0.946839
23,0.957526
24,0.956855
25,0.94519
26,0.935294
27,0.955575
28,0.965283
29,0.956709
30,0.960296
31,0.963283
32,0.962992
33,0.966888
34,0.965372
35,0.96719
36,0.958789
37,0.956454
38,0.96432
39,0.961259
40,0.958795
41,0.960977
42,0.963349
43,0.966038
44,0.964002
45,0.96543
46,0.959713
47,0.95432
48,0.945932
49,0.917514
50,0.943147
51,0.936635
52,0.95749
53,0.958272
54,0.883688
55,0.117177
56,0.021336
57,0.040887
58,0.084125
59,0.074601
60,0.07953
61,0.085145
62,0.163213
63,0.034393
64,0.02932
65,0.02156
66,0.026656
67,0.012823
68,0.02736
69,0.024821
70,0.043274
71,0.026614
72,0.032228
73,0.028954
74,0.031566
75,0.033585
76,0.050117
77,0.064898
78,0.046138
79,0.043076
80,0.034212
81,0.051525
82,0.06676
83,0.073576
84,0.093068
85,0.058143
86,0.036051
87,0.034845
88,0.15175
89,0.092403
90,0.047803
91,0.032864
92,0.028584
93,0.02499
94,0.16449
95,0.351633
96,0.750606
97,0.781059
98,0.725615
99,0.781462
100,0.806838
101,0.770632
102,0.765538
103,0.749902
104,0.729277
105,0.690392
106,0.636432
107,0.613535
108,0.577088
109,0.55473
110,0.473446
111,0.488718
112,0.451671
113,0.647258
114,0.723169
115,0.741732
116,0.719357
117,0.681693
118,0.690799
119,0.738158
120,0.800254
121,0.870849
122,0.856261
123,0.852172
124,0.879267
125,0.856961
126,0.902109
127,0.911798
128,0.903142
129,0.915734
130,0.921816
131,0.930052
132,0.931714
133,0.929063
134,0.401103
135,0.107492
136,0.028276
137,0.022312
138,0.021357
139,0.021351
140,0.024309
141,0.027799
142,0.025822
143,0.027445
144,0.032067
145,0.043306
146,0.048535
147,0.042037
148,0.041891
149,0.033706
150,0.028673
151,0.030557
152,0.02421
153,0.025808
154,0.033063
155,0.041626
156,0.044768
157,0.045303
158,0.049359
159,0.061149
160,0.055806
161,0.057391
162,0.061568
163,0.056497
164,0.035444
165,0.034122
166,0.03764
167,0.03223
168,0.031114
169,0.038413
170,0.057607
171,0.040015
172,0.045065
173,0.033795
174,0.044691
175,0.030564
176,0.027676
177,0.026802
178,0.036396
179,0.049812
180,0.039155
181,0.019096
182,0.026755
183,0.211507
184,0.957195
185,0.983631
186,0.981895
187,0.978555
188,0.977077
189,0.975648
190,0.980481
191,0.97745
192,0.97641
193,0.971534
194,0.966707
195,0.970464
196,0.95847
197,0.960575
198,0.966047
199,0.970385
200,0.96517
201,0.958829
202,0.935725
203,0.945983
204,0.945873
205,0.938612
206,0.940937
207,0.917225
208,0.983262
209,0.984982
210,0.984922
211,0.938325
212,0.867223
213,0.050645
214,0.025259
215,0.028674
216,0.026706
217,0.022451
218,0.010716
219,0.01293
220,0.020614
221,0.036759
222,0.037251
223,0.025818
224,0.03801
225,0.030021
226,0.032858
227,0.034234
228,0.052171
229,0.041733
230,0.054212
231,0.046206
232,0.03588
233,0.033877
234,0.026567
235,0.023846
236,0.036775
237,0.039722
238,0.038202
239,0.046524
240,0.058746
241,0.065144
242,0.058997
243,0.060953
244,0.055956
245,0.051343
246,0.055114
247,0.052384
248,0.064655
249,0.05148
250,0.069693
251,0.089813
252,0.064436
253,0.163052
254,0.046603
255,0.168509
256,0.225101
257,0.119287
258,0.095588
259,0.077348
260,0.05105
261,0.07879
262,0.911155
263,0.980434
264,0.983071
265,0.983885
266,0.980318
267,0.974142
268,0.974066
269,0.970964
270,0.967908
271,0.968115
272,0.969506
273,0.975501
274,0.973197
275,0.971925
276,0.97061
277,0.967584
278,0.967253
279,0.966625
280,0.976046
281,0.968248
282,0.953169
283,0.954816
284,0.9527
285,0.954504
286,0.956763
287,0.960596
288,0.95917
289,0.968859
290,0.954274
291,0.957109
292,0.964491
293,0.959038
294,0.963789
295,0.963299
296,0.964442
297,0.963768
298,0.964665
299,0.963435
300,0.956336
301,0.962638
302,0.971263
303,0.967445
304,0.937411
305,0.973644
306,0.979444
307,0.984598
308,0.983062
309,0.9806
310,0.979953
311,0.97989
312,0.981752
313,0.982527
314,0.984473
315,0.921973
316,0.895772
317,0.816037
318,0.972125
319,0.970805
320,0.873999
321,0.868676
322,0.883548
323,0.881022
324,0.895955
325,0.873752
326,0.864333
327,0.868685
328,0.887456
329,0.892401
330,0.887397
331,0.897838
332,0.970635
333,0.902221
334,0.900627
335,0.894701
336,0.91664
337,0.932955
338,0.929877
339,0.923876
340,0.922017
341,0.926807
342,0.932107
343,0.916577
344,0.925285
345,0.914722
346,0.903698
347,0.914483
348,0.89873
349,0.889525
350,0.878323
351,0.861195
352,0.86474
353,0.852641
354,0.873826
355,0.845753
356,0.834752
357,0.808546
358,0.828963
359,0.788809
360,0.772563
361,0.771708
362,0.703839
363,0.656398
364,0.651184
365,0.734558
366,0.76968
367,0.768449
368,0.779781
369,0.772939
370,0.778517
371,0.843385
372,0.899609
373,0.916341
374,0.909435
375,0.906625
376,0.930319
377,0.940572
378,0.974473
379,0.967085
380,0.964058
381,0.965834
382,0.49748
383,0.02672
384,0.015545
385,0.00789
386,0.007727
387,0.005985
388,0.006088
389,0.0046
390,0.003832
391,0.004293
392,0.004274
393,0.004355
394,0.005233
395,0.004749
396,0.00672
397,0.006278
398,0.008018
399,0.008878
400,0.009338
401,0.009911
402,0.009616
403,0.008723
404,0.010476
405,0.032686
406,0.751861
407,0.967268
408,0.964715
409,0.957625
410,0.965115
411,0.966751
412,0.963688
413,0.962029
414,0.964378
415,0.969293
416,0.972029
417,0.97671
418,0.974725
419,0.969053
420,0.971511
421,0.964335
422,0.954042
423,0.954399
424,0.939859
425,0.929626
426,0.913017
427,0.925899
428,0.934724
429,0.92135
430,0.933395
431,0.940562
432,0.944848
433,0.963467
434,0.959509
435,0.954636
436,0.968844
437,0.968686
438,0.968901
439,0.963575
440,0.966897
441,0.965329
442,0.965055
443,0.965804
444,0.967177
445,0.963118
446,0.962979
447,0.965408
448,0.971443
449,0.965483
450,0.964655
451,0.966193
452,0.964593
453,0.969405
454,0.967667
455,0.961057
456,0.960285
457,0.961232
458,0.952511
459,0.954298
460,0.887733
461,0.89336
462,0.957068
463,0.950382
464,0.947649
465,0.958233
466,0.950671
467,0.957661
468,0.950971
469,0.948512
470,0.943631
471,0.92601
472,0.925612
473,0.928214
474,0.916136
475,0.922269
476,0.900993
477,0.886515
478,0.882972
479,0.90499
480,0.923253
481,0.948302
482,0.955204
483,0.945118
484,0.945117
485,0.951648
486,0.950145
487,0.956134
488,0.956052
489,0.948476
