1,0.942847
2,0.975857
3,0.966232
4,0.965337
5,0.966514
6,0.962117
7,0.961558
8,0.962112
9,0.946174
10,0.908413
11,0.791043
12,0.792387
13,0.702655
14,0.76407
15,0.837273
16,0.87867
17,0.863082
18,0.915178
19,0.936072
20,0.927536
21,0.930888
22,0.925147
23,0.92849
24,0.927494
25,0.922327
26,0.916921
27,0.923292
28,0.933266
29,0.919476
30,0.939396
31,0.937751
32,0.96092
33,0.950815
34,0.955164
35,0.951791
36,0.958344
37,0.961689
38,0.963946
39,0.962147
40,0.964873
41,0.963631
42,0.958661
43,0.94163
44,0.925187
45,0.926715
46,0.899071
47,0.89913
48,0.886632
49,0.910341
50,0.895175
51,0.896925
52,0.877319
53,0.825363
54,0.74528
55,0.770203
56,0.797782
57,0.933193
58,0.943966
59,0.947054
60,0.943044
61,0.919718
62,0.921402
63,0.936485
64,0.921126
65,0.913889
66,0.893115
67,0.861464
68,0.838889
69,0.829504
70,0.8139
71,0.81402
72,0.804675
73,0.835748
74,0.838059
75,0.839681
76,0.876479
77,0.899722
78,0.898893
79,0.909608
80,0.911288
81,0.931912
82,0.940914
83,0.957334
84,0.942973
85,0.339771
86,0.016995
87,0.020329
88,0.017728
89,0.020518
90,0.022482
91,0.033046
92,0.034575
93,0.033224
94,0.044173
95,0.032849
96,0.038503
97,0.067329
98,0.098876
99,0.060741
100,0.062919
101,0.147181
102,0.19205
103,0.186758
104,0.142267
105,0.118223
106,0.100338
107,0.092218
108,0.195752
109,0.326806
110,0.895729
111,0.86158
112,0.874865
113,0.808341
114,0.806916
115,0.921562
116,0.937579
117,0.935746
118,0.906453
119,0.894579
120,0.925965
121,0.953289
122,0.952299
123,0.954154
124,0.96282
125,0.962931
126,0.977754
127,0.974735
128,0.979529
129,0.981445
130,0.982576
131,0.983195
132,0.984181
133,0.983209
134,0.984275
135,0.98415
136,0.985046
137,0.986027
138,0.986882
139,0.98536
140,0.911434
141,0.654723
142,0.028426
143,0.01199
144,0.029357
145,0.02564
146,0.015885
147,0.018174
148,0.019084
149,0.020939
150,0.021789
151,0.014998
152,0.028787
153,0.024492
154,0.019479
155,0.021269
156,0.024636
157,0.054237
158,0.042166
159,0.047219
160,0.04387
161,0.035684
162,0.03781
163,0.028643
164,0.035574
165,0.033966
166,0.032731
167,0.030548
168,0.033148
169,0.033888
170,0.033406
171,0.059384
172,0.080674
173,0.098625
174,0.023768
175,0.027959
176,0.030261
177,0.019353
178,0.037306
179,0.882237
180,0.960049
181,0.961089
182,0.98225
183,0.985065
184,0.986387
185,0.98645
186,0.989979
187,0.990215
188,0.991002
189,0.989101
190,0.989122
191,0.911033
192,0.8998
193,0.984403
194,0.985114
195,0.986215
196,0.869316
197,0.880405
198,0.904527
199,0.913619
200,0.902645
201,0.868643
202,0.088763
203,0.030035
204,0.01744
205,0.021143
206,0.012985
207,0.044576
208,0.037223
209,0.069531
210,0.049405
211,0.04174
212,0.04758
213,0.080965
214,0.063726
215,0.035758
216,0.031646
217,0.062084
218,0.05129
219,0.052525
220,0.045746
221,0.036541
222,0.030492
223,0.034603
224,0.037635
225,0.032187
226,0.032096
227,0.048565
228,0.060589
229,0.086887
230,0.116741
231,0.126514
232,0.101353
233,0.081485
234,0.090556
235,0.122637
236,0.101471
237,0.045701
238,0.071601
239,0.062687
240,0.048771
241,0.029525
242,0.028223
243,0.032966
244,0.035107
245,0.036597
246,0.032262
247,0.052954
248,0.062332
249,0.057089
250,0.046961
251,0.023915
252,0.018589
253,0.019602
254,0.0178
255,0.015851
256,0.017286
257,0.018936
258,0.016421
259,0.023697
260,0.023884
261,0.027864
262,0.024295
263,0.030285
264,0.03999
265,0.031359
266,0.022762
267,0.030378
268,0.023517
269,0.028713
270,0.021389
271,0.027326
272,0.02571
273,0.026033
274,0.024864
275,0.02423
276,0.027248
277,0.02892
278,0.03112
279,0.034842
280,0.027585
281,0.033941
282,0.034936
283,0.019141
284,0.022408
285,0.027462
286,0.036627
287,0.036468
288,0.058875
289,0.082314
290,0.071488
291,0.071652
292,0.056836
293,0.056772
294,0.066777
295,0.063539
296,0.066471
297,0.034148
298,0.039276
299,0.037806
300,0.03862
301,0.03117
302,0.031413
303,0.037282
304,0.054661
305,0.056669
306,0.057994
307,0.088592
308,0.096171
309,0.07932
310,0.08728
311,0.082253
312,0.057252
313,0.063181
314,0.062234
315,0.083504
316,0.112364
317,0.099561
318,0.099063
319,0.112083
320,0.1051
321,0.064307
322,0.080862
323,0.070311
324,0.086674
325,0.0766
326,0.087197
327,0.09014
328,0.083259
329,0.095126
330,0.067645
331,0.08206
332,0.083653
333,0.054931
334,0.052371
335,0.01211
336,0.012543
337,0.011181
338,0.012498
339,0.012336
340,0.013358
341,0.010813
342,0.032565
343,0.036398
344,0.034392
345,0.02993
346,0.008572
347,0.007725
348,0.008824
349,0.006035
350,0.005571
351,0.004715
352,0.004269
353,0.004216
354,0.00437
355,0.005162
356,0.005034
357,0.009481
358,0.008373
359,0.008743
360,0.016572
361,0.017235
362,0.01624
363,0.011457
364,0.011266
365,0.013425
366,0.072052
367,0.083572
368,0.047931
369,0.043532
370,0.053571
371,0.039932
372,0.108904
373,0.087592
374,0.02523
375,0.026596
376,0.018976
377,0.018131
378,0.044487
379,0.03207
380,0.018559
381,0.017357
382,0.064089
383,0.016635
384,0.015724
385,0.098331
386,0.125765
387,0.125666
388,0.109022
389,0.125025
390,0.024447
391,0.015914
392,0.014471
393,0.015497
394,0.02035
395,0.035056
396,0.03895
397,0.035918
398,0.034526
399,0.028156
400,0.021166
401,0.010936
402,0.012781
403,0.03065
404,0.022694
405,0.016038
406,0.036239
407,0.035435
408,0.0494
409,0.033804
410,0.018199
411,0.011173
412,0.010589
413,0.015827
414,0.017096
415,0.02215
416,0.046092
417,0.36151
418,0.38997
419,0.047691
420,0.049923
421,0.045568
422,0.031234
423,0.031005
424,0.043216
425,0.037884
426,0.030691
427,0.02651
428,0.021469
429,0.018504
430,0.028089
431,0.029029
432,0.019857
433,0.023753
434,0.022668
435,0.023907
436,0.03489
437,0.057481
438,0.046635
439,0.051406
440,0.053575
441,0.04951
442,0.039709
443,0.03512
444,0.137894
445,0.115332
446,0.01522
447,0.064055
448,0.130445
449,0.092928
450,0.17894
451,0.139384
452,0.170954
453,0.229888
454,0.03094
455,0.02761
456,0.025789
457,0.026322
458,0.028638
459,0.027819
460,0.042413
461,0.041061
462,0.042447
463,0.03628
464,0.049807
465,0.050623
466,0.034849
467,0.037785
468,0.029468
469,0.021729
470,0.024166
471,0.022129
472,0.019302
473,0.024616
474,0.032224
475,0.209184
476,0.239921
477,0.198097
478,0.025917
479,0.028139
480,0.158598
481,0.12667
482,0.136856
483,0.135561
484,0.245216
485,0.07716
486,0.103358
487,0.903894
488,0.950437
489,0.971658
490,0.974231
491,0.969948
492,0.962908
493,0.965805
494,0.96453
495,0.961997
496,0.951215
497,0.888506
498,0.897304
499,0.894678
500,0.89735
501,0.891859
502,0.901911
503,0.86679
504,0.909458
505,0.881243
506,0.884087
507,0.883421
508,0.898824
509,0.849461
510,0.922463
511,0.941595
512,0.943858
513,0.431666
514,0.203815
515,0.191068
516,0.154718
517,0.069905
518,0.060448
519,0.087957
520,0.087459
521,0.082687
522,0.068466
523,0.059997
524,0.047552
525,0.04441
526,0.033175
527,0.044353
528,0.049546
529,0.043935
530,0.043129
531,0.041847
532,0.047691
533,0.050069
534,0.045706
535,0.035076
536,0.025246
537,0.021596
538,0.017022
539,0.015951
540,0.022218
541,0.023837
542,0.032578
543,0.031822
544,0.145769
545,0.212402
546,0.048815
547,0.015355
548,0.019889
549,0.022078
550,0.019121
551,0.017995
552,0.023652
553,0.021982
554,0.023727
555,0.031067
556,0.030705
557,0.025711
558,0.030161
559,0.026779
560,0.035957
561,0.039981
562,0.205055
563,0.807699
564,0.929741
565,0.951678
566,0.952831
567,0.955768
568,0.857202
569,0.96029
570,0.954574
571,0.955255
572,0.952364
573,0.872265
574,0.158554
575,0.073662
576,0.071012
577,0.087597
578,0.076005
579,0.068631
580,0.067608
581,0.067971
582,0.078876
583,0.070125
584,0.061057
585,0.097827
586,0.079087
587,0.091762
588,0.143679
589,0.147632
590,0.138748
591,0.151732
592,0.141415
593,0.131295
594,0.133704
595,0.121709
596,0.108497
597,0.07393
598,0.075651
599,0.083302
600,0.085393
601,0.021853
602,0.022665
603,0.019793
604,0.02096
605,0.019728
606,0.116546
607,0.025203
608,0.132327
609,0.136035
610,0.031626
611,0.07424
612,0.032991
613,0.028169
614,0.03314
615,0.036282
616,0.048265
617,0.044892
618,0.029874
619,0.14791
620,0.889573
621,0.940771
622,0.970951
623,0.975761
624,0.97409
625,0.971312
626,0.966018
627,0.963117
628,0.967727
629,0.965278
630,0.966084
631,0.659679
632,0.12648
633,0.063405
634,0.049388
635,0.019356
636,0.024576
637,0.078336
638,0.081921
639,0.07834
640,0.076078
641,0.079664
642,0.093908
643,0.101874
644,0.120407
645,0.108801
646,0.110244
647,0.144533
648,0.119132
649,0.115143
650,0.135223
651,0.140396
652,0.097837
653,0.106263
654,0.037382
655,0.043268
656,0.08604
657,0.098479
658,0.115765
659,0.121391
660,0.146274
661,0.221422
662,0.193875
663,0.200258
664,0.193375
665,0.202129
666,0.182959
667,0.166893
668,0.051427
669,0.052568
670,0.038079
671,0.043713
672,0.047322
673,0.064062
674,0.05908
675,0.083777
676,0.085154
677,0.083312
678,0.093023
679,0.073887
680,0.069289
681,0.063307
682,0.101936
683,0.090369
684,0.061732
685,0.101277
686,0.095458
687,0.095337
688,0.396654
689,0.113909
690,0.12274
691,0.126123
692,0.125387
693,0.113297
694,0.295394
695,0.586142
696,0.678855
697,0.87322
698,0.912759
699,0.917872
700,0.907891
701,0.896316
702,0.970475
703,0.977188
704,0.980567
705,0.979422
706,0.976089
707,0.896639
708,0.893328
709,0.907983
710,0.916276
711,0.92648
712,0.600023
713,0.067872
714,0.182679
715,0.104482
716,0.058708
717,0.035164
718,0.084712
719,0.123525
720,0.118623
721,0.150192
722,0.143803
723,0.136451
724,0.149414
725,0.207641
726,0.854557
727,0.953438
728,0.959069
729,0.965615
730,0.957883
731,0.972705
732,0.977031
733,0.975878
734,0.97655
735,0.978364
736,0.976795
737,0.974177
738,0.968988
739,0.849408
740,0.213611
741,0.138061
742,0.129
743,0.086878
744,0.100408
745,0.113269
746,0.117397
747,0.106219
748,0.780249
749,0.939857
750,0.947921
751,0.952135
752,0.954297
753,0.940476
754,0.938021
755,0.937194
756,0.473001
757,0.059941
758,0.06221
759,0.056197
760,0.06585
761,0.083098
762,0.127064
763,0.141942
764,0.071164
765,0.054252
766,0.122898
767,0.157489
768,0.175448
769,0.204063
770,0.235448
771,0.215668
772,0.229672
773,0.242525
774,0.240366
775,0.247075
776,0.213217
777,0.168526
778,0.203584
779,0.213387
780,0.276523
781,0.183081
782,0.210254
783,0.148059
784,0.20561
785,0.18473
786,0.026139
787,0.019229
788,0.02087
789,0.027995
790,0.214631
791,0.204411
792,0.285274
793,0.337409
794,0.107904
795,0.133861
796,0.14364
797,0.113744
798,0.116978
799,0.111751
800,0.103022
801,0.108204
802,0.125046
803,0.114074
804,0.133779
805,0.138896
806,0.114011
807,0.101068
808,0.096474
809,0.238249
810,0.276255
811,0.24044
812,0.054073
813,0.281942
814,0.287747
815,0.306388
816,0.052114
817,0.208854
818,0.208858
819,0.063723
820,0.058407
821,0.05472
822,0.249736
823,0.233093
824,0.218347
825,0.255007
826,0.245586
827,0.237946
828,0.257786
829,0.250887
830,0.080993
831,0.247004
832,0.244088
833,0.061854
834,0.059881
835,0.074402
836,0.099718
837,0.100576
838,0.132333
839,0.102462
840,0.107126
841,0.279494
842,0.715542
843,0.887464
844,0.936095
845,0.913898
846,0.933138
847,0.921517
848,0.920442
849,0.956524
850,0.916131
851,0.926031
852,0.917897
853,0.439268
854,0.418792
855,0.360964
856,0.37319
857,0.306504
858,0.352601
859,0.359557
860,0.363915
861,0.301804
862,0.34346
863,0.31702
864,0.302463
865,0.162278
866,0.331723
867,0.306035
868,0.304719
869,0.253022
870,0.234729
871,0.242556
872,0.302979
873,0.320303
874,0.343535
875,0.313757
876,0.310885
877,0.26699
878,0.191546
879,0.207144
880,0.183203
881,0.193813
882,0.183917
883,0.195383
884,0.186433
885,0.180627
886,0.183579
887,0.188339
888,0.219113
889,0.180536
890,0.137326
891,0.1575
892,0.13747
893,0.131359
894,0.104901
895,0.078764
896,0.087411
897,0.078933
898,0.112195
899,0.10783
900,0.13113
901,0.235726
902,0.226898
903,0.208634
904,0.2376
905,0.210886
906,0.197497
907,0.145614
908,0.150828
909,0.180337
910,0.186619
911,0.153164
912,0.181903
913,0.476846
914,0.464726
915,0.450912
916,0.476117
917,0.221901
918,0.254041
919,0.199311
920,0.196813
921,0.207514
922,0.228839
923,0.218514
924,0.180587
925,0.267369
926,0.280673
927,0.252797
928,0.235195
929,0.220175
930,0.237026
931,0.287673
932,0.355158
933,0.370157
934,0.369225
935,0.385464
936,0.339341
937,0.361579
938,0.368018
939,0.435893
940,0.463619
941,0.429085
942,0.376923
943,0.431859
944,0.359008
945,0.355716
946,0.210018
947,0.200611
948,0.196292
949,0.190185
950,0.18199
951,0.138506
952,0.134267
953,0.110071
954,0.139712
955,0.124496
956,0.127136
957,0.12126
958,0.100775
959,0.096366
960,0.112144
961,0.104745
962,0.262276
963,0.249123
964,0.263098
965,0.254298
966,0.235948
967,0.271562
968,0.267426
969,0.25504
970,0.271196
971,0.254377
972,0.261616
973,0.28238
974,0.294845
975,0.257058
976,0.263236
977,0.185666
978,0.281209
979,0.254052
980,0.242032
981,0.274577
982,0.313869
983,0.311038
984,0.354122
985,0.348886
986,0.430598
987,0.400865
988,0.384583
989,0.362782
990,0.33853
991,0.342179
992,0.07413
993,0.085667
994,0.098018
995,0.112371
996,0.398304
997,0.344718
998,0.344777
999,0.358385
1000,0.387512
1001,0.39834
1002,0.388786
1003,0.408824
1004,0.402718
1005,0.374798
1006,0.404353
1007,0.423302
1008,0.333853
1009,0.220023
1010,0.20021
1011,0.251527
1012,0.289062
1013,0.291753
1014,0.288281
1015,0.248622
1016,0.230877
1017,0.33674
1018,0.361771
1019,0.276403
1020,0.28091
1021,0.344784
1022,0.324317
1023,0.221472
1024,0.270625
1025,0.188911
1026,0.15609
1027,0.102452
1028,0.1467
1029,0.118908
1030,0.226477
1031,0.243882
1032,0.183043
1033,0.150892
1034,0.117464
1035,0.108293
1036,0.125598
1037,0.133289
1038,0.291297
1039,0.289019
1040,0.336488
1041,0.310068
1042,0.258699
1043,0.216917
1044,0.247082
1045,0.239694
1046,0.226969
1047,0.213497
1048,0.183246
1049,0.19292
1050,0.12702
1051,0.133228
1052,0.128405
1053,0.146697
1054,0.13628
1055,0.156422
1056,0.156517
1057,0.1746
1058,0.173901
1059,0.178615
1060,0.160448
1061,0.139154
1062,0.117552
1063,0.084494
1064,0.09349
1065,0.122066
1066,0.114324
1067,0.118197
1068,0.123542
1069,0.139268
1070,0.144753
1071,0.147355
1072,0.14144
1073,0.144621
1074,0.148814
1075,0.135858
1076,0.133974
1077,0.132776
1078,0.098622
1079,0.106152
1080,0.094534
1081,0.099129
1082,0.095254
1083,0.099275
1084,0.086373
1085,0.075871
1086,0.09654
1087,0.088746
1088,0.345398
1089,0.488018
1090,0.414926
1091,0.215521
1092,0.208572
1093,0.367272
1094,0.618918
1095,0.687314
1096,0.56905
1097,0.249757
1098,0.357252
1099,0.385647
1100,0.479182
1101,0.581091
1102,0.560957
1103,0.55673
1104,0.365584
1105,0.53193
1106,0.917952
1107,0.888858
1108,0.960818
1109,0.961645
1110,0.967577
1111,0.95994
1112,0.958388
1113,0.975699
1114,0.974844
1115,0.967757
1116,0.969865
1117,0.966336
1118,0.975287
1119,0.972315
1120,0.109511
1121,0.028194
1122,0.01885
1123,0.045821
1124,0.027932
1125,0.224977
1126,0.229807
1127,0.171383
1128,0.215378
1129,0.131751
1130,0.133834
1131,0.124089
1132,0.195267
1133,0.131006
1134,0.129639
1135,0.132097
1136,0.1277
1137,0.219017
1138,0.132628
1139,0.103253
1140,0.092671
1141,0.127287
1142,0.103096
1143,0.157833
1144,0.17383
1145,0.344292
1146,0.297203
1147,0.309837
1148,0.335381
1149,0.342349
1150,0.427284
1151,0.404759
1152,0.407874
1153,0.29129
1154,0.294247
1155,0.328216
1156,0.243358
1157,0.26658
1158,0.247146
1159,0.218305
1160,0.242638
1161,0.119081
1162,0.150786
1163,0.075924
1164,0.034813
1165,0.086885
1166,0.143833
1167,0.092285
1168,0.834858
1169,0.94239
1170,0.941832
1171,0.957979
1172,0.957767
1173,0.95204
1174,0.947995
1175,0.938322
1176,0.933122
1177,0.950004
1178,0.949175
1179,0.956637
1180,0.957066
1181,0.957573
1182,0.95544
1183,0.955829
1184,0.954622
1185,0.956308
1186,0.961001
1187,0.90106
1188,0.943833
1189,0.943949
1190,0.931014
1191,0.912995
1192,0.885979
1193,0.891418
1194,0.921196
1195,0.394742
1196,0.108853
1197,0.074817
1198,0.207669
1199,0.164416
1200,0.18058
1201,0.209496
1202,0.202212
1203,0.182233
1204,0.111942
1205,0.099809
1206,0.213305
1207,0.140566
1208,0.279135
1209,0.270225
1210,0.196502
1211,0.236705
1212,0.224317
1213,0.255849
1214,0.116834
1215,0.104891
1216,0.087646
1217,0.132633
1218,0.223104
1219,0.208636
1220,0.214421
1221,0.167328
1222,0.293828
1223,0.288095
1224,0.236043
1225,0.217441
1226,0.19609
1227,0.212532
1228,0.082191
1229,0.082831
1230,0.20797
1231,0.130105
1232,0.170067
1233,0.168943
1234,0.180812
1235,0.176582
1236,0.174119
1237,0.189672
1238,0.213994
1239,0.182373
1240,0.161546
1241,0.150692
1242,0.13223
1243,0.112353
1244,0.112614
1245,0.106208
1246,0.118585
1247,0.114995
1248,0.209868
1249,0.230443
1250,0.170959
1251,0.141574
1252,0.131621
1253,0.129087
1254,0.181619
1255,0.179568
1256,0.159344
1257,0.103727
1258,0.104405
1259,0.119265
1260,0.137577
1261,0.13436
1262,0.161079
1263,0.229011
1264,0.106678
1265,0.067728
1266,0.097474
1267,0.354715
1268,0.355177
1269,0.316885
1270,0.245138
1271,0.219549
1272,0.212237
1273,0.18527
1274,0.202216
1275,0.193734
1276,0.170999
1277,0.181716
1278,0.174785
1279,0.159205
1280,0.373895
1281,0.827584
1282,0.929463
1283,0.951036
1284,0.95571
1285,0.959835
1286,0.956894
1287,0.962543
1288,0.960368
1289,0.950992
1290,0.944929
1291,0.951232
1292,0.942586
1293,0.946356
1294,0.68145
1295,0.509545
1296,0.514112
1297,0.511877
1298,0.557457
1299,0.56247
1300,0.517618
1301,0.52194
1302,0.399007
1303,0.319458
1304,0.638477
1305,0.192976
1306,0.139837
1307,0.459897
1308,0.431187
1309,0.38401
1310,0.442399
1311,0.419455
1312,0.400433
1313,0.400327
1314,0.376771
1315,0.362025
1316,0.415868
1317,0.405551
1318,0.361488
1319,0.32643
1320,0.352022
1321,0.125434
1322,0.311521
1323,0.258886
1324,0.228115
1325,0.161146
1326,0.171108
1327,0.164817
1328,0.191103
1329,0.129099
1330,0.18368
1331,0.145231
1332,0.189512
1333,0.148312
1334,0.150627
1335,0.164151
1336,0.181687
1337,0.163581
1338,0.211158
1339,0.235911
1340,0.20739
1341,0.20373
1342,0.22607
1343,0.20504
1344,0.194279
1345,0.189128
1346,0.26507
1347,0.243639
1348,0.172618
1349,0.167909
1350,0.170334
1351,0.157948
1352,0.183153
1353,0.256803
1354,0.21786
1355,0.210996
1356,0.185504
1357,0.104227
1358,0.103798
1359,0.113523
1360,0.073762
1361,0.088719
1362,0.074696
1363,0.070056
1364,0.076623
1365,0.057019
1366,0.072691
1367,0.084588
1368,0.0752
1369,0.064108
1370,0.07225
1371,0.073444
1372,0.079828
1373,0.078976
1374,0.087509
1375,0.079481
1376,0.188841
1377,0.142042
1378,0.161432
1379,0.168597
1380,0.174451
1381,0.15502
1382,0.172259
1383,0.139858
1384,0.15189
1385,0.12454
1386,0.114201
1387,0.13331
1388,0.128963
1389,0.121291
1390,0.146517
1391,0.13117
1392,0.142055
1393,0.113859
1394,0.108591
1395,0.117458
1396,0.163761
1397,0.216487
1398,0.240388
1399,0.235694
1400,0.40595
1401,0.507039
1402,0.402557
1403,0.339998
1404,0.334026
1405,0.304585
1406,0.390997
1407,0.499609
1408,0.550715
1409,0.486902
1410,0.619689
1411,0.57829
1412,0.509814
1413,0.538447
1414,0.935741
1415,0.975203
1416,0.970561
1417,0.95724
1418,0.948274
1419,0.983368
1420,0.94679
1421,0.957222
1422,0.9443
1423,0.954091
1424,0.969842
1425,0.910168
1426,0.190446
1427,0.320629
1428,0.60632
1429,0.237047
1430,0.318033
1431,0.187711
1432,0.076461
1433,0.0457
1434,0.086116
1435,0.062145
1436,0.062019
1437,0.187223
1438,0.291759
1439,0.261521
1440,0.21965
1441,0.219154
1442,0.245041
1443,0.292256
1444,0.254393
1445,0.151175
1446,0.147339
1447,0.112483
1448,0.129653
1449,0.152076
1450,0.152351
1451,0.174628
1452,0.181116
1453,0.207892
1454,0.203961
1455,0.160413
1456,0.198208
1457,0.128938
1458,0.136984
1459,0.119523
1460,0.096393
1461,0.142234
1462,0.052804
1463,0.159065
1464,0.233887
1465,0.318597
1466,0.364476
1467,0.362415
1468,0.256622
1469,0.165231
1470,0.111781
1471,0.126808
1472,0.12401
1473,0.213721
1474,0.321394
1475,0.291153
1476,0.692377
1477,0.955061
1478,0.962464
1479,0.965917
1480,0.957963
1481,0.962307
1482,0.959289
1483,0.968217
1484,0.969379
1485,0.971632
1486,0.968405
1487,0.960903
1488,0.959884
1489,0.960047
1490,0.955431
1491,0.961806
1492,0.963399
1493,0.964724
1494,0.964073
1495,0.932884
1496,0.942184
1497,0.939557
1498,0.943597
1499,0.939628
1500,0.959922
1501,0.987698
1502,0.988003
1503,0.985249
1504,0.985228
1505,0.982856
1506,0.981303
1507,0.981867
1508,0.985204
1509,0.98529
1510,0.986722
1511,0.986426
1512,0.98813
1513,0.989718
1514,0.988484
1515,0.989048
1516,0.950152
1517,0.944075
1518,0.940378
1519,0.948403
1520,0.940523
1521,0.988855
1522,0.987518
1523,0.987788
1524,0.984352
1525,0.983127
1526,0.986169
1527,0.986766
1528,0.98803
1529,0.989347
1530,0.905369
1531,0.91662
1532,0.891513
1533,0.924978
1534,0.923964
1535,0.821585
1536,0.936021
1537,0.794901
1538,0.217825
1539,0.036194
1540,0.13043
1541,0.072485
1542,0.0275
1543,0.042888
1544,0.028099
1545,0.02077
1546,0.034775
1547,0.229923
1548,0.419522
1549,0.468301
1550,0.43805
1551,0.382185
1552,0.349407
1553,0.108178
1554,0.137893
1555,0.194047
1556,0.200119
1557,0.127947
1558,0.063763
1559,0.047276
1560,0.327927
1561,0.418608
1562,0.137389
1563,0.148795
1564,0.230412
1565,0.15655
1566,0.094306
1567,0.085143
1568,0.128457
1569,0.37832
1570,0.230265
1571,0.22592
1572,0.134812
1573,0.132547
1574,0.236732
1575,0.252792
1576,0.218825
1577,0.433045
1578,0.560634
1579,0.449775
1580,0.460133
1581,0.500682
1582,0.506011
1583,0.492239
1584,0.496362
1585,0.375026
1586,0.370101
1587,0.30629
1588,0.383821
1589,0.403193
1590,0.285445
1591,0.190768
1592,0.207241
1593,0.259362
1594,0.255841
1595,0.301875
1596,0.211647
1597,0.199358
1598,0.178245
1599,0.069049
1600,0.136832
1601,0.148324
1602,0.082934
1603,0.156193
1604,0.147272
1605,0.082729
1606,0.133744
1607,0.199951
1608,0.170229
1609,0.090137
1610,0.156398
1611,0.299049
1612,0.336221
1613,0.041457
1614,0.42985
1615,0.488427
1616,0.764266
1617,0.540086
1618,0.698392
1619,0.799343
1620,0.892556
1621,0.924102
1622,0.898589
1623,0.89763
1624,0.839043
1625,0.856626
1626,0.821479
1627,0.769812
1628,0.805602
1629,0.842082
1630,0.834194
1631,0.816347
1632,0.893332
1633,0.877784
1634,0.902295
1635,0.93677
1636,0.953355
1637,0.775546
1638,0.173479
1639,0.174326
1640,0.302171
1641,0.314213
1642,0.403117
1643,0.25491
1644,0.105064
1645,0.109036
1646,0.158263
1647,0.134692
1648,0.15509
1649,0.15091
1650,0.134356
1651,0.130173
1652,0.096129
1653,0.148804
1654,0.395645
1655,0.574029
1656,0.504092
1657,0.576202
1658,0.616713
1659,0.501818
1660,0.508773
1661,0.494946
1662,0.497802
1663,0.474959
1664,0.389901
1665,0.372416
1666,0.232672
1667,0.164008
1668,0.162541
1669,0.089719
1670,0.098994
1671,0.100453
1672,0.112333
1673,0.197698
1674,0.167006
1675,0.183282
1676,0.210058
1677,0.237636
1678,0.300706
1679,0.178723
1680,0.167439
1681,0.336536
1682,0.323834
1683,0.307169
1684,0.326168
1685,0.322293
1686,0.293828
1687,0.308777
1688,0.043162
1689,0.031002
1690,0.292579
1691,0.241294
1692,0.168561
1693,0.160044
1694,0.165135
1695,0.138943
1696,0.139938
1697,0.121203
1698,0.111866
1699,0.107745
1700,0.142053
1701,0.121216
1702,0.135178
1703,0.126587
1704,0.113047
1705,0.184788
1706,0.157409
1707,0.170229
1708,0.145886
1709,0.14056
1710,0.109254
1711,0.073216
1712,0.071991
1713,0.086242
1714,0.084962
1715,0.080123
1716,0.075143
1717,0.125301
1718,0.112774
1719,0.112872
1720,0.113516
1721,0.102326
1722,0.11031
1723,0.108446
1724,0.122199
1725,0.121039
1726,0.117105
1727,0.079639
1728,0.111248
1729,0.093707
1730,0.13822
1731,0.117163
1732,0.150655
1733,0.127304
1734,0.0377
1735,0.067216
1736,0.102829
1737,0.122707
1738,0.250492
1739,0.269891
1740,0.069561
1741,0.491383
1742,0.45649
1743,0.421835
1744,0.222462
1745,0.181499
1746,0.221954
1747,0.157034
1748,0.082483
1749,0.065031
1750,0.060608
1751,0.079231
1752,0.096853
1753,0.108052
1754,0.062119
1755,0.091102
1756,0.018239
1757,0.019443
1758,0.016978
1759,0.06153
1760,0.050607
1761,0.06767
1762,0.055311
1763,0.150311
1764,0.140859
1765,0.154791
1766,0.141481
1767,0.14874
1768,0.171713
1769,0.171121
1770,0.159315
1771,0.156677
1772,0.168473
1773,0.174814
1774,0.174266
1775,0.232046
1776,0.30274
1777,0.285796
1778,0.074792
1779,0.078589
1780,0.067256
1781,0.062045
1782,0.432081
1783,0.754166
1784,0.74903
1785,0.808126
1786,0.927813
1787,0.929056
1788,0.937241
1789,0.921861
1790,0.707985
1791,0.473592
1792,0.047354
1793,0.027362
1794,0.020091
1795,0.087922
1796,0.092369
1797,0.027442
1798,0.051051
1799,0.192344
1800,0.222468
1801,0.129939
1802,0.089364
1803,0.060897
1804,0.039229
1805,0.084198
1806,0.175641
1807,0.289616
1808,0.127919
1809,0.384628
1810,0.56252
1811,0.676999
1812,0.647559
1813,0.626798
1814,0.667913
1815,0.671148
1816,0.611109
1817,0.522603
1818,0.501378
1819,0.405084
1820,0.325886
1821,0.411503
1822,0.327013
1823,0.329546
1824,0.20679
1825,0.277026
1826,0.245907
1827,0.42741
1828,0.326169
1829,0.251396
1830,0.250093
1831,0.284213
1832,0.360169
1833,0.33477
1834,0.33615
1835,0.191342
1836,0.215252
1837,0.323242
1838,0.647184
1839,0.680707
1840,0.846925
1841,0.925562
1842,0.975671
1843,0.947936
1844,0.941618
1845,0.950765
1846,0.944133
1847,0.918426
1848,0.888845
1849,0.828398
1850,0.896604
1851,0.563524
1852,0.119389
1853,0.33404
1854,0.449195
1855,0.414227
1856,0.357938
1857,0.290697
1858,0.4296
1859,0.431375
1860,0.379514
1861,0.283992
1862,0.262135
1863,0.177187
1864,0.178681
1865,0.166075
1866,0.613963
1867,0.479738
1868,0.503278
1869,0.465033
1870,0.517982
1871,0.550975
1872,0.51504
1873,0.477921
1874,0.423999
1875,0.35487
1876,0.337241
1877,0.366545
1878,0.454343
1879,0.448859
1880,0.439553
1881,0.462914
1882,0.446673
1883,0.414957
1884,0.444137
1885,0.503506
1886,0.530666
1887,0.602424
1888,0.719771
1889,0.743861
1890,0.789155
1891,0.662795
1892,0.678757
1893,0.656292
1894,0.443737
1895,0.379548
1896,0.448998
1897,0.456264
1898,0.563095
1899,0.396529
1900,0.151565
1901,0.21942
1902,0.203258
1903,0.062996
1904,0.107966
1905,0.180612
1906,0.207062
1907,0.108693
1908,0.095797
1909,0.041685
1910,0.278931
1911,0.824399
1912,0.803245
1913,0.908912
1914,0.910558
1915,0.947912
1916,0.959531
1917,0.963073
1918,0.959082
1919,0.9562
1920,0.964877
1921,0.922978
1922,0.937151
1923,0.961005
1924,0.956632
1925,0.957493
1926,0.947894
1927,0.892133
1928,0.415508
1929,0.115785
1930,0.073861
1931,0.046195
1932,0.608774
1933,0.700683
1934,0.550464
1935,0.468676
1936,0.765271
1937,0.57054
1938,0.597772
1939,0.57865
1940,0.579428
1941,0.500999
1942,0.352868
1943,0.403923
1944,0.391093
1945,0.549947
1946,0.735441
1947,0.375457
1948,0.2286
1949,0.589817
1950,0.358915
1951,0.588429
1952,0.468152
1953,0.620453
1954,0.674694
1955,0.68845
1956,0.413479
1957,0.469969
1958,0.336645
1959,0.483057
1960,0.47091
1961,0.226503
1962,0.162206
1963,0.533518
1964,0.645855
1965,0.730346
1966,0.811579
1967,0.799225
1968,0.898546
1969,0.905083
1970,0.924836
1971,0.924329
1972,0.919942
1973,0.929728
1974,0.858914
1975,0.630969
1976,0.737839
1977,0.558341
1978,0.533408
1979,0.515247
1980,0.364656
1981,0.260458
1982,0.188487
1983,0.254348
1984,0.278136
1985,0.22308
1986,0.170597
1987,0.150133
1988,0.168164
1989,0.254611
1990,0.133293
1991,0.113176
1992,0.13376
1993,0.24627
1994,0.373746
1995,0.30108
1996,0.261382
1997,0.333544
1998,0.366403
1999,0.417181
2000,0.458664
2001,0.565536
2002,0.530297
2003,0.478122
2004,0.453811
2005,0.539364
2006,0.292677
2007,0.298471
2008,0.341653
2009,0.397789
2010,0.370254
2011,0.613069
2012,0.652342
2013,0.644056
2014,0.649716
2015,0.47898
2016,0.722711
2017,0.802328
2018,0.887711
2019,0.972453
2020,0.969768
2021,0.872901
2022,0.864197
2023,0.908368
2024,0.897828
2025,0.840507
2026,0.749048
2027,0.35996
2028,0.552841
2029,0.670461
2030,0.387464
2031,0.662005
2032,0.749867
2033,0.739367
2034,0.743793
2035,0.750092
2036,0.738818
2037,0.641114
2038,0.554169
2039,0.538412
2040,0.538085
2041,0.504216
2042,0.45305
2043,0.380189
2044,0.635711
2045,0.760895
2046,0.575568
2047,0.518502
2048,0.540837
2049,0.473568
2050,0.490699
2051,0.386429
2052,0.904456
2053,0.142107
2054,0.157937
2055,0.26012
2056,0.241355
2057,0.238706
2058,0.1287
2059,0.125417
2060,0.125397
2061,0.162958
2062,0.191958
2063,0.270182
2064,0.369503
2065,0.446789
2066,0.442079
2067,0.503624
2068,0.490491
2069,0.240897
2070,0.228807
2071,0.423956
2072,0.511147
2073,0.633535
2074,0.346392
2075,0.282719
2076,0.175618
2077,0.320139
2078,0.691716
2079,0.418521
2080,0.434636
2081,0.394341
2082,0.319686
2083,0.44572
2084,0.455833
2085,0.358037
2086,0.363757
2087,0.11957
2088,0.135417
2089,0.034578
2090,0.034002
2091,0.021045
2092,0.025855
2093,0.077754
2094,0.090587
2095,0.06087
2096,0.022309
2097,0.011225
2098,0.037326
2099,0.073962
2100,0.15861
2101,0.060194
2102,0.659496
2103,0.273893
2104,0.034519
2105,0.0764
2106,0.180398
2107,0.411146
2108,0.422419
2109,0.061174
2110,0.063504
2111,0.040182
2112,0.054334
2113,0.06894
2114,0.112929
2115,0.145144
2116,0.156195
2117,0.125575
2118,0.153554
2119,0.140774
2120,0.110752
2121,0.126145
2122,0.128809
2123,0.115377
2124,0.0641
2125,0.101557
2126,0.163438
2127,0.135458
2128,0.134085
2129,0.179083
2130,0.22089
2131,0.206034
2132,0.228504
2133,0.2335
2134,0.548859
2135,0.460407
2136,0.477476
2137,0.176286
2138,0.226239
2139,0.578703
2140,0.578834
2141,0.502225
2142,0.478004
2143,0.474935
2144,0.507599
2145,0.440442
2146,0.445743
2147,0.472473
2148,0.199855
2149,0.257884
2150,0.199999
2151,0.277468
2152,0.296941
2153,0.2334
2154,0.155953
2155,0.081602
2156,0.181377
2157,0.161758
2158,0.183432
2159,0.116686
2160,0.107891
2161,0.130262
2162,0.175792
2163,0.170844
2164,0.186438
2165,0.18768
2166,0.208191
2167,0.159237
2168,0.154952
2169,0.19199
2170,0.206403
2171,0.219837
2172,0.209768
2173,0.222175
2174,0.241976
2175,0.26572
2176,0.270174
2177,0.317803
2178,0.252488
2179,0.326339
2180,0.242562
2181,0.247988
2182,0.217258
2183,0.189811
2184,0.216365
2185,0.232257
2186,0.207868
2187,0.18092
2188,0.183936
2189,0.179532
2190,0.177344
2191,0.127654
2192,0.154905
2193,0.178119
2194,0.017336
2195,0.024139
2196,0.020009
2197,0.02002
2198,0.019475
2199,0.017253
2200,0.019984
2201,0.017863
2202,0.019228
2203,0.021432
2204,0.024803
2205,0.034557
2206,0.02054
2207,0.022602
2208,0.02122
2209,0.025193
2210,0.02985
2211,0.035351
2212,0.041904
2213,0.043798
2214,0.044899
2215,0.063137
2216,0.060395
2217,0.086278
2218,0.10465
2219,0.120819
2220,0.104164
2221,0.175148
2222,0.239155
2223,0.241853
2224,0.246705
2225,0.166198
2226,0.172156
2227,0.154148
2228,0.136958
2229,0.157189
2230,0.141146
2231,0.098416
2232,0.082462
2233,0.077258
2234,0.063762
2235,0.046358
2236,0.055146
2237,0.044299
2238,0.045399
2239,0.037172
2240,0.040441
2241,0.046743
2242,0.071993
2243,0.062062
2244,0.078595
2245,0.105682
2246,0.11787
2247,0.126162
2248,0.107584
2249,0.064889
2250,0.051872
2251,0.032847
2252,0.039899
2253,0.03467
2254,0.032524
2255,0.03294
2256,0.031795
2257,0.048018
2258,0.041751
2259,0.060565
2260,0.066293
2261,0.060128
2262,0.071423
2263,0.120196
2264,0.049432
2265,0.018822
2266,0.142365
2267,0.113643
2268,0.14469
2269,0.157586
2270,0.149312
2271,0.173703
2272,0.146112
2273,0.136581
2274,0.088527
2275,0.095766
2276,0.109956
2277,0.115118
2278,0.147604
2279,0.150498
2280,0.173559
2281,0.593502
2282,0.88272
2283,0.908151
2284,0.794929
2285,0.822842
2286,0.948359
2287,0.959516
2288,0.952371
2289,0.945552
2290,0.958112
2291,0.949642
2292,0.948355
2293,0.749019
2294,0.933067
2295,0.799807
2296,0.779678
2297,0.774957
2298,0.831438
2299,0.816336
2300,0.894869
2301,0.552975
2302,0.255428
2303,0.078641
2304,0.201832
2305,0.076716
2306,0.063001
2307,0.061065
2308,0.141064
2309,0.147638
2310,0.171883
2311,0.253989
2312,0.286345
2313,0.239946
2314,0.187939
2315,0.183051
2316,0.163753
2317,0.089732
2318,0.08817
2319,0.084705
2320,0.124875
2321,0.089262
2322,0.121906
2323,0.035403
2324,0.045954
2325,0.068495
2326,0.059998
2327,0.03955
2328,0.05471
2329,0.027973
2330,0.045561
2331,0.041217
2332,0.0683
2333,0.054727
2334,0.043728
2335,0.039161
2336,0.040538
2337,0.045509
2338,0.047709
2339,0.056672
2340,0.053211
2341,0.051712
2342,0.056954
2343,0.047714
2344,0.061787
2345,0.035056
2346,0.049028
2347,0.046079
2348,0.079003
2349,0.11157
2350,0.093563
2351,0.09697
2352,0.115842
2353,0.088289
2354,0.066586
2355,0.086484
2356,0.086243
2357,0.087452
2358,0.100427
2359,0.089059
2360,0.108447
2361,0.124327
2362,0.127191
2363,0.146883
2364,0.132197
2365,0.123048
2366,0.105079
2367,0.115967
2368,0.124639
2369,0.099941
2370,0.062829
2371,0.058921
2372,0.038843
2373,0.038555
2374,0.041203
2375,0.042193
2376,0.035263
2377,0.051716
2378,0.040307
2379,0.023267
2380,0.030693
2381,0.169813
2382,0.043535
2383,0.235365
2384,0.1824
2385,0.236328
2386,0.039298
2387,0.116638
2388,0.097751
2389,0.168145
2390,0.482654
2391,0.06087
2392,0.134895
2393,0.507258
2394,0.200966
2395,0.113127
2396,0.109466
2397,0.160135
2398,0.158911
2399,0.224196
2400,0.56728
2401,0.32672
2402,0.291388
2403,0.479546
2404,0.49938
2405,0.133707
2406,0.468509
2407,0.728989
2408,0.853679
2409,0.637663
2410,0.689051
2411,0.741623
2412,0.609626
2413,0.695935
2414,0.784522
2415,0.77647
2416,0.76235
2417,0.764704
2418,0.673468
2419,0.732692
2420,0.67425
2421,0.623462
2422,0.760287
2423,0.797378
2424,0.029496
2425,0
2426,0
2427,0
2428,0
2429,0
2430,0
2431,0
2432,0
2433,0
2434,0.006984
2435,0.045347
2436,0.064424
2437,0
2438,0.044433
2439,0.409895
2440,0.64643
2441,0.526549
2442,0.147149
2443,0.190431
2444,0.21043
2445,0.31407
2446,0.353115
2447,0.326177
2448,0.364828
2449,0.359053
2450,0.251386
2451,0.127553
2452,0.213963
2453,0.580722
2454,0.466284
2455,0.631389
2456,0
2457,0.662698
2458,0
2459,0
2460,0.159258
2461,0.45593
2462,0.239906
2463,0.196583
2464,0.161693
2465,0.251071
2466,0.24976
2467,0.298038
2468,0.528734
2469,0.80697
2470,0.700129
2471,0.637993
2472,0.241258
2473,0.252222
2474,0.438729
2475,0.121004
2476,0.3167
2477,0.230103
2478,0.183374
2479,0.025551
2480,0.058638
2481,0.118071
2482,0.107952
2483,0.017008
2484,0.023203
2485,0.4423
2486,0.34538
2487,0.31306
2488,0.008745
2489,0.288201
2490,0.390263
2491,0.172511
2492,0.153391
2493,0.117072
2494,0.341959
2495,0.261862
2496,0.296802
2497,0.345758
2498,0.348312
2499,0.075549
2500,0.07284
2501,0.043049
2502,0.048256
2503,0.085763
2504,0.154048
2505,0.450095
2506,0.367061
2507,0.463994
2508,0.492183
2509,0.60003
2510,0.587069
2511,0.624774
2512,0.626812
2513,0.441356
2514,0.321677
2515,0.287235
2516,0.430473
2517,0.576326
2518,0.46431
2519,0.403013
2520,0.493156
2521,0.497371
2522,0.62649
2523,0.773946
2524,0.810553
2525,0.789539
2526,0.798341
2527,0.793313
2528,0.625207
2529,0.572259
2530,0.537537
2531,0.567123
2532,0.650854
2533,0.833829
2534,0.916841
2535,0.905169
2536,0.881618
2537,0.864641
2538,0.847214
2539,0.810142
2540,0.785306
2541,0.783257
2542,0.750308
2543,0.784679
2544,0.777391
2545,0.766958
2546,0.775963
2547,0.822995
2548,0.306785
2549,0.083147
2550,0.060181
2551,0.077511
2552,0.126904
2553,0.125993
2554,0.147402
2555,0.179593
2556,0.187148
2557,0.165383
2558,0.177212
2559,0.198892
2560,0.221172
2561,0.210918
2562,0.225829
2563,0.287052
2564,0.341858
2565,0.30892
2566,0.263912
2567,0.255663
2568,0.267498
2569,0.254506
2570,0.276168
2571,0.27086
2572,0.242928
2573,0.208287
2574,0.23517
2575,0.215979
2576,0.265178
2577,0.234853
2578,0.258364
2579,0.395679
2580,0.360597
2581,0.342702
2582,0.315448
2583,0.314944
2584,0.372522
2585,0.370423
2586,0.215513
2587,0.216726
2588,0.358611
2589,0.478696
2590,0.448148
2591,0.320293
2592,0.270149
2593,0.332981
2594,0.321445
2595,0.269282
2596,0.16107
2597,0.276772
2598,0.318558
2599,0.148163
2600,0.236136
2601,0.260364
2602,0.250866
2603,0.327743
2604,0.336736
2605,0.403587
2606,0.488698
2607,0.453349
2608,0.438669
2609,0.371524
2610,0.35526
2611,0.267563
2612,0.193332
2613,0.144899
2614,0.133017
2615,0.158672
2616,0.188838
2617,0.151594
2618,0.168023
2619,0.148252
2620,0.147688
2621,0.121245
2622,0.150177
2623,0.151891
2624,0.144815
2625,0.111782
2626,0.145231
2627,0.143605
2628,0.181272
2629,0.172239
2630,0.239274
2631,0.210501
2632,0.226494
2633,0.220366
2634,0.202927
2635,0.108977
2636,0.167999
2637,0.135905
2638,0.145645
2639,0.118899
2640,0.142778
2641,0.171765
2642,0.155645
2643,0.160701
2644,0.100965
2645,0.173983
2646,0.587561
2647,0.64415
2648,0.547878
2649,0.580221
2650,0.545288
2651,0.471595
2652,0.507571
2653,0.472079
2654,0.651715
2655,0.658155
2656,0.688268
2657,0.710167
2658,0.697461
2659,0.623138
2660,0.680717
2661,0.643284
2662,0.653184
2663,0.607981
2664,0.579128
2665,0.600823
2666,0.576483
2667,0.59061
2668,0.59588
2669,0.613789
2670,0.60096
2671,0.58912
2672,0.650657
2673,0.687203
2674,0.669392
2675,0.65826
2676,0.648563
2677,0.660599
2678,0.66892
2679,0.606796
2680,0.535053
2681,0.577509
2682,0.591227
2683,0.548727
2684,0.563812
2685,0.551265
2686,0.531456
2687,0.570987
2688,0.569954
2689,0.578986
2690,0.58609
2691,0.552227
2692,0.547183
2693,0.563236
2694,0.536978
2695,0.543933
2696,0.491207
2697,0.451077
2698,0.423221
2699,0.477277
2700,0.517247
2701,0.484678
2702,0.499859
2703,0.497517
2704,0.457867
2705,0.469148
2706,0.467336
2707,0.496206
2708,0.504265
2709,0.514837
2710,0.517664
2711,0.521153
2712,0.494494
2713,0.506645
2714,0.480083
2715,0.753882
2716,0.829932
2717,0.794436
2718,0.845574
2719,0.875115
2720,0.920216
2721,0.920948
2722,0.910614
2723,0.888608
2724,0.870271
2725,0.903963
2726,0.890065
2727,0.892312
2728,0.881489
2729,0.878037
2730,0.872207
2731,0.879059
2732,0.877592
2733,0.893524
2734,0.879496
2735,0.292232
2736,0.28729
2737,0.243668
2738,0.196811
2739,0.175487
2740,0.201242
2741,0.262267
2742,0.253595
2743,0.244925
2744,0.254158
2745,0.246746
2746,0.210586
2747,0.189265
2748,0.210207
2749,0.215177
2750,0.213761
2751,0.279766
2752,0.305099
2753,0.317445
2754,0.418554
2755,0.325275
2756,0.420652
2757,0.458656
2758,0.413259
2759,0.363581
2760,0.427165
2761,0.481719
2762,0.468769
2763,0.529255
2764,0.496986
2765,0.406163
2766,0.488061
2767,0.483348
2768,0.422601
2769,0.426281
2770,0.347567
2771,0.348616
2772,0.36155
2773,0.34789
2774,0.292857
2775,0.283824
2776,0.279114
2777,0.225329
2778,0.283939
2779,0.346281
2780,0.374701
2781,0.302779
2782,0.393973
2783,0.317321
2784,0.359775
2785,0.35978
2786,0.510713
2787,0.490598
2788,0.428888
2789,0.426148
2790,0.505715
2791,0.5139
2792,0.419685
2793,0.422058
2794,0.367019
2795,0.372755
2796,0.330683
2797,0.255455
2798,0.214488
2799,0.179456
2800,0.16925
2801,0.215115
2802,0.242915
2803,0.186123
2804,0.02083
2805,0.024419
2806,0.036767
2807,0.039086
2808,0.041195
2809,0.029039
2810,0.034223
2811,0.040581
2812,0.04032
2813,0.028722
2814,0.03072
2815,0.030112
2816,0.02911
2817,0.024411
2818,0.028631
2819,0.021626
2820,0.027225
2821,0.026029
2822,0.02446
2823,0.028409
2824,0.033023
2825,0.037986
2826,0.030171
2827,0.042873
2828,0.041286
2829,0.065271
2830,0.074503
2831,0.081641
2832,0.081357
2833,0.05294
2834,0.055377
2835,0.04803
2836,0.083596
2837,0.105041
2838,0.116452
2839,0.093962
2840,0.104856
2841,0.085797
2842,0.08318
2843,0.096413
2844,0.10564
2845,0.176671
2846,0.221802
2847,0.199346
2848,0.492217
2849,0.766905
2850,0.767282
2851,0.804466
2852,0.477516
2853,0.790434
2854,0.793954
2855,0.885217
2856,0.86635
2857,0.874171
