1,0.971885
2,0.970759
3,0.972144
4,0.975224
5,0.97186
6,0.970648
7,0.969841
8,0.971457
9,0.973202
10,0.974549
11,0.966098
12,0.968402
13,0.96619
14,0.967458
15,0.963159
16,0.960864
17,0.949191
18,0.956198
19,0.896424
20,0.884638
21,0.889849
22,0.903103
23,0.929127
24,0.929918
25,0.944013
26,0.939831
27,0.928571
28,0.944871
29,0.957926
30,0.949362
31,0.947058
32,0.947779
33,0.946885
34,0.946771
35,0.952295
36,0.948053
37,0.947654
38,0.942966
39,0.932209
40,0.941921
41,0.938365
42,0.943653
43,0.939341
44,0.937467
45,0.948406
46,0.948759
47,0.538511
48,0.119342
49,0.122033
50,0.139764
51,0.165628
52,0.113805
53,0.087373
54,0.201853
55,0.18305
56,0.180091
57,0.175698
58,0.208221
59,0.172178
60,0.195628
61,0.227722
62,0.223665
63,0.187616
64,0.227213
65,0.211311
66,0.171622
67,0.244441
68,0.251326
69,0.353174
70,0.339816
71,0.290059
72,0.252807
73,0.346797
74,0.229642
75,0.232325
76,0.245196
77,0.437937
78,0.839324
79,0.930488
80,0.943306
81,0.947409
82,0.957208
83,0.944269
84,0.912252
85,0.86355
86,0.87459
87,0.902371
88,0.910268
89,0.791388
90,0.664292
91,0.737812
92,0.659106
93,0.622183
94,0.638434
95,0.747065
96,0.372707
97,0.417402
98,0
99,0
100,0
101,0
102,0
103,0
104,0
105,0
106,0
107,0
108,0
109,0
110,0
111,0
112,0
113,0
114,0
115,0
116,0.029797
117,0.07062
118,0.035323
119,0.017101
120,0.020936
121,0.017201
122,0.006853
123,0.17694
124,0.073207
125,0.078624
126,0.267641
127,0.32174
128,0.339857
129,0.377832
130,0.450008
131,0.557326
132,0.515
133,0.683163
134,0.495569
135,0.427658
136,0.390315
137,0.572655
138,0.692274
139,0.582721
140,0.686601
141,0.728107
142,0.707429
143,0.563012
144,0.556043
145,0.597609
146,0.58078
147,0.881749
148,0.838273
149,0.775181
150,0.940775
151,0.975384
152,0.972411
153,0.976161
154,0.967485
155,0.973477
156,0.978139
157,0.974425
158,0.978115
159,0.978773
160,0.979257
161,0.981381
162,0.984159
163,0.90718
164,0.901305
165,0.934297
166,0.662757
167,0.267277
168,0.067744
169,0.110232
170,0.05421
171,0.071075
172,0.065325
173,0.028842
174,0.026347
175,0.017818
176,0.03216
177,0.030704
178,0.038892
179,0.028254
180,0.028063
181,0.055067
182,0.086012
183,0.123504
184,0.126302
185,0.127745
186,0.164393
187,0.139895
188,0.085004
189,0.138771
190,0.136199
191,0.104681
192,0.098605
193,0.10359
194,0.063553
195,0.050739
196,0.351373
197,0.244602
198,0.144261
199,0.134694
200,0.15971
201,0.122958
202,0.166829
203,0.162044
204,0.208508
205,0.245734
206,0.27742
207,0.274178
208,0.119544
209,0.085277
210,0.062539
211,0.056218
212,0.052639
213,0.040664
214,0.061142
215,0.057736
216,0.061998
217,0.039874
218,0.096679
219,0.104845
220,0.069589
221,0.083207
222,0.064121
223,0.048832
224,0.046444
225,0.050439
226,0.045827
227,0.119413
228,0.761403
229,0.916708
230,0.928503
231,0.949657
232,0.956568
233,0.955784
234,0.956191
235,0.962504
236,0.961077
237,0.955061
238,0.957615
239,0.955478
240,0.952471
241,0.941325
242,0.838213
243,0.174965
244,0.167432
245,0.140255
246,0.169321
247,0.180767
248,0.222538
249,0.169453
250,0.127256
251,0.251061
252,0.225012
253,0.201961
254,0.208387
255,0.244152
256,0.240711
257,0.224336
258,0.222035
259,0.207675
260,0.170512
261,0.125452
262,0.135219
263,0.162567
264,0.169739
265,0.132658
266,0.22704
267,0.256899
268,0.239907
269,0.296952
270,0.283491
271,0.234364
272,0.233365
273,0.106817
274,0.116329
275,0.230933
276,0.231062
277,0.25023
278,0.374005
279,0.359271
280,0.297345
281,0.272884
282,0.316266
283,0.260299
284,0.195962
285,0.229076
286,0.276135
287,0.362435
288,0.345657
289,0.244443
290,0.238272
291,0.291171
292,0.331503
293,0.362403
294,0.727894
295,0.917781
296,0.952347
297,0.951713
298,0.943507
299,0.952405
300,0.953694
301,0.954102
302,0.950109
303,0.937174
304,0.931599
305,0.950652
306,0.956156
307,0.950304
308,0.958023
309,0.95878
310,0.952495
311,0.947535
312,0.955484
313,0.959497
314,0.938662
315,0.948126
316,0.956593
317,0.96448
318,0.961849
319,0.960356
320,0.962702
321,0.965042
322,0.968585
323,0.668058
324,0.046833
325,0.202116
326,0.188615
327,0.155018
328,0.164767
329,0.130133
330,0.150866
331,0.128982
332,0.13953
333,0.108772
334,0.09886
335,0.083672
336,0.085316
337,0.099875
338,0.123824
339,0.124796
340,0.130927
341,0.085504
342,0.763683
343,0.313642
344,0.666747
345,0.862571
346,0.911446
347,0.925352
348,0.940317
349,0.936461
350,0.938925
351,0.939438
352,0.936992
353,0.937974
354,0.979584
355,0.981256
356,0.9774
357,0.980327
358,0.976074
359,0.978616
360,0.978368
361,0.976728
362,0.977055
363,0.980598
364,0.978954
365,0.979494
366,0.980577
367,0.981071
368,0.980844
369,0.977157
370,0.970039
371,0.963
372,0.953121
373,0.960947
374,0.947423
375,0.969205
376,0.974706
377,0.976175
378,0.973337
379,0.971733
380,0.973245
381,0.973941
382,0.971504
383,0.965665
384,0.970519
385,0.969112
386,0.980765
387,0.982552
388,0.968529
389,0.978664
390,0.966226
391,0.973828
392,0.975592
393,0.978931
394,0.976977
395,0.980937
396,0.974038
397,0.970454
398,0.965444
399,0.960412
400,0.971687
401,0.978978
402,0.984724
403,0.972708
404,0.969736
405,0.971524
406,0.972498
407,0.972744
408,0.949582
409,0.947934
410,0.935394
411,0.919622
412,0.937159
413,0.905651
414,0.905144
415,0.917956
416,0.940786
417,0.898787
418,0.854883
419,0.8723
420,0.950001
421,0.951667
422,0.958431
423,0.911735
424,0.937603
425,0.920095
426,0.897839
427,0.847495
428,0.911486
429,0.94221
430,0.876057
431,0.949211
432,0.951331
433,0.820038
434,0.758184
435,0.947147
436,0.941575
437,0.944089
438,0.940556
439,0.925272
440,0.906969
441,0.872651
442,0.835302
443,0.811662
444,0.755054
445,0.775009
446,0.968292
447,0.962192
448,0.965048
449,0.964222
450,0.962864
451,0.9588
452,0.953458
453,0.952984
454,0.949767
455,0.950499
456,0.950369
457,0.944717
458,0.930112
459,0.937901
460,0.930527
461,0.925309
462,0.900104
463,0.87469
464,0.186016
465,0.073906
466,0.185536
467,0.782008
468,0.780897
469,0.824944
470,0.85044
471,0.875695
472,0.684129
473,0.728314
474,0.897471
475,0.909121
476,0.888874
477,0.877952
478,0.86909
479,0.88414
480,0.894692
481,0.933235
482,0.928678
483,0.930924
484,0.901303
485,0.90873
486,0.914791
487,0.920488
488,0.918124
489,0.921428
490,0.913769
491,0.909162
492,0.934269
493,0.949089
494,0.944011
495,0.930336
496,0.936903
497,0.942309
498,0.961489
499,0.955777
500,0.956607
501,0.963948
502,0.966293
503,0.964968
504,0.962645
505,0.959436
506,0.957324
507,0.957194
508,0.947817
509,0.95218
510,0.937235
511,0.941344
512,0.948802
513,0.945864
514,0.938981
515,0.939327
516,0.934818
517,0.960367
518,0.965051
519,0.956458
520,0.96017
521,0.95397
522,0.954187
523,0.952835
524,0.961504
525,0.942913
526,0.885957
527,0.909761
528,0.875459
529,0.799113
530,0.811405
531,0.850997
532,0.836257
533,0.864032
534,0.805879
535,0.257397
536,0.12208
537,0.120461
538,0.110196
539,0.044883
540,0.046577
541,0.066031
542,0.045319
543,0.050938
544,0.08406
545,0.096645
546,0.071716
547,0.014286
548,0.104911
549,0.584614
