1,0.88659
2,0.89539
3,0.902247
4,0.868156
5,0.879444
6,0.89812
7,0.903869
8,0.885281
9,0.860707
10,0.869227
11,0.88049
12,0.885935
13,0.875198
14,0.902043
15,0.891535
16,0.877516
17,0.900966
18,0.89295
19,0.899617
20,0.90097
21,0.903089
22,0.850486
23,0.865285
24,0.844637
25,0.828677
26,0.852049
27,0.839542
28,0.849321
29,0.858202
30,0.874691
31,0.885952
32,0.863362
33,0.868433
34,0.88895
35,0.896548
36,0.806198
37,0.905647
38,0.821728
39,0.81538
40,0.80678
41,0.804377
42,0.786754
43,0.798817
44,0.789147
45,0.768044
46,0.774054
47,0.884654
48,0.897031
49,0.876066
50,0.877679
51,0.877284
52,0.886637
53,0.883367
54,0.829415
55,0.820435
56,0.818163
57,0.785097
58,0.838725
59,0.772696
60,0.76772
61,0.714771
62,0.750635
63,0.751076
64,0.726312
65,0.749407
66,0.702926
67,0.65568
68,0.692924
69,0.667042
70,0.678404
71,0.666527
72,0.643428
73,0.698355
74,0.701943
75,0.742788
76,0.78678
77,0.779995
78,0.749354
79,0.759968
80,0.721031
81,0.729362
82,0.721821
83,0.722705
84,0.69718
85,0.634656
86,0.672905
87,0.662972
88,0.664406
89,0.652718
90,0.691873
91,0.665293
92,0.676996
93,0.661069
94,0.635665
95,0.656781
96,0.659839
97,0.654399
98,0.664943
99,0.651657
100,0.635962
101,0.659091
102,0.628469
103,0.606454
104,0.676349
105,0.618755
106,0.646632
107,0.647962
108,0.678279
109,0.559766
110,0.578501
111,0.55728
112,0.589363
113,0.602655
114,0.571827
115,0.567632
116,0.525912
117,0.557009
118,0.572593
119,0.669237
120,0.64682
121,0.588596
122,0.609322
123,0.633993
124,0.626898
125,0.614834
126,0.724183
127,0.689294
128,0.666084
129,0.703281
130,0.763195
131,0.742505
132,0.76108
133,0.751741
134,0.740512
135,0.743566
136,0.752384
137,0.806559
138,0.828516
139,0.799924
140,0.792674
141,0.83503
142,0.801696
143,0.80288
144,0.830497
145,0.886775
146,0.881326
147,0.863482
148,0.862647
149,0.847819
150,0.867664
151,0.881324
152,0.89915
153,0.891558
154,0.905162
155,0.904656
156,0.917442
157,0.919909
158,0.913796
159,0.92501
160,0.908605
161,0.915541
162,0.902146
163,0.890818
164,0.888016
165,0.875272
166,0.876254
167,0.840347
168,0.859038
169,0.885543
170,0.900607
171,0.900656
172,0.931368
173,0.938088
174,0.94109
175,0.942901
176,0.944053
177,0.945307
178,0.943478
179,0.942173
180,0.945694
181,0.92933
182,0.932554
183,0.9401
184,0.933593
185,0.923156
186,0.884252
187,0.906093
188,0.912183
189,0.901538
190,0.887355
191,0.897346
192,0.898918
193,0.925132
194,0.932157
195,0.912312
196,0.903939
197,0.904905
198,0.887392
199,0.928566
200,0.8771
201,0.904657
202,0.852089
203,0.860699
204,0.875342
205,0.89369
206,0.901428
207,0.871312
208,0.844806
209,0.847899
210,0.835445
211,0.844763
212,0.825561
213,0.847446
214,0.849592
215,0.859616
216,0.852564
217,0.829156
218,0.822737
219,0.82899
220,0.834249
221,0.751696
222,0.811975
223,0.81888
224,0.806105
225,0.805791
226,0.806648
227,0.779529
228,0.750404
229,0.756811
230,0.721169
231,0.709591
232,0.62504
233,0.683879
234,0.680269
235,0.701994
236,0.727453
237,0.728174
238,0.71551
239,0.654359
240,0.641845
241,0.734102
242,0.723722
243,0.705403
244,0.693536
245,0.692898
246,0.701026
247,0.703739
248,0.622294
249,0.638018
250,0.596728
251,0.599065
252,0.58908
253,0.598895
254,0.615499
255,0.627337
256,0.638162
257,0.666879
258,0.64198
259,0.646076
260,0.6446
261,0.613044
262,0.633506
263,0.583158
264,0.566118
265,0.560031
266,0.576055
267,0.58428
268,0.57562
269,0.555126
270,0.570945
271,0.555165
272,0.537892
273,0.442296
274,0.483991
275,0.463443
276,0.538085
277,0.627298
278,0.599394
279,0.602953
280,0.62741
281,0.665393
282,0.642954
283,0.658058
284,0.668225
285,0.668512
286,0.678931
287,0.653617
288,0.63598
289,0.643585
290,0.66754
291,0.64567
292,0.681191
293,0.714277
294,0.724639
295,0.757789
296,0.777465
297,0.804975
298,0.853262
299,0.902155
300,0.91823
301,0.900521
302,0.914433
303,0.912859
304,0.914166
305,0.904805
306,0.910102
307,0.915429
308,0.914776
309,0.914417
310,0.902939
311,0.895178
312,0.846682
313,0.637123
314,0.866815
315,0.854628
316,0.868194
317,0.839898
318,0.845658
319,0.849124
320,0.836763
321,0.842166
322,0.846044
323,0.842836
324,0.862101
325,0.838946
326,0.846747
327,0.856783
328,0.855246
329,0.848907
330,0.850192
331,0.842438
332,0.849695
333,0.898745
334,0.858302
335,0.877338
336,0.880929
337,0.870585
338,0.636826
339,0.867292
340,0.863803
341,0.874765
342,0.875298
343,0.866097
344,0.879768
345,0.87545
346,0.701733
347,0.668862
348,0.710995
349,0.896605
350,0.898716
351,0.892658
352,0.89085
353,0.873453
354,0.717518
355,0.719885
356,0.704322
357,0.714826
358,0.687921
359,0.664244
360,0.689917
361,0.660391
362,0.652852
363,0.658228
364,0.692262
365,0.68863
366,0.699527
367,0.657742
368,0.625258
369,0.614516
370,0.640274
371,0.605804
372,0.618418
373,0.709194
374,0.710281
375,0.615753
376,0.691412
377,0.709762
378,0.677208
379,0.652699
380,0.659616
381,0.677529
382,0.680855
383,0.640786
384,0.62237
385,0.914708
386,0.69895
387,0.911397
388,0.912819
389,0.912892
390,0.722672
391,0.709643
392,0.671775
393,0.753505
394,0.723733
395,0.719414
396,0.719498
397,0.737318
398,0.730083
399,0.773441
400,0.799269
401,0.808036
402,0.783409
403,0.784272
404,0.760943
405,0.728041
406,0.749623
407,0.726065
408,0.892374
409,0.884576
410,0.623378
411,0.868814
412,0.865672
413,0.876706
414,0.889244
415,0.672994
416,0.671365
417,0.670933
418,0.898411
419,0.923408
420,0.900102
421,0.815259
422,0.806834
423,0.781948
424,0.786276
425,0.753782
426,0.750049
427,0.733959
428,0.909895
429,0.923628
430,0.924228
431,0.816646
432,0.765231
433,0.815932
434,0.927395
435,0.916661
436,0.746516
437,0.920311
438,0.919398
439,0.917921
440,0.920461
441,0.917745
442,0.916912
443,0.784529
444,0.796861
445,0.777767
446,0.796746
447,0.869063
448,0.898471
449,0.893753
450,0.904003
451,0.822976
452,0.844265
453,0.8672
454,0.860787
455,0.88096
456,0.883274
457,0.877177
458,0.870828
459,0.875362
460,0.861059
461,0.848781
462,0.849376
463,0.841783
464,0.804892
465,0.923504
466,0.920856
467,0.919194
468,0.92224
469,0.954838
470,0.955462
471,0.958872
472,0.955471
473,0.957195
474,0.95578
475,0.942259
476,0.939999
477,0.963547
478,0.967162
479,0.967882
480,0.958844
481,0.964231
482,0.963305
483,0.957954
484,0.959011
485,0.955381
486,0.962179
487,0.959326
488,0.954935
489,0.949317
490,0.949573
491,0.953222
492,0.956038
493,0.960947
494,0.963387
495,0.966992
496,0.969476
497,0.970351
498,0.970141
499,0.969767
500,0.968269
501,0.967289
502,0.964975
503,0.964092
504,0.967545
505,0.967099
506,0.966702
507,0.973309
508,0.979229
509,0.97631
510,0.948856
511,0.948975
512,0.849295
513,0.880101
514,0.887862
515,0.885371
516,0.853037
517,0.858555
518,0.873902
519,0.875542
520,0.8737
521,0.87666
522,0.875986
523,0.855065
524,0.881603
525,0.856288
526,0.862959
527,0.889879
528,0.879029
529,0.867854
530,0.848617
531,0.868282
532,0.876332
533,0.878328
534,0.870854
535,0.917465
536,0.913652
537,0.908756
538,0.905244
539,0.901498
540,0.906181
541,0.893821
542,0.894962
543,0.918988
544,0.893157
545,0.922781
546,0.897992
547,0.893488
548,0.874597
549,0.865953
550,0.875962
551,0.88885
552,0.86755
553,0.84794
554,0.804634
555,0.799131
556,0.767186
557,0.716199
558,0.7161
559,0.691653
560,0.697092
561,0.705525
562,0.711926
563,0.682627
564,0.702232
565,0.651476
566,0.652748
567,0.637265
568,0.656872
569,0.667871
570,0.686313
571,0.689973
572,0.692803
573,0.68044
574,0.622098
575,0.649995
576,0.619695
577,0.660165
578,0.670952
579,0.643402
580,0.635773
581,0.642942
582,0.63927
583,0.664278
584,0.687947
585,0.641247
586,0.637818
587,0.601487
588,0.647295
589,0.586868
590,0.505008
591,0.529628
592,0.420037
593,0.48261
594,0.539566
595,0.495175
596,0.525543
597,0.518945
598,0.549726
599,0.57196
600,0.611413
601,0.643154
602,0.662933
603,0.697901
604,0.699162
605,0.587483
606,0.548961
607,0.594447
608,0.602896
609,0.624152
610,0.58896
611,0.573279
612,0.607084
613,0.647279
614,0.666176
615,0.660614
616,0.671337
617,0.661752
618,0.677341
619,0.68402
620,0.694759
621,0.68884
622,0.695207
623,0.703924
624,0.797761
625,0.808067
626,0.79666
627,0.821197
628,0.804327
629,0.81958
630,0.82097
631,0.81273
632,0.820423
633,0.812974
634,0.832736
635,0.841755
636,0.836042
637,0.805753
638,0.833604
639,0.880817
640,0.89396
641,0.881264
642,0.880501
643,0.890623
644,0.900241
645,0.868381
646,0.852751
647,0.876906
648,0.945758
649,0.947516
650,0.959948
651,0.925925
652,0.890183
653,0.899557
654,0.858184
655,0.838514
656,0.723459
657,0.827004
658,0.895197
659,0.908381
660,0.838549
661,0.878014
662,0.886591
663,0.919104
664,0.927472
665,0.931243
666,0.930237
667,0.911534
668,0.890456
669,0.862009
670,0.888003
671,0.858218
672,0.882965
673,0.910946
674,0.913769
675,0.899908
676,0.93446
677,0.946159
678,0.948196
679,0.95818
680,0.95611
681,0.961745
682,0.956541
683,0.964589
684,0.964181
685,0.972061
686,0.973968
687,0.972676
688,0.971066
689,0.972774
690,0.964963
691,0.942158
692,0.927411
693,0.916565
694,0.922667
695,0.903581
696,0.91503
697,0.909053
698,0.904844
699,0.907065
700,0.899568
701,0.89108
702,0.890624
703,0.901796
704,0.902283
705,0.904765
706,0.901603
707,0.898737
708,0.912029
709,0.904104
710,0.904106
711,0.883206
712,0.899593
713,0.891739
714,0.852025
715,0.886951
716,0.884868
717,0.796725
718,0.875331
719,0.838404
720,0.803012
721,0.83581
722,0.84616
723,0.829744
724,0.8434
725,0.833609
726,0.820722
727,0.838581
728,0.844381
729,0.821355
730,0.911786
731,0.867466
732,0.85491
733,0.836119
734,0.822804
735,0.835857
736,0.820839
737,0.824679
738,0.848997
739,0.833579
740,0.779804
741,0.74004
742,0.733967
743,0.727278
744,0.674959
745,0.588261
746,0.617511
747,0.590569
748,0.586949
749,0.582357
750,0.591409
751,0.516279
752,0.467644
753,0.461454
754,0.464254
755,0.439572
756,0.357867
757,0.335429
758,0.291824
759,0.262655
760,0.286756
761,0.337588
762,0.265325
763,0.299596
764,0.292316
765,0.278287
766,0.292162
767,0.271504
768,0.296254
769,0.17364
770,0.163632
771,0.150998
772,0.148706
773,0.146193
774,0.130259
775,0.11867
776,0.112386
777,0.099603
778,0.101941
779,0.097281
780,0.108666
781,0.129967
782,0.142888
783,0.154691
784,0.162732
785,0.204895
786,0.184011
787,0.199331
788,0.197928
789,0.24813
790,0.269303
791,0.21879
792,0.219862
793,0.258681
794,0.263682
795,0.331917
796,0.321937
797,0.347775
798,0.26384
799,0.253767
800,0.2517
801,0.262973
802,0.284893
803,0.30728
804,0.271211
805,0.47521
806,0.439895
807,0.257689
808,0.300679
809,0.236287
810,0.236932
811,0.26672
812,0.461973
813,0.252491
814,0.241801
815,0.214385
816,0.27695
817,0.341561
818,0.361063
819,0.354582
820,0.396652
821,0.377099
822,0.372961
823,0.401216
824,0.379974
825,0.338793
826,0.46431
827,0.529845
828,0.561094
829,0.617686
830,0.643241
831,0.688768
832,0.6867
833,0.69088
834,0.72964
835,0.748012
836,0.784721
837,0.769669
838,0.810483
839,0.830577
840,0.824245
841,0.884908
842,0.870707
843,0.908064
844,0.924303
845,0.925046
846,0.942575
847,0.936872
848,0.928213
849,0.954979
850,0.961289
851,0.956617
852,0.95652
853,0.976188
854,0.974246
855,0.974122
856,0.972861
857,0.975316
858,0.976872
859,0.978595
860,0.980704
861,0.982264
862,0.97671
863,0.981211
864,0.979245
865,0.977769
866,0.979844
867,0.974726
868,0.971563
869,0.971032
870,0.980607
871,0.980638
872,0.980126
873,0.98233
874,0.98111
875,0.981295
876,0.981193
877,0.978578
878,0.979236
879,0.978486
880,0.977655
881,0.979348
882,0.981355
883,0.97888
884,0.979974
885,0.979786
886,0.978024
887,0.981209
888,0.977039
889,0.980156
890,0.980828
891,0.97753
892,0.976048
893,0.975216
894,0.97621
895,0.978352
896,0.978344
897,0.977826
898,0.976797
899,0.975783
900,0.976461
901,0.974986
902,0.974119
903,0.973408
904,0.977722
905,0.977509
906,0.977535
907,0.973846
908,0.969831
909,0.970746
910,0.968363
911,0.968969
912,0.969605
913,0.967467
914,0.969941
915,0.971577
916,0.966721
917,0.973902
918,0.970879
919,0.973759
920,0.973335
921,0.976321
922,0.974019
923,0.971825
924,0.968693
925,0.969024
926,0.967294
927,0.968302
928,0.968157
929,0.969412
930,0.970753
931,0.972043
932,0.973766
933,0.970262
934,0.970331
935,0.96579
936,0.966177
937,0.955011
938,0.953989
939,0.954013
940,0.956424
941,0.959067
942,0.945153
943,0.938889
944,0.942159
945,0.944916
946,0.9359
947,0.930241
948,0.924008
949,0.903581
950,0.899409
951,0.90197
952,0.901705
953,0.898094
954,0.878861
955,0.887914
956,0.894369
957,0.903331
958,0.887926
959,0.875364
960,0.867242
961,0.865196
962,0.876802
963,0.877541
964,0.876616
965,0.869562
966,0.85905
967,0.875194
968,0.867544
969,0.882986
970,0.858308
971,0.86732
972,0.879567
973,0.87743
974,0.841066
975,0.825033
976,0.797269
977,0.784772
978,0.773406
979,0.847737
980,0.837413
981,0.852707
982,0.808922
983,0.845799
984,0.864799
985,0.85328
986,0.863487
987,0.85793
988,0.841176
989,0.861003
990,0.86553
991,0.836502
992,0.820643
993,0.795564
994,0.825608
995,0.805239
996,0.789744
997,0.867824
998,0.869441
999,0.865854
1000,0.800571
1001,0.838831
1002,0.817421
1003,0.78674
1004,0.768756
1005,0.799887
1006,0.798374
1007,0.772862
1008,0.821866
1009,0.852012
1010,0.858019
1011,0.864391
1012,0.882931
1013,0.876199
1014,0.891602
1015,0.887918
1016,0.904611
1017,0.906346
1018,0.899098
1019,0.902513
1020,0.912468
1021,0.921372
1022,0.922264
1023,0.911119
1024,0.913383
1025,0.916751
1026,0.909167
1027,0.909037
1028,0.885608
1029,0.894646
1030,0.891516
1031,0.927041
1032,0.918027
1033,0.91756
1034,0.919279
1035,0.901157
1036,0.913375
1037,0.901333
1038,0.89211
1039,0.901388
1040,0.906475
1041,0.913912
1042,0.912751
1043,0.9294
1044,0.917444
1045,0.887953
1046,0.896509
1047,0.8947
1048,0.88958
1049,0.895457
1050,0.917349
1051,0.920968
1052,0.918107
1053,0.924019
1054,0.891437
1055,0.982328
1056,0.981694
1057,0.980448
1058,0.979995
1059,0.981585
1060,0.834201
1061,0.835361
1062,0.842745
1063,0.827833
1064,0.819995
1065,0.837651
1066,0.97295
1067,0.973621
1068,0.974356
1069,0.969731
1070,0.810234
1071,0.822314
1072,0.837795
1073,0.789239
1074,0.972932
1075,0.828794
1076,0.973415
1077,0.942172
1078,0.950063
1079,0.952179
1080,0.97592
1081,0.862959
1082,0.870134
1083,0.879498
1084,0.860983
1085,0.859984
1086,0.832082
1087,0.801685
1088,0.77202
1089,0.779278
1090,0.832553
1091,0.838027
1092,0.834887
1093,0.79836
1094,0.826728
1095,0.812434
1096,0.833748
1097,0.82656
1098,0.824201
1099,0.792109
1100,0.785611
1101,0.787246
1102,0.788396
1103,0.791681
1104,0.79782
1105,0.834491
1106,0.825529
1107,0.815965
1108,0.809583
1109,0.808487
1110,0.822998
1111,0.842555
1112,0.900475
1113,0.904749
1114,0.881471
1115,0.866987
1116,0.860599
1117,0.797554
1118,0.968663
1119,0.809786
1120,0.81277
1121,0.969478
1122,0.78844
1123,0.786633
1124,0.840348
1125,0.766796
1126,0.761034
1127,0.761866
1128,0.959311
1129,0.675695
1130,0.74997
1131,0.759425
1132,0.782287
1133,0.782075
1134,0.710402
1135,0.945772
1136,0.710583
1137,0.710725
1138,0.732399
1139,0.754207
1140,0.727163
1141,0.715518
1142,0.68706
1143,0.688715
1144,0.684064
1145,0.95073
1146,0.950226
1147,0.958604
1148,0.957844
1149,0.954293
1150,0.949327
1151,0.954812
1152,0.95566
1153,0.957053
1154,0.743712
1155,0.757427
1156,0.778429
1157,0.79994
1158,0.753146
1159,0.730096
1160,0.736802
1161,0.738196
1162,0.72598
1163,0.955113
1164,0.956771
1165,0.953885
1166,0.955703
1167,0.957349
1168,0.848351
1169,0.8675
1170,0.860315
1171,0.866601
1172,0.834399
1173,0.76521
1174,0.747734
1175,0.965168
1176,0.961706
1177,0.953077
1178,0.955061
1179,0.956394
1180,0.715103
1181,0.953835
1182,0.953148
1183,0.952519
1184,0.664232
1185,0.952407
1186,0.957395
1187,0.6666
1188,0.675988
1189,0.653921
1190,0.69391
1191,0.680032
1192,0.645272
1193,0.913252
1194,0.917217
1195,0.928293
1196,0.904869
1197,0.909232
1198,0.907796
1199,0.893721
1200,0.898231
1201,0.912293
1202,0.91796
1203,0.908728
1204,0.910065
1205,0.902027
1206,0.904414
1207,0.909589
1208,0.862299
1209,0.862712
1210,0.864469
1211,0.862152
1212,0.877271
1213,0.90944
1214,0.912242
1215,0.908282
1216,0.906997
1217,0.914385
1218,0.909147
1219,0.901693
1220,0.893315
1221,0.886548
1222,0.870471
1223,0.864807
1224,0.873486
1225,0.872093
1226,0.869304
1227,0.856143
1228,0.851041
1229,0.864454
1230,0.872384
1231,0.840412
1232,0.832724
1233,0.812227
1234,0.819947
1235,0.822825
1236,0.786617
1237,0.829133
1238,0.819622
1239,0.77813
1240,0.753864
1241,0.774137
1242,0.703278
1243,0.670625
1244,0.666961
1245,0.655652
1246,0.622151
1247,0.640851
1248,0.640591
1249,0.565845
1250,0.577487
1251,0.543764
1252,0.496068
1253,0.297033
1254,0.413552
1255,0.432978
1256,0.446005
1257,0.334547
1258,0.265853
1259,0.266638
1260,0.290711
1261,0.116193
1262,0.110895
1263,0.095318
1264,0.124064
1265,0.1314
1266,0.127111
1267,0.146576
1268,0.137681
1269,0.118522
1270,0.133995
1271,0.117338
1272,0.184055
1273,0.249796
1274,0.316823
1275,0.282314
1276,0.309231
1277,0.344191
1278,0.326412
1279,0.130527
1280,0.17026
1281,0.347039
1282,0.19299
1283,0.172993
1284,0.286608
1285,0.225909
1286,0.227737
1287,0.172249
1288,0.184384
1289,0.179362
1290,0.188125
1291,0.193297
1292,0.168634
1293,0.236782
1294,0.169326
1295,0.177359
1296,0.16056
1297,0.228605
1298,0.200221
1299,0.235363
1300,0.253877
1301,0.261582
1302,0.295209
1303,0.296116
1304,0.317089
1305,0.278396
1306,0.284862
1307,0.278517
1308,0.334747
1309,0.28902
1310,0.307631
1311,0.360383
1312,0.778999
1313,0.764818
1314,0.453631
1315,0.232203
1316,0.157851
1317,0.166802
1318,0.154203
1319,0.24594
1320,0.082473
1321,0.102629
1322,0.118893
1323,0.113114
1324,0.112146
1325,0.136995
1326,0.136831
1327,0.145471
1328,0.122235
1329,0.165008
1330,0.153213
1331,0.165232
1332,0.203082
1333,0.199329
1334,0.157028
1335,0.181436
1336,0.153452
1337,0.207828
1338,0.195912
1339,0.227343
1340,0.198065
1341,0.228902
1342,0.284639
1343,0.260209
1344,0.260452
1345,0.373254
1346,0.408273
1347,0.414511
1348,0.386187
1349,0.386552
1350,0.441497
1351,0.459491
1352,0.438117
1353,0.457303
1354,0.465057
