1,0.16446
2,0.182585
3,0.215663
4,0.398899
5,0.40584
6,0.45866
7,0.508622
8,0.584155
9,0.635972
10,0.680377
11,0.709484
12,0.859533
13,0.865745
14,0.842763
15,0.829715
16,0.814514
17,0.783905
18,0.798639
19,0.796858
20,0.748285
21,0.824875
22,0.773083
23,0.779753
24,0.789025
25,0.854662
26,0.859888
27,0.865295
28,0.889633
29,0.889886
30,0.898397
31,0.896066
32,0.896614
33,0.883897
34,0.869369
35,0.891338
36,0.891371
37,0.910773
38,0.906903
39,0.896669
40,0.904918
41,0.832913
42,0.757555
43,0.797966
44,0.774819
45,0.711329
46,0.682649
47,0.67547
48,0.631264
49,0.65878
50,0.679049
51,0.061087
52,0.06331
53,0.07081
54,0.144451
55,0.164525
56,0.116221
57,0.273884
58,0.170168
59,0.171168
60,0.187079
61,0.04795
62,0.037711
63,0.094539
64,0.095914
65,0.026012
66,0.023382
67,0.012932
68,0.016161
69,0.032406
70,0.024248
71,0.038628
72,0.047125
73,0.061505
74,0.04507
75,0.051068
76,0.106854
77,0.067323
78,3.9e-05
79,2.8e-05
80,0.000113
81,8.2e-05
82,0.000101
83,9.1e-05
84,0.000108
85,0.000141
86,0.000158
87,0.000107
88,0.000119
89,0.000118
90,7.2e-05
91,4.9e-05
92,4.2e-05
93,2.6e-05
94,2.1e-05
95,1.4e-05
96,7.6e-05
97,2.1e-05
98,0.141154
99,0.253773
100,0.273163
101,0.338626
102,3.7e-05
103,0.000538
104,0.087918
105,0.179173
106,0.177725
107,0.224984
108,0.534916
109,0.39453
110,0.428267
111,0.471324
112,0.409158
113,0.340304
114,0.381739
115,0.417688
116,0.428619
117,0.441313
118,0.409587
119,0.203263
120,0.000888
121,3e-05
122,3.1e-05
123,1.3e-05
124,1.4e-05
125,3.6e-05
126,8.4e-05
127,3.1e-05
128,3.4e-05
129,3.7e-05
130,2.8e-05
131,3.7e-05
132,4.1e-05
133,0.245005
134,0.236346
135,0.00019
136,0.000326
137,0.094042
138,0.000291
139,0.000292
140,0.000351
141,0.000426
142,0.000467
143,0.000428
144,0.000442
145,0.000173
146,0.000203
147,0.000247
148,0.000182
149,0.000187
150,0.000183
151,0.000141
152,0.000198
153,0.000169
154,0.000126
155,0.121074
156,0.151972
157,0.192102
158,0.257648
159,0.01438
160,0.002609
161,0.042829
162,0.005449
163,0.013988
164,0.013574
165,0.021371
166,0.051904
167,0.137016
168,0.354796
169,0.427653
170,0.432748
171,0.33795
172,0.107014
173,0.196076
174,0.207415
175,0.10878
176,0.099891
177,0.098347
178,0.043787
179,0.029001
180,0.054438
181,0.068124
182,0.019362
183,0.02509
184,0.001366
185,0.00073
186,0.000383
187,0.000663
188,0.000356
189,0.000309
190,0.000286
191,0.000294
192,0.000302
193,0.000322
194,0.000407
195,0.000716
196,0.017447
197,0.017947
198,0.016475
199,0.000248
200,0.0002
201,0.000225
202,0.000194
203,0.000212
204,0.006808
205,0.000218
206,0.0002
207,0.000259
208,0.000334
209,0.001403
210,0.078683
211,0.856904
212,0.853736
213,0.781514
214,0.814819
215,0.882902
216,0.899935
217,0.873752
218,0.91877
219,0.953011
220,0.952144
221,0.852407
222,0.001783
223,0.000142
224,7e-05
225,0.00022
226,0.000646
227,0.000169
228,0.000287
229,0.00029
230,0.000106
231,0.000135
232,0.000137
233,0.000111
234,0.000138
235,0.000104
236,0.000138
237,0.000358
238,0.00029
239,0.00028
240,0.000273
241,0.000186
242,0.000146
243,0.000136
244,0.000163
245,0.000187
246,0.000149
247,0.000157
248,7.7e-05
249,0.000217
250,0.010364
251,0.604296
252,0.707348
253,0.645061
254,0.719986
255,0.727548
256,0.741763
257,0.739428
258,0.92453
259,0.902408
260,0.837557
261,0.804769
262,0.865686
263,0.778667
264,0.728531
265,0.716987
266,0.64128
267,0.704646
268,0.686719
269,0.660322
270,0.64892
271,0.697786
272,0.604973
273,0.501404
274,0.413466
275,0.31454
276,0.650642
277,0.72316
278,0.727022
279,0.709241
280,0.740936
281,0.759111
282,0.828673
283,0.814824
284,0.859934
285,0.831106
286,0.841917
287,0.827761
288,0.864664
289,0.797445
290,0.813566
291,0.775046
292,0.719271
293,0.701894
294,0.747529
295,0.749459
296,0.7987
297,0.674713
298,0.66942
299,0.730177
300,0.782216
301,0.788007
302,0.811859
303,0.828173
304,0.860985
305,0.886869
306,0.917346
307,0.921357
308,0.89383
309,0.899815
310,0.900237
311,0.871977
312,0.861133
313,0.91409
314,0.910993
315,0.913704
316,0.918476
317,0.927107
318,0.902736
319,0.879597
320,0.872999
321,0.895673
322,0.882228
323,0.879888
324,0.883865
325,0.88927
326,0.887204
327,0.896861
328,0.885979
329,0.881433
330,0.882186
331,0.903058
332,0.915868
333,0.930529
334,0.934341
335,0.925081
336,0.936963
337,0.944397
338,0.946919
339,0.954654
340,0.955382
341,0.951406
342,0.958645
343,0.960875
344,0.955307
345,0.947791
346,0.955712
347,0.955836
348,0.949753
349,0.017535
350,0.000142
351,0.000121
352,0.000282
353,7.7e-05
354,6.1e-05
355,0.000118
356,0.000114
