1,0.602533
2,0.694846
3,0.518839
4,0.440302
5,0.403408
6,0.359959
7,0.493199
8,0.65032
9,0.699803
10,0.70348
11,0.769016
12,0.742247
13,0.743427
14,0.836138
15,0.849191
16,0.83936
17,0.851046
18,0.850553
19,0.859188
20,0.866669
21,0.841851
22,0.832271
23,0.843325
24,0.866683
25,0.888901
26,0.795264
27,0.866505
28,0.791292
29,0.748876
30,0.777173
31,0.825113
32,0.865399
33,0.858783
34,0.867154
35,0.857158
36,0.839851
37,0.911204
38,0.859518
39,0.86171
40,0.831496
41,0.844941
42,0.809911
43,0.828376
44,0.799599
45,0.581246
46,0.569755
47,0.591839
48,0.560174
49,0.376844
50,0.875492
51,0.371652
52,0.821265
53,0.789658
54,0.572233
55,0.684535
56,0.482276
57,0.503361
58,0.48562
59,0.544665
60,0.45378
61,0.555566
62,0.58322
63,0.62442
64,0.592352
65,0.626074
66,0.613433
67,0.624362
68,0.689388
69,0.722549
70,0.60188
71,0.598186
72,0.537751
73,0.362484
74,0.365629
75,0.366065
76,0.350183
77,0.351719
78,0.353479
79,0.362843
80,0.357474
81,0.366292
82,0.362481
83,0.394759
84,0.385989
85,0.341425
86,0.211801
87,0.008468
88,0.000264
89,0.000233
90,0.000275
91,8.3e-05
92,8.7e-05
93,7.8e-05
94,6.6e-05
95,0.000399
96,0.0003
97,0.000538
98,0.000566
99,0.000509
100,0.000449
101,0.000492
102,0.000338
103,0.000196
104,4e-05
105,3.9e-05
106,6.2e-05
107,7.2e-05
108,0.000137
109,0.000157
110,0.000132
111,0.000113
112,0.000109
113,0.00013
114,0.000173
115,0.000257
116,0.000327
117,0.000275
118,0.00038
119,0.000309
120,0.00032
121,0.000367
122,0.00026
123,0.000244
124,0.000186
125,0.000344
126,0.002112
127,0.005559
128,0.001386
129,0.503708
130,0.728119
131,0.818811
132,0.852599
133,0.894425
134,0.943807
135,0.951697
136,0.903083
137,0.915833
138,0.932725
139,0.936239
140,0.908227
141,0.889707
142,0.912388
143,0.17256
144,0.000677
145,0.000363
146,0.000316
147,0.0003
148,0.000395
149,0.000562
150,0.000535
151,0.000341
152,0.000286
153,0.000139
154,0.000255
155,0.000278
156,0.000151
157,9.3e-05
158,9.8e-05
159,7.6e-05
160,5.4e-05
161,4.9e-05
162,5.2e-05
163,4.1e-05
164,5.4e-05
165,4.7e-05
166,3.6e-05
167,0.000149
168,0.000226
169,0.000357
170,0.000147
171,0.000145
172,0.00388
173,0.441943
174,0.955756
175,0.967337
176,0.939249
177,0.950908
178,0.978403
179,0.980452
180,0.975734
181,0.975656
182,0.977783
183,0.98025
184,0.97846
185,0.973072
186,0.971766
187,0.97426
188,0.945847
189,0.939046
190,0.928434
191,0.965086
192,0.393898
193,0.000648
194,0.000479
195,7.2e-05
196,0.000124
197,7.9e-05
198,0.000125
199,0.00027
200,0.000418
201,0.000314
202,0.000457
203,0.000534
204,0.000328
205,0.00024
206,0.000305
207,0.0004
208,0.000126
209,0.0001
210,0.0001
211,7.4e-05
212,9.1e-05
213,0.000104
214,0.000103
215,0.000137
216,0.00016
217,0.00012
218,0.000137
219,0.000114
220,0.000647
221,0.000397
222,0.000211
223,9.4e-05
224,7.9e-05
225,4.2e-05
226,2.2e-05
227,1.3e-05
228,3.4e-05
229,4.8e-05
230,4.5e-05
231,1.7e-05
232,5e-06
233,2e-06
234,3e-06
235,2e-06
236,2.4e-05
237,4e-06
238,7e-06
239,5e-06
240,2e-06
241,3e-06
242,3e-06
243,2e-06
244,1.1e-05
245,0.03139
246,0.104345
247,0.571386
248,0.446868
249,0.572745
250,0.581765
251,0.453603
252,0.541758
253,0.715274
254,0.85586
255,0.902318
256,0.901642
257,0.895939
258,0.858975
259,0.802195
260,0.857897
261,0.827991
262,0.771782
263,0.772575
264,0.761994
265,0.849384
266,0.784996
267,0.82419
268,0.833167
269,0.806495
270,0.758342
271,0.742907
272,0.645734
273,0.492393
274,0.077733
275,0.00031
276,3.4e-05
277,5.4e-05
278,6.2e-05
279,6.4e-05
280,4e-05
281,0.000105
282,0.000119
283,0.000135
284,0.000121
285,1.3e-05
286,1.8e-05
287,0.000102
288,9.6e-05
289,0.000124
290,0.00012
291,2.2e-05
292,9.6e-05
293,5.5e-05
294,5.9e-05
295,1e-05
296,5e-05
297,5.3e-05
298,5e-05
299,3.8e-05
300,3.3e-05
301,1.3e-05
302,1e-05
303,8e-06
304,1.3e-05
305,8e-06
306,7e-06
307,6e-06
308,7e-06
309,1e-05
310,9e-06
311,1e-05
312,9e-06
313,1.9e-05
314,2.3e-05
315,3.9e-05
316,4.6e-05
317,6.8e-05
318,8.1e-05
319,5.4e-05
320,4.6e-05
321,6e-06
322,9e-06
323,7e-06
324,6e-06
325,6e-06
326,5e-06
327,2.5e-05
328,6e-06
329,7e-06
330,6e-06
331,7e-06
332,6e-06
333,6e-06
334,6e-06
335,6e-06
336,5e-06
337,7e-06
338,7e-06
339,6e-06
340,1.2e-05
341,4.4e-05
342,5e-06
343,4.4e-05
344,0.003508
345,0.195108
346,0.841704
347,0.889787
348,0.878761
349,0.928254
350,0.928795
351,0.919469
352,0.977227
353,0.963574
354,0.979278
355,0.979073
356,0.978908
357,0.979065
358,0.959568
359,0.954287
360,0.968726
361,0.967603
362,0.972643
363,0.976626
364,0.974585
365,0.966124
366,0.970837
367,0.977297
368,0.961969
369,0.961397
370,0.975171
371,0.978962
372,0.975262
373,0.982402
374,0.947568
375,0.958701
376,0.957162
377,0.95591
378,0.466875
379,0.00141
380,8.1e-05
381,0.00016
382,0.000222
383,0.000175
384,0.000201
385,9.9e-05
386,2.1e-05
387,1.3e-05
388,7e-06
389,5e-06
390,5e-06
391,6e-06
392,7e-06
393,5e-06
394,4e-06
395,3e-06
396,6e-06
397,6.7e-05
398,5.6e-05
399,4.6e-05
400,5.9e-05
401,0.0001
402,6e-05
403,6.8e-05
404,7e-05
405,6.1e-05
406,6.5e-05
407,5e-05
408,5e-05
409,4.1e-05
410,4.2e-05
411,5e-05
412,7.4e-05
413,7.2e-05
414,8.4e-05
415,6.1e-05
416,0.000225
417,2e-06
418,2e-06
419,2e-06
420,2e-06
421,4e-06
422,5e-06
423,4e-06
424,3e-06
425,4e-06
426,7e-06
427,7e-06
428,1e-05
429,2.5e-05
430,3.7e-05
431,4.1e-05
432,0.000217
433,0.00035
434,3.5e-05
435,2.7e-05
436,7.9e-05
437,1.7e-05
438,1.7e-05
439,1.7e-05
440,1.9e-05
441,2e-05
442,3.1e-05
443,2.9e-05
444,2.8e-05
445,2.4e-05
446,3e-05
447,3.5e-05
448,2e-05
449,2e-05
450,3.3e-05
451,2.4e-05
452,1.8e-05
453,1.1e-05
454,1.2e-05
455,4e-06
456,4e-06
457,3e-06
458,3e-06
459,4e-06
460,5e-06
461,4e-06
462,2e-06
463,3e-06
464,2e-06
465,3e-06
466,3e-06
467,3e-06
468,3e-06
469,5e-06
470,6e-06
471,7e-06
472,5e-06
473,6e-06
474,1.1e-05
475,0.001611
476,0.058264
477,0.213265
478,0.575991
479,0.576983
480,0.430645
481,0.853814
482,0.881747
483,0.85825
484,0.76357
485,0.849821
486,0.949419
487,0.935862
488,0.950392
489,0.964647
490,0.964304
491,0.962099
492,0.719107
493,0.641059
494,0.542558
495,0.64804
496,0.645183
497,0.734317
498,0.778322
499,0.777232
500,0.830394
501,0.789107
502,0.73471
503,0.790098
504,0.844408
505,0.869788
506,0.867974
507,0.856388
508,0.94179
509,0.942754
510,0.971024
511,0.978055
512,0.96546
513,0.966597
514,0.965087
515,0.975147
516,0.982368
517,0.972547
518,0.961062
519,0.967395
520,0.963048
521,0.964141
522,0.961062
523,0.964606
524,0.926019
525,0.008434
526,5.5e-05
527,4.2e-05
528,0.00018
529,0.000163
530,0.000202
531,0.000179
532,0.000167
533,0.000125
534,0.000224
535,0.000191
536,0.000248
537,0.000285
538,8.5e-05
539,0.000218
540,0.000132
541,7.7e-05
542,0.000234
543,0.000443
544,0.003539
545,0.569967
546,0.926537
547,0.931118
548,0.862438
549,0.851893
550,0.844912
551,0.876642
552,0.897582
553,0.898985
554,0.899572
555,0.882285
556,0.898371
557,0.928418
558,0.912371
559,0.912234
560,0.935435
561,0.916041
562,0.912777
563,0.937267
564,0.932768
565,0.929869
566,0.942804
567,0.953753
568,0.945413
569,0.933941
570,0.93171
571,0.427255
572,0.001801
573,0.000236
574,0.000181
575,3.3e-05
576,4.5e-05
577,4.7e-05
578,3.8e-05
579,2.8e-05
580,4.8e-05
581,4.8e-05
582,6.4e-05
583,6.3e-05
584,4.3e-05
585,5.6e-05
586,6.6e-05
587,6.8e-05
588,5.3e-05
589,5.6e-05
590,5.5e-05
591,6e-05
592,7.1e-05
593,7.3e-05
594,6.2e-05
595,6.3e-05
596,6.2e-05
597,5.8e-05
598,5.6e-05
599,6.6e-05
600,6.7e-05
601,7.6e-05
602,7.8e-05
603,8.2e-05
604,8.6e-05
605,6.5e-05
606,7e-05
607,2.3e-05
608,1.6e-05
609,6.7e-05
610,1.3e-05
611,5e-05
612,5.4e-05
613,0.0001
614,9.8e-05
615,0.009056
616,0.075367
617,0.234065
618,0.191785
619,0.237839
620,0.267975
621,0.238464
622,0.457944
623,0.701855
624,0.881682
625,0.927217
626,0.917769
627,0.931295
628,0.933202
629,0.926298
630,0.959878
631,0.95786
632,0.958239
633,0.952426
634,0.959897
635,0.923212
636,0.912822
637,0.869274
638,0.808137
639,0.902456
640,0.933186
641,0.95419
642,0.943102
643,0.936188
644,0.939869
645,0.964026
646,0.97069
647,0.976274
648,0.977268
649,0.968695
650,0.974418
651,0.967446
652,0.958452
653,0.610281
654,0.000147
655,4e-05
656,8.8e-05
657,0.000166
658,0.000198
659,0.000347
660,0.00024
661,0.000152
662,0.00016
663,0.000164
664,0.000144
665,0.000161
666,0.000403
667,0.011906
668,0.757586
669,0.854284
670,0.850833
671,0.881895
672,0.882315
673,0.922477
674,0.930794
675,0.914885
676,0.925999
677,0.907309
678,0.931059
679,0.945344
680,0.931735
681,0.913892
682,0.899745
683,0.88818
684,0.876961
685,0.842384
686,0.844507
687,0.849374
688,0.806536
689,0.005724
690,3.1e-05
691,1.3e-05
692,5.4e-05
693,1.9e-05
694,2.6e-05
695,1.2e-05
696,1e-05
697,1.5e-05
698,1.6e-05
699,1.6e-05
700,2.2e-05
701,3.3e-05
702,3.8e-05
703,4.2e-05
704,3.5e-05
705,3.8e-05
706,3.9e-05
707,4.6e-05
708,4.7e-05
709,4.3e-05
710,5.3e-05
711,4.5e-05
712,5.2e-05
713,5.7e-05
714,6.1e-05
715,0.000125
716,0.000614
717,0.016197
718,0.37822
719,0.658609
720,0.740806
721,0.822901
722,0.831967
723,0.83141
724,0.915595
725,0.909447
726,0.897726
727,0.862866
728,0.880484
729,0.74979
730,0.001511
731,2.1e-05
732,3.1e-05
733,1.7e-05
734,3.3e-05
735,4e-05
736,5.5e-05
737,5.8e-05
738,5.9e-05
739,4.2e-05
740,5.1e-05
741,4.9e-05
742,5.6e-05
743,5.1e-05
744,5.9e-05
745,7.2e-05
746,7.5e-05
747,9.8e-05
748,0.000106
749,0.000114
750,0.000134
751,0.000129
752,0.00016
753,0.000157
754,7.7e-05
755,8.7e-05
756,0.000144
757,0.000453
758,0.021513
759,0.116563
760,0.225927
761,0.230796
762,0.119744
763,0.203081
764,0.205356
765,0.151404
766,0.147357
767,0.107855
768,0.11025
769,0.122435
770,0.1103
771,0.104367
772,0.096632
773,0.095966
774,0.149684
775,0.081509
776,0.07601
777,0.062358
778,0.05386
779,0.054434
780,0.054749
781,0.105005
782,0.078548
783,0.076121
784,0.064048
785,0.05657
786,0.059907
787,0.068755
788,0.059535
789,0.007061
790,8.7e-05
791,7e-05
792,8.8e-05
793,6.5e-05
794,9.3e-05
795,6.6e-05
796,7.7e-05
797,8.6e-05
798,0.000117
799,0.000128
800,0.000149
801,0.000152
802,0.000159
803,0.000166
804,0.000178
805,0.000132
806,0.000144
807,0.000169
808,0.000209
809,0.000144
810,0.000149
811,0.000145
812,0.000148
813,0.000141
814,0.000155
815,0.000155
816,0.000183
817,0.0002
818,0.000203
819,0.000148
820,0.000157
821,0.000163
822,8.4e-05
823,0.000125
824,0.000128
825,0.000117
826,0.000111
827,0.000101
828,0.000128
829,0.000218
830,0.000217
831,0.000156
832,0.000265
833,0.000197
834,0.000247
835,0.000143
836,0.000137
837,0.000147
838,0.000202
839,0.00024
840,0.000204
841,1.6e-05
842,2.5e-05
843,2.1e-05
844,2e-05
845,3.2e-05
846,5.4e-05
847,4e-05
848,1.2e-05
849,1.7e-05
850,1.2e-05
851,1.1e-05
852,1.1e-05
853,6e-06
854,7e-06
855,7e-06
856,8e-06
857,1e-05
858,8e-06
859,7e-06
860,4e-06
861,5e-06
862,6e-06
863,5e-06
864,5e-06
865,6e-06
866,5e-06
867,8e-06
868,8e-06
869,8e-06
870,7e-06
871,8e-06
872,2.6e-05
873,1.1e-05
874,2.3e-05
875,2.2e-05
876,1.9e-05
877,1.5e-05
878,1.1e-05
879,1.4e-05
880,1.5e-05
881,1.3e-05
882,1.2e-05
883,2e-05
884,2.6e-05
885,1.9e-05
886,2.1e-05
887,1.4e-05
888,1.6e-05
889,2.6e-05
890,3.9e-05
891,5.7e-05
892,8e-05
893,7.9e-05
894,0.000117
895,0.000152
896,0.000141
897,0.000109
898,5.5e-05
899,6.2e-05
900,6.3e-05
901,6.7e-05
902,4.9e-05
903,3.6e-05
904,9e-06
905,7e-06
906,8e-06
907,5e-06
908,9e-06
909,6e-06
910,6e-06
911,7e-06
912,7e-06
913,9e-06
914,9e-06
915,9e-06
916,8e-06
917,9e-06
918,1.1e-05
919,1.4e-05
920,1.2e-05
921,1.2e-05
922,1.4e-05
923,1.2e-05
924,9e-06
925,1.2e-05
926,9e-06
927,9e-06
928,8e-06
929,8e-06
930,1.1e-05
931,8e-06
932,1.3e-05
933,2.2e-05
934,2.4e-05
935,1.9e-05
936,2.1e-05
937,2.2e-05
938,2.1e-05
939,1.9e-05
940,2e-05
941,3.2e-05
942,3.7e-05
943,3.5e-05
944,2.7e-05
945,2.4e-05
946,3.1e-05
947,2e-05
948,2.9e-05
949,2.5e-05
950,2.5e-05
951,2e-05
952,2e-05
953,2e-05
954,1.7e-05
955,2.3e-05
956,2e-05
957,1.8e-05
958,2.4e-05
959,7e-06
960,4e-06
961,1e-06
962,2e-06
963,2e-06
964,1e-06
965,2e-06
966,2e-06
967,1e-05
968,8e-06
969,1.1e-05
970,4.3e-05
971,0.000703
972,0.102658
973,0.098242
974,0.062382
975,0.121412
976,0.152213
977,0.202534
978,0.581174
979,0.858515
980,0.890004
981,0.887803
982,0.935256
983,0.914645
984,0.883551
985,0.056661
986,1.2e-05
987,7e-06
988,5e-06
989,1.1e-05
990,2.7e-05
991,4.4e-05
992,1.8e-05
993,2e-05
994,1.3e-05
995,1.1e-05
996,2.3e-05
997,1.7e-05
998,1.5e-05
999,1.2e-05
1000,2.8e-05
1001,1e-05
1002,2.4e-05
1003,3.8e-05
1004,5.1e-05
1005,5.8e-05
1006,5.8e-05
1007,5.6e-05
1008,7.3e-05
1009,1.5e-05
1010,1.8e-05
1011,1.8e-05
1012,2.6e-05
1013,8.5e-05
1014,6.5e-05
1015,5.3e-05
1016,3.7e-05
1017,3.1e-05
1018,0.000159
1019,6.1e-05
1020,0.000103
1021,0.000114
1022,7.1e-05
1023,1e-05
1024,1.4e-05
1025,1.1e-05
1026,8e-06
1027,5e-06
1028,9e-06
1029,2.8e-05
1030,3.4e-05
1031,2.2e-05
1032,3.4e-05
1033,6.6e-05
1034,6.4e-05
1035,9.4e-05
1036,5.9e-05
1037,3.7e-05
1038,7.1e-05
1039,5.8e-05
1040,6.9e-05
1041,5.8e-05
1042,2.7e-05
1043,3.5e-05
1044,3.5e-05
1045,4.2e-05
1046,5.6e-05
1047,5.8e-05
1048,6.2e-05
1049,0.000207
1050,0.000164
1051,9.4e-05
1052,0.000139
1053,7.4e-05
1054,8.7e-05
1055,7.1e-05
1056,3e-05
1057,4.1e-05
1058,3.4e-05
1059,3e-05
1060,3.7e-05
1061,3.3e-05
1062,4e-05
1063,3.3e-05
1064,3.1e-05
1065,2.9e-05
1066,3.5e-05
1067,3.9e-05
1068,3.2e-05
1069,4.4e-05
1070,5.4e-05
1071,6.5e-05
1072,6.3e-05
1073,6.3e-05
1074,4.7e-05
1075,2.5e-05
1076,1.5e-05
1077,8e-06
1078,6e-06
1079,3e-06
1080,4e-06
1081,6e-06
1082,6e-06
1083,5e-06
1084,9e-06
1085,4e-06
1086,6e-06
1087,9e-06
1088,1.2e-05
1089,1.1e-05
1090,1.7e-05
1091,2.9e-05
1092,7.7e-05
1093,0.000235
1094,0.001096
1095,0.047472
1096,0.304788
1097,0.368734
1098,0.527163
1099,0.787798
1100,0.768724
1101,0.713929
1102,0.778021
1103,0.185125
1104,0.130146
1105,0.166968
1106,0.739341
1107,0.653911
1108,0.029328
1109,6e-06
1110,2e-06
1111,1e-06
1112,2e-06
1113,1.5e-05
1114,4e-05
1115,4.2e-05
1116,5.1e-05
1117,4.4e-05
1118,3.2e-05
1119,3.6e-05
1120,3.7e-05
1121,4.1e-05
1122,6.4e-05
1123,8.2e-05
1124,7.1e-05
1125,7.3e-05
1126,0.000107
1127,9.6e-05
1128,9.7e-05
1129,9e-05
1130,7e-05
1131,6.6e-05
1132,8.8e-05
1133,8.9e-05
1134,9.5e-05
1135,0.000141
1136,0.000124
1137,9.4e-05
1138,0.0001
1139,0.000104
1140,0.000105
1141,6.2e-05
1142,7.2e-05
1143,7e-05
1144,7.4e-05
1145,7e-05
1146,8.4e-05
1147,0.00015
1148,0.001174
1149,0.059056
1150,0.313846
1151,0.643921
1152,0.797588
1153,0.734509
1154,0.664597
1155,0.891971
1156,0.867505
1157,0.877788
1158,0.894913
1159,0.933388
1160,0.951689
1161,0.873569
1162,0.925606
1163,0.923978
1164,0.860369
1165,0.883395
1166,0.8996
1167,0.899585
1168,0.885058
1169,0.944354
1170,0.948012
1171,0.910705
1172,0.177599
1173,3.2e-05
1174,7e-06
1175,8e-06
1176,9e-06
1177,1.7e-05
1178,1.7e-05
1179,1.7e-05
1180,1.9e-05
1181,2.5e-05
1182,4.9e-05
1183,5.1e-05
1184,4.6e-05
1185,4.9e-05
1186,4.4e-05
1187,3.5e-05
1188,2.1e-05
1189,1.9e-05
1190,1.7e-05
1191,1.7e-05
1192,1.6e-05
1193,1.3e-05
1194,0.000146
1195,0.000111
1196,0.000114
1197,9.7e-05
1198,0.000111
1199,0.000114
1200,5.2e-05
1201,3.6e-05
1202,3e-05
1203,3.2e-05
1204,3.7e-05
1205,2.8e-05
1206,4.2e-05
1207,2.2e-05
1208,2.7e-05
1209,5e-06
1210,6e-06
1211,5e-06
1212,6e-06
1213,1.7e-05
1214,1.3e-05
1215,6e-06
1216,4e-06
1217,6e-06
1218,8e-06
1219,8e-06
1220,1.1e-05
1221,1.1e-05
1222,1.2e-05
1223,1.8e-05
1224,9e-06
1225,3.3e-05
1226,5.5e-05
1227,5.1e-05
1228,6.4e-05
1229,5.4e-05
1230,4.3e-05
1231,4.2e-05
1232,4.1e-05
1233,3.9e-05
1234,3.4e-05
1235,3.2e-05
1236,3.7e-05
1237,4e-05
1238,4.2e-05
1239,3.3e-05
1240,3.4e-05
1241,3.1e-05
1242,3e-05
1243,3.6e-05
1244,3.5e-05
1245,3.4e-05
1246,4.1e-05
1247,4e-05
1248,5.3e-05
1249,6.3e-05
1250,9e-05
1251,0.000101
1252,0.00013
1253,8.2e-05
1254,0.000114
1255,0.000118
1256,0.000107
1257,8.3e-05
1258,9.8e-05
1259,0.000143
1260,0.00011
1261,9.5e-05
1262,0.000101
1263,0.000112
1264,0.00017
1265,9e-05
1266,9.3e-05
1267,1.9e-05
1268,1.2e-05
1269,1.5e-05
1270,1.4e-05
1271,7e-06
1272,7e-06
1273,1.9e-05
1274,2.2e-05
1275,2.7e-05
1276,3.5e-05
1277,1.8e-05
1278,2.2e-05
1279,1.8e-05
1280,2.2e-05
1281,2.1e-05
1282,1.4e-05
1283,1.2e-05
1284,1.4e-05
1285,3.9e-05
1286,1.4e-05
1287,1.5e-05
1288,1.4e-05
1289,1.5e-05
1290,1.5e-05
1291,2e-05
1292,1.7e-05
1293,1.9e-05
1294,1.6e-05
1295,1.6e-05
1296,1.7e-05
1297,4.5e-05
1298,3.2e-05
1299,2.7e-05
1300,4.4e-05
1301,4.2e-05
1302,3.1e-05
1303,4.8e-05
1304,5.5e-05
1305,6e-05
1306,8.3e-05
1307,3.8e-05
1308,5.8e-05
1309,6.5e-05
1310,6.8e-05
1311,6.2e-05
1312,0.000127
1313,9.4e-05
1314,8.8e-05
1315,7.9e-05
1316,9.8e-05
1317,5.8e-05
1318,7.1e-05
1319,4.8e-05
1320,3.8e-05
1321,3.7e-05
1322,0.000106
1323,0.000163
1324,5.9e-05
1325,4.1e-05
1326,6.1e-05
1327,0.0001
1328,0.000484
1329,0.020103
1330,0.163783
1331,0.380975
1332,0.693328
1333,0.880998
1334,0.63475
1335,0.752025
1336,0.868946
1337,0.759432
1338,0.619189
1339,0.484236
1340,0.552073
1341,0.728353
1342,0.747612
1343,0.811507
1344,0.94532
1345,0.879446
1346,0.887601
1347,0.221083
1348,2e-06
1349,2e-06
1350,4e-06
1351,2.8e-05
1352,1.9e-05
1353,9.5e-05
1354,9.5e-05
1355,0.000142
1356,0.000106
1357,0.000127
1358,0.000148
1359,0.000162
1360,5.7e-05
1361,2.6e-05
1362,1.9e-05
1363,2.4e-05
1364,2.3e-05
1365,2e-05
1366,2.3e-05
1367,2.8e-05
1368,3.4e-05
1369,6.2e-05
1370,5.6e-05
1371,6.3e-05
1372,7.8e-05
1373,6.2e-05
1374,6.6e-05
1375,6.4e-05
1376,3.6e-05
1377,4.1e-05
1378,3.1e-05
1379,3.3e-05
1380,2.8e-05
1381,3.7e-05
1382,4.4e-05
1383,5.2e-05
1384,6.2e-05
1385,4.2e-05
1386,4.4e-05
1387,4.3e-05
1388,3.6e-05
1389,4.4e-05
1390,4.7e-05
1391,3.2e-05
1392,4e-05
1393,0.000144
1394,0.000181
1395,8.7e-05
1396,3.6e-05
1397,4.2e-05
1398,4.7e-05
1399,3.9e-05
1400,4e-05
1401,5.7e-05
1402,4.8e-05
1403,6e-05
1404,0.000111
1405,5.9e-05
1406,4.9e-05
1407,4.1e-05
1408,4.3e-05
1409,4.1e-05
1410,5.3e-05
1411,8.9e-05
1412,6.2e-05
1413,3.8e-05
1414,3.6e-05
1415,2.2e-05
1416,2e-05
1417,1.3e-05
1418,1.5e-05
1419,1.5e-05
1420,1.7e-05
1421,1.3e-05
1422,1.7e-05
1423,2.5e-05
1424,2e-05
1425,1.5e-05
1426,1.4e-05
1427,1.5e-05
1428,1.3e-05
1429,2.1e-05
1430,2.6e-05
1431,2.1e-05
1432,3.5e-05
1433,2.6e-05
1434,3.3e-05
1435,3.4e-05
1436,0.0001
1437,7e-05
1438,0.000121
1439,0.000155
1440,0.000103
1441,6.3e-05
1442,6.9e-05
1443,6.7e-05
1444,6.6e-05
1445,6.6e-05
1446,9.5e-05
1447,0.000101
1448,6.1e-05
1449,1.4e-05
1450,2.1e-05
1451,2.7e-05
1452,3.8e-05
1453,0.000129
1454,0.00025
1455,0.000201
1456,0.000179
1457,0.000141
1458,4.5e-05
1459,3.8e-05
1460,2.8e-05
1461,6.8e-05
1462,8.1e-05
1463,7.2e-05
1464,5.2e-05
1465,5e-05
1466,4.7e-05
1467,0.000103
1468,3.6e-05
1469,3.6e-05
1470,3.2e-05
1471,2.4e-05
1472,3e-05
1473,2.8e-05
1474,2.3e-05
1475,3.1e-05
1476,4.6e-05
1477,3e-05
1478,2.6e-05
1479,3.2e-05
1480,6.5e-05
1481,0.000551
1482,0.006747
1483,0.406918
1484,0.611385
1485,0.788138
1486,0.783273
1487,0.833927
1488,0.886707
1489,0.941659
1490,0.939542
1491,0.946859
1492,0.959379
1493,0.96507
1494,0.913557
1495,0.866133
1496,0.883195
1497,0.827828
1498,0.821269
1499,0.849577
1500,0.937264
1501,0.960399
1502,0.956161
1503,0.953192
1504,0.952513
1505,0.941527
1506,0.948969
1507,0.94303
1508,0.954857
1509,0.966936
1510,0.771677
1511,0.793758
1512,0.797172
1513,0.883114
1514,0.856732
1515,0.821833
1516,0.868364
1517,0.983323
1518,0.980283
1519,0.98067
1520,0.979282
1521,0.976045
1522,0.975418
1523,0.974806
1524,0.972605
1525,0.973512
1526,0.972488
1527,0.938684
1528,0.900437
1529,0.909704
1530,0.874132
1531,0.845052
1532,0.953692
1533,0.957758
1534,0.967623
1535,0.965278
1536,0.959465
1537,0.958584
1538,0.957896
1539,0.946291
1540,0.939847
1541,0.933859
1542,0.923177
1543,0.92002
1544,0.891613
1545,0.460439
1546,0.000115
1547,1.9e-05
1548,1.1e-05
1549,1.8e-05
1550,2.5e-05
1551,4.5e-05
1552,4.3e-05
1553,0.000173
1554,0.000181
1555,0.000208
1556,6.1e-05
1557,8.9e-05
1558,0.000118
1559,0.000106
1560,0.000141
1561,0.000125
1562,8e-05
1563,8.8e-05
1564,7.9e-05
1565,9.7e-05
1566,0.000174
1567,0.000151
1568,0.000129
1569,0.000127
1570,0.000144
1571,0.000148
1572,0.000153
1573,0.000165
1574,0.00012
1575,2.3e-05
1576,2.5e-05
1577,2.1e-05
1578,3.8e-05
1579,0.000115
1580,0.026221
1581,0.76099
1582,0.785176
1583,0.770113
1584,0.876884
1585,0.892171
1586,0.922056
1587,0.910873
1588,0.943358
1589,0.965833
1590,0.950703
1591,0.941849
1592,0.964341
1593,0.967889
1594,0.978001
1595,0.973474
1596,0.97295
1597,0.980689
1598,0.979203
1599,0.980973
1600,0.980357
1601,0.974975
1602,0.979766
1603,0.978826
1604,0.980886
1605,0.981793
1606,0.982462
1607,0.981954
1608,0.97793
1609,0.98285
1610,0.940806
1611,0.902989
1612,0.924661
1613,0.911143
1614,0.929014
1615,0.933631
1616,0.915097
1617,0.935734
1618,0.954217
1619,0.938156
1620,0.937639
1621,0.941666
1622,0.947656
1623,0.959865
1624,0.865295
1625,0.983941
1626,0.979966
1627,0.962605
1628,0.97504
1629,0.968676
1630,0.967799
1631,0.957297
1632,0.966705
1633,0.97162
1634,0.970075
1635,0.955125
1636,0.093914
1637,0.000193
1638,4.6e-05
1639,2.1e-05
1640,2.6e-05
1641,1.4e-05
1642,3.9e-05
1643,4.4e-05
1644,3.5e-05
1645,2.5e-05
1646,2.4e-05
1647,3.2e-05
1648,6.5e-05
1649,5.2e-05
1650,6e-05
1651,5.8e-05
1652,8.9e-05
1653,8.8e-05
1654,0.00011
1655,7.5e-05
1656,5e-05
1657,5.1e-05
1658,4.5e-05
1659,4e-05
1660,4.6e-05
1661,5e-05
1662,5.3e-05
1663,4.3e-05
1664,7e-05
1665,5.6e-05
1666,3.4e-05
1667,2.7e-05
1668,4.1e-05
1669,6.5e-05
1670,0.000137
1671,0.00013
1672,8.7e-05
1673,9.7e-05
1674,3.1e-05
1675,3e-05
1676,2.7e-05
1677,7.9e-05
1678,0.000109
1679,2.3e-05
1680,0.001796
1681,0.682557
1682,0.923919
1683,0.916334
1684,0.954489
1685,0.930672
1686,0.918457
1687,0.912899
1688,0.020949
1689,0.000703
1690,0.000445
1691,0.000373
1692,0.000421
1693,0.000342
1694,0.000377
1695,0.000186
1696,0.000209
1697,0.000243
1698,0.00028
1699,0.000269
1700,0.000359
1701,0.000336
1702,0.000237
1703,0.000486
1704,0.000378
1705,0.000427
1706,0.000497
1707,0.000485
1708,0.000379
1709,0.00063
1710,0.000601
1711,0.000611
1712,0.00059
1713,0.000484
1714,0.000437
1715,0.000418
1716,0.000345
1717,0.000184
1718,0.000126
1719,0.000128
1720,0.000226
1721,0.000232
1722,0.000293
1723,0.000102
1724,0.000219
1725,0.000221
1726,0.000198
1727,0.000193
1728,0.000246
1729,0.000125
1730,0.000148
1731,0.001653
1732,0.105851
1733,0.682799
1734,0.854382
1735,0.923142
1736,0.926224
1737,0.940723
1738,0.933902
1739,0.939549
1740,0.928366
1741,0.952934
1742,0.952619
1743,0.929861
1744,0.933669
1745,0.912076
1746,0.907145
1747,0.899996
1748,0.928378
1749,0.966657
1750,0.964172
1751,0.96203
1752,0.956986
1753,0.948355
1754,0.961071
1755,0.959665
1756,0.935677
1757,0.960907
1758,0.954481
1759,0.937872
1760,0.926593
1761,0.908228
1762,0.916002
1763,0.920149
1764,0.936629
1765,0.919114
1766,0.901699
1767,0.869425
1768,0.861997
1769,0.867458
1770,0.839631
1771,0.838976
1772,0.86917
1773,0.870916
1774,0.874059
1775,0.85175
1776,0.871346
1777,0.794435
1778,0.796707
1779,0.787269
1780,0.005868
1781,2.3e-05
1782,8e-06
1783,5e-06
1784,0.000268
1785,0.000228
1786,0.00028
1787,6e-05
1788,0.000116
1789,0.000215
1790,0.000196
1791,0.000256
1792,0.000195
1793,0.000201
1794,0.000195
1795,0.00026
1796,6.9e-05
1797,6.9e-05
1798,0.000244
1799,0.000302
1800,0.000304
1801,0.000361
1802,0.000393
1803,0.0003
1804,0.00045
1805,0.000511
1806,0.000526
1807,0.00044
1808,0.000743
1809,0.00059
1810,0.000764
1811,0.001064
1812,0.001047
1813,0.000201
1814,0.000189
1815,0.000233
1816,0.000184
1817,0.000282
1818,0.000262
1819,0.000222
1820,0.000189
1821,0.000228
1822,0.000213
1823,0.000203
1824,0.000199
1825,0.000109
1826,0.000128
1827,0.000483
1828,0.000617
1829,0.000561
1830,0.000412
1831,6.6e-05
1832,7.4e-05
1833,4.8e-05
1834,5.5e-05
1835,6.1e-05
1836,6.2e-05
1837,0.000149
1838,0.000155
1839,9.9e-05
1840,0.000125
1841,8.9e-05
1842,8.2e-05
1843,7e-05
1844,8.4e-05
1845,9.3e-05
1846,8.1e-05
1847,8.3e-05
1848,7.5e-05
1849,7.8e-05
1850,5.6e-05
1851,4.7e-05
1852,6.8e-05
1853,5.6e-05
1854,6.3e-05
1855,7.1e-05
1856,9.8e-05
1857,0.000185
1858,0.000202
1859,0.000218
1860,0.000323
1861,0.000197
1862,0.000231
1863,0.000205
1864,0.000347
1865,0.000349
1866,0.000395
1867,0.000389
1868,0.00048
1869,0.000476
1870,0.042274
1871,0.399168
1872,0.517104
1873,0.736833
1874,0.794918
1875,0.781838
1876,0.857999
1877,0.933075
1878,0.940497
1879,0.950487
1880,0.959224
1881,0.959051
