1,0.76822
2,0.598392
3,0.53234
4,0.439967
5,0.42811
6,0.488668
7,0.445789
8,0.51074
9,0.825186
10,0.860645
11,0.863474
12,0.893879
13,0.930029
14,0.91719
15,0.916869
16,0.919404
17,0.922493
18,0.920428
19,0.913197
20,0.926122
21,0.920981
22,0.90002
23,0.890359
24,0.840381
25,0.280264
26,0.001697
27,0.000142
28,8.7e-05
29,0.000115
30,0.000262
31,0.000165
32,0.000229
33,0.000168
34,0.000133
35,0.000129
36,0.000158
37,0.000261
38,0.000285
39,0.000367
40,0.000359
41,0.000203
42,0.00021
43,0.000128
44,0.000107
45,8.8e-05
46,8.2e-05
47,8.9e-05
48,0.000256
49,0.000409
50,0.000792
51,0.000698
52,0.021811
53,0.294699
54,0.549534
55,0.676784
56,0.62903
57,0.417987
58,0.323751
59,0.466255
60,0.352781
61,0.530764
62,0.595416
63,0.70316
64,0.628204
65,0.528443
66,0.456855
67,0.32677
68,0.231423
69,0.312612
70,0.34191
71,0.237675
72,0.186294
73,0.170757
74,0.304426
75,0.303331
76,0.261769
77,0.233029
78,0.230172
79,0.2841
80,0.167706
81,0.304103
82,0.203813
83,0.2548
84,0.318039
85,0.378363
86,0.437789
87,0.583608
88,0.583442
89,0.589552
90,0.477932
91,0.474643
92,0.435919
93,0.394723
94,0.320277
95,0.297643
96,0.250321
97,0.226104
98,0.252284
99,0.286058
100,0.283819
101,0.304923
102,0.313902
103,0.359019
104,0.369007
105,0.366771
106,0.387986
107,0.388858
108,0.386089
109,0.412827
110,0.572257
111,0.560263
112,0.553997
113,0.606749
114,0.590813
115,0.563213
116,0.629075
117,0.621439
118,0.664157
119,0.565726
120,0.569722
121,0.599176
122,0.585951
123,0.506404
124,0.535128
125,0.021998
126,0.000412
127,0.000742
128,0.000748
129,0.000889
130,0.000259
131,0.000355
132,0.000396
133,0.000365
134,8.6e-05
135,0.000271
136,0.00034
137,0.000341
138,0.000404
139,0.000303
140,0.000648
141,0.000243
142,0.000699
143,0.000311
144,0.000767
145,0.000628
146,0.000551
147,0.000576
148,0.000542
149,0.000619
150,0.000399
151,0.000217
152,0.000168
153,0.000176
154,9.4e-05
155,7e-05
156,5.1e-05
157,7.1e-05
158,0.000194
159,5e-05
160,0.000154
161,0.000145
162,0.000121
163,0.000127
164,0.000232
165,0.000235
166,8.2e-05
167,0.0001
168,9e-05
169,0.001767
170,0.00052
171,0.000247
172,0.000143
173,8.1e-05
174,5.6e-05
175,3.1e-05
176,3.3e-05
177,2.7e-05
178,3.6e-05
179,5.2e-05
180,5.4e-05
181,3.9e-05
182,5.7e-05
183,7.4e-05
184,0.0001
185,4.2e-05
186,0.000107
187,0.017617
188,0.388686
189,0.398985
190,0.334477
191,0.588012
192,0.604165
193,0.662043
194,0.71035
195,0.855403
196,0.926471
197,0.948858
198,0.946708
199,0.931648
200,0.902429
201,0.809002
202,0.806776
203,0.963364
204,0.943212
205,0.882706
206,0.831642
207,0.765189
208,0.89527
209,0.910586
210,0.930392
211,0.903538
212,0.876176
213,0.888249
214,0.876301
215,0.891189
216,0.881835
217,0.828546
218,0.779308
219,0.767948
220,0.77256
221,0.684238
222,0.78112
223,0.701197
224,0.696619
225,0.734688
226,0.565983
227,0.518284
228,0.366961
229,0.560107
230,0.313481
231,0.003974
232,0.000148
233,0.000261
234,0.000253
235,0.000275
236,0.000217
237,0.000134
238,0.000116
239,5.9e-05
240,6.1e-05
241,8e-06
242,2.9e-05
243,6e-06
244,1.6e-05
245,6e-06
246,4e-06
247,2e-06
248,2e-06
249,3e-06
250,5e-06
251,6e-06
252,5e-06
253,1e-05
254,8e-06
255,1.7e-05
256,2.7e-05
257,6e-06
258,4e-06
259,3.5e-05
260,3.6e-05
261,3.4e-05
262,2.9e-05
263,2.4e-05
264,2.3e-05
265,3.5e-05
266,2.8e-05
267,1.9e-05
268,1.9e-05
269,1.8e-05
270,2.6e-05
271,3e-05
272,4.3e-05
273,3.8e-05
274,2.8e-05
275,2.8e-05
276,2.6e-05
277,2.2e-05
278,2.4e-05
279,1.7e-05
280,2.1e-05
281,2.1e-05
282,3.5e-05
283,3e-06
284,3e-06
285,3e-06
286,5.8e-05
287,3.4e-05
288,5.1e-05
289,4.3e-05
290,3.7e-05
291,3e-06
292,3e-06
293,3e-06
294,3e-06
295,4e-06
296,4e-06
297,9e-06
298,7e-06
299,3e-06
300,2e-06
301,4e-06
302,2.7e-05
303,0.00896
304,0.079179
305,0.07495
306,0.269279
307,0.575585
308,0.4392
309,0.50852
310,0.305168
311,0.474855
312,0.854699
313,0.911274
314,0.889768
315,0.900345
316,0.941499
317,0.937384
318,0.948541
319,0.936669
320,0.818422
321,0.960462
322,0.959643
323,0.078777
324,5.8e-05
325,5e-06
326,9e-06
327,1.2e-05
328,8e-06
329,8e-06
330,2.4e-05
331,3.4e-05
332,1.9e-05
333,1.9e-05
334,1.7e-05
335,3.7e-05
336,2.3e-05
337,2.5e-05
338,3.1e-05
339,3.2e-05
340,4e-05
341,5.2e-05
342,7.5e-05
343,6.2e-05
344,7.7e-05
345,7.8e-05
346,8.4e-05
347,8.7e-05
348,8.1e-05
349,4.5e-05
350,6.2e-05
351,5.7e-05
352,5.1e-05
353,4.3e-05
354,4.4e-05
355,4.3e-05
356,4.6e-05
357,4.8e-05
358,4.6e-05
359,5e-05
360,4.6e-05
361,3.5e-05
362,2.9e-05
363,2.4e-05
364,3.1e-05
365,2.4e-05
366,3.2e-05
367,3e-05
368,2.6e-05
369,3.5e-05
370,2.7e-05
371,2.8e-05
372,3.8e-05
373,5.5e-05
374,4.1e-05
375,2.8e-05
376,4.1e-05
377,2.4e-05
378,2.7e-05
379,2.6e-05
380,8e-06
381,6e-06
382,3e-06
383,3e-06
384,8e-06
385,1.6e-05
386,2.4e-05
387,2.9e-05
388,4.7e-05
389,4e-05
390,6.8e-05
391,5.7e-05
392,4.1e-05
393,2.8e-05
394,2.1e-05
395,2.6e-05
396,3.2e-05
397,2.8e-05
398,5.1e-05
399,4.4e-05
400,5.5e-05
401,1.9e-05
402,2e-05
403,4.9e-05
404,4.6e-05
405,2.6e-05
406,4e-05
407,0.00016
408,0.000136
409,0.000234
410,0.000171
411,9.5e-05
412,0.00017
413,0.000282
414,0.000114
415,7.5e-05
416,0.000129
417,0.000195
418,0.000143
419,0.000127
420,0.000246
421,0.000227
422,0.000283
423,0.000238
424,0.000261
425,0.000142
426,0.00013
427,0.000102
428,9.1e-05
429,0.000105
430,0.000113
431,0.000127
432,9.9e-05
433,3.5e-05
434,4.7e-05
435,0.000213
436,0.000273
437,0.000356
438,0.000265
439,9.1e-05
440,0.00013
441,0.000104
442,0.000109
443,0.000169
444,0.000148
445,0.000326
446,0.000288
447,0.000337
448,0.000423
449,0.007534
450,0.004005
451,0.002446
452,0.000835
453,0.000494
454,0.000393
455,0.000292
456,0.000367
457,0.000166
458,5.5e-05
459,3.8e-05
460,0.000154
461,0.000197
462,0.003788
463,0.024708
464,0.198371
465,0.077674
466,0.401988
467,0.551887
468,0.832483
469,0.865809
470,0.915605
471,0.925105
472,0.92208
473,0.943094
474,0.92535
475,0.864123
476,0.662866
477,0.014906
478,3e-05
479,1.9e-05
480,3.9e-05
481,4.4e-05
482,1.9e-05
483,3.9e-05
484,1.7e-05
485,1.2e-05
486,1.4e-05
487,4.1e-05
488,5e-05
489,2.9e-05
490,2e-06
491,1e-06
492,2e-06
493,5e-06
494,1.4e-05
495,1.4e-05
496,1.8e-05
497,1.6e-05
498,2.3e-05
499,1.8e-05
500,1.2e-05
501,8e-06
502,1.7e-05
503,1.7e-05
504,2.2e-05
505,1.3e-05
506,1.8e-05
507,3e-05
508,4.3e-05
509,5.3e-05
510,6.3e-05
511,8.6e-05
512,0.000121
513,7.3e-05
514,7.1e-05
515,5e-06
516,6e-06
517,4e-06
518,4e-06
519,3e-06
520,2e-06
521,3e-06
522,4e-06
523,3e-06
524,3e-06
525,3e-06
526,2e-06
527,2e-06
528,2e-06
529,2e-06
530,2e-06
531,2e-06
532,2e-06
533,2e-06
534,2e-06
535,2e-06
536,3e-06
537,3e-06
538,5e-06
539,5e-06
540,5e-06
541,7e-06
542,8e-06
543,1e-05
544,9e-06
545,1.2e-05
546,1.2e-05
547,1e-05
548,1.2e-05
549,1.6e-05
550,1.1e-05
551,1e-05
552,9e-06
553,8e-06
554,9e-06
555,1e-05
556,9e-06
557,1.7e-05
558,2e-05
559,2.4e-05
560,2.9e-05
561,2.8e-05
562,2.7e-05
563,3.7e-05
564,5e-05
565,2.5e-05
566,2.3e-05
567,2.9e-05
568,5.5e-05
569,4e-05
570,4.8e-05
571,4.7e-05
572,4.8e-05
573,7.7e-05
574,0.000107
575,9.5e-05
576,8.3e-05
577,4.2e-05
578,2.6e-05
579,1.7e-05
580,2e-05
581,5e-06
582,6e-06
583,1e-05
584,1.5e-05
585,2.3e-05
586,2.7e-05
587,6.4e-05
588,6.3e-05
589,2.7e-05
590,3.9e-05
591,3.9e-05
592,3.7e-05
593,3.4e-05
594,2.6e-05
595,2.3e-05
596,2.7e-05
597,2.2e-05
598,2e-05
599,9e-06
600,8e-06
601,1e-05
602,9.4e-05
603,3.1e-05
604,3.2e-05
605,1.6e-05
606,1.3e-05
607,7e-06
608,4e-06
609,3e-06
610,4e-06
611,3e-06
612,3e-06
613,4e-06
614,4e-06
615,3e-06
616,2e-06
617,3e-06
618,4e-06
619,5e-06
620,6e-06
621,9e-06
622,6e-06
623,7e-06
624,6e-06
625,6e-06
626,9e-06
627,1.5e-05
628,2.3e-05
629,1.3e-05
630,1.1e-05
631,3.3e-05
632,1.7e-05
633,3.3e-05
634,2.5e-05
635,2.6e-05
636,2.6e-05
637,2.2e-05
638,1.8e-05
639,1.4e-05
640,2.4e-05
641,3e-05
642,2.6e-05
643,1.5e-05
644,1.1e-05
645,7e-06
646,4e-06
647,6e-06
648,0.00014
649,0.059054
650,0.586289
651,0.848387
652,0.790862
653,0.901773
654,0.832497
655,0.850207
656,0.940881
657,0.776076
658,0.790392
659,0.936213
660,0.72385
661,0.616438
662,0.665177
663,0.694383
664,0.88036
665,0.853598
666,0.874803
667,0.846363
668,0.865437
669,0.808781
670,0.874428
671,0.886524
672,0.867068
673,0.786518
674,0.872283
675,0.960749
676,0.967661
677,0.970553
678,0.960409
679,0.960347
680,0.968941
681,0.967027
682,0.961293
683,0.969365
684,0.973139
685,0.963746
686,0.960259
687,0.953464
688,0.959
689,0.939012
690,0.943751
691,0.847249
692,0.873235
693,0.908282
694,0.619435
695,0.005191
696,0.000372
697,0.000281
698,1.6e-05
699,1.7e-05
700,2.9e-05
701,3.2e-05
702,2.5e-05
703,2.8e-05
704,9.4e-05
705,6e-05
706,4.7e-05
707,5.7e-05
708,1.3e-05
709,2.7e-05
710,3.9e-05
711,4.3e-05
712,4e-05
713,4.2e-05
714,0.000311
715,5.7e-05
716,6.1e-05
717,0.000789
718,0.055128
719,0.767521
720,0.900741
721,0.922576
722,0.845361
723,0.890947
724,0.883364
725,0.957483
726,0.929797
727,0.921372
728,0.963922
729,0.957286
730,0.955536
731,0.945188
732,0.922821
733,0.902111
734,0.913014
735,0.052701
736,0.000124
737,0.000222
738,0.000237
739,6.4e-05
740,5.2e-05
741,4.7e-05
742,9.7e-05
743,6.8e-05
744,3.3e-05
745,6.4e-05
746,0.000134
747,9.5e-05
748,6.2e-05
749,7.4e-05
750,8e-05
751,0.000145
752,0.000169
753,4e-06
754,3e-06
755,3e-06
756,3e-06
757,2e-06
758,3e-06
759,2e-06
760,3e-06
761,3e-06
762,4e-06
763,3e-06
764,2e-06
765,4e-06
766,5e-06
767,6e-06
768,1e-05
769,1.1e-05
770,1.3e-05
771,1.4e-05
772,1.6e-05
773,1.6e-05
774,2e-05
775,2.1e-05
776,1.6e-05
777,1.5e-05
778,1.7e-05
779,1.1e-05
780,8e-06
781,9e-06
782,1.4e-05
783,1.6e-05
784,2e-05
785,2.1e-05
786,3e-05
787,2.2e-05
788,2.4e-05
789,2.4e-05
790,2e-05
791,2.3e-05
792,2.9e-05
793,2.1e-05
794,1.6e-05
795,1.7e-05
796,1.7e-05
797,2.6e-05
798,2e-05
799,4e-05
800,2e-06
801,2e-06
802,3e-06
803,4e-06
804,4e-06
805,3e-06
806,4e-06
807,3e-06
808,4e-06
809,4e-06
810,4e-06
811,4e-06
812,4e-06
813,1.1e-05
814,0.000668
815,0.01002
816,0.037682
817,0.103345
818,0.19422
819,0.060818
820,0.068873
821,0.299818
822,0.633742
823,0.825911
824,0.584362
825,0.525008
826,0.803074
827,0.725901
828,0.518448
829,0.67297
830,0.766443
831,0.888527
832,0.90701
833,0.878994
834,0.889746
835,0.890193
836,0.881711
837,0.920491
838,0.889482
839,0.859183
840,0.873509
841,0.948443
842,0.957545
843,0.943476
844,0.961125
845,0.924119
846,0.005305
847,0.036841
848,0.846499
849,0.966344
850,0.961339
851,0.951443
852,0.28589
853,1.2e-05
854,4.5e-05
855,0.000103
856,0.000284
857,5e-06
858,7e-06
859,1.2e-05
860,1.1e-05
861,1e-05
862,1.1e-05
863,1.5e-05
864,1.6e-05
865,1e-05
866,1e-05
867,1.1e-05
868,1.2e-05
869,1.3e-05
870,1.3e-05
871,1.5e-05
872,1.6e-05
873,1.1e-05
874,1.4e-05
875,1.5e-05
876,1.8e-05
877,9e-06
878,1.5e-05
879,1.4e-05
880,2.2e-05
881,3.2e-05
882,2.5e-05
883,4.1e-05
884,2.1e-05
885,1.7e-05
886,5.3e-05
887,6.6e-05
888,9.2e-05
889,0.000166
890,0.000145
891,0.000107
892,9.9e-05
893,7e-05
894,7.7e-05
895,0.0001
896,9.7e-05
897,7.4e-05
898,8.7e-05
899,0.00022
900,0.002867
901,0.087922
902,0.329523
903,0.542903
904,0.845325
905,0.783634
906,0.886693
907,0.857994
908,0.874373
909,0.933593
910,0.931177
911,0.935073
912,0.959918
913,0.97725
914,0.20714
915,1.6e-05
916,7e-06
917,1.2e-05
918,1.2e-05
919,2e-05
920,5e-06
921,4e-06
922,1.1e-05
923,5e-06
924,3e-06
925,3e-06
926,1.3e-05
927,3.7e-05
928,1.2e-05
929,1.1e-05
930,1.3e-05
931,1.7e-05
932,5.6e-05
933,9.6e-05
934,0.000123
935,0.000133
936,0.000226
937,0.000194
938,1.6e-05
939,2.1e-05
940,5.1e-05
941,3.5e-05
942,4.3e-05
943,5.3e-05
944,0.00011
945,0.000106
946,0.000223
947,0.000403
948,0.000579
949,0.000716
950,0.000412
951,0.000143
952,6e-05
953,2.2e-05
954,2.4e-05
955,1.8e-05
956,1.6e-05
957,1.9e-05
958,1.6e-05
959,1.4e-05
960,2e-05
961,2.5e-05
962,2.8e-05
963,2.7e-05
964,2.2e-05
965,1.6e-05
966,1.4e-05
967,2.3e-05
968,3.3e-05
969,3.2e-05
970,4.7e-05
971,4.6e-05
972,4.2e-05
973,3.6e-05
974,4e-05
975,4.8e-05
976,7.3e-05
977,6.2e-05
978,6e-05
979,5.1e-05
980,5.1e-05
981,6e-05
982,6e-05
983,6.9e-05
984,0.000265
985,0.000784
986,0.000544
987,0.000177
988,0.000186
989,0.000488
990,0.000472
991,0.000178
992,0.000113
993,0.000101
994,0.000151
995,0.000153
996,0.000101
997,0.00017
998,0.000136
999,0.000238
1000,0.00013
1001,0.000116
1002,0.000121
1003,4.3e-05
1004,2.7e-05
1005,3.4e-05
1006,2.5e-05
1007,2.5e-05
1008,4.6e-05
1009,5e-05
1010,0.000162
1011,0.000145
1012,0.000146
1013,9.7e-05
1014,4.2e-05
1015,4.2e-05
1016,7.2e-05
1017,9e-05
1018,8.8e-05
1019,0.000101
1020,0.000109
1021,8.4e-05
1022,9.8e-05
1023,0.000102
1024,0.000142
1025,0.000152
1026,0.00024
1027,0.000178
1028,0.000173
1029,0.000171
1030,0.000186
1031,0.000232
1032,1.6e-05
1033,1.8e-05
1034,0.000288
1035,0.000288
1036,1.4e-05
1037,1.2e-05
1038,1e-05
1039,2.2e-05
1040,2.8e-05
1041,3.4e-05
1042,4.6e-05
1043,4.4e-05
1044,5e-05
1045,1.1e-05
1046,6e-06
1047,6e-06
1048,6e-06
1049,8e-06
1050,8e-06
1051,9e-06
1052,8e-06
1053,1.3e-05
1054,6e-06
1055,4e-06
1056,4e-06
1057,8e-06
1058,1e-05
1059,7e-06
1060,9e-06
1061,5e-06
1062,1.3e-05
1063,3.5e-05
1064,2.4e-05
1065,2.7e-05
1066,2.4e-05
1067,3.8e-05
1068,6e-05
1069,6.7e-05
1070,6.9e-05
1071,6.8e-05
1072,8.4e-05
1073,9.6e-05
1074,9.3e-05
1075,0.000101
1076,0.000108
1077,0.000127
1078,0.000155
1079,0.000152
1080,0.000224
1081,0.000138
1082,0.00012
1083,0.000116
1084,9.1e-05
1085,7.5e-05
1086,0.000107
1087,0.000116
1088,8.1e-05
1089,7.4e-05
1090,7.7e-05
1091,0.000109
1092,0.000127
1093,0.000223
1094,0.000213
1095,0.000213
1096,0.00032
1097,0.000324
1098,0.00015
1099,9.8e-05
1100,8.8e-05
1101,4.7e-05
1102,2.2e-05
1103,0.007207
1104,0.004239
1105,0.176401
1106,0.288563
1107,0.730409
1108,0.475799
1109,0.791113
1110,0.862072
1111,0.922035
1112,0.971151
1113,0.972331
1114,0.964859
1115,0.934872
1116,0.927872
1117,0.944496
1118,0.923623
1119,0.965929
1120,0.959816
1121,0.966281
1122,0.977146
1123,0.976125
1124,0.963858
1125,0.958703
1126,0.959736
1127,0.935362
1128,0.9668
1129,0.000671
1130,1.2e-05
1131,3e-06
1132,9e-06
1133,3.8e-05
1134,5.6e-05
1135,1.4e-05
1136,1.3e-05
1137,1e-05
1138,1.3e-05
1139,1.7e-05
1140,2.1e-05
1141,3.6e-05
1142,4.6e-05
1143,2.4e-05
1144,2.2e-05
1145,2e-05
1146,3.6e-05
1147,2.4e-05
1148,4.2e-05
1149,5.3e-05
1150,4.8e-05
1151,2e-05
1152,1.7e-05
1153,3.5e-05
1154,2.1e-05
1155,9e-06
1156,1.6e-05
1157,1.8e-05
1158,3e-05
1159,2.5e-05
1160,3.1e-05
1161,6.4e-05
1162,3.6e-05
1163,3.6e-05
1164,2.9e-05
1165,3.8e-05
1166,2.8e-05
1167,1.7e-05
1168,9e-06
1169,1e-05
1170,8e-06
1171,9e-06
1172,2.1e-05
1173,1.8e-05
1174,1.3e-05
1175,9e-06
1176,6e-06
1177,1.6e-05
1178,1.2e-05
1179,5.2e-05
1180,3.9e-05
1181,4.3e-05
1182,5e-05
1183,6e-05
1184,5.3e-05
1185,3.7e-05
1186,2.6e-05
1187,3.5e-05
1188,4.7e-05
1189,5.5e-05
1190,9.3e-05
1191,0.000119
1192,0.000165
1193,0.000176
1194,0.000173
1195,0.000172
1196,0.000118
1197,9.7e-05
1198,7.9e-05
1199,0.000113
1200,0.000139
1201,0.000145
1202,0.000118
1203,8.9e-05
1204,8.7e-05
1205,3.1e-05
1206,2.9e-05
1207,2.6e-05
1208,1.7e-05
1209,3.7e-05
1210,6.3e-05
1211,3.4e-05
1212,2.6e-05
1213,2.7e-05
1214,1.7e-05
1215,1.8e-05
1216,1.1e-05
1217,6e-06
1218,7e-06
1219,4e-06
1220,6e-06
1221,6e-06
1222,1.1e-05
1223,6.5e-05
1224,7.8e-05
1225,0.000431
1226,0.000434
1227,0.000226
1228,0.000365
1229,0.000178
1230,9.7e-05
1231,5.1e-05
1232,1.7e-05
1233,1.8e-05
1234,1.2e-05
1235,1.6e-05
1236,1.2e-05
1237,1e-05
1238,2.9e-05
1239,2e-05
1240,4.5e-05
1241,0.000137
1242,0.001903
1243,0.018612
1244,0.10045
1245,0.124599
1246,0.114016
1247,0.082392
1248,0.106858
1249,0.25143
1250,0.270465
1251,0.474942
1252,0.401165
1253,0.430045
1254,0.516789
1255,0.575602
1256,0.309552
1257,0.000155
1258,1e-06
1259,1e-06
1260,5e-06
1261,1.5e-05
1262,1.1e-05
1263,1e-05
1264,5e-06
1265,9e-06
1266,1.4e-05
1267,4e-06
1268,3e-06
1269,2.6e-05
1270,3.2e-05
1271,4e-06
1272,6.6e-05
1273,6e-05
1274,6.3e-05
1275,8.5e-05
1276,8.5e-05
1277,8.5e-05
1278,7.5e-05
1279,7e-06
1280,9e-06
1281,8e-06
1282,7e-06
1283,9e-06
1284,1e-05
1285,8.8e-05
1286,0.000669
1287,0.001744
1288,0.003329
1289,0.0048
1290,0.008081
1291,0.02153
1292,0.019043
1293,0.109447
1294,0.117657
1295,0.235513
1296,0.188654
1297,0.226616
1298,0.206282
1299,0.004155
1300,3e-06
1301,3e-06
1302,4e-06
1303,7e-06
1304,3e-06
1305,8e-06
1306,8e-06
1307,1e-05
1308,8e-06
1309,3e-06
1310,3e-06
1311,4e-06
1312,3e-06
1313,4.5e-05
1314,4.4e-05
1315,2e-06
1316,8.4e-05
1317,9.2e-05
1318,0.000164
1319,0.000238
1320,0.000426
1321,0.00048
1322,0.000571
1323,0.000989
1324,0.001391
1325,0.001442
1326,0.001478
1327,0.001456
1328,0.000741
1329,0.000869
1330,0.000577
1331,0.0004
1332,0.00035
1333,0.000623
1334,0.00032
1335,0.00035
1336,0.000214
1337,0.000142
1338,9.7e-05
1339,5.4e-05
1340,0.000191
1341,0.000169
1342,0.000124
1343,0.000109
1344,0.000166
1345,0.000398
1346,0.000335
1347,0.000728
1348,0.000662
1349,0.000561
1350,0.000575
1351,0.00053
1352,0.00077
1353,0.000697
1354,0.000513
1355,0.000327
1356,0.000144
1357,0.000255
1358,0.000259
1359,0.000194
1360,0.000259
1361,0.000114
1362,8.7e-05
1363,0.000122
1364,5.9e-05
1365,3.5e-05
1366,2.5e-05
1367,7.1e-05
1368,3.6e-05
1369,6.9e-05
1370,4.8e-05
1371,5.2e-05
1372,4.3e-05
1373,0.000204
1374,0.000235
1375,0.000136
1376,9.3e-05
1377,0.000102
1378,1.9e-05
1379,0.000114
1380,0.000197
1381,0.001052
1382,0.000573
1383,0.00062
1384,0.000646
1385,0.001159
1386,0.000109
1387,6.2e-05
1388,1.6e-05
1389,1.8e-05
1390,2.9e-05
1391,5.9e-05
1392,9.4e-05
1393,6.3e-05
1394,6.1e-05
1395,3.8e-05
1396,3.8e-05
1397,3.4e-05
1398,2.7e-05
1399,2.4e-05
1400,3.6e-05
1401,6.3e-05
1402,6.8e-05
1403,0.000102
1404,3.9e-05
1405,8e-06
1406,1.9e-05
1407,0.002493
1408,0.288943
1409,0.687363
1410,0.616658
1411,0.598916
1412,0.759445
1413,0.730184
1414,0.827484
1415,0.824266
1416,0.828108
1417,0.903699
1418,0.931587
1419,0.929988
1420,0.91809
1421,0.909064
1422,0.889548
1423,0.873955
1424,0.860513
1425,0.59375
1426,0.312187
1427,0.257824
1428,0.261185
1429,0.362374
1430,0.466929
1431,0.942667
1432,0.926218
1433,0.928888
1434,0.925742
1435,0.901607
1436,0.844659
1437,0.880189
1438,0.876364
1439,0.86419
1440,0.939513
1441,0.948622
1442,0.935977
1443,0.936801
1444,0.940025
1445,0.92245
1446,0.89563
1447,0.902447
1448,0.848687
1449,0.855461
1450,0.709683
1451,0.000916
1452,8e-06
1453,7e-06
1454,8e-06
1455,1.5e-05
1456,1.2e-05
1457,1.3e-05
1458,1.6e-05
1459,8e-06
1460,1.1e-05
1461,1e-05
1462,9e-06
1463,1.4e-05
1464,3e-05
1465,3.1e-05
1466,5.9e-05
1467,6.1e-05
1468,6.8e-05
1469,6e-05
1470,5.8e-05
1471,6.5e-05
1472,0.000146
1473,0.000118
1474,2.1e-05
1475,1.1e-05
1476,1e-05
1477,9e-06
1478,9e-06
1479,5e-05
1480,9e-05
1481,0.000111
1482,0.00019
1483,0.000191
1484,0.000198
1485,0.000107
1486,6.2e-05
1487,3.6e-05
1488,3.6e-05
1489,5.8e-05
1490,2.9e-05
1491,1.6e-05
1492,1.5e-05
1493,1.1e-05
1494,1.3e-05
1495,1.4e-05
1496,1.7e-05
1497,6.7e-05
1498,9e-05
1499,0.000103
1500,0.000111
1501,9.1e-05
1502,9.8e-05
1503,0.000106
1504,8.5e-05
1505,7.3e-05
1506,6.9e-05
1507,0.000105
1508,0.000117
1509,9.3e-05
1510,0.000167
1511,0.000458
1512,0.000919
1513,0.003848
1514,0.143838
1515,0.014957
1516,0.088231
1517,0.17293
1518,0.344823
1519,0.557263
1520,0.854979
1521,0.779403
1522,0.779404
1523,0.730681
1524,0.821703
1525,0.963972
1526,0.981986
1527,0.964842
1528,0.965691
1529,0.949533
1530,0.94781
1531,0.965532
1532,0.967684
1533,0.942747
1534,0.8158
1535,0.749749
1536,0.727718
1537,0.780778
1538,0.696911
1539,0.720662
1540,0.931901
1541,0.902048
1542,0.905837
1543,0.932712
1544,0.951039
1545,0.940514
1546,0.9224
1547,0.943614
1548,0.935174
1549,0.945203
1550,0.943752
1551,0.940314
1552,0.92875
1553,0.942858
1554,0.967612
1555,0.971601
1556,0.979307
1557,0.978457
1558,0.991151
1559,0.986494
1560,0.983334
1561,0.987466
1562,0.979808
1563,0.939369
1564,0.873015
1565,0.90243
1566,0.858925
1567,0.890749
1568,0.921717
1569,0.912704
1570,0.932121
1571,0.891106
1572,0.892868
1573,0.908777
1574,0.878387
1575,0.980938
1576,0.978625
1577,0.977183
1578,0.978671
1579,0.981078
1580,0.981817
1581,0.97901
1582,0.976348
1583,0.980203
1584,0.982624
1585,0.981943
1586,0.982906
1587,0.98587
1588,0.98623
1589,0.986305
1590,0.986335
1591,0.987647
1592,0.987855
1593,0.988562
1594,0.988354
1595,0.480551
1596,2.1e-05
1597,7e-06
1598,3e-06
1599,6e-06
1600,5e-06
1601,6e-06
1602,2.2e-05
1603,1.1e-05
1604,2e-05
1605,3.4e-05
1606,4e-05
1607,3.1e-05
1608,1e-06
1609,2e-06
1610,4e-06
1611,3e-06
1612,7e-06
1613,2.1e-05
1614,5.2e-05
1615,6.1e-05
1616,9.4e-05
1617,0.000137
1618,0.000211
1619,0.000161
1620,0.000159
1621,0.000142
1622,9.3e-05
1623,0.00011
1624,9e-05
1625,0.000114
1626,0.000149
1627,0.000212
1628,0.00025
1629,0.000467
1630,0.000771
1631,0.000412
1632,0.000212
1633,0.000276
1634,0.000189
1635,0.000101
1636,0.000128
1637,0.000107
1638,0.0001
1639,8.6e-05
1640,6.8e-05
1641,4.8e-05
1642,4.1e-05
1643,2.4e-05
1644,2.4e-05
1645,2.6e-05
1646,2.2e-05
1647,2.1e-05
1648,2.5e-05
1649,1.8e-05
1650,1.6e-05
1651,1.3e-05
1652,2e-05
1653,1.3e-05
1654,1.1e-05
1655,1.7e-05
1656,2.5e-05
1657,2.4e-05
1658,3.6e-05
1659,2.9e-05
1660,2.7e-05
1661,3.5e-05
1662,2.5e-05
1663,3.5e-05
1664,4.7e-05
1665,6.2e-05
1666,5.3e-05
1667,5e-05
1668,6.4e-05
1669,3e-05
1670,3e-05
1671,3.5e-05
1672,3e-05
1673,3.9e-05
1674,3.8e-05
1675,5.3e-05
1676,7.9e-05
1677,7.7e-05
1678,6.5e-05
1679,6.8e-05
1680,0.000135
1681,5e-06
1682,7e-06
1683,9e-06
1684,1.1e-05
1685,8e-06
1686,1.7e-05
1687,1.4e-05
1688,2.7e-05
1689,2.3e-05
1690,3.4e-05
1691,5.5e-05
1692,0.000149
1693,0.000166
1694,0.000215
1695,0.000187
1696,0.000258
1697,0.000229
1698,0.000188
1699,0.00012
1700,0.000112
1701,0.000117
1702,0.000131
1703,9.2e-05
1704,9.7e-05
1705,6.4e-05
1706,6.3e-05
1707,7.1e-05
1708,9.4e-05
1709,7.1e-05
1710,7e-05
1711,9.2e-05
1712,6.8e-05
1713,5.8e-05
1714,5.5e-05
1715,4e-05
1716,6.2e-05
1717,2.5e-05
1718,2.9e-05
1719,3.4e-05
1720,3.3e-05
1721,4e-05
1722,3.6e-05
1723,5.1e-05
1724,4.7e-05
1725,6e-05
1726,7.9e-05
1727,5.7e-05
1728,3.9e-05
1729,2.4e-05
1730,5.9e-05
1731,6.8e-05
1732,7.8e-05
1733,5.9e-05
1734,5.2e-05
1735,4.6e-05
1736,5.5e-05
1737,4.3e-05
1738,4.6e-05
1739,5.1e-05
1740,7.4e-05
1741,0.000197
1742,0.000206
1743,0.000192
1744,0.00023
1745,0.00012
1746,0.000107
1747,0.000103
1748,0.000131
1749,0.000101
1750,7.2e-05
1751,7e-05
1752,3.7e-05
1753,3.1e-05
1754,4.4e-05
1755,4.8e-05
1756,5.2e-05
1757,3.4e-05
1758,3.7e-05
1759,5.2e-05
1760,5.2e-05
1761,4.2e-05
1762,3.9e-05
1763,4.2e-05
1764,6e-05
1765,3.4e-05
1766,2.8e-05
1767,2.9e-05
1768,2.8e-05
1769,1.6e-05
1770,2e-05
1771,1.7e-05
1772,1.9e-05
1773,3.2e-05
1774,3.1e-05
1775,3e-05
1776,3e-05
1777,2.5e-05
1778,3.5e-05
1779,1e-05
1780,1.9e-05
1781,1.6e-05
1782,1.3e-05
1783,2.2e-05
1784,2.4e-05
1785,9e-06
1786,1.1e-05
1787,6e-06
1788,2.7e-05
1789,9e-06
1790,7e-06
1791,6e-06
1792,9e-06
1793,2.8e-05
1794,1.2e-05
1795,7e-06
1796,8e-06
1797,1.2e-05
1798,1.1e-05
1799,1.2e-05
1800,2.2e-05
1801,2.5e-05
1802,2.6e-05
1803,2.9e-05
1804,3.1e-05
1805,2.6e-05
1806,2.4e-05
1807,3.3e-05
1808,4.4e-05
1809,3.7e-05
1810,3.1e-05
1811,2.3e-05
1812,2.9e-05
1813,2.4e-05
1814,2.4e-05
1815,2.7e-05
1816,2.9e-05
1817,2.4e-05
1818,2e-05
1819,1.4e-05
1820,2.4e-05
1821,2e-05
1822,2e-05
1823,2e-05
1824,2.3e-05
1825,1e-05
1826,1.4e-05
1827,1e-05
1828,1.1e-05
1829,1.1e-05
1830,1.1e-05
1831,1e-05
1832,1e-05
1833,1.1e-05
1834,9e-06
1835,1e-05
1836,1.4e-05
1837,1.1e-05
1838,2.3e-05
1839,2.6e-05
1840,2.8e-05
1841,2.1e-05
1842,2.8e-05
1843,2.7e-05
1844,3e-05
1845,2.8e-05
1846,2.7e-05
1847,3e-05
1848,3.8e-05
1849,2.9e-05
1850,2.9e-05
1851,2.8e-05
1852,3.3e-05
1853,3.1e-05
1854,3.9e-05
1855,3.3e-05
1856,2.9e-05
1857,2.2e-05
1858,2.7e-05
1859,3e-05
1860,4e-05
1861,3.1e-05
1862,4e-05
1863,3.3e-05
1864,5.4e-05
1865,8.2e-05
1866,6.7e-05
1867,3.5e-05
1868,4e-05
1869,5e-05
1870,9.9e-05
1871,0.000142
1872,0.000133
1873,0.000141
1874,0.000227
1875,0.000167
1876,0.000197
1877,0.000228
1878,0.000221
1879,4.9e-05
1880,0.000125
1881,0.000125
1882,0.000108
1883,0.000118
1884,0.000121
1885,5.8e-05
1886,8.2e-05
1887,8.6e-05
1888,7.1e-05
1889,4.8e-05
1890,8e-05
1891,7.4e-05
1892,4.9e-05
1893,4.2e-05
1894,3.8e-05
1895,4.2e-05
1896,4.2e-05
1897,1.6e-05
1898,3.2e-05
1899,2.1e-05
1900,3e-05
1901,1.2e-05
1902,9e-06
1903,1.4e-05
1904,1.8e-05
1905,1.1e-05
1906,9e-06
1907,8e-06
1908,6e-06
1909,7e-06
1910,7e-06
1911,8e-06
1912,9e-06
1913,1e-05
1914,9e-06
1915,1e-05
1916,1.1e-05
1917,1.2e-05
1918,1.4e-05
1919,9e-06
1920,1.4e-05
1921,7e-06
1922,1.4e-05
1923,1.5e-05
1924,1.8e-05
1925,2.1e-05
1926,2.8e-05
1927,2.7e-05
1928,2.5e-05
1929,4.1e-05
1930,3.6e-05
1931,2.6e-05
1932,2.4e-05
1933,4.2e-05
1934,5.6e-05
1935,0.009502
1936,0.177454
1937,0.118931
1938,0.495249
1939,0.574096
1940,0.329492
1941,0.687862
1942,0.922886
1943,0.896836
1944,0.926314
1945,0.90922
1946,0.960745
1947,0.92848
1948,0.797354
1949,0.816688
1950,0.794594
1951,0.822068
1952,0.36714
1953,0.351422
1954,0.25507
1955,0.474425
1956,0.395393
1957,0.414221
1958,0.000154
1959,2e-06
1960,1e-06
1961,8e-06
1962,5e-05
1963,1e-06
1964,4e-06
1965,6e-06
1966,7e-06
1967,1.2e-05
1968,6e-06
1969,1.5e-05
1970,2.5e-05
1971,2.6e-05
1972,7.3e-05
1973,8.9e-05
1974,1e-05
1975,1.1e-05
1976,8e-06
1977,4e-06
1978,3e-06
1979,4e-06
1980,2e-05
1981,6e-06
1982,8e-06
1983,6e-06
1984,6e-06
1985,4e-06
1986,3e-06
1987,1e-05
1988,1.5e-05
1989,1.7e-05
1990,3.7e-05
1991,4e-06
1992,5e-06
1993,1.6e-05
1994,1.7e-05
1995,9e-06
1996,1.3e-05
1997,1.5e-05
1998,4e-06
1999,3e-06
2000,5e-06
2001,5e-06
2002,5e-06
2003,6e-06
2004,1.3e-05
2005,1.7e-05
2006,1.6e-05
2007,9e-06
2008,1.2e-05
2009,1.4e-05
2010,1.7e-05
2011,1.1e-05
2012,1.3e-05
2013,1.2e-05
2014,1.2e-05
2015,1e-05
2016,9e-06
2017,1.2e-05
2018,1.6e-05
2019,8e-06
2020,7e-06
2021,5e-06
2022,6e-06
2023,7e-06
2024,8e-06
2025,7e-06
2026,9e-06
2027,8e-06
2028,1e-05
2029,6e-06
2030,1.3e-05
2031,9e-06
2032,1.5e-05
2033,1.9e-05
2034,1.6e-05
2035,2.3e-05
2036,3.8e-05
2037,2.7e-05
2038,3.8e-05
2039,4.3e-05
2040,2.9e-05
2041,1.2e-05
2042,2.1e-05
2043,1.7e-05
2044,2.1e-05
2045,1.8e-05
2046,2.5e-05
2047,2.8e-05
2048,2.4e-05
2049,5e-05
2050,6.4e-05
2051,0.000105
2052,5.3e-05
2053,3.1e-05
2054,3.6e-05
2055,3.1e-05
2056,3.1e-05
2057,3.1e-05
2058,2.9e-05
2059,3.3e-05
2060,2.5e-05
2061,2.1e-05
2062,2.6e-05
2063,1.7e-05
2064,1.4e-05
2065,1.5e-05
2066,2.7e-05
2067,2.4e-05
2068,2.1e-05
2069,2.7e-05
2070,3.6e-05
2071,4.3e-05
2072,3.7e-05
2073,3.9e-05
2074,4.1e-05
2075,3.8e-05
2076,2.9e-05
2077,3.4e-05
2078,3.6e-05
2079,3.6e-05
2080,3.5e-05
2081,3.7e-05
2082,3.5e-05
2083,3.2e-05
2084,3.8e-05
2085,3.4e-05
2086,2.2e-05
2087,2.5e-05
2088,1.6e-05
2089,2.6e-05
2090,5.2e-05
2091,3.9e-05
2092,4.1e-05
2093,4.5e-05
2094,8.5e-05
2095,0.00012
2096,7.7e-05
2097,0.000144
2098,0.000153
2099,0.000135
2100,0.000157
2101,6.3e-05
2102,8.5e-05
2103,7.8e-05
2104,8e-05
2105,4.9e-05
2106,4.6e-05
2107,3.5e-05
2108,4.9e-05
2109,3.5e-05
2110,2.5e-05
2111,0
2112,2.7e-05
2113,3.3e-05
2114,6.4e-05
2115,8.2e-05
2116,8.9e-05
2117,8.8e-05
2118,9.4e-05
2119,0.000131
2120,0.000113
2121,0.000112
2122,5.4e-05
2123,3.2e-05
2124,5.9e-05
2125,5.3e-05
2126,3.4e-05
2127,2.7e-05
2128,2.5e-05
2129,2.2e-05
2130,2.8e-05
2131,0
2132,0
2133,0
2134,3.4e-05
2135,0
2136,3.7e-05
2137,0
2138,8.1e-05
2139,0
2140,5.1e-05
2141,0
2142,4.3e-05
2143,0
2144,5.2e-05
2145,4.3e-05
2146,4.6e-05
2147,7.1e-05
2148,7.1e-05
2149,3.8e-05
2150,4.3e-05
2151,2.9e-05
2152,3.5e-05
2153,1.5e-05
2154,2.3e-05
2155,3.7e-05
2156,6.9e-05
2157,5.5e-05
2158,1.4e-05
2159,0.000188
2160,0.291683
2161,0.889248
2162,0.925366
2163,0.875502
2164,0.769556
2165,0.893038
2166,0.890587
2167,0.914178
2168,0.982544
2169,0.970591
2170,0.974188
2171,0.976275
2172,0.918555
2173,0.90664
2174,0.910618
2175,0.899311
2176,0.898569
2177,0.89403
2178,0.883079
2179,0.89342
2180,0.87246
2181,0.754114
2182,0.000365
2183,1.5e-05
2184,2e-06
2185,2e-06
2186,4e-06
2187,8e-06
2188,1.7e-05
2189,1.2e-05
2190,1e-05
2191,7e-06
2192,1.5e-05
2193,9e-06
2194,7e-06
2195,9e-06
2196,1e-05
2197,1.6e-05
2198,0.00012
2199,5e-06
2200,5e-06
2201,7e-06
2202,7e-06
2203,8e-06
2204,1e-05
2205,6e-06
2206,9e-06
2207,6e-06
2208,8e-06
2209,8e-06
2210,1.4e-05
2211,7e-06
2212,1e-05
2213,1.1e-05
2214,1.4e-05
2215,1.5e-05
2216,2.4e-05
2217,2e-05
2218,2.4e-05
2219,2.6e-05
2220,1.8e-05
2221,2.6e-05
2222,3.2e-05
2223,3.4e-05
2224,3.3e-05
2225,5.2e-05
2226,5.2e-05
2227,5e-05
2228,5.5e-05
2229,3.7e-05
2230,3.7e-05
2231,2.6e-05
2232,3e-05
2233,1.1e-05
2234,1.5e-05
2235,2.2e-05
2236,3.7e-05
2237,4.7e-05
2238,6e-05
2239,8.1e-05
2240,0.0001
2241,8.7e-05
2242,0.000116
2243,0.00011
2244,6e-05
2245,0.000281
2246,0.000274
2247,0.000252
2248,0.000265
2249,0.000245
2250,0.00019
2251,0.000127
2252,0.000246
2253,0.000262
2254,0.00032
2255,0.000278
2256,0.000415
2257,0.000246
2258,0.00028
2259,0.000264
2260,0.000313
2261,0.000213
2262,0.000196
2263,0.000257
2264,0.000298
2265,0.000185
2266,6.8e-05
2267,0.000995
2268,0.015355
2269,0.524146
2270,0.620252
2271,0.726342
2272,0.793424
2273,0.628382
2274,0.864333
2275,0.981172
2276,0.969567
2277,0.984384
2278,0.948913
2279,0.97906
2280,0.973854
2281,0.952761
2282,0.96136
2283,0.962684
2284,0.963474
2285,0.96439
2286,0.965038
2287,0.969227
2288,0.963455
2289,0.959899
2290,0.960925
2291,0.962792
2292,0.960597
2293,0.974848
2294,0.976307
2295,0.978665
2296,0.979492
2297,0.979532
2298,0.977558
2299,0.977143
2300,0.976515
2301,0.977495
2302,0.979443
2303,0.983271
2304,0.983797
2305,0.978333
2306,0.971178
2307,0.960808
2308,0.003172
2309,3.5e-05
2310,1e-06
2311,0.0
2312,5e-06
2313,2.7e-05
2314,4e-06
2315,1.1e-05
2316,8e-06
2317,7e-06
2318,1.3e-05
2319,3.7e-05
2320,5.1e-05
2321,5.2e-05
2322,5.3e-05
2323,7.5e-05
2324,5.5e-05
2325,6.7e-05
2326,7.4e-05
2327,6e-06
2328,9e-06
2329,1.8e-05
2330,2.7e-05
2331,1.8e-05
2332,1.5e-05
2333,1.2e-05
2334,1.3e-05
2335,1.2e-05
2336,4.3e-05
2337,3.6e-05
2338,4e-05
2339,2.1e-05
2340,7.4e-05
2341,0.000372
2342,0.000504
2343,0.000355
2344,0.000103
2345,3.9e-05
2346,5.9e-05
2347,0
2348,0
2349,0
2350,0
2351,0
2352,0
2353,0
2354,0
2355,0
2356,0
2357,0
2358,0
2359,0
2360,0
2361,0
2362,0
2363,0
2364,0
2365,0
2366,0
2367,0
2368,0
2369,0
2370,0
2371,0
2372,0
2373,0
2374,0
2375,0
2376,0
2377,0
2378,0
2379,0
2380,0
2381,0
2382,0.000384
2383,0
2384,8.7e-05
2385,6.3e-05
2386,0.000106
2387,6.6e-05
2388,7e-05
2389,9.3e-05
2390,0.000217
2391,0.000211
2392,0.000184
2393,0.000251
2394,0.000185
2395,0.000274
2396,0.000162
2397,0.000152
2398,0.000202
2399,0.00015
2400,0.000158
2401,0.000179
2402,0.000197
2403,0.000304
2404,0.000159
2405,0.000242
2406,0.000137
2407,0
2408,0
2409,0
2410,0
2411,0
2412,0.000172
2413,0.000173
2414,0.000288
2415,0.000105
2416,0.000113
2417,7.2e-05
2418,0.000102
2419,7.8e-05
2420,0.000118
2421,0.000156
2422,0
2423,0
2424,0
2425,0
2426,0
2427,0
2428,0
2429,0
2430,0
2431,0
2432,0
2433,0
2434,0
2435,0
2436,0
2437,0
2438,0
2439,0
2440,0
2441,0
2442,0
2443,0
2444,0
2445,3.4e-05
2446,4.1e-05
2447,4.7e-05
2448,6.8e-05
2449,0.00012
2450,0.000114
2451,0.000121
2452,0.000106
2453,5.3e-05
2454,0.000102
2455,9.9e-05
2456,0.000176
2457,0.000101
2458,0.000116
2459,5.6e-05
2460,9.2e-05
2461,0.000105
2462,0.000105
2463,6e-05
2464,5.3e-05
2465,7.7e-05
2466,6.6e-05
2467,4.8e-05
2468,6.3e-05
2469,5.4e-05
2470,5.2e-05
2471,6e-05
2472,5e-05
2473,4.2e-05
2474,3.9e-05
2475,4e-05
2476,4.3e-05
2477,4.5e-05
2478,4.3e-05
2479,4.7e-05
2480,4.8e-05
2481,6e-05
2482,6.9e-05
2483,5.7e-05
2484,5.7e-05
2485,5.8e-05
2486,8e-05
2487,8e-05
2488,4.9e-05
2489,5.4e-05
2490,5.2e-05
2491,5.9e-05
2492,5.1e-05
2493,4.2e-05
2494,4.7e-05
2495,6.5e-05
2496,5e-05
2497,4.3e-05
2498,4.2e-05
2499,4.3e-05
2500,3.3e-05
2501,3.9e-05
2502,3.9e-05
2503,3.4e-05
2504,4.7e-05
2505,4.7e-05
2506,4.8e-05
2507,4.8e-05
2508,5e-05
2509,3.8e-05
2510,3.4e-05
2511,4.1e-05
2512,3.1e-05
2513,1.8e-05
2514,1.8e-05
2515,1.7e-05
2516,1.6e-05
2517,2e-05
2518,2.4e-05
2519,2.5e-05
2520,3e-05
2521,4.4e-05
2522,4.7e-05
2523,3.3e-05
2524,5e-05
2525,2.7e-05
2526,3.9e-05
2527,2.6e-05
2528,3.4e-05
2529,2.2e-05
2530,2e-05
2531,2.4e-05
2532,3e-05
2533,8.4e-05
2534,8.4e-05
2535,4.6e-05
2536,2.8e-05
2537,1.8e-05
2538,1.6e-05
2539,1.5e-05
2540,2.7e-05
2541,2.2e-05
2542,2.3e-05
2543,2e-05
2544,2.6e-05
2545,1.3e-05
2546,1.5e-05
2547,1.4e-05
2548,1.6e-05
2549,1.5e-05
2550,1.7e-05
2551,1.6e-05
2552,1.8e-05
2553,1.6e-05
2554,2.2e-05
2555,2.2e-05
2556,3.1e-05
2557,2.6e-05
2558,2.2e-05
2559,2.2e-05
2560,3.5e-05
2561,2.1e-05
2562,1.9e-05
2563,2e-05
2564,0
2565,0
2566,0
2567,0
2568,0
2569,0
2570,0
2571,0
2572,0
2573,0
2574,1.9e-05
2575,2.1e-05
2576,1.8e-05
2577,2.8e-05
2578,6.4e-05
2579,6.7e-05
2580,5.6e-05
2581,4.4e-05
2582,5.5e-05
2583,2.7e-05
2584,8.1e-05
2585,8.5e-05
2586,0.000103
2587,8.8e-05
2588,8.2e-05
2589,1.3e-05
2590,0.000236
2591,0.000522
2592,1.1e-05
2593,2e-06
2594,0.003055
2595,0.099384
2596,0.675484
2597,0.895304
2598,0.952909
2599,0.958921
2600,0.863036
2601,0.851934
2602,0.906925
2603,0.934883
2604,0.939892
2605,0.986631
2606,0.984982
2607,0.981755
2608,0.978313
2609,0.975354
2610,0.977102
2611,0.976273
2612,0.97284
2613,0.975583
2614,0.974463
2615,0.975547
2616,0.975616
2617,0.964672
2618,0.963891
2619,0.972406
2620,0.970238
2621,0.972933
2622,0.955793
2623,0.908038
2624,0.912184
2625,0.925409
2626,0.041652
2627,2e-05
2628,1e-05
2629,4e-06
2630,5e-06
2631,1.5e-05
2632,3.2e-05
2633,2.1e-05
2634,4.1e-05
2635,6.2e-05
2636,0.000101
2637,7.5e-05
2638,4e-05
2639,0.000144
2640,0.000166
2641,0.000215
2642,0.000171
2643,0.000215
2644,0.000244
2645,0.000178
2646,5.2e-05
2647,3.3e-05
2648,5.5e-05
2649,3.7e-05
2650,2.5e-05
2651,3.6e-05
2652,3.5e-05
2653,2.9e-05
2654,2.9e-05
2655,1.6e-05
2656,2.7e-05
2657,4.9e-05
2658,4.2e-05
2659,8.7e-05
2660,0.000177
2661,0.000272
2662,0.000221
2663,0.000108
2664,1.3e-05
2665,3.6e-05
2666,6.9e-05
2667,7e-05
2668,6.5e-05
2669,2.7e-05
2670,2.9e-05
2671,2.3e-05
2672,5.3e-05
2673,5.1e-05
2674,9.1e-05
2675,7.4e-05
2676,8.1e-05
2677,8.2e-05
2678,8.3e-05
2679,7.9e-05
2680,7.2e-05
2681,5.9e-05
2682,1.1e-05
2683,2.1e-05
2684,2e-05
2685,2.5e-05
2686,3.4e-05
2687,8.2e-05
2688,0.000118
2689,0.000134
2690,0.000136
2691,5.6e-05
2692,9.4e-05
2693,9.4e-05
2694,5.5e-05
2695,7.8e-05
2696,4.5e-05
2697,3.6e-05
2698,9.4e-05
2699,7.1e-05
2700,7.2e-05
2701,9.6e-05
2702,0.000101
2703,9.6e-05
2704,5.8e-05
2705,5.4e-05
2706,5.8e-05
2707,3.2e-05
2708,1.6e-05
2709,1.5e-05
2710,9.1e-05
2711,6.7e-05
2712,0
2713,0
2714,0
2715,0
2716,0
2717,0
2718,0
2719,0
2720,0
2721,0
2722,0
2723,0
2724,0
2725,0
2726,0
2727,0
2728,0
2729,0
2730,0
2731,0
2732,0
2733,0
2734,0
2735,0
2736,0
2737,0
2738,0
2739,0
2740,0
2741,0
2742,0
2743,0
2744,0
2745,0
2746,0
2747,0
2748,0
2749,0
2750,6e-06
2751,8e-06
2752,7e-06
2753,5e-06
2754,6e-06
2755,7e-06
2756,6e-06
2757,4e-06
2758,4e-06
2759,4e-06
2760,4e-06
2761,7e-06
2762,8e-06
2763,6e-06
2764,7e-06
2765,6e-06
2766,6e-06
2767,7e-06
2768,9e-06
2769,8e-06
2770,8e-06
2771,8e-06
2772,9e-06
2773,4e-06
2774,4e-06
2775,4e-06
2776,7e-06
2777,8e-06
2778,6e-06
2779,1.8e-05
2780,3.6e-05
2781,1.7e-05
2782,0.187774
2783,0.354849
2784,0.582934
2785,0.510491
2786,0.939943
2787,0.922932
2788,0.950733
2789,0.954991
2790,0.887538
2791,0.795997
2792,0.486795
2793,0.609554
2794,0.558261
2795,0.633101
2796,0.756931
2797,0.831059
2798,0.918316
2799,0.940216
2800,0.989485
2801,0.987825
2802,0.989835
2803,0.988183
2804,0.989462
2805,0.988355
2806,0.989992
2807,0.988042
2808,0.935702
2809,0.925139
2810,0.904718
2811,0.921717
2812,0.916674
2813,0.956626
2814,0.954395
2815,0.95394
2816,0.945289
2817,0.942559
2818,0.943037
2819,0.958259
2820,0.949363
2821,0.948881
2822,0.929984
2823,0.937443
2824,0.954202
2825,0.964191
2826,0.965315
2827,0.967654
2828,0.976328
2829,0.976526
2830,0.978182
2831,0.982768
2832,0.985048
2833,0.990471
2834,0.991803
2835,0.99192
2836,0.991908
2837,0.989752
2838,0.990739
2839,0.989564
2840,0.988056
2841,0.989527
2842,0.987838
2843,0.985846
2844,0.985586
2845,0.984309
2846,0.984508
2847,0.950835
2848,0.000156
2849,5e-06
2850,4e-06
2851,6e-06
2852,5e-06
2853,1.4e-05
2854,1.3e-05
2855,6e-06
2856,7e-06
2857,1.5e-05
2858,1.4e-05
2859,1.6e-05
2860,2.3e-05
2861,2.6e-05
2862,2.2e-05
2863,3.7e-05
2864,9e-06
2865,8e-06
2866,1e-05
2867,7e-06
2868,7e-06
2869,4e-06
2870,6e-06
2871,5e-06
2872,6e-06
2873,6e-06
2874,1e-05
2875,5e-06
2876,8e-06
2877,6e-06
2878,3.3e-05
2879,2.8e-05
2880,5.9e-05
2881,5.8e-05
2882,5.9e-05
2883,0.000101
2884,6.6e-05
2885,4.5e-05
2886,4.1e-05
2887,4.1e-05
2888,5.8e-05
2889,3.3e-05
2890,0.000115
2891,4.9e-05
2892,7.1e-05
2893,3.3e-05
2894,1.4e-05
2895,1.3e-05
2896,1.3e-05
2897,1.8e-05
2898,3.7e-05
2899,0.000225
2900,0.000281
2901,0.000437
2902,0.000488
2903,0.000546
2904,0.000534
2905,0.000832
2906,0.000855
2907,0.000612
2908,0.00063
2909,0.000563
2910,0.001022
2911,0.001514
2912,0.002901
2913,0.000998
2914,0.001064
2915,0.001184
2916,0.001291
2917,0.001486
2918,0.000749
2919,0
2920,0
2921,0
2922,0
2923,0
2924,0
2925,0
2926,0
2927,0
2928,0
2929,0.000978
2930,0
2931,0
2932,0
2933,0
2934,0
2935,0
2936,0
2937,0
2938,0
2939,0
2940,0
2941,0
2942,0.001063
2943,0.000788
2944,0.000978
2945,0.000795
2946,0.000919
2947,0.000735
2948,0.000974
2949,0.000902
2950,0.000944
2951,0.001049
2952,0
2953,0.001447
2954,0.001721
2955,0.001364
2956,0.001011
2957,0.000829
2958,0.000678
2959,0.000751
2960,0.000745
2961,0.000657
2962,0.000678
2963,0.000446
2964,0.000591
2965,0.000733
2966,0.001618
2967,0.001091
2968,0.001202
2969,0.001102
2970,0.000615
2971,0.000834
2972,0.000691
2973,0.00078
2974,0.001403
2975,0.00175
2976,0.001217
2977,0.001656
2978,0.002081
2979,0.00169
2980,0.002017
2981,0.001166
2982,0.000617
2983,0.00056
2984,0.000805
2985,0.000781
2986,0
2987,0
2988,0
2989,0
2990,0
2991,0
2992,0
2993,0
2994,0
2995,0
2996,0
2997,0
2998,0
2999,0
3000,0
3001,0
3002,0
3003,0
3004,0
3005,0
3006,0
3007,0
3008,0
3009,0
3010,0
3011,0.000302
3012,0.000293
3013,0.000349
3014,0.000404
3015,0.000241
3016,0.000319
3017,0.000411
3018,0.000286
3019,0.000232
3020,0.00018
3021,0.000137
3022,0.000116
3023,0.000114
3024,0.00013
3025,0.000402
3026,0.000246
3027,0.000172
3028,0.0001
3029,0.000125
3030,7.7e-05
3031,0.000174
3032,0.00012
3033,0.000112
3034,0.000164
3035,0.000178
3036,0.000178
3037,0.000146
3038,0.000169
3039,0.000169
3040,0.00014
3041,0.000173
3042,0.000173
3043,0.000149
3044,0.000154
3045,0.000172
3046,0.000142
3047,0.000142
3048,3.8e-05
3049,0.000125
3050,0.000133
3051,0.000134
3052,4.1e-05
3053,9.9e-05
3054,8.6e-05
3055,8.1e-05
3056,7.3e-05
3057,8.9e-05
3058,0.000123
3059,0.000182
3060,0.000111
3061,0.000117
3062,9.2e-05
3063,0
3064,0
3065,0
3066,7.6e-05
3067,3.5e-05
3068,2.8e-05
3069,2.6e-05
3070,8.8e-05
3071,0.0001
3072,0.000109
3073,0.000186
3074,0.000117
3075,3.4e-05
3076,5.6e-05
3077,6.6e-05
3078,2.7e-05
3079,3.2e-05
3080,2.9e-05
3081,2.6e-05
3082,5.2e-05
3083,3.6e-05
3084,0.000137
3085,0.000131
3086,0.000235
3087,0.000117
3088,0.000118
3089,4.9e-05
3090,0.000169
3091,0.00023
3092,4.3e-05
3093,4.7e-05
3094,2.7e-05
3095,3.6e-05
3096,6.7e-05
3097,5.3e-05
3098,0.000102
3099,9.1e-05
3100,7e-05
3101,0.000121
3102,0.000213
3103,1.3e-05
3104,1.7e-05
3105,3.3e-05
3106,0
3107,0
3108,0
3109,0
3110,0
3111,0
3112,0
3113,0
3114,0
3115,0
3116,0
3117,0
3118,0
3119,0
3120,0
3121,0
3122,0
3123,0
3124,0
3125,0
3126,0
3127,0
3128,0
3129,0
3130,0
3131,0
3132,0
3133,0
3134,0
3135,0
3136,0
3137,0
3138,0
3139,0
3140,0
3141,0
3142,0
3143,0
3144,0
3145,0
3146,0
3147,0
3148,0
3149,0
3150,0
3151,0
3152,0
3153,0
3154,0
3155,0
3156,0.000129
3157,3e-05
3158,3e-06
3159,6e-06
3160,4.1e-05
3161,1.7e-05
3162,1.3e-05
3163,0.000213
3164,0.000688
3165,6e-06
3166,2.5e-05
3167,1.6e-05
3168,3.2e-05
3169,3.9e-05
3170,0.000331
3171,0.000175
3172,0.000122
3173,7e-06
3174,1.8e-05
3175,3.2e-05
3176,5.7e-05
3177,4.5e-05
3178,2.6e-05
3179,1.7e-05
3180,2.1e-05
3181,3.2e-05
3182,2e-05
3183,2.4e-05
3184,4.7e-05
3185,6.4e-05
3186,0
3187,0.000125
3188,0.000117
3189,0
3190,0
3191,0
3192,0
3193,7e-06
3194,4e-06
3195,1.2e-05
3196,2.3e-05
3197,0.181131
3198,0.290993
3199,0.543926
3200,0.793508
3201,0.795238
3202,0.826414
3203,0.927046
3204,0.953763
3205,0.945401
3206,0.895162
3207,0.880549
3208,0.866912
3209,0.905419
3210,0.912686
3211,0.913131
3212,0.914308
3213,0.906079
3214,0.908951
3215,0.910171
3216,0.917232
3217,0.937041
3218,0.944693
3219,0.940385
3220,0.943317
3221,0.923345
3222,0.936643
3223,0.934852
3224,0.935168
3225,0.937462
3226,0.946834
3227,0.946877
3228,0.947524
3229,0.943163
3230,0.942076
3231,0.93845
3232,0.940171
3233,0.956846
3234,0.957515
3235,0.958744
3236,0.958323
3237,0.95649
3238,0.959113
3239,0.959124
3240,0.954556
3241,0.953285
3242,0.951874
3243,0.944167
3244,0.937684
3245,0.93454
3246,0.875636
3247,0.008563
3248,4e-06
3249,3e-06
3250,2e-06
3251,6e-06
3252,5e-06
3253,4e-06
3254,9e-06
3255,1.9e-05
3256,4e-05
3257,1.1e-05
3258,2.7e-05
3259,1.3e-05
3260,1.5e-05
3261,3.8e-05
3262,7.6e-05
3263,0.000132
3264,7e-05
3265,0.000223
3266,0.000241
3267,3.7e-05
3268,6.1e-05
3269,3.9e-05
3270,6.2e-05
3271,3.2e-05
3272,6.8e-05
3273,2.4e-05
3274,2e-05
3275,2.3e-05
3276,3.1e-05
3277,5.9e-05
3278,6.6e-05
3279,4e-05
3280,5.7e-05
3281,5.3e-05
3282,5.5e-05
3283,8.5e-05
3284,0.000129
3285,6.5e-05
3286,7.9e-05
3287,0.00012
3288,0.000125
3289,7e-05
3290,0.000119
3291,8.1e-05
3292,0.000101
3293,5.3e-05
3294,7.3e-05
3295,9.8e-05
3296,0.000248
3297,0
3298,0
3299,0
3300,0
3301,0
3302,0
3303,0
3304,0
3305,0
3306,0
3307,0
3308,0
3309,0
3310,0
3311,0
3312,0
3313,0
3314,0
3315,0
3316,0
3317,0
3318,0
3319,0
3320,0
3321,0
3322,0
3323,0
3324,0
3325,0
3326,0
3327,0
3328,0
3329,0
3330,0
3331,0
3332,0
3333,0
3334,0
3335,0
3336,0
3337,0
3338,0
3339,0
3340,0
3341,0
3342,0
3343,0
3344,0.000295
3345,0.00024
3346,0.000395
3347,4.6e-05
3348,2.9e-05
3349,2.5e-05
3350,2.4e-05
3351,2.9e-05
3352,2.7e-05
3353,2.3e-05
3354,2.1e-05
3355,2.7e-05
3356,3e-05
3357,2.7e-05
3358,3.6e-05
3359,3e-05
3360,3.5e-05
3361,4.9e-05
3362,3.8e-05
3363,2.6e-05
3364,2.7e-05
3365,1.6e-05
3366,1.5e-05
3367,1.1e-05
3368,1.3e-05
3369,1.4e-05
3370,2.3e-05
3371,1.8e-05
3372,1.8e-05
3373,2.1e-05
3374,1.1e-05
3375,1.3e-05
3376,1.7e-05
3377,1e-05
3378,9e-06
3379,1e-05
3380,1.1e-05
3381,9e-06
3382,1.4e-05
3383,1.7e-05
3384,1.8e-05
3385,2.3e-05
3386,2.7e-05
3387,3.2e-05
3388,3e-05
3389,1.6e-05
3390,1.5e-05
3391,1.5e-05
3392,1.4e-05
3393,1.3e-05
3394,1.8e-05
3395,1.9e-05
3396,1.8e-05
3397,2.2e-05
3398,0
3399,0
3400,0
3401,0
3402,0
3403,0
3404,0
3405,0
3406,0
3407,0
3408,0
3409,0
3410,0
3411,0
3412,0
3413,0
3414,0
3415,0
3416,0
3417,0
3418,0
3419,0
3420,0
3421,0
3422,0
3423,0
3424,0
3425,0
3426,0
3427,0
3428,0
3429,0
3430,0
3431,0
3432,0
3433,0
3434,0
3435,0
3436,0
3437,0
3438,0
3439,0
3440,0
3441,0
3442,0
3443,0
3444,0
3445,0
3446,0
3447,0
3448,0
3449,0
3450,0
3451,0
3452,0
3453,0
3454,0
3455,0
3456,0
3457,0
3458,0
3459,0
3460,0
3461,0
3462,0
3463,0
3464,0
3465,4e-06
3466,3.1e-05
3467,0.000121
3468,0.018354
3469,0.253159
3470,0.497265
3471,0.9821
3472,0.954179
3473,0.854179
3474,0.929312
3475,0.948719
3476,0.815066
3477,0.534784
3478,0.074747
3479,0.086059
3480,0.090015
3481,0.060406
3482,0.039199
3483,0.048315
3484,0.057532
3485,0.063209
3486,0.064886
3487,0.067911
3488,0.096289
3489,0.861857
3490,0.964595
3491,0.965124
3492,0.967998
3493,0.982552
3494,0.984231
3495,0.986952
3496,0.940188
3497,0.497965
3498,0.623028
3499,0.614951
3500,0.601192
3501,0.439609
3502,0.601489
3503,0.60315
3504,0.968739
3505,0.988693
3506,0.990864
3507,0.991493
3508,0.98708
3509,0.990282
3510,0.990933
3511,0.98614
3512,0.958722
3513,0.981919
3514,0.983392
3515,0.983334
3516,0.983298
3517,0.984309
3518,0.982891
3519,0.984462
3520,0.982824
3521,0.962592
3522,0.96574
3523,0.759911
3524,1.4e-05
3525,2e-06
3526,2e-06
3527,4e-06
3528,1.3e-05
3529,1.6e-05
3530,3.5e-05
3531,3.3e-05
3532,3.5e-05
3533,2.9e-05
3534,7.5e-05
3535,0.000135
3536,9.1e-05
3537,7.4e-05
3538,9.2e-05
3539,0.00012
3540,1.1e-05
3541,6e-06
3542,5e-06
3543,4e-06
3544,6e-06
3545,8e-06
3546,1.4e-05
3547,1.8e-05
3548,1.4e-05
3549,1e-05
3550,2.4e-05
3551,2e-05
3552,2.1e-05
3553,4.2e-05
3554,2.2e-05
3555,3.5e-05
3556,6.2e-05
3557,5.6e-05
3558,6.8e-05
3559,8.6e-05
3560,0.000198
3561,0.000172
3562,0.000145
3563,0.000189
3564,0.000242
3565,0.000375
3566,0.000382
3567,0.000378
3568,0.000334
3569,0.00032
3570,0.000339
3571,0.0003
3572,0.000321
3573,0.000301
3574,0.000224
3575,0.000237
3576,0.000289
3577,0.000323
3578,0.000375
3579,0.000327
3580,0.000407
3581,0.000521
3582,0.000514
3583,0.000419
3584,0.000631
3585,0.000777
3586,0.000708
3587,0.000312
3588,0.000301
3589,0.000539
3590,0.000544
3591,0.000321
3592,0.000296
3593,0.000289
3594,0.00032
3595,0.000313
3596,0.000397
3597,6.7e-05
3598,5.3e-05
3599,6.7e-05
3600,9.5e-05
3601,5.4e-05
3602,6.4e-05
3603,9.2e-05
3604,7.8e-05
3605,0.000123
3606,0.000109
3607,0.000188
3608,0.00014
3609,0.000169
3610,0.000126
3611,0.000236
3612,0.000286
3613,0.000164
3614,0.000187
3615,6.8e-05
3616,9.3e-05
3617,0.000104
3618,6.6e-05
3619,6.1e-05
3620,6.7e-05
3621,7.5e-05
3622,9.8e-05
3623,8.6e-05
3624,6.2e-05
3625,9.7e-05
3626,0.000128
3627,0.000107
3628,6.5e-05
3629,8.4e-05
3630,7.3e-05
3631,6.7e-05
3632,7.5e-05
3633,6.8e-05
3634,8e-05
3635,4.4e-05
3636,3.4e-05
3637,2.5e-05
3638,2.4e-05
3639,1.5e-05
3640,1.9e-05
3641,2.4e-05
3642,1.8e-05
3643,2.2e-05
3644,2e-05
3645,2.5e-05
3646,2.3e-05
3647,3.3e-05
3648,5.7e-05
3649,6e-05
3650,6.8e-05
3651,5.2e-05
3652,5.6e-05
3653,4.5e-05
3654,3.9e-05
3655,3.6e-05
3656,5.2e-05
3657,2.6e-05
3658,3.4e-05
3659,1.8e-05
3660,3e-05
3661,2.1e-05
3662,2.5e-05
3663,1.4e-05
3664,1.6e-05
3665,1.8e-05
3666,2.3e-05
3667,2.4e-05
3668,3.1e-05
3669,3.8e-05
3670,3.5e-05
3671,3.2e-05
3672,3.5e-05
3673,1.4e-05
3674,1.9e-05
3675,2.6e-05
3676,0.000129
3677,7.6e-05
3678,0.000161
3679,0.000216
3680,0
3681,0.000177
3682,0
3683,0
3684,0
3685,0
3686,0
3687,0
3688,0
3689,0.000112
3690,0
3691,8.9e-05
3692,9.1e-05
3693,0
3694,0.000117
3695,9.9e-05
3696,8e-05
3697,5.6e-05
3698,5.5e-05
3699,4.6e-05
3700,4.6e-05
3701,5.1e-05
3702,4.5e-05
3703,4.8e-05
3704,5.2e-05
3705,4.6e-05
3706,3.8e-05
3707,3e-05
3708,3.1e-05
3709,3.4e-05
3710,3.6e-05
3711,4.4e-05
3712,4.8e-05
3713,4.1e-05
3714,4.1e-05
3715,3e-05
3716,3.5e-05
3717,3.9e-05
3718,5.1e-05
3719,3.4e-05
3720,0
3721,2.4e-05
3722,2.3e-05
3723,3.5e-05
3724,0
3725,2e-05
3726,0
3727,0
3728,0
3729,0
3730,0
3731,0
3732,0
3733,0
3734,0
3735,0
3736,0
3737,0
3738,0
3739,0
3740,0
3741,0
3742,0
3743,0
3744,0
3745,0
3746,0
3747,0
3748,0
3749,0
3750,0
3751,0
3752,0
3753,0
3754,0
3755,0
3756,0
3757,0
3758,0
3759,0
3760,0
3761,0
3762,0
3763,0
3764,0
3765,0
3766,0
3767,0
3768,0
3769,0
3770,0
3771,0
3772,0
3773,0
3774,0
3775,0
3776,0
3777,0
3778,0
3779,0
3780,0
3781,0
3782,0
3783,0
3784,0
3785,0
3786,0
3787,0
3788,0
3789,0
3790,0
3791,0
3792,0
3793,0
3794,0
3795,0
3796,0
3797,0
3798,0
3799,0
3800,0
3801,0
3802,0
3803,0
3804,0
3805,0
3806,0
3807,0
3808,0
3809,0
3810,0
3811,0
3812,0
3813,0
3814,0
3815,0
3816,0
3817,0
3818,0
3819,0
3820,0
3821,0
3822,0
3823,0
3824,0
3825,0
3826,0
3827,0
3828,0
3829,0
3830,0
3831,0
3832,0
3833,0
3834,0
3835,0
3836,0
3837,0
3838,0
3839,0
3840,0
3841,0
3842,0
3843,0
3844,0
3845,0
3846,0
3847,0
3848,0
3849,0
3850,0
3851,0
3852,0
3853,0
3854,0
3855,0
3856,0
3857,0
3858,0
3859,0
3860,0
3861,0
3862,0
3863,0
3864,0
3865,0
3866,0
3867,0
3868,0
3869,0
3870,0
3871,0
3872,0
3873,0
3874,0
3875,0
3876,0
3877,0
3878,0
3879,0
3880,0
3881,0
3882,0
3883,0
3884,0
3885,0
3886,0
3887,0
3888,0
3889,0
3890,0
3891,0
3892,0
3893,0
3894,0
3895,0
3896,0
3897,0
3898,0
3899,0
3900,0
3901,0
3902,0
3903,0
3904,0
3905,0
3906,0
3907,0
3908,0
3909,0
3910,0
3911,0
3912,0
3913,0
3914,0
3915,0
3916,0
3917,0
3918,0
3919,0
3920,0
3921,0
3922,0
3923,0
3924,0
3925,0
3926,0
3927,0
3928,0
3929,0
3930,0
3931,0
3932,0
3933,0
3934,0
3935,0
3936,0
3937,0
3938,0
3939,0
3940,0
3941,0
3942,0
3943,0
3944,0
3945,0
3946,0
3947,0
3948,0
3949,0
3950,0
3951,0
3952,0
3953,0
3954,0
3955,0
3956,0
3957,0
3958,0
3959,0
3960,0
3961,0
3962,0
3963,0
3964,0
3965,0
3966,0
3967,0
3968,0
3969,0
3970,0
3971,0
3972,0
3973,0
3974,0
3975,0
3976,0
3977,0
3978,0
3979,0
3980,0
3981,0
3982,0
3983,0
3984,0
3985,0
3986,0
3987,0
3988,0
3989,0
3990,0
3991,0
3992,0
3993,0
3994,0
3995,0
3996,0
3997,0
3998,0
3999,0
4000,0
4001,0
4002,0
4003,0
4004,0
4005,0
4006,0
4007,0
4008,0
4009,0
4010,0
4011,0
4012,0
4013,0
4014,0
4015,0
4016,0
4017,0
4018,0
4019,0
4020,0
4021,0
4022,0
4023,0
4024,0
4025,0
4026,0
4027,0
4028,0
4029,0
4030,0
4031,0
4032,0
4033,0
4034,0
4035,0
4036,0
4037,0
4038,0
4039,0
4040,0
4041,0
4042,0
4043,0
4044,0
4045,0
4046,0
4047,0
4048,0
4049,0
4050,0
4051,0
4052,0
4053,0
4054,0
4055,0
4056,0
4057,0
4058,0
4059,0
4060,0
4061,0
4062,0
4063,0
4064,0
4065,0
4066,0
4067,0
4068,0
4069,0
4070,0
4071,0
4072,0
4073,0
4074,0
4075,0
4076,0
4077,0
4078,0
4079,0
4080,0
4081,0
4082,0
4083,0
4084,0
4085,0
4086,0
4087,0
4088,0
4089,0
4090,0
4091,0
4092,0
4093,0
4094,0
4095,0
4096,0
4097,0
4098,0
4099,0
4100,0
4101,0
4102,0
4103,0
4104,0
4105,0
4106,0
4107,0
4108,0
4109,0
4110,0
4111,0
4112,0
4113,0
4114,0
4115,0
4116,0
4117,0
4118,0
4119,0
4120,0
4121,0
4122,0
4123,0
4124,0
4125,0
4126,0
4127,0
4128,0
4129,0
4130,0
4131,0
4132,0
4133,0
4134,0
4135,0
4136,0
4137,0
4138,0
4139,0
4140,0
4141,0
4142,0
4143,0
4144,0
4145,0
4146,0
4147,0
4148,0
4149,0
4150,0
4151,0
4152,0
4153,0
4154,0
4155,0.019505
4156,0.741866
4157,0.862429
4158,0.878888
4159,0.885855
4160,0.864856
4161,0.918575
4162,0.957547
4163,0.935275
4164,0.945689
4165,0.959614
4166,0.961865
4167,0.94921
4168,0.947849
4169,0.959038
4170,0.952239
4171,0.73668
4172,0.288229
4173,0.163923
4174,0.135234
4175,0.128988
4176,0.139799
4177,0.119734
4178,0.138565
4179,0.146914
4180,0.278204
4181,0.867765
4182,0.925516
4183,0.928606
4184,0.929646
4185,0.936845
4186,0.931828
4187,0.940843
4188,0.948007
4189,0.926482
4190,0.933961
4191,0.938934
4192,0.947728
4193,0.939607
4194,0.815775
4195,0.80366
4196,0.819421
4197,0.835858
4198,0.827748
4199,0.814381
4200,0.835279
4201,0.846988
4202,0.82878
4203,0.807337
4204,0.802678
4205,0.782833
4206,0.921691
4207,0.934406
4208,0.950402
4209,0.942617
4210,0.938351
4211,0.92813
4212,0.921263
4213,0.905418
4214,0.909653
4215,0.900227
4216,0.902318
4217,0.899881
4218,0.883018
4219,0.877656
4220,0.86034
4221,0.856472
4222,0.876055
4223,0.864197
4224,0.959228
4225,0.845026
4226,0.854888
4227,0.876703
4228,0.894525
4229,0.902825
4230,0.930418
4231,0.956264
4232,0.952841
4233,0.947126
4234,0.888935
4235,0.922205
4236,0.896306
4237,0.91948
4238,0.91409
4239,0.560845
4240,2.1e-05
4241,2e-06
4242,1e-06
4243,1e-06
4244,3e-06
4245,4e-06
4246,4e-06
4247,7e-06
4248,8e-06
4249,6e-06
4250,5e-06
4251,6e-06
4252,8e-06
4253,1.5e-05
4254,1e-05
4255,6e-06
4256,8e-06
4257,1.3e-05
4258,2e-05
4259,3.6e-05
4260,6.8e-05
4261,3.6e-05
4262,3e-05
4263,3e-05
4264,2.1e-05
4265,0.000205
4266,0.000349
4267,0.000446
4268,0.00044
4269,0.000441
4270,0.000388
4271,0.000419
4272,0.000384
4273,0.000225
4274,0.00014
4275,0.000126
4276,8e-05
4277,2.9e-05
4278,2.6e-05
4279,7.8e-05
4280,2.8e-05
4281,3.8e-05
4282,5.4e-05
4283,6.7e-05
4284,6e-05
4285,7.5e-05
4286,8e-05
4287,9.6e-05
4288,7.4e-05
4289,0.000122
4290,0.000123
4291,0.00013
4292,0.000144
4293,0.000136
4294,0.000189
4295,0.00022
4296,0.000112
4297,4.5e-05
4298,4.4e-05
4299,3.4e-05
4300,2.2e-05
4301,1.9e-05
4302,2.1e-05
4303,1.8e-05
4304,2.8e-05
4305,2.8e-05
4306,2.3e-05
4307,2.9e-05
4308,4.1e-05
4309,3e-05
4310,1.4e-05
4311,1.3e-05
4312,1.2e-05
4313,1.1e-05
4314,1.5e-05
4315,1.7e-05
4316,2.4e-05
4317,1.5e-05
4318,2e-05
4319,2.4e-05
4320,2.1e-05
4321,2.4e-05
4322,3.4e-05
4323,3.3e-05
4324,2.8e-05
4325,0
4326,0
4327,0
4328,0
4329,0
4330,0
4331,0
4332,0
4333,0
4334,0
4335,0
4336,0
4337,0
4338,0
4339,0
4340,0
4341,0.000105
4342,8.4e-05
4343,0
4344,0
4345,0
4346,3.8e-05
4347,0
4348,0
4349,0
4350,0
4351,0
4352,0
4353,0
4354,0
4355,0
4356,0
4357,0
4358,0
4359,0
4360,0
4361,0
4362,0
4363,0
4364,0
4365,0
4366,0
4367,0
4368,0
4369,0
4370,0
4371,0
4372,0
4373,0
4374,0
4375,0
4376,0
4377,0
4378,0
4379,0
4380,0
4381,0
4382,0
4383,0
4384,0
4385,0
4386,0
4387,0
4388,0
4389,0
4390,0
4391,0
4392,0
4393,0
4394,0
4395,0
4396,0
4397,0
4398,0
4399,0
4400,0
4401,0
4402,0
4403,0
4404,0
4405,0
4406,0
4407,0
4408,0
4409,0
4410,0
4411,0
4412,0
4413,0
4414,0
4415,0
4416,0
4417,0
4418,0
4419,0
4420,0
4421,0
4422,0
4423,0
4424,0
4425,0
4426,0
4427,0
4428,0
4429,0
4430,0
4431,0
4432,0
4433,0
4434,0
4435,0
4436,0
4437,0
4438,0
4439,0
4440,0
4441,0
4442,0
4443,0
4444,0
4445,0
4446,0
4447,0
4448,0
4449,0
4450,0
4451,0
4452,0
4453,0
4454,0
4455,0
4456,0
4457,0
4458,0
4459,0
4460,0
4461,0
4462,0
4463,0
4464,0
4465,0
4466,0
4467,0
4468,0
4469,0
4470,0
4471,0
4472,0
4473,0.000112
4474,0
4475,0
4476,0
4477,0
4478,0
4479,0
4480,0
4481,0
4482,7.3e-05
4483,6.4e-05
4484,2.5e-05
4485,2.5e-05
4486,2e-05
4487,9.5e-05
4488,0.000109
4489,0.00016
4490,0.0001
4491,0.000104
4492,0.000181
4493,0.000295
4494,0.000115
4495,8.1e-05
4496,0
4497,6.4e-05
4498,7.2e-05
4499,9.3e-05
4500,0
4501,0
4502,0
4503,0
4504,0
4505,0
4506,0
4507,0
4508,0
4509,0
4510,0
4511,0
4512,9.7e-05
4513,0
4514,0
4515,0.000257
4516,0.000158
4517,0.000168
4518,0.000127
4519,0
4520,0
4521,0
4522,0
4523,0
4524,0
4525,0
4526,0
4527,4e-06
4528,0
4529,2e-06
4530,0
4531,1.4e-05
4532,4e-06
4533,9e-06
4534,2.2e-05
4535,3.3e-05
4536,4.4e-05
4537,6.2e-05
4538,1.7e-05
4539,0.000101
4540,0.000237
4541,8.9e-05
4542,0.000103
4543,0.000126
4544,3.5e-05
4545,0.000101
4546,3.9e-05
4547,1.3e-05
4548,1.3e-05
4549,2.9e-05
4550,8.5e-05
4551,4e-05
4552,4.5e-05
4553,4.2e-05
4554,0.000176
4555,6.3e-05
4556,0.000106
4557,0.000162
4558,0.000164
4559,5.8e-05
4560,2.6e-05
4561,7.1e-05
4562,5.1e-05
4563,4.1e-05
4564,3.2e-05
4565,2.7e-05
4566,7.3e-05
4567,5.5e-05
4568,0.000216
4569,5.8e-05
4570,0.000158
4571,0.000147
4572,0.000176
4573,0.000121
4574,8.7e-05
4575,6.2e-05
4576,3e-05
4577,2.5e-05
4578,1.9e-05
4579,2.3e-05
4580,3.2e-05
4581,1.8e-05
4582,1.5e-05
4583,1.3e-05
4584,9e-06
4585,1.4e-05
4586,1.1e-05
4587,1.1e-05
4588,1.1e-05
4589,3e-06
4590,4e-06
4591,4e-06
4592,1e-05
4593,8e-06
4594,3e-06
4595,4e-06
4596,2e-06
4597,2e-06
4598,2e-06
4599,2e-06
4600,2e-06
4601,5e-06
4602,5e-06
4603,8e-06
4604,1.3e-05
4605,4e-06
4606,5e-06
4607,5e-06
4608,6e-06
4609,4e-06
4610,4e-06
4611,5e-06
4612,7e-06
4613,7e-06
4614,6e-06
4615,6e-06
4616,5e-06
4617,3e-06
4618,3e-06
4619,3e-06
4620,2e-06
4621,3e-06
4622,2e-06
4623,2e-06
4624,2e-06
4625,1e-06
4626,1e-06
4627,1e-06
4628,1e-06
4629,1e-06
4630,1e-06
4631,1e-06
4632,1e-06
4633,1e-06
4634,1e-06
4635,1e-06
4636,1e-06
4637,1e-06
4638,1e-06
4639,1e-06
4640,1e-06
4641,1e-06
4642,1e-06
4643,1e-06
4644,2e-06
4645,1e-06
4646,1e-06
4647,1e-06
4648,1e-06
4649,1e-06
4650,1e-06
4651,1e-06
4652,1e-06
4653,1e-06
4654,1e-06
4655,1e-06
4656,1e-06
4657,2e-06
4658,2e-06
4659,2e-06
4660,2e-06
4661,2e-06
4662,2e-06
4663,2e-06
4664,2e-06
4665,2e-06
4666,2e-06
4667,2e-06
4668,2e-06
4669,3e-06
4670,3e-06
4671,4e-06
4672,3e-06
4673,3e-06
4674,3e-06
4675,2e-06
4676,2e-06
4677,2e-06
4678,3e-06
4679,4e-06
4680,5e-06
4681,4e-06
4682,3e-06
4683,3e-06
4684,6e-06
4685,6e-06
4686,6e-06
4687,6e-06
4688,6e-06
4689,6e-06
4690,5e-06
4691,5e-06
4692,5e-06
4693,5e-06
4694,5e-06
4695,4e-06
4696,5e-06
4697,5e-06
4698,4e-06
4699,4e-06
4700,4e-06
4701,4e-06
4702,4e-06
4703,4e-06
4704,3e-06
4705,5e-06
4706,5e-06
4707,7e-06
4708,7e-06
4709,5e-06
4710,6e-06
4711,6e-06
4712,6e-06
4713,7e-06
4714,8e-06
4715,7e-06
4716,7e-06
4717,4e-06
4718,5e-06
4719,4e-06
4720,4e-06
4721,3e-06
4722,3e-06
4723,3e-06
4724,3e-06
4725,3e-06
4726,3e-06
4727,2e-06
4728,3e-06
4729,3e-06
4730,4e-06
4731,2e-06
4732,3e-06
4733,3e-06
4734,4e-06
4735,4e-06
4736,4e-06
4737,4e-06
4738,4e-06
4739,5e-06
4740,5e-06
4741,1e-05
4742,7e-06
4743,8e-06
4744,1.3e-05
4745,1e-05
4746,6e-06
4747,6e-06
4748,5e-06
4749,8e-06
4750,1e-06
4751,8e-06
4752,4e-06
4753,3e-06
4754,3e-06
4755,2e-06
4756,1e-06
4757,2e-06
4758,8e-06
4759,6.3e-05
4760,3.8e-05
4761,5.1e-05
4762,8.4e-05
4763,3.9e-05
4764,0.00017
4765,8.4e-05
4766,8.3e-05
4767,0.000128
4768,7.1e-05
4769,5.2e-05
4770,5.9e-05
4771,3.8e-05
4772,3.4e-05
4773,3.4e-05
4774,2.1e-05
4775,1.8e-05
4776,1.9e-05
4777,1e-05
4778,1.1e-05
4779,1.8e-05
4780,4.7e-05
4781,9.3e-05
4782,6.8e-05
4783,7.4e-05
4784,0.000126
4785,0.000114
4786,0.000125
4787,7.5e-05
4788,6.8e-05
4789,9.5e-05
4790,4.9e-05
4791,4.8e-05
4792,5.3e-05
4793,5.7e-05
4794,4.6e-05
4795,4.2e-05
4796,3.5e-05
4797,3.3e-05
4798,3e-05
4799,3.9e-05
4800,4.3e-05
4801,9e-06
4802,1e-05
4803,1.1e-05
4804,9e-06
4805,0.0
4806,0.0
4807,0.0
4808,1e-06
4809,0.0
4810,0.0
4811,0.0
4812,0.0
4813,0.0
4814,0.0
4815,0.0
4816,0.0
4817,0.0
4818,1e-06
4819,1e-06
4820,1e-06
4821,1e-06
4822,1e-06
4823,1e-06
4824,2e-06
4825,2e-06
4826,3e-06
4827,3e-06
4828,3e-06
4829,5e-06
4830,5e-06
4831,6e-06
4832,8e-06
4833,5e-06
4834,4e-06
4835,5e-06
4836,8e-06
4837,3e-06
4838,2e-06
4839,2e-06
4840,2e-06
4841,3e-06
4842,2e-06
4843,2e-06
4844,3e-06
4845,3e-06
4846,3e-06
4847,2e-06
4848,2e-06
4849,3e-06
4850,3e-06
4851,4e-06
4852,4e-06
4853,3e-06
4854,5e-06
4855,7e-06
4856,7e-06
4857,5e-06
4858,4e-06
4859,3e-06
4860,2e-06
4861,4e-06
4862,4e-06
4863,4e-06
4864,5e-06
4865,4e-06
4866,4e-06
4867,3e-06
4868,4e-06
4869,3e-06
4870,2e-06
4871,2e-06
4872,2e-06
4873,2e-06
4874,2e-06
4875,2e-06
4876,3e-06
4877,2e-06
4878,3e-06
4879,2e-06
4880,2e-06
4881,3e-06
4882,3e-06
4883,5e-06
4884,5e-06
4885,3e-06
4886,5e-06
4887,7e-06
4888,4e-06
4889,2e-06
4890,1e-06
4891,1e-06
4892,1e-06
4893,1e-06
4894,2e-06
4895,2.3e-05
4896,6e-06
4897,6e-06
4898,9e-06
4899,8e-06
4900,1.1e-05
4901,1.1e-05
4902,1.4e-05
4903,2.2e-05
4904,3e-05
4905,3.1e-05
4906,2.1e-05
4907,2.3e-05
4908,2.4e-05
4909,1e-05
4910,1.1e-05
4911,1e-05
4912,8e-06
4913,8e-06
4914,1.1e-05
4915,1.9e-05
4916,2e-05
4917,2.3e-05
4918,2.8e-05
4919,2.8e-05
4920,2.5e-05
4921,4.3e-05
4922,4.8e-05
4923,4.3e-05
4924,3.8e-05
4925,4.6e-05
4926,3.8e-05
4927,3.5e-05
4928,4e-05
4929,3.2e-05
4930,3.6e-05
4931,1.8e-05
4932,1.5e-05
4933,1.4e-05
4934,1.1e-05
4935,1.1e-05
4936,9e-06
4937,8e-06
4938,1.2e-05
4939,1.1e-05
4940,8e-06
4941,6e-06
4942,6e-06
4943,7e-06
4944,6e-06
4945,4e-06
4946,1.8e-05
4947,5e-06
4948,6e-06
4949,5e-06
4950,7e-06
4951,1.1e-05
4952,1.2e-05
4953,1.6e-05
4954,1.1e-05
4955,1.5e-05
4956,2.3e-05
4957,1.4e-05
4958,1.4e-05
4959,8e-06
4960,2e-06
4961,9e-06
4962,7e-06
4963,1.6e-05
4964,1.9e-05
4965,9e-06
4966,4e-06
4967,6e-06
4968,6e-06
4969,4.5e-05
4970,5.1e-05
4971,9e-05
4972,2.1e-05
4973,3.9e-05
4974,7.9e-05
4975,2.3e-05
4976,6.2e-05
4977,0.009064
4978,0.185135
4979,0.38885
4980,0.392161
4981,0.466558
4982,0.527849
4983,0.692287
4984,0.881559
4985,0.945065
4986,0.92328
4987,0.882549
4988,0.787206
4989,0.786225
4990,0.821158
4991,0.836272
4992,0.894347
4993,0.330136
4994,0.37075
4995,0.410288
4996,0.463919
4997,0.444216
4998,0.563303
4999,0.594329
5000,0.856942
5001,0.947917
5002,0.934498
5003,0.953529
5004,0.943346
5005,0.955776
5006,0.955769
5007,0.964783
5008,0.958019
5009,0.966125
5010,0.96239
5011,0.968517
5012,0.958461
5013,0.963491
5014,0.963888
5015,0.956279
5016,0.958719
5017,0.956517
5018,0.934734
5019,0.940417
5020,0.870107
5021,0.048102
5022,4.7e-05
5023,0.000103
5024,8.8e-05
5025,3.2e-05
5026,0.000107
5027,9.8e-05
5028,0.000144
5029,0.000112
5030,0.000149
5031,9.6e-05
5032,0.000114
5033,4.5e-05
5034,4.4e-05
5035,4.1e-05
5036,5.5e-05
5037,4.2e-05
5038,1.6e-05
5039,5e-06
5040,3.2e-05
5041,1e-06
5042,1e-06
5043,2e-06
5044,1.1e-05
5045,2.9e-05
5046,8e-06
5047,0.0
5048,0.0
5049,1e-06
5050,1e-06
5051,1e-06
5052,1e-06
5053,0.0
5054,0.0
5055,1e-06
5056,0.0
5057,1e-06
5058,1e-06
5059,1e-06
5060,7e-06
5061,1.8e-05
5062,9.8e-05
5063,8.8e-05
5064,0.000181
5065,0.003924
5066,0.03314
5067,0.023483
