1,0.81819
2,0.892252
3,0.890871
4,0.89817
5,0.900101
6,0.894451
7,0.918511
8,0.922766
9,0.927235
10,0.927856
11,0.962869
12,0.964985
13,0.955292
14,0.954953
15,0.959783
16,0.956034
17,0.960746
18,0.961362
19,0.959395
20,0.960377
21,0.964244
22,0.973418
23,0.9589
24,0.954487
25,0.967235
26,0.966702
27,0.96796
28,0.965688
29,0.953402
30,0.954484
31,0.949945
32,0.949301
33,0.948438
34,0.948688
35,0.944535
36,0.945401
37,0.938013
38,0.934045
39,0.924782
40,0.923692
41,0.92288
42,0.929951
43,0.929055
44,0.932342
45,0.923274
46,0.948641
47,0.939856
48,0.927896
49,0.918334
50,0.927764
51,0.893892
52,0.875696
53,0.842944
54,0.819558
55,0.820338
56,0.78035
57,0.794966
58,0.738209
59,0.782292
60,0.702841
61,0.655152
62,0.575743
63,0.665897
64,0.621271
65,0.579165
66,0.548083
67,0.495752
68,0.525553
69,0.523018
70,0.472683
71,0.540414
72,0.542811
73,0.469584
74,0.456244
75,0.433667
76,0.420753
77,0.383689
78,0.304231
79,0.310546
80,0.311752
81,0.25752
82,0.252109
83,0.241603
84,0.225197
85,0.20847
86,0.209029
87,0.220899
88,0.20816
89,0.218093
90,0.200615
91,0.193112
92,0.282745
93,0.272379
94,0.245353
95,0.3227
96,0.233997
97,0.1495
98,0.226465
99,0.231727
100,0.286361
101,0.326787
102,0.43378
103,0.454398
104,0.454832
105,0.392104
106,0.354553
107,0.47134
108,0.500543
109,0.541333
110,0.5459
111,0.607962
112,0.55953
113,0.583
114,0.573384
115,0.565958
116,0.270587
117,0.337712
118,0.391983
119,0.406761
120,0.335801
121,0.553142
122,0.543047
123,0.547718
124,0.51886
125,0.531753
126,0.612686
127,0.694633
128,0.79217
129,0.841264
130,0.869207
131,0.855894
132,0.877212
133,0.907154
134,0.935279
135,0.943862
136,0.962347
137,0.955829
138,0.947054
139,0.927798
140,0.943054
141,0.944857
142,0.955389
143,0.958676
144,0.961333
145,0.967965
146,0.97214
147,0.96874
148,0.964578
149,0.967625
150,0.964155
151,0.974783
152,0.976487
153,0.97892
154,0.98068
155,0.981584
156,0.981456
157,0.981318
158,0.983343
159,0.983173
160,0.982755
161,0.978314
162,0.975152
163,0.974371
164,0.975737
165,0.976288
166,0.975375
167,0.974922
168,0.975202
169,0.985153
170,0.98567
171,0.984781
172,0.985084
173,0.984168
174,0.985967
175,0.985175
176,0.985191
177,0.986662
178,0.983392
179,0.983111
180,0.979131
181,0.980038
182,0.980442
183,0.979407
184,0.980671
185,0.978507
186,0.982089
187,0.977145
188,0.983451
189,0.982075
190,0.982667
191,0.982081
192,0.983112
193,0.98509
194,0.987173
195,0.984377
196,0.985178
197,0.981099
198,0.983117
199,0.980065
200,0.980982
201,0.981074
202,0.980403
203,0.98062
204,0.976208
205,0.977813
206,0.980197
207,0.97994
208,0.981712
209,0.979654
210,0.979351
211,0.978934
212,0.978602
213,0.979162
214,0.978541
215,0.979916
216,0.981557
217,0.984643
218,0.982454
219,0.979411
220,0.977384
221,0.975754
222,0.97665
223,0.975425
224,0.973932
225,0.972002
226,0.981772
227,0.972538
228,0.976863
229,0.951198
230,0.94549
231,0.946932
232,0.945986
233,0.950403
234,0.936979
235,0.939375
236,0.939749
237,0.94681
238,0.928382
239,0.912398
240,0.899554
241,0.914918
242,0.916676
243,0.913978
244,0.915892
245,0.91758
246,0.915725
247,0.914646
248,0.911898
249,0.901257
250,0.906207
251,0.869812
252,0.86899
253,0.835124
254,0.834116
255,0.850828
256,0.864884
257,0.897528
258,0.875696
259,0.867416
260,0.814286
261,0.810736
262,0.747037
263,0.726648
264,0.727108
265,0.766668
266,0.740352
267,0.745117
268,0.765009
269,0.864056
270,0.885527
271,0.939009
272,0.92256
273,0.90733
274,0.913867
275,0.894757
276,0.805909
277,0.914591
278,0.8425
279,0.916807
280,0.847874
281,0.844142
282,0.815671
283,0.812237
284,0.789296
285,0.790354
286,0.800689
287,0.868823
288,0.856678
289,0.88068
290,0.92186
291,0.938362
292,0.946444
293,0.950107
294,0.9483
295,0.948049
296,0.948534
297,0.947716
298,0.948999
299,0.949705
300,0.94523
301,0.956297
302,0.956955
303,0.955478
304,0.95706
305,0.96064
306,0.962245
307,0.964805
308,0.961644
309,0.966667
310,0.969231
311,0.966993
312,0.964456
313,0.956288
314,0.956998
315,0.969216
316,0.969961
317,0.974491
318,0.975204
319,0.972349
320,0.972346
321,0.970893
322,0.973938
323,0.970636
324,0.97057
325,0.968396
326,0.973843
327,0.974202
328,0.97425
329,0.975162
330,0.97655
331,0.978889
332,0.977591
333,0.976984
334,0.977693
335,0.97774
336,0.979742
337,0.981984
338,0.981333
339,0.924241
340,0.064785
341,0.127377
342,0.731686
343,0.869683
344,0.973634
345,0.976254
346,0.980318
347,0.984162
348,0.983945
349,0.984897
350,0.986213
351,0.98627
352,0.986575
353,0.985151
354,0.986444
355,0.986668
356,0.986301
357,0.984762
358,0.983085
359,0.981442
360,0.980586
361,0.975897
362,0.976125
363,0.977282
364,0.979262
365,0.979443
366,0.978413
367,0.978261
368,0.97859
369,0.977598
370,0.97862
371,0.976191
372,0.976204
373,0.975352
374,0.975972
375,0.982461
376,0.985319
377,0.987131
378,0.986019
379,0.986528
380,0.984313
381,0.983402
382,0.984745
383,0.985376
384,0.984303
385,0.979314
386,0.980129
387,0.97887
388,0.97947
389,0.967677
390,0.009517
391,0.005663
392,0.100925
393,0.125551
394,0.840996
395,0.910492
396,0.94688
397,0.966346
398,0.97156
399,0.977383
400,0.978443
401,0.980369
402,0.981896
403,0.982592
404,0.982662
405,0.982971
406,0.982266
407,0.982935
408,0.985051
409,0.985768
410,0.986512
411,0.985289
412,0.983123
413,0.981717
414,0.984595
415,0.9845
416,0.983569
417,0.984308
418,0.983762
419,0.982883
420,0.982505
421,0.979604
422,0.980617
423,0.979554
424,0.979239
425,0.981459
426,0.979442
427,0.979728
428,0.978419
429,0.979012
430,0.975149
431,0.976226
432,0.976248
433,0.975721
434,0.974806
435,0.974778
436,0.97471
437,0.976438
438,0.977255
439,0.978414
440,0.975075
441,0.974847
442,0.97444
443,0.972917
444,0.974995
445,0.960952
446,0.960805
447,0.960429
448,0.963041
449,0.966998
450,0.965046
451,0.96114
452,0.96277
453,0.952598
454,0.952763
455,0.94485
456,0.937775
457,0.947422
458,0.939051
459,0.939885
460,0.94132
461,0.942045
462,0.927832
463,0.925537
464,0.911557
465,0.911756
466,0.907585
467,0.89172
468,0.908628
469,0.895046
470,0.90019
471,0.897988
472,0.871132
473,0.880151
474,0.878343
475,0.891629
476,0.891204
477,0.897413
478,0.901593
479,0.897603
480,0.875876
481,0.876642
482,0.897076
483,0.906605
484,0.915371
485,0.919348
486,0.917565
487,0.912858
488,0.929071
489,0.927295
490,0.924255
491,0.929411
492,0.921456
493,0.91738
494,0.918768
495,0.921222
496,0.928073
497,0.928356
498,0.930097
499,0.93129
500,0.929612
501,0.938991
502,0.939867
503,0.935323
504,0.926141
505,0.901171
506,0.928175
507,0.934853
508,0.937506
509,0.937116
510,0.938892
511,0.945275
512,0.95134
513,0.942281
514,0.94311
515,0.942046
516,0.939496
517,0.924296
518,0.9337
519,0.954507
520,0.96012
521,0.960383
522,0.949786
523,0.964386
524,0.973615
525,0.972855
526,0.975526
527,0.977363
528,0.975791
529,0.980884
530,0.979938
531,0.982404
532,0.982858
533,0.986255
534,0.987691
535,0.988279
536,0.988964
537,0.98848
538,0.988813
539,0.988825
540,0.988587
541,0.987506
542,0.987543
543,0.986731
544,0.986713
545,0.985117
546,0.983737
547,0.982524
548,0.981731
549,0.982285
550,0.982673
551,0.982491
552,0.980883
553,0.981336
554,0.981181
555,0.980576
556,0.980818
557,0.982076
558,0.984451
559,0.985146
560,0.986127
561,0.986272
562,0.986341
563,0.985608
564,0.981503
565,0.978478
566,0.976777
567,0.971507
568,0.967767
569,0.969383
570,0.964814
571,0.966545
572,0.966223
573,0.957277
574,0.94745
575,0.941544
576,0.936011
577,0.933977
578,0.914102
579,0.917068
580,0.938812
581,0.95009
582,0.94658
583,0.934151
584,0.924309
585,0.935293
586,0.919444
587,0.927306
588,0.927761
589,0.903652
590,0.874759
591,0.865519
592,0.849602
593,0.869477
594,0.869633
595,0.864399
596,0.873836
597,0.884939
598,0.880463
599,0.890501
600,0.897005
601,0.892221
602,0.892113
603,0.857861
604,0.874335
605,0.867144
606,0.861795
607,0.874348
608,0.895092
609,0.915113
610,0.935147
611,0.949063
612,0.949184
613,0.947406
614,0.953818
615,0.95603
616,0.954818
617,0.955919
618,0.950759
619,0.958247
620,0.961162
621,0.958544
622,0.956738
623,0.961956
624,0.963513
625,0.957671
626,0.967743
627,0.962477
628,0.966251
629,0.959843
630,0.966412
631,0.971513
632,0.970254
633,0.974182
634,0.977241
635,0.97832
636,0.97879
637,0.981602
638,0.982118
639,0.981917
640,0.980047
641,0.980065
642,0.980706
643,0.979777
644,0.980782
645,0.980169
646,0.981522
647,0.980557
648,0.982365
649,0.981547
650,0.983056
651,0.984172
652,0.981242
653,0.994413
654,0.994448
655,0.994169
656,0.993984
657,0.993525
658,0.993774
659,0.994327
660,0.993818
661,0.993513
662,0.992479
663,0.991925
664,0.992605
665,0.991974
666,0.991668
667,0.991376
668,0.991459
669,0.991606
670,0.990817
671,0.991566
672,0.990364
673,0.991536
674,0.991921
675,0.991588
676,0.992303
677,0.991808
678,0.992526
679,0.992619
680,0.992931
681,0.99345
682,0.992915
683,0.99287
684,0.99224
685,0.989323
686,0.990848
687,0.991176
688,0.991874
689,0.992731
690,0.993835
691,0.994505
692,0.994251
693,0.99431
694,0.994015
695,0.993196
696,0.993797
697,0.99258
698,0.992657
699,0.992906
700,0.992411
701,0.992244
702,0.992141
703,0.9916
704,0.991556
705,0.991739
706,0.990827
707,0.990451
708,0.991474
709,0.982482
710,0.983648
711,0.982833
712,0.954412
713,0.190493
714,0.34303
715,0.943142
716,0.986007
717,0.972751
718,0.978871
719,0.978638
720,0.978296
721,0.979335
722,0.979582
723,0.973551
724,0.970489
725,0.971857
726,0.972957
727,0.965808
728,0.962215
729,0.965252
730,0.978019
731,0.967689
732,0.970278
733,0.953992
734,0.954233
735,0.946756
736,0.949555
737,0.950396
738,0.947113
739,0.943452
740,0.922425
741,0.927583
742,0.61692
743,0.039545
744,0.012671
745,0.06663
746,0.738509
747,0.862671
748,0.836525
749,0.837457
750,0.81495
751,0.686875
752,0.656911
753,0.675197
754,0.621015
755,0.600454
756,0.574664
757,0.59788
758,0.599204
759,0.605795
760,0.614806
761,0.614237
762,0.591384
763,0.602616
764,0.568484
765,0.515145
766,0.497704
767,0.45858
768,0.481719
769,0.412158
770,0.399099
771,0.426698
772,0.407318
773,0.419099
774,0.415267
775,0.403623
776,0.383412
777,0.386068
778,0.396733
779,0.44554
780,0.449223
781,0.405225
782,0.417328
783,0.433476
784,0.474009
785,0.419593
786,0.412666
787,0.399483
788,0.370674
789,0.371943
790,0.4682
791,0.440764
792,0.460895
793,0.370248
794,0.410349
795,0.360929
796,0.405435
797,0.424684
798,0.407428
799,0.417839
800,0.414901
801,0.494825
802,0.545854
803,0.627785
804,0.606597
805,0.706396
806,0.706839
807,0.730496
808,0.731797
809,0.77992
810,0.781074
811,0.771851
812,0.793852
813,0.811578
814,0.814552
815,0.817128
816,0.833138
817,0.809446
818,0.815899
819,0.817902
820,0.819889
821,0.814357
822,0.819765
823,0.82499
824,0.833739
825,0.845701
826,0.85931
827,0.884542
828,0.909644
829,0.91485
830,0.924501
831,0.923533
832,0.942027
833,0.948877
834,0.960688
835,0.956131
836,0.957802
837,0.960177
838,0.96247
839,0.961293
840,0.963443
841,0.968827
842,0.975801
843,0.976255
844,0.977085
845,0.977897
846,0.974286
847,0.976508
848,0.976102
849,0.975727
850,0.97598
851,0.975406
852,0.974899
853,0.975754
854,0.974669
855,0.977463
856,0.981532
857,0.981347
858,0.981737
859,0.982621
860,0.981603
861,0.982248
862,0.98312
863,0.983841
864,0.983598
865,0.981591
866,0.98246
867,0.984535
868,0.985324
869,0.982026
870,0.982481
871,0.982178
872,0.984042
873,0.98295
874,0.982274
875,0.982767
876,0.980103
877,0.976034
878,0.980016
879,0.975627
880,0.973262
881,0.97287
882,0.970293
883,0.97009
884,0.973203
885,0.971461
886,0.976333
887,0.977259
888,0.97842
889,0.972355
890,0.968821
891,0.968512
892,0.968759
893,0.966214
894,0.965594
895,0.968225
896,0.963927
897,0.964443
898,0.964493
899,0.968202
900,0.971418
901,0.977589
902,0.97651
903,0.974735
904,0.975307
905,0.976929
906,0.974639
907,0.975315
908,0.978634
909,0.97713
910,0.97973
911,0.981038
912,0.978568
913,0.980073
914,0.981127
915,0.982113
916,0.981552
917,0.980742
918,0.981
919,0.982251
920,0.980398
921,0.97706
922,0.977488
923,0.976374
924,0.975774
925,0.978927
926,0.979864
927,0.9786
928,0.979222
929,0.980467
930,0.980902
931,0.981015
932,0.982287
933,0.981602
934,0.982513
935,0.982092
936,0.982312
937,0.984716
938,0.985081
939,0.98356
940,0.983411
941,0.983862
942,0.984168
943,0.982971
944,0.98343
945,0.982219
946,0.982281
947,0.982007
948,0.982276
949,0.983292
950,0.982515
951,0.982811
952,0.981931
953,0.982072
954,0.980633
955,0.980051
956,0.978373
957,0.979099
958,0.979001
959,0.97888
960,0.9799
961,0.979736
962,0.979226
963,0.97887
964,0.979303
965,0.979148
966,0.979668
967,0.980004
968,0.981293
969,0.982888
970,0.982909
971,0.98259
972,0.982974
973,0.981524
974,0.983216
975,0.9846
976,0.984362
977,0.984465
978,0.984484
979,0.984768
980,0.985805
981,0.985757
982,0.985928
983,0.985623
984,0.983804
985,0.983198
986,0.983325
987,0.983252
988,0.983499
989,0.983526
990,0.983732
991,0.98327
992,0.98361
993,0.984444
994,0.985218
995,0.985145
996,0.985079
997,0.985329
998,0.986938
999,0.987129
1000,0.987327
1001,0.987863
1002,0.9875
1003,0.987547
1004,0.985842
1005,0.986219
1006,0.985744
1007,0.985233
1008,0.985193
1009,0.980772
1010,0.981732
1011,0.97716
1012,0.981644
1013,0.982971
1014,0.980873
1015,0.979672
1016,0.981122
1017,0.980978
1018,0.979894
1019,0.978551
1020,0.978265
1021,0.978878
1022,0.985141
1023,0.969248
1024,0.973412
1025,0.979996
1026,0.981318
1027,0.983864
1028,0.982662
1029,0.980225
1030,0.982119
1031,0.982832
1032,0.983304
1033,0.98348
1034,0.982904
1035,0.977647
1036,0.982092
1037,0.979539
1038,0.976204
1039,0.977102
1040,0.975821
1041,0.971096
1042,0.971397
1043,0.970628
1044,0.972937
1045,0.968212
1046,0.970733
1047,0.970829
1048,0.973268
1049,0.972072
1050,0.972093
1051,0.965093
1052,0.972422
1053,0.974224
1054,0.971719
1055,0.972514
1056,0.971633
1057,0.972282
1058,0.977997
1059,0.977104
1060,0.975862
1061,0.976424
1062,0.977336
1063,0.976658
1064,0.975219
1065,0.973768
1066,0.974838
1067,0.976355
1068,0.97714
1069,0.981634
1070,0.982862
1071,0.982635
1072,0.983202
1073,0.982669
1074,0.983427
1075,0.983783
1076,0.980382
1077,0.982655
1078,0.983093
1079,0.983256
1080,0.983866
1081,0.985685
1082,0.985132
1083,0.985066
1084,0.986023
1085,0.985311
1086,0.985481
1087,0.986375
1088,0.985763
1089,0.983149
1090,0.981326
1091,0.984927
1092,0.985923
1093,0.981192
1094,0.979439
1095,0.980769
1096,0.981356
1097,0.979735
1098,0.980773
1099,0.982233
1100,0.982471
1101,0.982985
1102,0.982601
1103,0.983599
1104,0.982161
1105,0.981004
1106,0.980257
1107,0.980933
1108,0.978568
1109,0.974733
1110,0.969713
1111,0.972819
1112,0.970269
1113,0.962209
1114,0.966161
1115,0.969851
1116,0.968125
1117,0.968737
1118,0.967633
1119,0.968451
1120,0.96781
1121,0.969855
1122,0.971015
1123,0.972707
1124,0.977395
1125,0.975633
1126,0.973974
1127,0.977882
1128,0.977485
1129,0.974982
1130,0.977226
1131,0.975707
1132,0.974838
1133,0.974116
1134,0.974661
1135,0.974977
1136,0.975737
1137,0.976019
1138,0.975522
1139,0.976598
1140,0.9787
1141,0.976719
1142,0.974274
1143,0.978428
1144,0.97764
1145,0.974184
1146,0.967651
1147,0.643531
1148,0.325489
1149,0.376535
1150,0.766623
1151,0.922088
1152,0.964955
1153,0.976386
1154,0.976845
1155,0.975307
1156,0.974606
1157,0.974565
1158,0.978472
1159,0.98266
1160,0.981759
1161,0.978836
1162,0.978526
1163,0.979375
1164,0.978312
1165,0.975062
1166,0.969639
1167,0.969614
1168,0.967882
1169,0.971811
1170,0.97031
1171,0.973164
1172,0.973742
1173,0.970381
1174,0.972947
1175,0.969973
1176,0.972794
1177,0.970643
1178,0.972068
1179,0.971246
1180,0.971237
1181,0.971207
1182,0.974067
1183,0.975818
1184,0.975348
1185,0.975381
1186,0.978509
1187,0.976031
1188,0.972531
1189,0.965009
1190,0.964544
1191,0.966901
1192,0.966063
1193,0.96803
1194,0.967284
1195,0.971139
1196,0.969066
1197,0.958878
1198,0.9682
1199,0.968348
1200,0.968135
1201,0.971048
1202,0.972224
1203,0.966305
1204,0.970951
1205,0.973884
1206,0.967999
1207,0.974273
1208,0.975993
1209,0.976114
1210,0.97628
1211,0.97487
1212,0.975191
1213,0.971327
1214,0.971459
1215,0.972818
1216,0.974267
1217,0.975457
1218,0.975378
1219,0.977459
1220,0.978711
1221,0.977976
1222,0.980139
1223,0.980292
1224,0.979898
1225,0.97936
1226,0.977933
1227,0.975114
1228,0.974607
1229,0.971714
1230,0.970564
1231,0.971409
1232,0.972533
1233,0.972459
1234,0.969983
1235,0.968798
1236,0.969436
1237,0.968634
1238,0.966798
1239,0.962436
1240,0.956105
1241,0.949615
1242,0.940463
1243,0.944007
1244,0.931733
1245,0.925028
1246,0.898112
1247,0.895508
1248,0.896065
1249,0.911652
1250,0.900539
1251,0.894314
1252,0.889141
1253,0.835713
1254,0.793622
1255,0.702346
1256,0.604759
1257,0.608789
1258,0.589173
1259,0.555402
1260,0.614447
1261,0.453614
1262,0.438499
1263,0.421659
1264,0.422847
1265,0.426349
1266,0.420113
1267,0.418929
1268,0.411125
1269,0.352309
1270,0.346256
1271,0.396965
1272,0.304923
1273,0.23133
1274,0.163583
1275,0.20192
1276,0.205943
1277,0.196459
1278,0.176612
1279,0.201397
1280,0.197386
1281,0.194826
1282,0.144475
1283,0.133817
1284,0.124218
1285,0.132081
1286,0.131484
1287,0.134504
1288,0.17319
1289,0.164776
1290,0.203876
1291,0.194287
1292,0.146183
1293,0.153458
1294,0.222478
1295,0.308675
1296,0.316345
1297,0.262543
1298,0.287768
1299,0.28111
1300,0.276772
1301,0.396726
1302,0.422795
1303,0.527528
1304,0.483839
1305,0.457005
1306,0.408693
1307,0.364058
1308,0.414468
1309,0.370122
1310,0.344813
1311,0.318279
1312,0.314524
1313,0.322896
1314,0.35166
1315,0.390502
1316,0.434079
1317,0.361944
1318,0.371278
1319,0.627867
1320,0.077384
1321,0.064677
1322,0.615691
1323,0.90264
1324,0.92154
1325,0.870184
1326,0.752599
1327,0.732835
1328,0.710461
1329,0.81903
1330,0.785264
1331,0.805918
1332,0.823683
1333,0.752798
1334,0.823452
1335,0.799688
1336,0.828292
1337,0.813481
1338,0.87615
1339,0.889835
1340,0.913748
1341,0.938425
1342,0.938918
1343,0.91376
1344,0.934535
1345,0.924957
1346,0.924763
1347,0.921656
1348,0.913846
1349,0.917308
1350,0.91636
1351,0.924438
