1,0.644906
2,0.582518
3,0.625793
4,0.687199
5,0.828095
6,0.841683
7,0.870399
8,0.909389
9,0.898932
10,0.88234
11,0.921317
12,0.915409
13,0.95793
14,0.953592
15,0.948605
16,0.940839
17,0.944076
18,0.930389
19,0.881595
20,0.897066
21,0.90487
22,0.920054
23,0.945616
24,0.965764
25,0.954674
26,0.975662
27,0.967358
28,0.975887
29,0.972404
30,0.97311
31,0.968662
32,0.97219
33,0.976027
34,0.979156
35,0.976154
36,0.974907
37,0.98993
38,0.98946
39,0.989621
40,0.989526
41,0.990584
42,0.990955
43,0.992223
44,0.989011
45,0.988971
46,0.988836
47,0.986222
48,0.985511
49,0.973666
50,0.969466
51,0.95838
52,0.923887
53,0.913519
54,0.931297
55,0.949762
56,0.930096
57,0.929547
58,0.907127
59,0.866614
60,0.693387
61,0.884227
62,0.875461
63,0.900886
64,0.922911
65,0.940097
66,0.950898
67,0.952396
68,0.955483
69,0.85032
70,0.900244
71,0.906044
72,0.906691
73,0.829973
74,0.840904
75,0.852683
76,0.820731
77,0.805952
78,0.783891
79,0.750865
80,0.785397
81,0.736106
82,0.742697
83,0.716644
84,0.527395
85,0.581689
86,0.67842
87,0.463218
88,0.687658
89,0.739146
90,0.559002
91,0.697989
92,0.628718
93,0.665365
94,0.630937
95,0.541813
96,0.515211
97,0.433581
98,0.448278
99,0.445723
100,0.376603
101,0.380496
102,0.378576
103,0.319365
104,0.396742
105,0.522454
106,0.642564
107,0.704986
108,0.72866
109,0.79156
110,0.797356
111,0.796938
112,0.806142
113,0.88346
114,0.788794
115,0.887277
116,0.911302
117,0.923543
118,0.924735
119,0.93139
120,0.884895
121,0.714343
122,0.740194
123,0.731399
124,0.750234
125,0.804434
126,0.859647
127,0.899806
128,0.907077
129,0.910288
130,0.908939
131,0.918559
132,0.872318
133,0.720714
134,0.162792
135,0.832952
136,0.953471
137,0.969002
138,0.977007
139,0.954696
140,0.965179
141,0.965301
142,0.968667
143,0.973532
144,0.976096
145,0.981361
146,0.984149
147,0.98181
148,0.983969
149,0.984268
150,0.984293
151,0.985837
152,0.985992
153,0.984315
154,0.985287
155,0.986085
156,0.987074
157,0.990094
158,0.990933
159,0.989235
160,0.98849
161,0.987623
162,0.987369
163,0.989914
164,0.987513
165,0.987409
166,0.988182
167,0.990077
168,0.988357
169,0.987815
170,0.988007
171,0.988856
172,0.990825
173,0.991173
174,0.990102
175,0.990014
176,0.988374
177,0.990923
178,0.990308
179,0.991016
180,0.991261
181,0.992277
182,0.990583
183,0.99122
184,0.989928
185,0.991397
186,0.991316
187,0.990999
188,0.989739
189,0.98802
190,0.987337
191,0.9897
192,0.989138
193,0.985674
194,0.986623
195,0.9857
196,0.989214
197,0.987782
198,0.991552
199,0.991656
200,0.990873
201,0.991134
202,0.991005
203,0.979565
204,0.502028
205,0.001659
206,0.00718
207,0.001358
208,0.000228
209,0.000163
210,0.000425
211,0.000641
212,0.00074
213,0.001875
214,0.002528
215,0.001162
216,0.000974
217,0.000591
218,0.000705
219,0.00051
220,0.000247
221,0.000316
222,0.000319
223,0.000222
224,0.000209
225,0.000148
226,0.000135
227,9.9e-05
228,0.000142
229,0.000408
230,0.000294
231,0.000303
232,0.000219
233,0.00026
234,0.00032
235,0.000329
236,0.000319
237,0.000303
238,0.000281
239,0.000354
240,0.00063
241,0.000418
242,0.000253
243,0.000173
244,0.000125
245,0.000173
246,0.000259
247,0.000848
248,0.000668
249,0.000121
250,7.7e-05
251,0.000291
252,0.000406
253,0.166306
254,0.786097
255,0.781757
256,0.747424
257,0.804181
258,0.781515
259,0.761048
260,0.807468
261,0.709668
262,0.0912
263,0.00616
264,0.003145
265,0.005793
266,0.004226
267,0.001958
268,0.000864
269,0.001266
270,0.000717
271,0.00024
272,0.000339
273,0.000747
274,0.001116
275,0.201672
276,0.597659
277,0.500656
278,0.753786
279,0.834976
280,0.581577
281,0.645538
282,0.759426
283,0.798827
284,0.910823
285,0.940111
286,0.963354
287,0.960601
288,0.961828
289,0.909424
290,0.915704
291,0.893794
292,0.903808
293,0.932474
294,0.945355
295,0.949674
296,0.960136
297,0.936616
298,0.948318
299,0.968483
300,0.971394
301,0.984441
302,0.985081
303,0.979801
304,0.991094
305,0.993258
306,0.991911
307,0.980891
308,0.969471
309,0.979591
310,0.972362
311,0.970721
312,0.967024
313,0.965246
314,0.968875
315,0.976249
316,0.981947
317,0.98289
318,0.989711
319,0.986324
320,0.988141
321,0.990278
322,0.991045
323,0.99146
324,0.991767
325,0.987514
326,0.985299
327,0.987943
328,0.98737
329,0.991066
330,0.991722
331,0.994001
332,0.993105
333,0.991261
334,0.992494
335,0.993165
336,0.993008
337,0.993395
338,0.993237
339,0.993104
340,0.993122
341,0.993378
342,0.994449
343,0.994101
344,0.994316
345,0.994194
346,0.993492
347,0.993454
348,0.995105
349,0.994967
350,0.995218
351,0.995251
352,0.993919
353,0.994266
354,0.993704
355,0.993577
356,0.991747
357,0.991692
358,0.990866
359,0.991418
360,0.991459
361,0.994658
362,0.991877
363,0.990973
364,0.990877
365,0.991176
366,0.983529
367,0.667929
368,0.473526
369,0.738755
370,0.947855
371,0.966124
372,0.974226
373,0.986407
374,0.987425
375,0.991296
376,0.993096
377,0.992991
378,0.994587
379,0.994886
380,0.995932
381,0.995831
382,0.996102
383,0.995191
384,0.995245
385,0.995311
386,0.996032
387,0.995844
388,0.995725
389,0.995296
390,0.996095
391,0.996279
392,0.99644
393,0.996971
394,0.996497
395,0.996632
396,0.996586
397,0.99583
398,0.995764
399,0.996144
400,0.996608
401,0.996926
402,0.997137
403,0.997302
404,0.997486
405,0.996979
406,0.992091
407,0.993226
408,0.99677
409,0.996274
410,0.996922
411,0.996974
412,0.99651
413,0.996206
414,0.996879
415,0.997014
416,0.996849
417,0.996815
418,0.997116
419,0.99689
420,0.996863
421,0.996238
422,0.996625
423,0.996716
424,0.996597
425,0.996682
426,0.996736
427,0.996719
428,0.996608
429,0.996716
430,0.996347
431,0.990568
432,0.991659
433,0.991833
434,0.99221
435,0.992578
436,0.992127
437,0.991948
438,0.991763
439,0.990464
440,0.989079
441,0.987949
442,0.940157
443,0.061986
444,0.014147
445,0.009583
446,0.006187
447,0.004495
448,0.003696
449,0.003382
450,0.003683
451,0.003869
452,0.003385
453,0.003479
454,0.002539
455,0.003139
456,0.003335
457,0.000177
458,0.005485
459,0.03217
460,0.039403
461,0.458415
462,0.901365
463,0.923974
464,0.92191
465,0.925821
466,0.952155
467,0.963203
468,0.973597
469,0.974329
470,0.976412
471,0.986298
472,0.988387
473,0.991404
474,0.99178
475,0.984813
476,0.990546
477,0.99148
478,0.990516
479,0.988325
480,0.986513
481,0.976327
482,0.979249
483,0.978202
484,0.978718
485,0.973461
486,0.978703
487,0.979026
488,0.97954
489,0.977119
490,0.968784
491,0.971573
492,0.986904
493,0.991839
494,0.986748
495,0.988239
496,0.987771
497,0.994843
498,0.98632
499,0.980652
500,0.987728
501,0.989018
502,0.995334
503,0.990248
504,0.992736
505,0.99605
506,0.98787
507,0.989614
508,0.990888
509,0.991395
510,0.990176
511,0.991571
512,0.991445
513,0.991932
514,0.990326
515,0.99111
516,0.988143
517,0.987193
518,0.987695
519,0.987655
520,0.987322
521,0.988461
522,0.990235
523,0.990151
524,0.992716
525,0.992598
526,0.997001
527,0.991737
528,0.990672
529,0.996073
530,0.995893
531,0.996213
532,0.995665
533,0.995692
534,0.995179
535,0.995061
536,0.994667
537,0.995942
538,0.995393
539,0.995338
540,0.994935
541,0.994131
542,0.994585
543,0.994066
544,0.837468
545,0.009226
546,0.014009
547,0.020577
548,0.005815
549,0.003824
550,0.000837
551,0.000204
552,0.000212
553,0.00015
554,0.001511
555,0.0019
556,0.000883
557,0.001335
558,0.002078
559,0.003291
560,0.001959
561,0.001179
562,0.000809
563,0.000494
564,0.02336
565,0.921188
566,0.971243
567,0.979714
568,0.960763
569,0.919156
570,0.929254
571,0.949797
572,0.928286
573,0.874591
574,0.86174
575,0.850125
576,0.83542
577,0.867839
578,0.851998
579,0.876889
580,0.852455
581,0.835963
582,0.799335
583,0.826404
584,0.829431
585,0.829023
586,0.855784
587,0.855071
588,0.88053
589,0.843513
590,0.835985
591,0.84436
592,0.849174
593,0.854684
594,0.859073
595,0.866672
596,0.878749
597,0.882335
598,0.872219
599,0.851912
600,0.857552
601,0.906071
602,0.914406
603,0.910378
604,0.888316
605,0.765955
606,0.072719
607,0.005156
608,0.00481
609,0.002864
610,0.001955
611,0.00352
612,0.002079
613,0.002066
614,0.001882
615,0.001027
616,0.001253
617,0.001247
618,0.00054
619,0.002245
620,0.003028
621,0.001976
622,0.001456
623,0.001901
624,0.003394
625,0.004065
626,0.002552
627,0.000245
628,0.000212
629,0.00144
630,0.001585
631,0.001068
632,0.001311
633,0.000255
634,0.000302
635,0.000351
636,0.000295
637,0.000377
638,0.000247
639,0.000473
640,0.000259
641,0.00021
642,0.00028
643,0.000271
644,0.000313
645,0.000313
646,0.000149
647,0.000149
648,0.001872
649,0.701317
650,0.905518
651,0.966517
652,0.964533
653,0.972253
654,0.975889
655,0.973731
656,0.978527
657,0.981557
658,0.987955
659,0.989564
660,0.989407
661,0.990439
662,0.991833
663,0.990068
664,0.988559
665,0.987628
666,0.982307
667,0.914927
668,0.694059
669,0.615026
670,0.655793
671,0.49627
672,0.893815
673,0.877326
674,0.910085
675,0.936415
676,0.943904
677,0.928794
678,0.935708
679,0.952516
680,0.950638
681,0.944101
682,0.964544
683,0.949627
684,0.957735
685,0.964866
686,0.971509
687,0.977957
688,0.97334
689,0.971678
690,0.967438
691,0.931835
692,0.987614
693,0.98251
694,0.982956
695,0.944367
696,0.992316
697,0.987168
698,0.990948
699,0.992354
700,0.992592
701,0.992979
702,0.993371
703,0.992714
704,0.993064
705,0.99217
706,0.993802
707,0.994968
708,0.995919
709,0.991098
710,0.990807
711,0.992498
712,0.992799
713,0.993118
714,0.993916
715,0.992011
716,0.991324
717,0.990745
718,0.989429
719,0.988415
720,0.988078
721,0.989827
722,0.991221
723,0.991273
724,0.991529
725,0.991547
726,0.991525
727,0.990787
728,0.990824
729,0.990255
730,0.989693
731,0.990949
732,0.992234
733,0.981807
734,0.982862
735,0.982838
736,0.98156
737,0.97856
738,0.975369
739,0.976979
740,0.972968
741,0.973333
742,0.97306
743,0.974651
744,0.970949
745,0.662158
746,0.828094
747,0.92327
748,0.965687
749,0.976226
750,0.975273
751,0.970859
752,0.965932
753,0.971372
754,0.966211
755,0.965694
756,0.968758
757,0.954106
758,0.95057
759,0.932896
760,0.918435
761,0.890797
762,0.888255
763,0.904999
764,0.897764
765,0.851684
766,0.837084
767,0.763723
768,0.75676
769,0.873027
770,0.849058
771,0.833534
772,0.865202
773,0.881848
774,0.884126
775,0.868927
776,0.883156
777,0.921156
778,0.916817
779,0.903528
780,0.870594
781,0.669458
782,0.636664
783,0.634826
784,0.63988
785,0.599256
786,0.55262
787,0.627135
788,0.674913
789,0.662265
790,0.641196
791,0.674881
792,0.710382
793,0.418929
794,0.579787
795,0.869178
796,0.82857
797,0.847002
798,0.894446
799,0.872516
800,0.884254
801,0.876395
802,0.868358
803,0.86265
804,0.86447
805,0.910925
806,0.905613
807,0.904747
808,0.912574
809,0.894244
810,0.902723
811,0.910515
812,0.913534
813,0.924109
814,0.921274
815,0.930624
816,0.938093
817,0.914421
818,0.922252
819,0.93371
820,0.954727
821,0.073442
822,0.292584
823,0.801734
824,0.888768
825,0.871507
826,0.910316
827,0.929321
828,0.945997
829,0.972193
830,0.968023
831,0.967326
832,0.975817
833,0.976441
834,0.972756
835,0.974857
836,0.978277
837,0.978967
838,0.979924
839,0.982653
840,0.972749
841,0.987296
842,0.865964
843,0.67248
844,0.818518
845,0.948137
846,0.963729
847,0.970073
848,0.980562
849,0.980532
850,0.981742
851,0.983152
852,0.983631
853,0.978354
854,0.975675
855,0.974871
856,0.975429
857,0.979431
858,0.98064
859,0.982409
860,0.980555
861,0.9833
862,0.98636
863,0.986607
864,0.987174
865,0.987422
866,0.987772
867,0.98815
868,0.990684
869,0.99025
870,0.989906
871,0.989952
872,0.989654
873,0.991113
874,0.991291
875,0.99103
876,0.991004
877,0.988284
878,0.988357
879,0.985542
880,0.987467
881,0.986632
882,0.986936
883,0.986517
884,0.985134
885,0.985005
886,0.984878
887,0.986017
