1,0.954989
2,0.961416
3,0.956198
4,0.960893
5,0.957993
6,0.963625
7,0.971386
8,0.975688
9,0.979187
10,0.980242
11,0.976013
12,0.973111
13,0.976846
14,0.977801
15,0.972227
16,0.971128
17,0.971316
18,0.970807
19,0.973037
20,0.976797
21,0.971847
22,0.969585
23,0.952242
24,0.920798
25,0.906209
26,0.95913
27,0.966375
28,0.966509
29,0.966753
30,0.975838
31,0.980404
32,0.981662
33,0.980909
34,0.983532
35,0.981879
36,0.981332
37,0.985408
38,0.987225
39,0.988399
40,0.989375
41,0.986461
42,0.984671
43,0.985434
44,0.987029
45,0.987693
46,0.986814
47,0.986241
48,0.985909
49,0.981623
50,0.981492
51,0.977737
52,0.977262
53,0.972893
54,0.975781
55,0.973575
56,0.969055
57,0.959929
58,0.956124
59,0.957615
60,0.951264
61,0.914134
62,0.89664
63,0.878677
64,0.870525
65,0.889485
66,0.877978
67,0.859993
68,0.861645
69,0.854725
70,0.870976
71,0.881776
72,0.883276
73,0.870619
74,0.869852
75,0.86666
76,0.812515
77,0.810302
78,0.81739
79,0.813651
80,0.800446
81,0.751944
82,0.753587
83,0.650769
84,0.677385
85,0.581913
86,0.582844
87,0.575281
88,0.484929
89,0.47635
90,0.490391
91,0.51602
92,0.540016
93,0.473304
94,0.442282
95,0.41777
96,0.493086
97,0.401465
98,0.423479
99,0.503645
100,0.390511
101,0.397363
102,0.40814
103,0.412149
104,0.450832
105,0.514035
106,0.541087
107,0.520228
108,0.549375
109,0.673191
110,0.70332
111,0.681058
112,0.702954
113,0.737797
114,0.717372
115,0.692995
116,0.719718
117,0.777897
118,0.774912
119,0.757661
120,0.750892
121,0.822127
122,0.826932
123,0.789089
124,0.82323
125,0.832042
126,0.89014
127,0.785087
128,0.454802
129,0.861951
130,0.917339
131,0.935335
132,0.944906
133,0.940171
134,0.951652
135,0.934656
136,0.931254
137,0.939507
138,0.933205
139,0.923129
140,0.920837
141,0.910376
142,0.946301
143,0.950016
144,0.949693
145,0.971269
146,0.9698
147,0.976798
148,0.979415
149,0.981502
150,0.981008
151,0.981636
152,0.984071
153,0.984438
154,0.984026
155,0.983561
156,0.983354
157,0.981185
158,0.981732
159,0.980416
160,0.98123
161,0.976218
162,0.97992
163,0.973697
164,0.975897
165,0.972801
166,0.976896
167,0.976481
168,0.973506
169,0.980388
170,0.979324
171,0.981863
172,0.984245
173,0.985616
174,0.98146
175,0.976257
176,0.975219
177,0.973951
178,0.973286
179,0.97242
180,0.975025
181,0.979175
182,0.978492
183,0.974602
184,0.976095
185,0.974874
186,0.97397
187,0.973056
188,0.974509
189,0.976243
190,0.970404
191,0.969367
192,0.967699
193,0.978522
194,0.978107
195,0.976036
196,0.975949
197,0.977926
198,0.979062
199,0.978061
200,0.977118
201,0.976292
202,0.979678
203,0.981302
204,0.980321
205,0.967991
206,0.864268
207,0.222207
208,0.067432
209,0.646473
210,0.887821
211,0.932487
212,0.946519
213,0.943206
214,0.942126
215,0.944655
216,0.939845
217,0.953156
218,0.951239
219,0.194332
220,0.013193
221,0.004717
222,0.002425
223,0.002163
224,0.00193
225,0.001905
226,0.001516
227,0.001065
228,0.001125
229,0.001297
230,0.001592
231,0.00183
232,0.0014
233,0.001294
234,0.001195
235,0.001095
236,0.00402
237,0.020783
238,0.50933
239,0.735833
240,0.826691
241,0.754433
242,0.818764
243,0.873418
244,0.901995
245,0.907229
246,0.964845
247,0.942491
248,0.94562
249,0.8815
250,0.891658
251,0.868462
252,0.876271
253,0.836528
254,0.88844
255,0.882531
256,0.884604
257,0.874873
258,0.903976
259,0.863626
260,0.869233
261,0.890039
262,0.894126
263,0.891949
264,0.880277
265,0.868627
266,0.871599
267,0.88614
268,0.850219
269,0.864724
270,0.881954
271,0.898095
272,0.915538
273,0.906551
274,0.900922
275,0.888844
276,0.884433
277,0.88801
278,0.903991
279,0.898559
280,0.910976
281,0.912914
282,0.92842
283,0.927086
284,0.939791
285,0.947353
286,0.928436
287,0.91712
288,0.937255
289,0.884052
290,0.900367
291,0.87867
292,0.887528
293,0.901031
294,0.88301
295,0.933498
296,0.931043
297,0.946575
298,0.948149
299,0.948605
300,0.956122
301,0.937058
302,0.939642
303,0.937469
304,0.939689
305,0.939824
306,0.92826
307,0.923667
308,0.914258
309,0.929935
310,0.936454
311,0.923031
312,0.926135
313,0.961977
314,0.966413
315,0.967725
316,0.965188
317,0.971277
318,0.974907
319,0.966028
320,0.968773
321,0.970141
322,0.970298
323,0.97143
324,0.972599
325,0.960258
326,0.959259
327,0.926398
328,0.744458
329,0.332166
330,0.809336
331,0.899491
332,0.937828
333,0.946422
334,0.93498
335,0.9373
336,0.961223
337,0.959178
338,0.963462
339,0.966678
340,0.968163
341,0.9745
342,0.978574
343,0.977393
344,0.986338
345,0.986572
346,0.986871
347,0.979039
348,0.986278
349,0.980807
350,0.982953
351,0.985699
352,0.983756
353,0.979408
354,0.974908
355,0.977726
356,0.979203
357,0.975268
358,0.976621
359,0.976689
360,0.981882
361,0.989021
362,0.988961
363,0.988708
364,0.989774
365,0.987565
366,0.987602
367,0.989066
368,0.988642
369,0.987112
370,0.986356
371,0.985846
372,0.986537
373,0.981588
374,0.983367
375,0.985409
376,0.986038
377,0.984982
378,0.9844
379,0.984783
380,0.986175
381,0.988357
382,0.989468
383,0.990842
384,0.989866
385,0.993047
386,0.830593
387,0.132768
388,0.083331
389,0.869307
390,0.910817
391,0.931539
392,0.945084
393,0.951849
394,0.958684
395,0.9686
396,0.969727
397,0.981952
398,0.983218
399,0.98417
400,0.984039
401,0.986908
402,0.984996
403,0.987015
404,0.988876
405,0.992434
406,0.991879
407,0.991507
408,0.991481
409,0.990641
410,0.991192
411,0.990671
412,0.990608
413,0.99111
414,0.988118
415,0.987711
416,0.989069
417,0.98767
418,0.984651
419,0.985956
420,0.982747
421,0.988445
422,0.989502
423,0.989244
424,0.988652
425,0.988664
426,0.987897
427,0.987542
428,0.986239
429,0.984835
430,0.984788
431,0.985967
432,0.987449
433,0.988711
434,0.988576
435,0.98872
436,0.988007
437,0.987944
438,0.990244
439,0.989692
440,0.990135
441,0.989957
442,0.989361
443,0.988539
444,0.988934
445,0.983221
446,0.983266
447,0.983467
448,0.983034
449,0.983564
450,0.985877
451,0.986426
452,0.983233
453,0.982917
454,0.984715
455,0.986732
456,0.985437
457,0.981737
458,0.983602
459,0.982822
460,0.985259
461,0.983668
462,0.982193
463,0.979892
464,0.982359
465,0.984797
466,0.981495
467,0.978439
468,0.978393
469,0.961455
470,0.958983
471,0.959501
472,0.957713
473,0.964613
474,0.97135
475,0.972903
476,0.970471
477,0.970989
478,0.973534
479,0.973123
480,0.971469
481,0.865307
482,0.733707
483,0.77139
484,0.813499
485,0.931803
486,0.901608
487,0.925514
488,0.961818
489,0.958168
490,0.958053
491,0.96374
492,0.964394
493,0.974115
494,0.979827
495,0.978519
496,0.980432
497,0.981726
498,0.978549
499,0.978933
500,0.978444
501,0.970933
502,0.970172
503,0.968817
504,0.964644
505,0.943776
506,0.954818
507,0.961229
508,0.958109
509,0.956347
510,0.953123
511,0.957176
512,0.960279
513,0.975313
514,0.97204
515,0.97435
516,0.97439
517,0.98508
518,0.982346
519,0.982309
520,0.983663
521,0.984879
522,0.960104
523,0.280448
524,0.020608
525,0.003276
526,0.00279
527,0.002049
528,0.001687
529,0.002003
530,0.001963
531,0.001531
532,0.001433
533,0.001582
534,0.001188
535,0.000898
536,0.001587
537,0.004622
538,0.001581
539,0.001441
540,0.001278
541,0.030269
542,0.898956
543,0.957713
544,0.971639
545,0.977179
546,0.976818
547,0.974247
548,0.979456
549,0.977408
550,0.977471
551,0.976257
552,0.980844
553,0.983351
554,0.983436
555,0.986747
556,0.98729
557,0.988262
558,0.990187
559,0.986714
560,0.986447
561,0.98934
562,0.986856
563,0.983812
564,0.986237
565,0.985687
566,0.987349
567,0.986352
568,0.983919
569,0.982798
570,0.987091
571,0.987613
572,0.987534
573,0.988163
574,0.988975
575,0.986667
576,0.987601
577,0.988656
578,0.988043
579,0.981288
580,0.986411
581,0.983679
582,0.976825
583,0.963909
584,0.967093
585,0.968267
586,0.973552
587,0.974246
588,0.975762
589,0.969006
590,0.971085
591,0.973391
592,0.965789
593,0.963818
594,0.966501
595,0.973754
596,0.96933
597,0.971519
598,0.971526
599,0.971559
600,0.974041
601,0.960726
602,0.978589
603,0.982218
604,0.980908
605,0.968612
606,0.966366
607,0.976965
608,0.979365
609,0.985149
610,0.982929
611,0.963651
612,0.968225
613,0.947258
614,0.950881
615,0.941933
616,0.956808
617,0.957699
618,0.980834
619,0.977949
620,0.982822
621,0.9824
622,0.984447
623,0.98446
624,0.984259
625,0.988006
626,0.985542
627,0.987002
628,0.988229
629,0.989553
630,0.988514
631,0.986459
632,0.985257
633,0.983807
634,0.98242
635,0.98515
636,0.987543
637,0.990173
638,0.990244
639,0.988208
640,0.99017
641,0.989665
642,0.987641
643,0.893834
644,0.091216
645,0.086853
646,0.038117
647,0.008159
648,0.001903
649,0.001187
650,0.001685
651,0.001605
652,0.001813
653,0.002055
654,0.002484
655,0.001714
656,0.001367
657,0.001188
658,0.001042
659,0.000684
660,0.000987
661,0.001025
662,0.001326
663,0.002375
664,0.004096
665,0.016168
666,0.616381
667,0.950124
668,0.967927
669,0.958063
670,0.934044
671,0.962075
672,0.959203
673,0.943711
674,0.948134
675,0.939922
676,0.963934
677,0.962034
678,0.961401
679,0.958913
680,0.958711
681,0.95503
682,0.947287
683,0.945466
684,0.941966
685,0.931739
686,0.91671
687,0.932465
688,0.948719
689,0.955661
690,0.963318
691,0.964853
692,0.970101
693,0.973121
694,0.970096
695,0.970052
696,0.970667
697,0.98241
698,0.981717
699,0.980074
700,0.982501
701,0.979249
702,0.979541
703,0.976058
704,0.066771
705,0.003196
706,0.001487
707,0.001539
708,0.000917
709,0.000304
710,0.000409
711,0.000387
712,0.000418
713,0.001139
714,0.001526
715,0.000866
716,0.00081
717,0.000765
718,0.000635
719,0.000458
720,0.000609
721,0.000775
722,0.000551
723,0.00023
724,0.000303
725,0.000326
726,0.000405
727,0.000325
728,0.000294
729,0.000381
730,0.000365
731,0.000383
732,0.000699
733,0.001086
734,0.278433
735,0.86396
736,0.930211
737,0.95117
738,0.947957
739,0.930024
740,0.927851
741,0.936619
742,0.943121
743,0.935612
744,0.926878
745,0.964667
746,0.96627
747,0.95279
748,0.949983
749,0.958783
750,0.941279
751,0.873038
752,0.811028
753,0.283172
754,0.015349
755,0.009105
756,0.00782
757,0.015961
758,0.01089
759,0.00482
760,0.004603
761,0.000684
762,0.001816
763,0.002374
764,0.003834
765,0.000939
766,0.000838
767,0.000707
768,0.000969
769,0.001091
770,0.001387
771,0.001312
772,0.00132
773,0.001068
774,0.001037
775,0.00093
776,0.001765
777,0.021004
778,0.759737
779,0.876975
780,0.814133
781,0.669596
782,0.663918
783,0.723008
784,0.873635
785,0.837859
786,0.794005
787,0.016602
788,0.003001
789,0.003299
790,0.00075
791,0.000589
792,0.000171
793,0.000141
794,0.000131
795,0.000252
796,0.000458
797,0.000265
798,0.000336
799,0.001773
800,0.000299
801,0.000546
802,0.001249
803,0.001637
804,0.00474
805,0.002247
806,0.001404
807,0.004068
808,0.002516
809,0.001077
810,0.000745
811,0.000359
812,0.000298
813,0.000237
814,0.000706
815,0.000316
816,0.00037
817,0.000416
818,0.000339
819,0.000248
820,0.003256
821,0.857151
822,0.933748
823,0.94852
824,0.952251
825,0.970886
826,0.98001
827,0.986574
828,0.985158
829,0.981657
830,0.983811
831,0.982431
832,0.984839
833,0.972468
834,0.971574
835,0.969245
836,0.967454
837,0.96804
838,0.727503
839,0.015397
840,0.011681
841,0.012581
842,0.003257
843,0.001916
844,0.001607
845,0.001561
846,0.001329
847,0.001494
848,0.001444
849,0.370084
850,0.936257
851,0.916748
852,0.951195
853,0.919911
854,0.927435
855,0.958308
856,0.961202
857,0.97118
858,0.97467
859,0.976294
860,0.978848
861,0.981805
862,0.973489
863,0.957203
864,0.969698
865,0.976959
866,0.884795
867,0.046223
868,0.007452
869,0.001409
870,0.000905
871,0.000624
872,0.000597
873,0.000722
874,0.000762
875,0.000637
876,0.0006
877,0.000618
878,0.000682
879,0.000557
880,0.000528
881,0.000375
882,0.000299
883,0.000541
884,0.125767
885,0.706882
886,0.945088
887,0.932859
888,0.966998
889,0.980033
890,0.979935
891,0.982461
892,0.982585
893,0.980389
894,0.979044
895,0.97933
896,0.980708
897,0.982847
898,0.985146
899,0.984301
900,0.984754
901,0.981714
902,0.976243
903,0.976627
904,0.982318
905,0.979689
906,0.980839
907,0.979111
908,0.974871
909,0.975776
910,0.978349
911,0.98309
912,0.971435
913,0.976091
914,0.990377
915,0.992903
916,0.991514
917,0.989523
918,0.991725
919,0.989231
920,0.992696
921,0.992385
922,0.991539
923,0.991217
924,0.993361
925,0.991748
926,0.992261
927,0.992703
928,0.993421
929,0.993313
930,0.813338
931,0.175302
932,0.058548
933,0.011779
934,0.013293
935,0.010686
936,0.00771
937,0.009856
938,0.013362
939,0.012526
940,0.009218
941,0.003946
942,0.002698
943,0.002993
944,0.003654
945,0.003904
946,0.003852
947,0.005154
948,0.005048
949,0.005019
950,0.004252
951,0.002068
952,0.002542
953,0.002204
954,0.002505
955,0.002276
956,0.002565
957,0.002597
958,0.00252
959,0.000339
960,0.001402
961,0.286995
962,0.860153
963,0.953141
964,0.96558
965,0.965558
966,0.963311
967,0.965372
968,0.970756
969,0.913703
970,0.023825
971,0.007319
972,0.005093
973,0.008248
974,0.003264
975,0.003198
976,0.002264
977,0.003098
978,0.00403
979,0.003688
980,0.017613
981,0.227338
982,0.860355
983,0.922088
984,0.968601
985,0.94664
986,0.955137
987,0.95788
988,0.959761
989,0.963166
990,0.962061
991,0.961208
992,0.964031
993,0.976531
994,0.975503
995,0.977472
996,0.982417
997,0.982713
998,0.983871
999,0.985283
1000,0.984226
1001,0.975932
1002,0.974013
1003,0.971476
1004,0.971952
1005,0.974864
1006,0.971627
1007,0.97091
1008,0.971033
1009,0.984953
1010,0.985421
1011,0.981431
1012,0.975069
1013,0.979361
1014,0.978396
1015,0.980428
1016,0.983109
1017,0.98811
1018,0.988321
1019,0.985105
1020,0.985837
1021,0.987057
1022,0.985514
1023,0.984937
1024,0.986807
1025,0.986552
1026,0.990742
1027,0.988739
1028,0.991652
1029,0.989087
1030,0.987674
1031,0.983554
1032,0.985475
1033,0.990207
1034,0.989868
1035,0.990569
1036,0.990132
1037,0.989715
1038,0.98729
1039,0.987697
1040,0.987827
1041,0.989449
1042,0.990801
1043,0.987112
1044,0.308092
1045,0.080061
1046,0.017431
1047,0.010329
1048,0.010006
1049,0.007984
1050,0.005019
1051,0.00355
1052,0.001756
1053,0.025699
1054,0.879582
1055,0.940616
1056,0.97328
1057,0.972062
1058,0.961222
1059,0.973238
1060,0.974997
1061,0.979224
1062,0.983321
1063,0.980003
1064,0.981941
1065,0.982749
1066,0.983268
1067,0.981147
1068,0.986053
1069,0.987919
1070,0.990545
1071,0.989189
1072,0.98988
1073,0.985159
1074,0.982107
1075,0.9806
1076,0.980296
1077,0.977414
1078,0.981101
1079,0.979928
1080,0.979999
1081,0.985588
1082,0.984448
1083,0.984933
1084,0.986431
1085,0.986552
1086,0.985918
1087,0.98611
1088,0.985971
1089,0.986967
1090,0.98758
1091,0.98639
1092,0.985863
1093,0.984697
1094,0.98635
1095,0.98107
1096,0.984556
1097,0.984344
1098,0.982005
1099,0.985623
1100,0.983166
1101,0.979979
1102,0.983793
1103,0.983548
1104,0.98628
1105,0.992268
1106,0.991599
1107,0.992385
1108,0.990945
1109,0.990496
