1,0.94731
2,0.956224
3,0.951447
4,0.96342
5,0.949509
6,0.942502
7,0.941223
8,0.939883
9,0.951796
10,0.966868
11,0.969999
12,0.972899
13,0.984823
14,0.982035
15,0.978553
16,0.973358
17,0.972553
18,0.970994
19,0.976818
20,0.975935
21,0.97276
22,0.975285
23,0.963519
24,0.962945
25,0.949379
26,0.944198
27,0.955801
28,0.951506
29,0.943056
30,0.949759
31,0.951111
32,0.930761
33,0.933439
34,0.919192
35,0.953699
36,0.947601
37,0.938945
38,0.952773
39,0.964613
40,0.962284
41,0.968489
42,0.974018
43,0.975738
44,0.977503
45,0.979911
46,0.982705
47,0.986019
48,0.986225
49,0.965813
50,0.964537
51,0.967105
52,0.955878
53,0.95865
54,0.942092
55,0.941995
56,0.928406
57,0.92039
58,0.925277
59,0.92091
60,0.930933
61,0.951921
62,0.946718
63,0.961195
64,0.959323
65,0.958539
66,0.956851
67,0.932033
68,0.951304
69,0.937978
70,0.923585
71,0.896627
72,0.880953
73,0.837176
74,0.839913
75,0.851559
76,0.859111
77,0.797628
78,0.760324
79,0.740936
80,0.734064
81,0.724921
82,0.73867
83,0.69689
84,0.715109
85,0.660113
86,0.734263
87,0.712582
88,0.654357
89,0.690007
90,0.689391
91,0.684849
92,0.642082
93,0.572166
94,0.567174
95,0.557164
96,0.574406
97,0.671349
98,0.669333
99,0.657557
100,0.597492
101,0.594489
102,0.654075
103,0.579155
104,0.546271
105,0.47918
106,0.47738
107,0.545142
108,0.283634
109,0.028373
110,0.019283
111,0.001028
112,0.00064
113,0.000502
114,0.000314
115,0.000121
116,0.000113
117,0.000121
118,8.3e-05
119,0.000128
120,9.9e-05
121,7.2e-05
122,7.3e-05
123,0.000114
124,0.000132
125,8.7e-05
126,0.000107
127,8.2e-05
128,0.000163
129,0.000157
130,0.000148
131,0.000111
132,0.000107
133,9.9e-05
134,0.000145
135,0.00019
136,0.000427
137,0.00036
138,0.000323
139,0.000345
140,0.000207
141,0.00014
142,0.000219
143,0.000185
144,0.00024
145,0.000234
146,0.000264
147,9.3e-05
148,0.118688
149,0.944734
150,0.955895
151,0.96825
152,0.979174
153,0.987771
154,0.987047
155,0.988442
156,0.990702
157,0.994148
158,0.994921
159,0.995267
160,0.994332
161,0.99473
162,0.991795
163,0.993229
164,0.990303
165,0.994618
166,0.995136
167,0.996345
168,0.996635
169,0.995295
170,0.995165
171,0.994142
172,0.995657
173,0.994827
174,0.995362
175,0.995036
176,0.99444
177,0.992562
178,0.992837
179,0.992768
180,0.993732
181,0.992463
182,0.994226
183,0.995495
184,0.993632
185,0.992093
186,0.991025
187,0.974904
188,0.987852
189,0.985522
190,0.979781
191,0.969511
192,0.920073
193,0.192705
194,0.022057
195,0.045005
196,0.699383
197,0.849617
198,0.968779
199,0.944387
200,0.954642
201,0.981023
202,0.982265
203,0.980739
204,0.974171
205,0.973905
206,0.976646
207,0.978753
208,0.983323
209,0.981469
210,0.98451
211,0.983981
212,0.984625
213,0.980516
214,0.98464
215,0.988415
216,0.985253
217,0.974968
218,0.972934
219,0.970363
220,0.969807
221,0.975145
222,0.97987
223,0.957114
224,0.949421
225,0.94101
226,0.949704
227,0.969913
228,0.97018
229,0.935511
230,0.906905
231,0.938796
232,0.965978
233,0.962158
234,0.946401
235,0.929828
236,0.936676
237,0.96443
238,0.969013
239,0.979192
240,0.984582
241,0.974256
242,0.976387
243,0.979773
244,0.978345
245,0.984171
246,0.980681
247,0.972188
248,0.960214
249,0.97
250,0.971406
251,0.982066
252,0.976117
253,0.986578
254,0.98542
255,0.984729
256,0.980553
257,0.980799
258,0.980803
259,0.98225
260,0.984598
261,0.98749
262,0.98284
263,0.985506
264,0.984972
265,0.978785
266,0.978161
267,0.972186
268,0.974201
269,0.978205
270,0.984098
271,0.983219
272,0.983065
273,0.982857
274,0.986806
275,0.984274
276,0.981887
277,0.985331
278,0.987523
279,0.987205
280,0.985893
281,0.981283
282,0.983877
283,0.984159
284,0.983506
285,0.976901
286,0.979629
287,0.982246
288,0.979688
289,0.972554
290,0.977872
291,0.971426
292,0.983083
293,0.977943
294,0.98828
295,0.982743
296,0.980775
297,0.982156
298,0.568629
299,0.194587
300,0.007932
301,0.008366
302,0.004194
303,0.028627
304,0.056687
305,0.047794
306,0.02061
307,0.021704
308,0.005796
309,0.013874
310,0.054469
311,0.013676
312,0.006599
313,0.025715
314,0.140519
315,0.13404
316,0.627656
317,0.544363
318,0.296333
319,0.62228
320,0.853289
321,0.843575
322,0.855281
323,0.901043
324,0.893511
325,0.9493
326,0.872722
327,0.938979
328,0.969289
329,0.843019
330,0.930198
331,0.904779
332,0.977114
333,0.966897
334,0.974387
335,0.963377
336,0.953545
337,0.97138
338,0.98241
339,0.971285
340,0.980231
341,0.98653
342,0.988716
343,0.98437
344,0.984622
345,0.985574
346,0.989475
347,0.986055
348,0.98555
349,0.986394
350,0.984092
351,0.983995
352,0.985412
353,0.974411
354,0.9097
355,0.820261
356,0.866639
357,0.568984
358,0.890351
359,0.930792
360,0.952021
361,0.969891
362,0.970603
363,0.971746
364,0.972056
365,0.979502
366,0.986863
367,0.988559
368,0.988915
369,0.987893
370,0.989132
371,0.991344
372,0.990921
373,0.991586
374,0.992051
375,0.994029
376,0.993893
377,0.993825
378,0.993901
379,0.994256
380,0.993719
381,0.993163
382,0.99358
383,0.994263
384,0.994161
385,0.994324
386,0.993738
387,0.993006
388,0.992962
389,0.990249
390,0.992141
391,0.992144
392,0.990685
393,0.990081
394,0.993003
395,0.993305
396,0.993341
397,0.992502
398,0.99321
399,0.993417
400,0.993134
401,0.992683
402,0.994239
403,0.994006
404,0.994981
405,0.994922
406,0.982879
407,0.791585
408,0.783651
409,0.787487
410,0.883541
411,0.881258
412,0.892322
413,0.894381
414,0.925092
415,0.941718
416,0.958932
417,0.963456
418,0.957685
419,0.967265
420,0.96376
421,0.964781
422,0.962814
423,0.963425
424,0.965819
425,0.970092
426,0.972152
427,0.970968
428,0.979912
429,0.978052
430,0.984042
431,0.986155
432,0.98886
433,0.987477
434,0.988797
435,0.986324
436,0.988578
437,0.98293
438,0.981555
439,0.981288
440,0.98113
441,0.980318
442,0.980279
443,0.983208
444,0.985794
445,0.987427
446,0.986531
447,0.98847
448,0.986495
449,0.988927
450,0.987151
451,0.985588
452,0.987378
453,0.990419
454,0.990117
455,0.988882
456,0.987968
457,0.984901
458,0.99044
459,0.971214
460,0.988677
461,0.965867
462,0.960887
463,0.972353
464,0.972715
465,0.984921
466,0.956816
467,0.918192
468,0.925119
469,0.966786
470,0.971411
471,0.967264
472,0.971746
473,0.978579
474,0.978541
475,0.982315
476,0.982314
477,0.981827
478,0.976784
479,0.964043
480,0.962895
481,0.977996
482,0.946485
483,0.489571
484,0.030574
485,0.043893
486,0.057777
487,0.045518
488,0.058432
489,0.09246
490,0.175526
491,0.489815
492,0.222255
493,0.76859
494,0.854442
495,0.867166
496,0.760656
497,0.832097
498,0.821958
499,0.864113
500,0.833936
501,0.885544
502,0.931865
503,0.941904
504,0.939701
505,0.939178
506,0.960962
507,0.959645
508,0.960306
509,0.957022
510,0.955988
511,0.925564
512,0.976786
513,0.977893
514,0.974401
515,0.972551
516,0.975167
517,0.972922
518,0.983502
519,0.979116
520,0.978486
521,0.973845
522,0.977553
523,0.980495
524,0.985047
525,0.952846
526,0.978931
527,0.9616
528,0.966622
529,0.979962
530,0.978314
531,0.976409
532,0.985538
533,0.984762
534,0.98636
535,0.986316
536,0.990443
537,0.990091
538,0.99439
539,0.994421
540,0.993418
541,0.978421
542,0.990675
543,0.990649
544,0.990103
545,0.990897
546,0.989944
547,0.99203
548,0.991559
549,0.991659
550,0.864852
551,0.068144
552,0.0232
553,0.004858
554,0.002812
555,0.003337
556,0.001755
557,0.002749
558,0.000337
559,0.001031
560,0.000766
561,0.00039
562,0.000408
563,0.000416
564,0.000496
565,0.001088
566,0.000989
567,0.001109
568,0.000745
569,0.000498
570,0.000471
571,0.000414
572,0.000361
573,0.000416
574,0.000294
575,0.000312
576,0.000436
577,0.000567
578,0.000401
579,0.00079
580,0.001467
581,0.001233
582,0.001132
583,0.000812
584,0.015404
585,0.345528
586,0.901679
587,0.931418
588,0.955848
589,0.955516
590,0.943326
591,0.948153
592,0.941758
593,0.91703
594,0.940556
595,0.954413
596,0.955722
597,0.960762
598,0.967924
599,0.962643
600,0.968148
601,0.947518
602,0.93883
603,0.939381
604,0.940668
605,0.938245
606,0.951941
607,0.965909
608,0.959838
609,0.967245
610,0.976286
611,0.978305
612,0.974636
613,0.954671
614,0.713483
615,0.039287
616,0.006221
617,0.003506
618,0.001985
619,0.001622
620,0.00162
621,0.000721
622,0.000632
623,0.000394
624,0.001209
625,0.001264
626,0.000918
627,0.001161
628,0.001283
629,0.001243
630,0.001616
631,0.001882
632,0.002563
633,0.004072
634,0.00746
635,0.004654
636,0.005566
637,0.003347
638,0.002221
639,0.005787
640,0.117492
641,0.872748
642,0.919873
643,0.958674
644,0.968443
645,0.973625
646,0.976295
647,0.968989
648,0.972121
649,0.987655
650,0.965045
651,0.104703
652,0.015605
653,0.006656
654,0.002781
655,0.006398
656,0.005464
657,0.004234
658,0.003387
659,0.003656
660,0.006132
661,0.01092
662,0.008562
663,0.009682
664,0.008725
665,0.019625
666,0.012127
667,0.021012
668,0.846407
669,0.976596
670,0.97188
671,0.951804
672,0.957237
673,0.930535
674,0.944437
675,0.975089
676,0.950354
677,0.958409
678,0.959149
679,0.940811
680,0.800038
681,0.028351
682,0.005609
683,0.002998
684,0.002145
685,0.004778
686,0.003414
687,0.003172
688,0.002322
689,0.002451
690,0.002053
691,0.001572
692,0.001269
693,0.000651
694,0.000518
695,0.000469
696,0.000774
697,0.000498
698,0.000777
699,0.000476
700,0.000539
701,0.000467
702,0.004088
703,0.004218
704,0.003171
705,0.003451
706,0.003511
707,0.00257
708,0.004607
709,0.009118
710,0.010586
711,0.00704
712,0.006257
713,0.008074
714,0.010802
715,0.008963
716,0.01434
717,0.90672
718,0.95404
719,0.969812
720,0.96376
721,0.966666
722,0.95977
723,0.965449
724,0.981996
725,0.970609
726,0.97815
727,0.979481
728,0.977641
729,0.979124
730,0.97748
731,0.974637
732,0.964732
733,0.188833
734,0.071113
735,0.030998
736,0.020397
737,0.018059
738,0.014125
739,0.00912
740,0.009038
741,0.007526
742,0.008753
743,0.008208
744,0.009628
745,0.003838
746,0.004561
747,0.003596
748,0.004403
749,0.004502
750,0.004991
751,0.002819
752,0.003737
753,0.002765
754,0.002426
755,0.002523
756,0.002162
757,0.002379
758,0.002185
759,0.001586
760,0.001314
761,0.001428
762,0.001392
763,0.00145
764,0.002157
765,0.002015
766,0.001942
767,0.001723
768,0.002075
769,0.001086
770,0.000867
771,0.000849
772,0.000947
773,0.000733
774,0.00059
775,0.352874
776,0.856168
777,0.899067
778,0.957748
779,0.955006
780,0.956879
781,0.981494
782,0.986973
783,0.96481
784,0.96121
785,0.955972
786,0.953819
787,0.987473
788,0.987528
789,0.985356
790,0.980326
791,0.985894
792,0.981733
793,0.975402
794,0.977261
795,0.961333
796,0.947755
797,0.872203
798,0.807316
799,0.501037
800,0.469937
801,0.586476
802,0.533354
803,0.591613
804,0.606327
805,0.814397
806,0.839089
807,0.848956
808,0.872966
809,0.911033
810,0.898995
811,0.909406
812,0.917551
813,0.949106
814,0.892775
815,0.764252
816,0.568551
817,0.531616
818,0.702172
819,0.85112
820,0.913838
821,0.959626
822,0.964608
823,0.976163
824,0.982887
825,0.983664
826,0.98758
827,0.987232
828,0.98714
829,0.984805
830,0.983111
831,0.984301
832,0.988182
833,0.987884
834,0.987425
835,0.985145
836,0.986127
837,0.984963
838,0.985623
839,0.986805
840,0.988463
841,0.98434
842,0.984953
843,0.985418
844,0.98715
845,0.986872
846,0.989209
847,0.989199
848,0.990543
849,0.990945
850,0.989249
851,0.991708
852,0.99242
853,0.849039
854,0.048864
855,0.010302
856,0.00743
857,0.003386
858,0.004726
859,0.003685
860,0.004196
861,0.00159
862,0.001714
863,0.00212
864,0.002672
865,0.00453
866,0.004481
867,0.003362
868,0.002683
869,0.00217
870,0.002307
871,0.002066
872,0.002019
873,0.002016
874,0.002389
875,0.00081
876,0.000756
877,0.0033
878,0.589521
879,0.923285
880,0.93006
881,0.924457
882,0.934016
883,0.954918
884,0.969431
885,0.973302
886,0.983572
887,0.986769
888,0.985954
889,0.996519
890,0.996527
891,0.995689
892,0.995029
893,0.99665
894,0.99639
895,0.995198
896,0.993166
897,0.994187
898,0.993458
899,0.993856
900,0.993906
901,0.9786
902,0.982082
903,0.979685
904,0.98361
905,0.984355
906,0.984789
907,0.981453
908,0.982058
909,0.977801
910,0.981102
