1,0.755045
2,0.774066
3,0.777423
4,0.769497
5,0.791734
6,0.770137
7,0.669429
8,0.669002
9,0.764772
10,0.764165
11,0.725813
12,0.68937
13,0.768336
14,0.716104
15,0.11009
16,0.022185
17,0.088681
18,0.111794
19,0.296758
20,0.499148
21,0.540116
22,0.609957
23,0.627061
24,0.583493
25,0.796634
26,0.772265
27,0.791296
28,0.800244
29,0.793567
30,0.790228
31,0.780999
32,0.795174
33,0.801893
34,0.865341
35,0.90535
36,0.890533
37,0.908498
38,0.883217
39,0.893694
40,0.877522
41,0.870786
42,0.840092
43,0.874015
44,0.885646
45,0.898956
46,0.882332
47,0.880817
48,0.865108
49,0.851665
50,0.904343
51,0.879079
52,0.817243
53,0.888608
54,0.872012
55,0.895514
56,0.873928
57,0.870804
58,0.861521
59,0.917968
60,0.896264
61,0.757721
62,0.803353
63,0.739041
64,0.684417
65,0.726081
66,0.689459
67,0.713624
68,0.711904
69,0.645561
70,0.547337
71,0.529419
72,0.492537
73,0.616367
74,0.607113
75,0.642843
76,0.743604
77,0.714244
78,0.734464
79,0.659722
80,0.711913
81,0.750312
82,0.771552
83,0.791405
84,0.785504
85,0.721238
86,0.68793
87,0.602478
88,0.550878
89,0.47315
90,0.369368
91,0.353823
92,0.439086
93,0.45085
94,0.463545
95,0.439339
96,0.378942
97,0.424886
98,0.335875
99,0.284011
100,0.455505
101,0.504558
102,0.49844
103,0.520666
104,0.613999
105,0.596164
106,0.515527
107,0.421249
108,0.440717
109,0.060626
110,0.025825
111,0.023266
112,0.006477
113,0.006458
114,0.009103
115,0.003386
116,0.002926
117,0.002689
118,0.003514
119,0.003166
120,0.003807
121,0.010662
122,0.009092
123,0.008455
124,0.01287
125,0.001724
126,0.000586
127,0.000448
128,0.000719
129,0.000601
130,0.00074
131,0.000772
132,0.000874
133,0.00042
134,0.000386
135,0.000425
136,0.000871
137,0.001291
138,0.009941
139,0.060025
140,0.096868
141,0.147148
142,0.374786
143,0.573639
144,0.605152
145,0.576841
146,0.505716
147,0.538855
148,0.471796
149,0.405685
150,0.380921
151,0.214518
152,0.206862
153,0.127189
154,0.325395
155,0.391278
156,0.497066
157,0.707428
158,0.718064
159,0.787086
160,0.745414
161,0.778523
162,0.769521
163,0.635027
164,0.65455
165,0.670818
166,0.714754
167,0.735987
168,0.66549
169,0.823529
170,0.768932
171,0.714298
172,0.684759
173,0.705085
174,0.677831
175,0.037005
176,0.006854
177,0.005215
178,0.002226
179,0.003392
180,0.002615
181,0.001582
182,0.001048
183,0.00067
184,0.000816
185,0.000631
186,0.000397
187,0.000207
188,0.000194
189,0.000195
190,0.000159
191,0.000767
192,0.001075
193,0.002898
194,0.002466
195,0.002802
196,0.004685
197,0.002951
198,0.002354
199,0.001071
200,0.000823
201,0.00187
202,0.49791
203,0.575185
204,0.663101
205,0.258036
206,0.471591
207,0.60935
208,0.649926
209,0.635836
210,0.418859
211,0.028584
212,0.002846
213,0.003335
214,0.002306
215,0.002656
216,0.002448
217,0.004813
218,0.004479
219,0.003916
220,0.005142
221,0.004751
222,0.00337
223,0.002327
224,0.0035
225,0.002992
226,0.002202
227,0.00187
228,0.001609
229,0.002101
230,0.001855
231,0.002798
232,0.004768
233,0.004633
234,0.016046
235,0.012358
236,0.106799
237,0.823969
238,0.782638
239,0.669413
240,0.669972
241,0.662473
242,0.616241
243,0.767007
244,0.755766
245,0.74654
246,0.757097
247,0.691365
248,0.64076
249,0.621275
250,0.692549
251,0.356024
252,0.316545
253,0.140387
254,0.033861
255,0.003837
256,0.002747
257,0.002093
258,0.001844
259,0.001154
260,0.001009
261,0.000983
262,0.001195
263,0.000802
264,0.000539
265,0.000762
266,0.000878
267,0.000865
268,0.000587
269,0.002274
270,0.024867
271,0.441211
272,0.654883
273,0.425406
274,0.500824
275,0.496078
276,0.509644
277,0.479784
278,0.427035
279,0.51291
280,0.300328
281,0.095292
282,0.014293
283,0.002328
284,0.002409
285,0.001151
286,0.000937
287,0.001137
288,0.000657
289,0.00065
290,0.000374
291,0.001387
292,0.002412
293,0.000735
294,0.00271
295,0.080963
296,0.413269
297,0.850157
298,0.834317
299,0.869552
300,0.882589
301,0.572185
302,0.546363
303,0.518694
304,0.486441
305,0.093696
306,0.022159
307,0.009486
308,0.00266
309,0.002097
310,0.001003
311,0.000658
312,0.000653
313,0.000952
314,0.001149
315,0.001582
316,0.001494
317,0.001471
318,0.001288
319,0.000904
320,0.000631
321,0.000592
322,0.000322
323,0.000763
324,0.002171
325,0.50392
326,0.631816
327,0.808237
328,0.789082
329,0.76637
330,0.712178
331,0.709352
332,0.696191
333,0.760087
334,0.771648
335,0.743138
336,0.703793
337,0.767673
338,0.811358
339,0.794006
340,0.733076
341,0.848455
342,0.813786
343,0.78158
344,0.861567
345,0.863658
346,0.850062
347,0.791699
348,0.809521
349,0.811845
350,0.875984
351,0.865492
352,0.840433
353,0.827322
354,0.826584
355,0.846733
356,0.864825
357,0.874876
358,0.879273
359,0.899098
360,0.904868
361,0.873777
362,0.73606
363,0.256834
364,0.038137
365,0.007198
366,0.001952
367,0.001459
368,0.00055
369,0.000434
370,0.000399
371,0.000701
372,0.001041
373,9.9e-05
374,0.000164
375,0.000189
376,0.000236
377,0.000429
378,0.000298
379,0.000365
380,0.000345
381,0.000361
382,0.000413
383,0.000342
384,0.000303
385,0.000585
386,0.000712
387,0.000671
388,0.015241
389,0.506313
390,0.614341
391,0.650826
392,0.707363
393,0.635484
394,0.714513
395,0.795688
396,0.841587
397,0.885418
398,0.864814
399,0.862061
400,0.896457
401,0.875437
402,0.906257
403,0.893472
404,0.889917
405,0.907325
406,0.89867
407,0.859928
408,0.82056
409,0.864396
410,0.877126
411,0.867613
412,0.900303
413,0.915024
414,0.955808
415,0.947582
416,0.931968
417,0.932446
418,0.898103
419,0.912437
420,0.914471
421,0.861473
422,0.831062
423,0.879536
424,0.879011
425,0.85732
426,0.872202
427,0.868267
