1,0.965532
2,0.961084
3,0.961769
4,0.958648
5,0.955929
6,0.930593
7,0.940932
8,0.953793
9,0.933601
10,0.959145
11,0.959681
12,0.955
13,0.974374
14,0.978557
15,0.982035
16,0.978511
17,0.973311
18,0.964064
19,0.968815
20,0.967966
21,0.966938
22,0.963966
23,0.896195
24,0.389594
25,0.358113
26,0.749631
27,0.723968
28,0.876667
29,0.914267
30,0.946325
31,0.958064
32,0.968967
33,0.976585
34,0.978238
35,0.973268
36,0.976007
37,0.972547
38,0.972656
39,0.97619
40,0.977671
41,0.984606
42,0.988296
43,0.988072
44,0.984815
45,0.983549
46,0.98314
47,0.981206
48,0.976126
49,0.952843
50,0.96683
51,0.964852
52,0.160201
53,0.003537
54,0.003484
55,0.003132
56,0.000882
57,0.000882
58,0.001855
59,0.001012
60,0.000831
61,0.001476
62,0.001464
63,0.001886
64,0.001172
65,0.001191
66,0.000834
67,0.001255
68,0.001254
69,0.000169
70,0.000997
71,0.001287
72,0.000911
73,0.000572
74,0.001249
75,0.001618
76,0.002114
77,0.001966
78,0.001217
79,0.001058
80,0.001845
81,0.001424
82,0.01016
83,0.418911
84,0.761964
85,0.88301
86,0.896952
87,0.905979
88,0.905423
89,0.865924
90,0.82712
91,0.779942
92,0.808142
93,0.810862
94,0.787641
95,0.774275
96,0.751181
97,0.785109
98,0.845297
99,0.862887
100,0.880613
101,0.902805
102,0.898569
103,0.881816
104,0.852334
105,0.835915
106,0.883848
107,0.873484
108,0.871874
109,0.871231
110,0.859356
111,0.858517
112,0.849329
113,0.856063
114,0.891371
115,0.896254
116,0.845763
117,0.046358
118,0.009152
119,0.003721
120,0.001247
121,0.001105
122,0.001145
123,0.000764
124,0.00096
125,0.000871
126,0.000996
127,0.000142
128,0.000672
129,0.022106
130,0.293532
131,0.749788
132,0.840442
133,0.910311
134,0.902334
135,0.886722
136,0.931164
137,0.912786
138,0.95329
139,0.933186
140,0.876037
141,0.880775
142,0.867833
143,0.895155
144,0.915942
145,0.822068
146,0.129309
147,0.003198
148,0.003188
149,0.001777
150,0.00299
151,0.001905
152,0.002825
153,0.001309
154,0.00067
155,0.001287
156,0.001668
157,0.00065
158,0.000523
159,0.000495
160,0.000616
161,0.000564
162,0.000581
163,0.000718
164,0.000644
165,0.000631
166,0.00062
167,0.000776
168,0.000937
169,0.00114
170,0.000209
171,0.000407
172,0.001244
173,0.003471
174,0.003139
175,0.068434
176,0.747908
177,0.733641
178,0.712888
179,0.887667
180,0.965691
181,0.966549
182,0.977621
183,0.942299
184,0.935483
185,0.96276
186,0.973287
187,0.96785
188,0.940991
189,0.961994
190,0.966408
191,0.968941
192,0.980775
193,0.961865
194,0.962357
195,0.961011
196,0.939475
197,0.931843
198,0.962634
199,0.971874
200,0.966378
201,0.97876
202,0.974626
203,0.952059
204,0.955072
205,0.951089
206,0.972715
207,0.9711
208,0.972725
209,0.967696
210,0.968683
211,0.973158
212,0.979779
213,0.97728
214,0.964182
215,0.946108
216,0.975513
217,0.959934
218,0.957827
219,0.971539
220,0.968116
221,0.969056
222,0.96979
223,0.967981
224,0.970352
225,0.974421
226,0.973615
227,0.958616
228,0.957305
229,0.931387
230,0.934962
231,0.917715
232,0.909982
233,0.917472
234,0.904187
235,0.907808
236,0.893154
237,0.923046
238,0.853039
239,0.897959
240,0.91998
241,0.882397
242,0.885415
243,0.91821
244,0.919718
245,0.917765
246,0.887464
247,0.782025
248,0.817553
249,0.751915
250,0.7828
251,0.731934
252,0.808002
253,0.752776
254,0.720678
255,0.720618
256,0.71272
257,0.72021
258,0.766942
259,0.860344
260,0.726229
261,0.813138
262,0.806067
263,0.553179
264,0.054469
265,0.028312
266,0.046008
267,0.04381
268,0.036659
269,0.018555
270,0.009646
271,0.006623
272,0.003723
273,0.002067
274,0.001682
275,0.001551
276,0.001461
277,0.001755
278,0.003426
279,0.005687
280,0.011154
281,0.261695
282,0.820412
283,0.882948
284,0.910585
285,0.819958
286,0.884637
287,0.906352
288,0.860353
289,0.146041
290,0.110116
291,0.024547
292,0.001201
293,0.001169
294,0.011729
295,0.001812
296,0.002311
297,0.002877
298,0.001561
299,0.001953
300,0.001495
301,0.00413
302,0.00394
303,0.001585
304,0.001379
305,0.00245
306,0.235381
307,0.351578
308,0.708872
309,0.723461
310,0.726746
311,0.878354
312,0.859149
313,0.786669
314,0.864087
315,0.777085
316,0.653905
317,0.496551
318,0.017419
319,0.011403
320,0.007622
321,0.032702
322,0.124028
323,0.273861
324,0.545934
325,0.783208
326,0.886709
327,0.901546
328,0.922022
329,0.944363
330,0.966772
331,0.980944
332,0.968943
333,0.961104
334,0.953111
335,0.95968
336,0.956152
337,0.908278
338,0.906879
339,0.113774
340,0.003523
341,0.004286
342,0.037978
343,0.454279
344,0.717494
345,0.737517
346,0.795822
347,0.750908
348,0.860265
349,0.831254
350,0.857494
351,0.868826
352,0.911135
353,0.951843
354,0.949145
355,0.933221
356,0.956283
357,0.95341
358,0.955039
359,0.964729
360,0.971627
361,0.963075
362,0.965526
363,0.960035
364,0.955652
365,0.944261
366,0.939745
367,0.950044
368,0.95782
369,0.964854
370,0.965148
371,0.958962
372,0.966697
373,0.946074
374,0.946203
375,0.944059
376,0.953367
377,0.948937
378,0.945871
379,0.949541
380,0.954651
381,0.956155
382,0.96504
383,0.970591
384,0.967674
385,0.978273
386,0.978483
387,0.977929
388,0.975181
389,0.97459
390,0.980047
391,0.981038
392,0.980095
393,0.98173
394,0.981973
395,0.984748
396,0.982024
397,0.976493
398,0.978184
399,0.981369
400,0.981402
401,0.976604
402,0.975399
403,0.974852
404,0.976485
405,0.909695
406,0.474486
407,0.164504
408,0.145415
409,0.101124
410,0.0347
411,0.025579
412,0.020214
413,0.027749
414,0.080601
415,0.017709
416,0.254108
417,0.619047
418,0.794171
419,0.865363
420,0.91163
421,0.895805
422,0.900928
423,0.920761
424,0.927084
425,0.914275
426,0.901944
427,0.904034
428,0.885377
429,0.109078
430,0.182151
431,0.012233
432,0.011632
433,0.106031
434,0.127814
435,0.246862
436,0.50195
437,0.349558
438,0.198108
439,0.56476
440,0.614007
441,0.689321
442,0.384967
443,0.4088
444,0.455219
445,0.166626
446,0.086615
447,0.286532
448,0.127661
449,0.440567
450,0.527174
451,0.5387
452,0.65604
453,0.359345
454,0.63102
455,0.723614
456,0.744711
457,0.657495
458,0.576137
459,0.632455
460,0.629684
461,0.739806
462,0.770303
463,0.732523
464,0.748089
465,0.607066
466,0.738973
467,0.716288
468,0.707451
469,0.724102
470,0.815682
471,0.847109
472,0.791455
473,0.810165
474,0.741233
475,0.651275
476,0.73762
477,0.725637
478,0.699302
479,0.618878
480,0.026268
481,0.011315
482,0.012233
483,0.015247
484,0.016931
485,0.009946
486,0.004762
487,0.002513
488,0.003828
489,0.003068
490,0.003169
491,0.002499
492,0.003831
493,0.001333
494,0.000738
495,0.000946
496,0.000987
497,0.001139
498,0.00107
499,0.001043
500,0.000763
501,0.000746
502,0.000898
503,0.001034
504,0.001106
505,0.001312
506,0.002025
507,0.015937
508,0.203947
509,0.497939
510,0.424105
511,0.419636
512,0.466099
513,0.518379
514,0.638888
515,0.666306
516,0.735306
517,0.807643
518,0.865211
519,0.843684
520,0.828943
521,0.82891
522,0.880807
523,0.883986
524,0.899494
525,0.892695
526,0.88113
527,0.934518
528,0.795246
529,0.024399
530,0.019536
531,0.007914
532,0.012078
533,0.007731
534,0.001202
535,0.001475
536,0.001092
537,0.000862
538,0.002409
539,0.002939
540,0.003447
541,0.000653
542,0.000685
543,0.00042
544,0.000446
545,0.000395
546,0.0003
547,0.000668
548,0.000415
549,0.00036
550,0.000419
551,0.000335
552,0.000422
553,0.000572
554,0.000665
555,0.000472
556,0.000597
557,0.000351
558,0.000427
559,0.000298
560,0.000169
561,0.000209
562,0.00032
563,0.000317
564,0.000452
565,0.220835
566,0.695553
567,0.83083
568,0.90191
569,0.883641
570,0.915713
571,0.923934
572,0.868582
573,0.881414
574,0.896671
575,0.91272
576,0.942815
577,0.964327
578,0.963157
579,0.966737
580,0.939053
581,0.937742
582,0.935629
583,0.950149
584,0.94901
585,0.946117
586,0.942344
587,0.929619
588,0.935046
589,0.919998
590,0.941669
591,0.930174
592,0.949035
593,0.95439
594,0.966804
595,0.969056
596,0.977127
597,0.970035
598,0.954492
599,0.962976
600,0.958982
601,0.887128
602,0.887698
603,0.874498
604,0.875991
605,0.843958
606,0.85162
607,0.852763
608,0.804185
609,0.87837
610,0.885506
611,0.85286
612,0.847317
613,0.916995
614,0.928977
615,0.922641
616,0.934235
617,0.946078
618,0.940473
619,0.940021
620,0.928346
621,0.933323
622,0.934887
623,0.92779
624,0.934302
625,0.932114
626,0.934495
627,0.931247
628,0.916987
629,0.934038
630,0.946184
631,0.941571
632,0.949122
633,0.960247
634,0.962139
635,0.970805
636,0.972582
637,0.96652
638,0.970401
639,0.966415
640,0.973619
641,0.973349
642,0.966154
643,0.974396
644,0.971821
645,0.971107
646,0.970866
647,0.977348
648,0.975198
649,0.982197
650,0.979173
651,0.984872
652,0.981947
653,0.950778
654,0.069485
655,0.037098
656,0.042354
657,0.016878
658,0.017142
659,0.027283
660,0.015029
661,0.012994
662,0.009637
663,0.011352
664,0.011803
665,0.007358
666,0.005229
667,0.004988
668,0.004066
669,0.00391
670,0.008234
671,0.008242
672,0.006852
673,0.00504
674,0.003519
675,0.002894
676,0.002689
677,0.002607
678,0.003915
679,0.003301
680,0.003737
681,0.004243
682,0.003786
683,0.004918
684,0.006611
685,0.005755
686,0.0058
687,0.007062
688,0.003817
689,0.002286
690,0.002052
691,0.00185
692,0.00154
693,0.002584
694,0.004019
695,0.002535
696,0.003412
697,0.002726
698,0.001596
699,0.001253
700,0.001067
701,0.001214
702,0.00112
703,0.000529
704,0.000473
705,0.000452
706,0.000844
707,0.001978
708,0.003064
709,0.003749
710,0.009548
711,0.011192
712,0.00347
713,0.0039
714,0.002405
715,0.003244
716,0.004213
717,0.004832
718,0.003137
719,0.004096
720,0.002544
721,0.000779
722,0.000908
723,0.000762
724,0.000377
725,0.000865
726,0.001718
727,0.012623
728,0.157454
729,0.551089
730,0.849161
731,0.883487
732,0.917676
733,0.708561
734,0.836438
735,0.878312
736,0.682552
737,0.226807
738,0.071481
739,0.069614
740,0.010247
741,0.008726
742,0.009053
743,0.003343
744,0.00192
745,0.002132
746,0.002662
747,0.002634
748,0.001842
749,0.002079
750,0.001855
751,0.002573
752,0.00256
753,0.006972
754,0.006696
755,0.077439
756,0.24166
757,0.464108
758,0.538069
759,0.783407
760,0.769009
761,0.847171
762,0.883985
763,0.904355
764,0.880228
765,0.891825
766,0.843524
767,0.875088
768,0.887982
769,0.888581
770,0.873097
771,0.862575
772,0.84831
773,0.817603
774,0.853812
775,0.859432
776,0.807885
777,0.792441
778,0.804544
779,0.822681
780,0.819954
781,0.857134
782,0.807198
783,0.664003
784,0.607138
785,0.651398
786,0.641181
787,0.648395
788,0.568364
789,0.695304
790,0.735945
791,0.748472
792,0.748769
793,0.826942
794,0.874723
795,0.91294
796,0.87901
797,0.881374
798,0.833896
799,0.841735
800,0.800693
801,0.779978
802,0.851873
803,0.792978
804,0.843783
805,0.776375
806,0.779434
807,0.649422
808,0.662421
809,0.795655
810,0.835665
811,0.807996
812,0.880785
813,0.901445
814,0.899965
815,0.873211
816,0.871361
817,0.930174
818,0.93241
819,0.910172
820,0.899843
821,0.889526
822,0.871321
823,0.872605
824,0.867336
825,0.891138
826,0.382039
827,0.140586
828,0.386894
829,0.620345
830,0.889918
831,0.882209
832,0.921413
833,0.91733
834,0.898628
835,0.896957
836,0.890909
837,0.888786
838,0.92995
839,0.955794
840,0.952774
841,0.938903
842,0.938207
843,0.929582
844,0.93018
845,0.93301
846,0.93374
847,0.936566
848,0.91845
849,0.930651
850,0.922543
851,0.933974
852,0.939853
853,0.924515
854,0.937254
855,0.93683
856,0.931282
857,0.902771
858,0.938161
859,0.937353
860,0.942364
861,0.952579
862,0.96792
863,0.964026
864,0.966532
865,0.943531
866,0.959
867,0.940086
868,0.936089
869,0.940778
870,0.943897
871,0.941969
872,0.930827
873,0.935817
874,0.932934
875,0.945413
876,0.95649
877,0.909008
878,0.936668
879,0.948441
880,0.961455
881,0.9678
882,0.965939
883,0.971248
884,0.971274
885,0.972705
886,0.968158
887,0.957601
888,0.973367
889,0.981327
890,0.979637
891,0.978855
892,0.976609
893,0.976609
894,0.972804
895,0.968014
896,0.976333
897,0.970691
898,0.969758
899,0.968366
900,0.970011
901,0.955903
902,0.967945
903,0.973364
904,0.972695
905,0.977953
906,0.978456
907,0.977779
908,0.975214
909,0.97798
910,0.963965
911,0.961052
912,0.965976
913,0.97045
914,0.971982
915,0.979686
916,0.972124
917,0.9756
918,0.975542
919,0.971205
920,0.969524
921,0.971851
922,0.972984
923,0.976419
924,0.974252
925,0.962806
926,0.96797
927,0.970105
928,0.966828
929,0.965231
930,0.964483
931,0.970825
932,0.977666
933,0.97159
934,0.972475
935,0.973024
936,0.972354
937,0.972914
938,0.972579
939,0.971474
940,0.980201
941,0.958385
942,0.398883
943,0.320595
944,0.692326
945,0.786245
946,0.871476
947,0.895149
948,0.909732
949,0.911985
950,0.912293
951,0.928775
952,0.897128
953,0.312062
954,0.045495
955,0.006712
956,0.003823
957,0.00302
958,0.0016
959,0.001602
960,0.001366
961,0.001589
962,0.001339
963,0.001447
964,0.001497
965,0.001182
966,0.000832
967,0.000369
968,0.003583
969,0.0059
970,0.057537
971,0.778442
972,0.905361
973,0.894272
974,0.929834
975,0.934828
976,0.940887
977,0.939975
978,0.954209
979,0.957751
980,0.967432
981,0.962686
982,0.960241
983,0.964632
984,0.971845
985,0.975486
986,0.981459
987,0.984394
988,0.982556
989,0.985867
990,0.984805
991,0.985766
992,0.985048
993,0.986963
994,0.986321
995,0.986766
996,0.989442
997,0.987782
998,0.984494
999,0.983469
1000,0.987534
1001,0.987578
1002,0.989826
1003,0.990827
1004,0.992831
1005,0.990753
1006,0.990375
1007,0.990735
1008,0.990763
1009,0.98093
1010,0.980833
1011,0.97797
1012,0.979968
1013,0.978716
1014,0.97659
1015,0.976902
1016,0.978164
1017,0.983498
1018,0.985452
1019,0.984669
1020,0.984711
1021,0.98051
1022,0.9874
1023,0.9889
1024,0.984549
1025,0.984437
1026,0.983244
1027,0.982114
1028,0.983376
1029,0.984802
1030,0.982717
1031,0.982529
1032,0.982544
1033,0.983422
1034,0.985675
1035,0.985479
1036,0.98518
1037,0.987493
1038,0.985764
1039,0.983612
1040,0.977714
1041,0.977146
1042,0.979977
1043,0.977687
1044,0.983373
1045,0.976958
1046,0.973145
1047,0.968875
1048,0.687454
1049,0.445212
1050,0.474643
1051,0.884774
1052,0.930758
1053,0.940799
1054,0.941079
1055,0.930108
1056,0.103485
1057,0.006616
1058,0.003541
1059,0.001823
1060,0.001494
1061,0.001318
1062,0.001246
1063,0.000935
1064,0.001183
1065,0.001288
1066,0.004319
1067,0.754835
1068,0.928376
1069,0.955874
1070,0.969578
1071,0.974322
1072,0.975312
1073,0.972736
1074,0.982867
1075,0.986613
1076,0.986167
1077,0.981286
1078,0.985017
1079,0.983999
1080,0.981226
1081,0.978721
1082,0.974633
1083,0.981424
1084,0.980399
1085,0.983741
1086,0.983089
1087,0.975007
1088,0.972127
1089,0.969693
1090,0.975125
1091,0.970172
1092,0.968296
1093,0.962797
1094,0.963942
1095,0.965616
1096,0.965863
1097,0.973724
1098,0.965531
1099,0.975648
1100,0.97428
1101,0.978453
1102,0.975954
1103,0.526906
1104,0.050286
1105,0.021705
1106,0.007973
1107,0.006063
1108,0.005643
1109,0.004665
1110,0.004488
1111,0.004317
1112,0.00527
1113,0.003336
1114,0.002377
1115,0.002979
1116,0.003237
1117,0.001494
1118,0.000772
1119,0.001047
1120,0.001531
1121,0.003667
1122,0.267127
1123,0.843235
1124,0.943527
1125,0.960471
1126,0.969211
1127,0.972333
1128,0.982254
1129,0.974087
1130,0.974158
1131,0.979027
1132,0.973031
1133,0.969455
1134,0.983805
1135,0.972175
1136,0.984636
1137,0.978803
1138,0.97908
1139,0.977177
1140,0.977434
1141,0.97437
1142,0.978563
1143,0.975887
1144,0.982384
1145,0.97982
1146,0.978873
1147,0.536697
1148,0.00579
1149,0.003221
1150,0.001482
1151,0.001398
1152,0.001655
1153,0.000987
1154,0.000729
1155,0.00067
1156,0.000572
1157,0.000802
1158,0.000706
1159,0.000764
1160,0.000834
1161,0.001311
1162,0.000767
1163,0.000592
1164,0.000565
1165,0.000653
1166,0.000675
1167,0.00024
1168,0.000274
1169,0.007153
1170,0.402981
1171,0.47401
1172,0.79498
1173,0.850025
1174,0.885197
1175,0.901048
1176,0.844153
1177,0.890325
1178,0.915211
1179,0.900051
1180,0.533633
1181,0.077064
1182,0.005409
1183,0.002954
1184,0.002364
1185,0.002604
1186,0.002199
1187,0.001919
1188,0.002088
1189,0.001956
1190,0.001431
1191,0.001424
1192,0.001795
1193,0.002724
1194,0.140091
1195,0.488608
1196,0.526463
1197,0.769778
1198,0.8835
1199,0.971792
1200,0.978344
1201,0.973484
1202,0.981206
1203,0.97447
1204,0.974813
1205,0.97848
1206,0.983389
1207,0.980335
1208,0.982156
1209,0.987634
1210,0.988331
1211,0.989041
1212,0.988743
1213,0.992475
1214,0.991521
1215,0.990355
1216,0.990306
1217,0.986781
1218,0.992
1219,0.986665
1220,0.238297
1221,0.010949
1222,0.003973
1223,0.003035
1224,0.002855
1225,0.002234
1226,0.002114
1227,0.002008
1228,0.001654
1229,0.001666
1230,0.002071
1231,0.001541
1232,0.001294
1233,0.00138
1234,0.001243
1235,0.000919
1236,0.000961
1237,0.000683
1238,0.000854
1239,0.000614
1240,0.000664
1241,0.001556
1242,0.070144
1243,0.649186
1244,0.795892
1245,0.770327
1246,0.79942
1247,0.829954
1248,0.805525
1249,0.886201
1250,0.883799
1251,0.849141
1252,0.407532
1253,0.144027
1254,0.130053
1255,0.135053
1256,0.006946
1257,0.003958
1258,0.001469
1259,0.001394
1260,0.000955
1261,0.000658
1262,0.000778
1263,0.000903
1264,0.001082
1265,0.000543
1266,0.000948
1267,0.001053
1268,0.002168
1269,0.001905
1270,0.001334
1271,0.001005
1272,0.000713
1273,0.001705
1274,0.001322
1275,0.001986
1276,0.001756
1277,0.00179
1278,0.001113
1279,0.000716
1280,0.000923
1281,0.001384
1282,0.002105
1283,0.002055
1284,0.000948
1285,0.000304
1286,0.000362
1287,0.000714
1288,0.00085
1289,0.000932
1290,0.00071
1291,0.000475
1292,0.006831
1293,0.012665
1294,0.628176
1295,0.714555
1296,0.341091
1297,0.715658
1298,0.601301
1299,0.667762
1300,0.577082
1301,0.695622
1302,0.671983
1303,0.646174
1304,0.664306
1305,0.663042
1306,0.089608
1307,0.004728
1308,0.000957
1309,0.001233
1310,0.00057
1311,0.00072
1312,0.000643
1313,0.000307
1314,0.000434
1315,0.000596
1316,0.000771
1317,0.00099
1318,0.001268
1319,0.001371
1320,0.001027
1321,0.003967
1322,0.001558
1323,0.000799
1324,0.000398
1325,0.000429
1326,0.000603
1327,0.000815
1328,0.00146
1329,0.001298
1330,0.001037
1331,0.001132
1332,0.000917
1333,0.00129
1334,0.008385
1335,0.001146
1336,0.001468
1337,0.005925
1338,0.005819
1339,0.004282
1340,0.000696
1341,0.000505
1342,0.000502
1343,0.000544
1344,0.000507
1345,0.000563
1346,0.000826
1347,0.0007
1348,0.000786
1349,0.000476
1350,0.000573
1351,0.000737
1352,0.000503
1353,0.00037
1354,0.000295
1355,0.000429
1356,0.001735
1357,0.0064
1358,0.223901
1359,0.666272
1360,0.883592
1361,0.909744
1362,0.932641
1363,0.92537
1364,0.907939
1365,0.91479
1366,0.900624
1367,0.899505
1368,0.837468
1369,0.889572
1370,0.886801
1371,0.899335
1372,0.947224
1373,0.923541
1374,0.905514
1375,0.917141
1376,0.917987
1377,0.937309
1378,0.942312
1379,0.944145
1380,0.819001
1381,0.029774
1382,0.009341
1383,0.015418
1384,0.010003
1385,0.003797
1386,0.003621
1387,0.004007
1388,0.004484
1389,0.004422
1390,0.004611
1391,0.003941
1392,0.002599
1393,0.00271
1394,0.002428
1395,0.002971
1396,0.002387
1397,0.001985
1398,0.001476
1399,0.002562
1400,0.003477
1401,0.011109
1402,0.00447
1403,0.00388
1404,0.009456
1405,0.009083
1406,0.470136
1407,0.485349
1408,0.824495
1409,0.704746
1410,0.693373
1411,0.812602
1412,0.84657
1413,0.840458
1414,0.936922
1415,0.962898
1416,0.955369
1417,0.966614
1418,0.961684
1419,0.953947
1420,0.945782
1421,0.943916
1422,0.954563
1423,0.962027
1424,0.961115
1425,0.968319
1426,0.960574
1427,0.971173
1428,0.956215
1429,0.960645
1430,0.954372
1431,0.948973
1432,0.96617
1433,0.962601
1434,0.958843
1435,0.96139
1436,0.960366
1437,0.967119
1438,0.968257
1439,0.974912
1440,0.97575
1441,0.96567
1442,0.97012
1443,0.967081
1444,0.959802
1445,0.963228
1446,0.967195
1447,0.971673
1448,0.966781
1449,0.965834
1450,0.967477
1451,0.968678
1452,0.961148
1453,0.945652
1454,0.966158
1455,0.954074
1456,0.966181
1457,0.964625
1458,0.965133
1459,0.97342
1460,0.976859
1461,0.975797
1462,0.976979
1463,0.979783
1464,0.980482
1465,0.961148
1466,0.962506
1467,0.965653
1468,0.959844
1469,0.965025
1470,0.954911
1471,0.950268
1472,0.967517
1473,0.963189
1474,0.964578
1475,0.13204
1476,0.027914
1477,0.006369
1478,0.000994
1479,0.001005
1480,0.000728
1481,0.000821
1482,0.001009
1483,0.000845
1484,0.000811
1485,0.000866
1486,0.000765
1487,0.007986
1488,0.003668
1489,0.083193
1490,0.528816
1491,0.721531
1492,0.775686
1493,0.762451
1494,0.716927
1495,0.66945
1496,0.721701
1497,0.717424
1498,0.723852
1499,0.093443
1500,0.010316
1501,0.001752
1502,0.001728
1503,0.000581
1504,0.000781
1505,0.001075
1506,0.001306
1507,0.001531
1508,0.001519
1509,0.000957
1510,0.001187
1511,0.000906
1512,0.000812
1513,0.001831
1514,0.001326
1515,0.001364
1516,0.00048
1517,0.000477
1518,0.005775
1519,0.622828
1520,0.956089
1521,0.968961
1522,0.958724
1523,0.966818
1524,0.965403
1525,0.969885
1526,0.965599
1527,0.974671
1528,0.976177
1529,0.974412
1530,0.979543
1531,0.969974
1532,0.976627
1533,0.97763
1534,0.979144
1535,0.971204
1536,0.977504
1537,0.951042
1538,0.953466
1539,0.947419
1540,0.947731
1541,0.733745
1542,0.259666
1543,0.058224
1544,0.065589
1545,0.072361
1546,0.021458
1547,0.010307
1548,0.006002
1549,0.001583
1550,0.001968
1551,0.001771
1552,0.001202
1553,0.000961
1554,0.000621
1555,0.000987
1556,0.020118
1557,0.430496
1558,0.618115
1559,0.598404
1560,0.687119
1561,0.888975
1562,0.857247
1563,0.823716
1564,0.813213
1565,0.822412
1566,0.853752
1567,0.872032
1568,0.87523
1569,0.86889
1570,0.817825
1571,0.814725
1572,0.795462
1573,0.844887
1574,0.819099
1575,0.80616
1576,0.770005
1577,0.721185
1578,0.785282
1579,0.805633
1580,0.821144
1581,0.817075
1582,0.808908
1583,0.849986
1584,0.854939
1585,0.86108
1586,0.881582
1587,0.833518
1588,0.018645
1589,0.01293
1590,0.00497
1591,0.007027
1592,0.006406
1593,0.006024
1594,0.006399
1595,0.008987
1596,0.007298
1597,0.00303
1598,0.001966
1599,0.003967
1600,0.002809
1601,0.004408
1602,0.003011
1603,0.003408
1604,0.003521
1605,0.00091
1606,0.000841
1607,0.000895
1608,0.000517
1609,0.000525
1610,0.001305
1611,0.028128
1612,0.820814
1613,0.879957
1614,0.876531
1615,0.878103
1616,0.900344
1617,0.947367
1618,0.85779
1619,0.916582
1620,0.937794
1621,0.972651
1622,0.969716
1623,0.959904
1624,0.972877
1625,0.940351
1626,0.077641
1627,0.007838
1628,0.00084
1629,0.000592
1630,0.000544
1631,0.00127
1632,0.001907
1633,0.000489
1634,0.000629
1635,0.00113
1636,0.000994
1637,0.004654
1638,0.008381
1639,0.006378
1640,0.001443
1641,0.000955
1642,0.001212
1643,0.000674
1644,0.000345
1645,0.00088
1646,0.000609
1647,0.000535
1648,0.000751
1649,0.000446
1650,0.000556
1651,0.000673
1652,0.001072
1653,0.007807
1654,0.784961
1655,0.88283
1656,0.934389
1657,0.980516
1658,0.964831
1659,0.979557
1660,0.966702
1661,0.962784
1662,0.941616
1663,0.953109
1664,0.958899
1665,0.950965
1666,0.066323
1667,0.209028
1668,0.03745
1669,0.001786
1670,0.001759
1671,0.00135
1672,0.001193
1673,0.000868
1674,0.001088
1675,0.000776
1676,0.00103
1677,0.00077
1678,0.000789
1679,0.000677
1680,0.000696
1681,0.000864
1682,0.000721
1683,0.000873
1684,0.000162
1685,0.000122
1686,0.000126
1687,0.000111
1688,0.000151
1689,0.000203
1690,0.001465
1691,0.001532
1692,0.001252
1693,0.00096
1694,0.000975
1695,0.001116
1696,0.001271
1697,0.001268
1698,0.000379
1699,0.000906
1700,0.001072
1701,0.000971
1702,0.000931
1703,0.000831
1704,0.000725
1705,0.000592
1706,0.000586
1707,0.000622
1708,0.000745
1709,0.000682
1710,0.000725
1711,0.000661
1712,0.00092
1713,0.00099
1714,0.000856
1715,0.000863
1716,0.00098
1717,0.000709
1718,0.001654
1719,0.000953
1720,0.001275
1721,0.0012
1722,0.001443
1723,0.001868
1724,0.001672
1725,0.001577
1726,0.001608
1727,0.00178
1728,0.001824
1729,0.001412
1730,0.001254
1731,0.000928
1732,0.001177
1733,0.00095
1734,0.001445
1735,0.00125
1736,0.001246
1737,0.001112
1738,0.001064
1739,0.001098
1740,0.000935
1741,0.000784
1742,0.001056
1743,0.001147
1744,0.000935
1745,0.001209
1746,0.000931
1747,0.001212
1748,0.001448
1749,0.001491
1750,0.001862
1751,0.000658
1752,0.00037
1753,0.000218
1754,0.000114
1755,0.000143
1756,0.000258
1757,0.000432
1758,0.000701
1759,0.000702
1760,0.001514
1761,0.001587
1762,0.001127
1763,0.001369
1764,0.000795
1765,0.000422
1766,0.000445
1767,0.000931
1768,0.000645
1769,0.001415
1770,0.001315
1771,0.000536
1772,0.000934
1773,0.000723
1774,0.000802
1775,0.000901
1776,0.001708
1777,0.003485
1778,0.001492
1779,0.001293
1780,0.000796
1781,0.000758
1782,0.000827
1783,0.000915
1784,0.000752
1785,0.000507
1786,0.000541
1787,0.000603
1788,0.000735
1789,0.000676
1790,0.000946
1791,0.000843
1792,0.000844
1793,0.000949
1794,0.000677
1795,0.001422
1796,0.001646
1797,0.002101
1798,0.002273
1799,0.001366
1800,0.000494
1801,0.000316
1802,0.000376
1803,0.001049
1804,0.001073
1805,0.000884
1806,0.001023
1807,0.000579
1808,0.000507
1809,0.000488
1810,0.000968
1811,0.001076
1812,0.001056
1813,0.001787
1814,0.001711
1815,0.001988
1816,0.00301
1817,0.00273
1818,0.003676
1819,0.003713
1820,0.003153
1821,0.007591
1822,0.007017
1823,0.005016
1824,0.002402
1825,0.0038
1826,0.005904
1827,0.002193
1828,0.003355
1829,0.003668
1830,0.005338
1831,0.012072
1832,0.008881
1833,0.006025
1834,0.003884
1835,0.003613
1836,0.003465
1837,0.001614
1838,0.000979
1839,0.000569
1840,0.000975
1841,0.000351
1842,0.000333
1843,0.000422
1844,0.000278
1845,0.000225
1846,0.000283
1847,0.000275
1848,0.000242
1849,0.000322
1850,0.000326
1851,0.000304
1852,0.000274
1853,0.000357
1854,0.378581
1855,0.366078
1856,0.731774
1857,0.908262
1858,0.88526
1859,0.883644
1860,0.8708
1861,0.933788
1862,0.939368
1863,0.927291
1864,0.940406
1865,0.937829
1866,0.937811
1867,0.953954
1868,0.948034
1869,0.94583
1870,0.968467
1871,0.9722
1872,0.974851
1873,0.976323
1874,0.982362
1875,0.980301
1876,0.974628
1877,0.977209
1878,0.977681
1879,0.969986
1880,0.970563
1881,0.968315
1882,0.975788
1883,0.970625
1884,0.97244
1885,0.975709
1886,0.974588
1887,0.974366
1888,0.970887
1889,0.968651
1890,0.972375
1891,0.971644
1892,0.968296
1893,0.960828
1894,0.953289
1895,0.953881
1896,0.950026
1897,0.973828
1898,0.968869
1899,0.97752
1900,0.976717
1901,0.980094
1902,0.980891
1903,0.979355
1904,0.980682
1905,0.97632
1906,0.979638
1907,0.978075
1908,0.976448
1909,0.979471
1910,0.981824
1911,0.898806
1912,0.394594
1913,0.08862
1914,0.053203
1915,0.007821
1916,0.003751
1917,0.00396
1918,0.000509
1919,0.001039
1920,0.001265
1921,0.00135
1922,0.001497
1923,0.001115
1924,0.001467
1925,0.001336
1926,0.000967
1927,0.000812
1928,0.000689
1929,0.000474
1930,0.000299
1931,0.000378
1932,0.000347
1933,0.004252
1934,0.011822
1935,0.263082
1936,0.631486
1937,0.799186
1938,0.810867
1939,0.724366
1940,0.915466
1941,0.928171
1942,0.896078
1943,0.93657
1944,0.944439
1945,0.96525
1946,0.964654
1947,0.975068
1948,0.973861
1949,0.973299
1950,0.97644
1951,0.967841
1952,0.974695
1953,0.968421
1954,0.956493
1955,0.966827
1956,0.950344
1957,0.95055
1958,0.959093
1959,0.947074
1960,0.967273
1961,0.962038
1962,0.968792
1963,0.963427
1964,0.962637
1965,0.956357
1966,0.961252
1967,0.964374
1968,0.953581
1969,0.967007
1970,0.947405
1971,0.950939
1972,0.935197
1973,0.909261
1974,0.943985
1975,0.937846
1976,0.908158
1977,0.933871
1978,0.954001
1979,0.945566
1980,0.940284
1981,0.928293
1982,0.870622
1983,0.892797
1984,0.88128
1985,0.846296
1986,0.820964
1987,0.897311
1988,0.869585
1989,0.842043
1990,0.827919
1991,0.917135
1992,0.800445
1993,0.708036
1994,0.735371
1995,0.81774
1996,0.873299
1997,0.840924
1998,0.876428
1999,0.914633
2000,0.916451
2001,0.817579
2002,0.869913
2003,0.721802
2004,0.707302
2005,0.741654
2006,0.861723
2007,0.819378
2008,0.881501
2009,0.898334
2010,0.886944
2011,0.908573
2012,0.900067
2013,0.894034
2014,0.889639
2015,0.914976
2016,0.926832
2017,0.94644
2018,0.941095
2019,0.954032
2020,0.959065
2021,0.965089
2022,0.960169
2023,0.931649
2024,0.844729
2025,0.705289
2026,0.694463
2027,0.658996
2028,0.728959
2029,0.949977
2030,0.959287
2031,0.974776
2032,0.964006
2033,0.963906
2034,0.959716
2035,0.219678
2036,0.016117
2037,0.007689
2038,0.000683
2039,0.001095
2040,0.001383
2041,0.000639
2042,0.000612
2043,0.000547
2044,0.000515
2045,0.000608
2046,0.00062
2047,0.00123
2048,0.042322
2049,0.798243
2050,0.905379
2051,0.950813
2052,0.938846
2053,0.973791
2054,0.974064
2055,0.970986
2056,0.966264
2057,0.966796
2058,0.956829
2059,0.951709
2060,0.963857
2061,0.954352
2062,0.851025
2063,0.11465
2064,0.03378
2065,0.010056
2066,0.005551
2067,0.005177
2068,0.004782
2069,0.002462
2070,0.001979
2071,0.002649
2072,0.003081
2073,0.001197
2074,0.000815
2075,0.00466
2076,0.018219
2077,0.444717
2078,0.660389
2079,0.692747
2080,0.556931
2081,0.660703
2082,0.623172
2083,0.560474
2084,0.532521
2085,0.674828
2086,0.877169
2087,0.389435
2088,0.014504
2089,0.009147
2090,0.004092
2091,0.003807
2092,0.004044
2093,0.002357
2094,0.003355
2095,0.003086
2096,0.002932
2097,0.001675
2098,0.001789
2099,0.000865
2100,0.003013
2101,0.002546
2102,0.017014
2103,0.084763
2104,0.527138
2105,0.343018
2106,0.224798
2107,0.130147
2108,0.208242
2109,0.23852
2110,0.365366
2111,0.416433
2112,0.483059
2113,0.249167
2114,0.440398
2115,0.443945
2116,0.350682
2117,0.398065
2118,0.447895
2119,0.483568
2120,0.025376
2121,0.00494
2122,0.004551
2123,0.00047
2124,0.000437
2125,0.000983
2126,0.00088
2127,0.000893
2128,0.001348
2129,0.000807
2130,0.001631
2131,0.821431
2132,0.87149
2133,0.906695
2134,0.910897
2135,0.937021
2136,0.96544
2137,0.971669
2138,0.9681
2139,0.962848
2140,0.968374
2141,0.979367
2142,0.983659
2143,0.975231
2144,0.977315
2145,0.885017
2146,0.034198
2147,0.00503
2148,0.00179
2149,0.000743
2150,0.000569
2151,0.000405
2152,0.000489
2153,0.000486
2154,0.000486
2155,0.000474
2156,0.000508
2157,0.000503
2158,0.000499
2159,0.040483
2160,0.142299
2161,0.402929
2162,0.684947
2163,0.803004
2164,0.908613
2165,0.918766
2166,0.941241
2167,0.945024
2168,0.948524
2169,0.942775
2170,0.94931
2171,0.962109
2172,0.959378
2173,0.96902
2174,0.961049
2175,0.963543
2176,0.960151
2177,0.948945
2178,0.949873
2179,0.952793
2180,0.957081
2181,0.953734
2182,0.955468
2183,0.951845
2184,0.210717
2185,0.010015
2186,0.005434
2187,0.007329
2188,0.003093
2189,0.003394
2190,0.003905
2191,0.003735
2192,0.003907
2193,0.00367
2194,0.003074
2195,0.001204
2196,0.000825
2197,0.002329
2198,0.001417
2199,0.001034
2200,0.001307
2201,0.000942
2202,0.000447
2203,0.000332
2204,0.000203
2205,0.000313
2206,0.00033
2207,0.000372
2208,0.000492
2209,0.000242
2210,0.000244
2211,0.000279
2212,0.000658
2213,0.000966
2214,0.001262
2215,0.00143
2216,0.000632
2217,0.00087
2218,0.00196
2219,0.082366
2220,0.268739
2221,0.790021
2222,0.847914
2223,0.909988
2224,0.875183
2225,0.875793
2226,0.852309
2227,0.785511
2228,0.895328
2229,0.946706
2230,0.898453
2231,0.883452
2232,0.918923
2233,0.964153
2234,0.968855
2235,0.978729
2236,0.980427
2237,0.903989
2238,0.828219
2239,0.690599
2240,0.047347
2241,0.012362
2242,0.01059
2243,0.000775
2244,0.00293
2245,0.005293
2246,0.009118
2247,0.000362
2248,0.000678
2249,0.000406
2250,0.00025
2251,0.001059
2252,0.000582
2253,0.000421
2254,0.000369
2255,0.000132
2256,0.000204
2257,0.000145
2258,0.000162
2259,0.000152
2260,0.000158
2261,0.000136
2262,0.000155
2263,0.000172
2264,0.000169
2265,0.000214
2266,0.000268
2267,0.000205
2268,0.000558
2269,0.000322
2270,0.000363
2271,0.000393
2272,0.000332
2273,0.000235
2274,0.000172
2275,0.000158
2276,0.000187
2277,0.000225
2278,0.000173
2279,0.000243
2280,0.000241
2281,0.00029
2282,0.000266
2283,0.000246
2284,0.000366
2285,0.000707
2286,0.000338
2287,0.000388
2288,0.000371
2289,0.000645
2290,0.000761
2291,0.000807
2292,0.001156
2293,0.000573
2294,0.000522
2295,0.000493
2296,0.000532
2297,0.000663
2298,0.000462
2299,0.000455
2300,0.000391
2301,0.000612
2302,0.00054
2303,0.000193
2304,0.000546
2305,0.00024
2306,0.000304
2307,0.000269
2308,0.000246
2309,0.000541
2310,0.000464
2311,0.000433
2312,0.000445
2313,0.000458
2314,0.000642
2315,0.00093
2316,0.0009
2317,0.000452
2318,0.000712
2319,0.000752
2320,0.00595
2321,0.559697
2322,0.81177
2323,0.892887
2324,0.93775
2325,0.951673
2326,0.963497
2327,0.967033
2328,0.962144
2329,0.95917
2330,0.965169
2331,0.9624
2332,0.964033
2333,0.965533
2334,0.966881
2335,0.968766
2336,0.970254
2337,0.867045
2338,0.332474
2339,0.269864
2340,0.032546
2341,0.006049
2342,0.004913
2343,0.002852
2344,0.002419
2345,0.002337
2346,0.002003
2347,0.001851
2348,0.001958
2349,0.001897
2350,0.001633
2351,0.00119
2352,0.001128
2353,0.000678
2354,0.000592
2355,0.000799
2356,0.000869
2357,0.001066
2358,0.00115
2359,0.000954
2360,0.001302
2361,0.000995
2362,0.000825
2363,0.000803
2364,0.000847
2365,0.000768
2366,0.000702
2367,0.00059
2368,0.000435
2369,0.000406
2370,0.000485
2371,0.00039
2372,0.00068
2373,0.000782
2374,0.000726
2375,0.001045
2376,0.000688
2377,0.001732
2378,0.001669
2379,0.001868
2380,0.001456
2381,0.001601
2382,0.001255
2383,0.002211
2384,0.001951
2385,0.002195
2386,0.002268
2387,0.001972
2388,0.001215
2389,0.001324
2390,0.00074
2391,0.000799
2392,0.000797
2393,0.00079
2394,0.00058
2395,0.000723
2396,0.000978
2397,0.000728
2398,0.000885
2399,0.00081
2400,0.000637
2401,0.000513
2402,0.000188
2403,0.000445
2404,0.001105
2405,0.001831
2406,0.001208
2407,0.001037
2408,0.000953
2409,0.000777
2410,0.000297
2411,0.000758
2412,0.000492
2413,0.000765
2414,0.000826
2415,0.001646
2416,0.00156
2417,0.000835
2418,0.000513
2419,0.000737
2420,0.000792
2421,0.00078
2422,0.000882
2423,0.001173
2424,0.001505
2425,0.001237
2426,0.000894
2427,0.001328
2428,0.001483
2429,0.001519
2430,0.001173
2431,0.001953
2432,0.001418
2433,0.002032
2434,0.001928
2435,0.001419
2436,0.000909
2437,0.000703
2438,0.000622
2439,0.000667
2440,0.000712
2441,0.00053
2442,0.000572
2443,0.000811
2444,0.001358
2445,0.000563
2446,0.001063
2447,0.001773
2448,0.000815
2449,0.000783
2450,0.000908
2451,0.000908
2452,0.000689
2453,0.00094
2454,0.001089
2455,0.001006
2456,0.000676
2457,0.000901
2458,0.001581
2459,0.001559
2460,0.001378
2461,0.000632
2462,0.00166
2463,0.001582
2464,0.000623
2465,0.000858
2466,0.001139
2467,0.001598
2468,0.002658
2469,0.002358
2470,0.326835
2471,0.84465
2472,0.867294
2473,0.89913
2474,0.883495
2475,0.932333
2476,0.946522
2477,0.932257
2478,0.90715
2479,0.895419
2480,0.902382
2481,0.847621
2482,0.875726
2483,0.871244
2484,0.898249
2485,0.946369
2486,0.941933
2487,0.960898
2488,0.961487
2489,0.954329
2490,0.940562
2491,0.909402
2492,0.825856
2493,0.096603
2494,0.017173
2495,0.003188
2496,0.002259
2497,0.002042
2498,0.001729
2499,0.001912
2500,0.00201
2501,0.005465
2502,0.005474
2503,0.005941
2504,0.003098
2505,0.002427
2506,0.00264
2507,0.004272
2508,0.003435
2509,0.003516
2510,0.00122
2511,0.003699
2512,0.000994
2513,0.000449
2514,0.002553
2515,0.014891
2516,0.008585
2517,0.215796
2518,0.596742
2519,0.790758
2520,0.699413
2521,0.856743
2522,0.861015
2523,0.847648
2524,0.885603
2525,0.903851
2526,0.85951
2527,0.704866
2528,0.790664
2529,0.857467
2530,0.813906
2531,0.831975
2532,0.760591
2533,0.792802
2534,0.777207
2535,0.835098
2536,0.803041
2537,0.844852
2538,0.877427
2539,0.897088
2540,0.863516
2541,0.91269
2542,0.929922
2543,0.941328
2544,0.931071
2545,0.883507
2546,0.901917
2547,0.91342
2548,0.920775
2549,0.932615
2550,0.878682
2551,0.927216
2552,0.877763
2553,0.92694
2554,0.923619
2555,0.884455
2556,0.926735
2557,0.958429
2558,0.927277
2559,0.469556
2560,0.423331
2561,0.134536
2562,0.31727
2563,0.203434
2564,0.262852
2565,0.053087
2566,0.332604
2567,0.865303
2568,0.907522
2569,0.907759
2570,0.846724
2571,0.870464
2572,0.898794
2573,0.89727
2574,0.872434
2575,0.841524
2576,0.842304
2577,0.777776
2578,0.765112
2579,0.818991
2580,0.820251
2581,0.911625
2582,0.880359
2583,0.927046
2584,0.934896
2585,0.93453
2586,0.931603
2587,0.930887
2588,0.954519
2589,0.957512
2590,0.96523
2591,0.9653
2592,0.969446
2593,0.955219
2594,0.932863
2595,0.943465
2596,0.947878
2597,0.956355
2598,0.944927
2599,0.929372
2600,0.927078
2601,0.947517
2602,0.938239
2603,0.94714
2604,0.955167
2605,0.968507
2606,0.970948
2607,0.9691
2608,0.948933
2609,0.950613
2610,0.952228
2611,0.946366
2612,0.925658
2613,0.929652
2614,0.454232
2615,0.01727
2616,0.00765
2617,0.001628
2618,0.002596
2619,0.001567
2620,0.002031
2621,0.00245
2622,0.001633
2623,0.000733
2624,0.002361
2625,0.002812
2626,0.002863
2627,0.002688
2628,0.004873
2629,0.036733
2630,0.183811
2631,0.346812
2632,0.772448
2633,0.726323
2634,0.83024
2635,0.762901
2636,0.762076
2637,0.778105
2638,0.789109
2639,0.753163
2640,0.84749
2641,0.879149
2642,0.88499
2643,0.912525
2644,0.93111
2645,0.930474
2646,0.951109
2647,0.939524
2648,0.916276
2649,0.918897
2650,0.912697
2651,0.945231
2652,0.948757
2653,0.960695
2654,0.966354
2655,0.959114
2656,0.966869
2657,0.946159
2658,0.942106
2659,0.938166
2660,0.936744
2661,0.92411
2662,0.950367
2663,0.956332
2664,0.951019
2665,0.93973
2666,0.944268
2667,0.933137
2668,0.917278
2669,0.920842
2670,0.910822
2671,0.891559
2672,0.918968
2673,0.904839
2674,0.900702
2675,0.89228
2676,0.905464
2677,0.918277
2678,0.919421
2679,0.904661
2680,0.90646
2681,0.933422
2682,0.926781
2683,0.910975
2684,0.917167
2685,0.883071
2686,0.889911
2687,0.887358
2688,0.862582
2689,0.871221
2690,0.880796
2691,0.861778
2692,0.846776
2693,0.829359
2694,0.836808
2695,0.871501
2696,0.894911
2697,0.892625
2698,0.89191
2699,0.913358
2700,0.899996
2701,0.877961
2702,0.890323
2703,0.893837
2704,0.91099
2705,0.938369
2706,0.95774
2707,0.954729
2708,0.946336
2709,0.947336
2710,0.949305
2711,0.936782
2712,0.840605
2713,0.866913
2714,0.911905
2715,0.869696
2716,0.881309
2717,0.883568
2718,0.858837
2719,0.863591
2720,0.911338
2721,0.910786
2722,0.913495
2723,0.928477
2724,0.921837
2725,0.938573
2726,0.937178
2727,0.948971
2728,0.907709
2729,0.248157
2730,0.004958
2731,0.001888
2732,0.002772
2733,0.003236
2734,0.001666
2735,0.002212
2736,0.001352
2737,0.000921
2738,0.00121
2739,0.000981
2740,0.000529
2741,0.002167
2742,0.027105
2743,0.155269
2744,0.520481
2745,0.659845
2746,0.807123
2747,0.843701
2748,0.860666
2749,0.926526
2750,0.93898
2751,0.930712
2752,0.907319
2753,0.926976
2754,0.927013
2755,0.925819
2756,0.922778
2757,0.906359
2758,0.910752
2759,0.915555
2760,0.932037
2761,0.819613
2762,0.837173
2763,0.871385
2764,0.869709
2765,0.875024
2766,0.807732
2767,0.804191
2768,0.824372
2769,0.800422
2770,0.653256
2771,0.689413
2772,0.769792
2773,0.711043
2774,0.598238
2775,0.554087
2776,0.580582
2777,0.553555
2778,0.570169
2779,0.396811
2780,0.481427
2781,0.489112
2782,0.700514
2783,0.68371
2784,0.788911
2785,0.615416
2786,0.673355
2787,0.585158
2788,0.765644
2789,0.007751
2790,0.007191
2791,0.003212
2792,0.000978
2793,0.00097
2794,0.000518
2795,0.000431
2796,0.000379
2797,0.001043
2798,0.000918
2799,0.000786
2800,0.001674
2801,0.007419
2802,0.643786
2803,0.731542
2804,0.610758
2805,0.607952
2806,0.686708
2807,0.743734
2808,0.663056
2809,0.680312
2810,0.6667
2811,0.699104
2812,0.749427
2813,0.821991
2814,0.815661
2815,0.712993
2816,0.700938
2817,0.05854
2818,0.013962
2819,0.001367
2820,0.000823
2821,0.001026
2822,0.001125
2823,0.000817
2824,0.000732
2825,0.000727
2826,0.000708
2827,0.00041
2828,0.000591
2829,0.000328
2830,0.000771
2831,0.001357
2832,0.078547
2833,0.773029
2834,0.833158
2835,0.811196
2836,0.879136
2837,0.88463
2838,0.863349
2839,0.91106
2840,0.897731
2841,0.915441
2842,0.883883
2843,0.90199
2844,0.925245
2845,0.48604
2846,0.014916
2847,0.002617
2848,0.000818
2849,0.000277
2850,0.000281
2851,0.000259
2852,0.000273
2853,0.000151
2854,0.000177
2855,0.000289
2856,0.000197
2857,0.000162
2858,0.000141
2859,0.000162
2860,0.000139
2861,0.00014
2862,0.000164
2863,0.000218
2864,0.000835
2865,0.084422
2866,0.725193
2867,0.742302
2868,0.809035
2869,0.828214
2870,0.842811
2871,0.876925
2872,0.845383
2873,0.921538
2874,0.871519
2875,0.962812
2876,0.961847
2877,0.864386
2878,0.831047
2879,0.656207
2880,0.666284
2881,0.018647
2882,0.003128
2883,0.001171
2884,0.001055
2885,0.000869
2886,0.000822
2887,0.00122
2888,0.000911
2889,0.000475
2890,0.001352
2891,0.00198
2892,0.001542
2893,0.001075
2894,0.000836
2895,0.000831
2896,0.00058
2897,0.000463
2898,0.00035
2899,0.000287
2900,0.000326
2901,0.000279
2902,0.000218
2903,0.000408
2904,0.000492
2905,0.000442
2906,0.000381
2907,0.000537
2908,0.000498
2909,0.000326
2910,0.000432
2911,0.000314
2912,0.000273
2913,0.000252
2914,0.000453
2915,0.000366
2916,0.000438
2917,0.000438
2918,0.00054
2919,0.000419
2920,0.000493
2921,0.000787
2922,0.000678
2923,0.000715
2924,0.000816
2925,0.000849
2926,0.000649
2927,0.000523
2928,0.000716
2929,0.001134
2930,0.000687
2931,0.000723
2932,0.000977
2933,0.001321
2934,0.001159
2935,0.000942
2936,0.000953
2937,0.000915
2938,0.000729
2939,0.000926
2940,0.000815
2941,0.001529
2942,0.001553
2943,0.002075
2944,0.00228
2945,0.04581
2946,0.515089
2947,0.443388
2948,0.745955
2949,0.787376
2950,0.817048
2951,0.864633
2952,0.882154
2953,0.908796
2954,0.913961
2955,0.89016
2956,0.843158
2957,0.890246
2958,0.910253
2959,0.910325
2960,0.936717
2961,0.946259
2962,0.930059
2963,0.92578
2964,0.937587
2965,0.955202
2966,0.947799
2967,0.943199
2968,0.953099
2969,0.968506
2970,0.946858
2971,0.747554
2972,0.381989
2973,0.155321
2974,0.062434
2975,0.031435
2976,0.001394
2977,0.000565
2978,0.000435
2979,0.000322
2980,0.00026
2981,0.000209
2982,0.000167
2983,0.000255
2984,0.000381
2985,0.00036
2986,0.000355
2987,0.000238
2988,0.000266
2989,0.000226
2990,0.000421
2991,0.043783
2992,0.096876
2993,0.622228
2994,0.537937
2995,0.660104
2996,0.739468
2997,0.747579
2998,0.839537
2999,0.829136
3000,0.855153
3001,0.94344
3002,0.939168
3003,0.916138
3004,0.909326
3005,0.90683
3006,0.911629
3007,0.900723
3008,0.896549
3009,0.920536
3010,0.914004
3011,0.915126
3012,0.917823
3013,0.898407
3014,0.90818
3015,0.906102
3016,0.936726
3017,0.934264
3018,0.938102
3019,0.922598
3020,0.917334
3021,0.922225
3022,0.927895
3023,0.441941
3024,0.197778
3025,0.019978
3026,0.008045
3027,0.002203
3028,0.001298
3029,0.002123
3030,0.002908
3031,0.003229
3032,0.033221
3033,0.00845
3034,0.011254
3035,0.025009
3036,0.017352
3037,0.188973
3038,0.211665
3039,0.501805
3040,0.673758
3041,0.652648
3042,0.482464
3043,0.523038
3044,0.74232
3045,0.878191
3046,0.901113
3047,0.917931
3048,0.916085
3049,0.969066
3050,0.950013
3051,0.957861
3052,0.950596
3053,0.957891
3054,0.952284
3055,0.957649
3056,0.955843
3057,0.953339
3058,0.947498
3059,0.958768
3060,0.956726
3061,0.955036
3062,0.956869
3063,0.953895
3064,0.94828
3065,0.94772
3066,0.935127
3067,0.948396
3068,0.95113
3069,0.95173
3070,0.952195
3071,0.946697
3072,0.966538
3073,0.945253
3074,0.934635
3075,0.545063
3076,0.142224
3077,0.497505
3078,0.535644
3079,0.568827
3080,0.754859
3081,0.869742
3082,0.842858
3083,0.866521
3084,0.876643
3085,0.900366
3086,0.950402
3087,0.927345
3088,0.945471
3089,0.914304
3090,0.923179
3091,0.921781
3092,0.902994
3093,0.938893
3094,0.947831
3095,0.945968
3096,0.918849
3097,0.967493
3098,0.962899
3099,0.958454
3100,0.953263
3101,0.964621
3102,0.949851
3103,0.954379
3104,0.929009
3105,0.060299
3106,0.017347
3107,0.002715
3108,0.001373
3109,0.001215
3110,0.00108
3111,0.001067
3112,0.000802
3113,0.00091
3114,0.000667
3115,0.00089
3116,0.000915
3117,0.00104
3118,0.001464
3119,0.006327
3120,0.122754
3121,0.571713
3122,0.664954
3123,0.764962
3124,0.831245
3125,0.884245
3126,0.915114
3127,0.905734
3128,0.911364
3129,0.910468
3130,0.942516
3131,0.94398
3132,0.954697
3133,0.953514
3134,0.97427
3135,0.969612
3136,0.966461
3137,0.953367
3138,0.954304
3139,0.926026
3140,0.259798
3141,0.006743
3142,0.001807
3143,0.001686
3144,0.002202
3145,0.002038
3146,0.001199
3147,0.00229
3148,0.001123
3149,0.001116
3150,0.001768
3151,0.000835
3152,0.00071
3153,0.004433
3154,0.049915
3155,0.375487
3156,0.589265
3157,0.67097
3158,0.715013
3159,0.897246
3160,0.890386
3161,0.879383
3162,0.886147
3163,0.861734
3164,0.854881
3165,0.849673
3166,0.856198
3167,0.871235
3168,0.880857
3169,0.870275
3170,0.827324
3171,0.829562
3172,0.843429
3173,0.831018
3174,0.871496
3175,0.834191
3176,0.822447
3177,0.839337
3178,0.825963
3179,0.753582
3180,0.406243
3181,0.012672
3182,0.004383
3183,0.001395
3184,0.000748
3185,0.000303
3186,0.000257
3187,0.000365
3188,0.002756
3189,0.0007
3190,0.000608
3191,0.000381
3192,0.000327
3193,0.000782
3194,0.001871
3195,0.003507
3196,0.003049
3197,0.002128
3198,0.001869
3199,0.001285
3200,0.003764
3201,0.001854
3202,0.002008
3203,0.002669
3204,0.001429
3205,0.004074
3206,0.004637
3207,0.002609
3208,0.002666
3209,0.001325
3210,0.00087
3211,0.002707
3212,0.05081
3213,0.173598
3214,0.697936
3215,0.806933
3216,0.795902
3217,0.851074
3218,0.915785
3219,0.925202
3220,0.91131
3221,0.945723
3222,0.943893
3223,0.925667
3224,0.937331
3225,0.942323
3226,0.926116
3227,0.919043
3228,0.909456
3229,0.938789
3230,0.954578
3231,0.966249
3232,0.953945
3233,0.941546
3234,0.826545
3235,0.359542
3236,0.406938
3237,0.261558
3238,0.123869
3239,0.068028
3240,0.007786
3241,0.000887
3242,0.001124
3243,0.001447
3244,0.001363
3245,0.001382
3246,0.00131
3247,0.001633
3248,0.00119
3249,0.002401
3250,0.001912
3251,0.001118
3252,0.001375
3253,0.012104
3254,0.011562
3255,0.002726
3256,0.027994
3257,0.021323
3258,0.007707
3259,0.004433
3260,0.002025
3261,0.000876
3262,0.046006
3263,0.426475
3264,0.717529
3265,0.825102
3266,0.72113
3267,0.624655
3268,0.721167
3269,0.782119
3270,0.80503
3271,0.850326
3272,0.237243
3273,0.018725
3274,0.01064
3275,0.003487
3276,0.002118
3277,0.004499
3278,0.002587
3279,0.004312
3280,0.001224
3281,0.001393
3282,0.031885
3283,0.150431
3284,0.282971
3285,0.451345
3286,0.64568
3287,0.680346
3288,0.688535
3289,0.884713
3290,0.863134
3291,0.885489
3292,0.872267
3293,0.876253
3294,0.857903
3295,0.877482
3296,0.917683
3297,0.861687
3298,0.867525
3299,0.925734
3300,0.909219
3301,0.949049
3302,0.316621
3303,0.098301
3304,0.005952
3305,0.002084
3306,0.003201
3307,0.003899
3308,0.047155
3309,0.006526
3310,0.001013
3311,0.0019
3312,0.002015
3313,0.002892
3314,0.00247
3315,0.002012
3316,0.002435
3317,0.001881
3318,0.002409
3319,0.00293
3320,0.002395
3321,0.001803
3322,0.00202
3323,0.000861
3324,0.000725
3325,0.000847
3326,0.00052
3327,0.000395
3328,0.001005
3329,0.000961
3330,0.000494
3331,0.000459
3332,0.000419
3333,0.000502
3334,0.000424
3335,0.000204
3336,0.0002
3337,0.000433
3338,0.000422
3339,0.000526
3340,0.000612
3341,0.000589
3342,0.00074
3343,0.000568
3344,0.000632
3345,0.000547
3346,0.000502
3347,0.000564
3348,0.000388
3349,0.000579
3350,0.000546
3351,0.000563
3352,0.000754
3353,0.000789
3354,0.000585
3355,0.000947
3356,0.000767
3357,0.000624
3358,0.00051
3359,0.000465
3360,0.00037
3361,0.000554
3362,0.000466
3363,0.000418
3364,0.000886
3365,0.221117
3366,0.839046
3367,0.874664
3368,0.885608
3369,0.859896
3370,0.882096
3371,0.887533
3372,0.887346
3373,0.885969
3374,0.867808
3375,0.894854
3376,0.868951
3377,0.867073
3378,0.912337
3379,0.894042
3380,0.328732
3381,0.027148
3382,0.01089
3383,0.004865
3384,0.009552
3385,0.001856
3386,0.007512
3387,0.001397
3388,0.001237
3389,0.001012
3390,0.000982
3391,0.000657
3392,0.000699
3393,0.000518
3394,0.000495
3395,0.000433
3396,0.000415
3397,0.000605
3398,0.000574
3399,0.000581
3400,0.000583
3401,0.000755
3402,0.000743
3403,0.000691
3404,0.000236
3405,0.000845
3406,0.000862
3407,0.000952
3408,0.000279
3409,0.000818
3410,0.001166
3411,0.001168
3412,0.000816
3413,0.000221
3414,0.000564
3415,0.000615
3416,0.000572
3417,0.000154
3418,0.00051
3419,0.00044
3420,0.000459
3421,0.000273
3422,0.000215
3423,0.000216
3424,0.000135
3425,0.000242
3426,0.000216
3427,0.000376
3428,0.000377
3429,0.000141
3430,0.000103
3431,0.000104
3432,0.000104
3433,8.2e-05
3434,8.9e-05
3435,0.000362
3436,0.000375
3437,8.8e-05
3438,0.000178
3439,0.000839
3440,0.000292
3441,0.000678
3442,0.000367
3443,0.000223
3444,0.000186
3445,0.000247
3446,0.000293
3447,0.000242
3448,0.000289
3449,0.000272
3450,0.000265
3451,0.000319
3452,0.000318
3453,0.000289
3454,0.000385
3455,0.00037
3456,0.000452
3457,0.000164
3458,0.000328
3459,0.000302
3460,0.000233
3461,0.000328
3462,0.000377
3463,0.000511
3464,0.000598
3465,0.000783
3466,0.000655
3467,0.000629
3468,0.000567
3469,0.000974
3470,0.000793
3471,0.000605
3472,0.000856
3473,0.000883
3474,0.000472
3475,0.00072
3476,0.000897
3477,0.001177
3478,0.00101
3479,0.001148
3480,0.001248
3481,0.000673
3482,0.000571
3483,0.000571
3484,0.000464
3485,0.000428
3486,0.000361
3487,0.000588
3488,0.000541
3489,0.000558
3490,0.000379
3491,0.000347
3492,0.000467
3493,0.000196
3494,0.000296
3495,0.000282
3496,0.000374
3497,0.000396
3498,0.000291
3499,0.000332
3500,0.000304
3501,0.001052
3502,0.001062
3503,0.001793
3504,0.001816
3505,0.001423
3506,0.00162
3507,0.001197
3508,0.001068
3509,0.000799
3510,0.000997
3511,0.001351
3512,0.001087
3513,0.001738
3514,0.000911
3515,0.001046
3516,0.0012
3517,0.001958
3518,0.001863
3519,0.001353
3520,0.001236
3521,0.000884
3522,0.000777
3523,0.000613
3524,0.000768
3525,0.000754
3526,0.000766
3527,0.000487
3528,0.000549
3529,0.002514
3530,0.001418
3531,0.001694
3532,0.001757
3533,0.001482
3534,0.001351
3535,0.001798
3536,0.002347
3537,0.000995
3538,0.001051
3539,0.000685
3540,0.000945
3541,0.001346
3542,0.002317
3543,0.00318
3544,0.002561
3545,0.002315
3546,0.002278
3547,0.001156
3548,0.001013
3549,0.000834
3550,0.000786
3551,0.001091
3552,0.001145
3553,0.00059
3554,0.000573
3555,0.000585
3556,0.000535
3557,0.000436
3558,0.000297
3559,0.000576
3560,0.235013
3561,0.741279
3562,0.815701
3563,0.922818
3564,0.936825
3565,0.920189
3566,0.922729
3567,0.89527
3568,0.895668
3569,0.940376
3570,0.925499
3571,0.908124
3572,0.942916
3573,0.926524
3574,0.740593
3575,0.047669
3576,0.002995
3577,0.005087
3578,0.004794
3579,0.003515
3580,0.00261
3581,0.002311
3582,0.001737
3583,0.002
3584,0.001728
3585,0.001189
3586,0.001274
3587,0.000993
3588,0.000734
3589,0.000541
3590,0.000436
3591,0.000438
3592,0.000545
3593,0.000621
3594,0.000459
3595,0.000425
3596,0.00041
3597,0.000387
3598,0.00028
3599,0.00034
3600,0.00034
3601,0.000547
3602,0.00052
3603,0.00059
3604,0.000546
3605,0.00054
3606,0.00043
3607,0.000325
3608,0.000351
3609,0.000373
3610,0.000422
3611,0.000294
3612,0.000491
3613,0.001045
3614,0.001118
3615,0.001015
3616,0.000775
3617,0.000608
3618,0.000566
3619,0.000593
3620,0.000637
3621,0.000704
3622,0.000712
3623,0.000727
3624,0.000804
3625,0.000363
3626,0.000847
3627,0.000691
3628,0.001283
3629,0.00101
3630,0.001114
3631,0.000553
3632,0.000678
3633,0.000718
3634,0.000371
3635,0.000378
3636,0.000426
3637,0.000307
3638,0.000318
3639,0.000317
3640,0.00107
3641,0.001368
3642,0.001808
3643,0.00116
3644,0.00108
3645,0.000858
3646,0.000514
3647,0.00064
3648,0.000429
3649,0.000455
3650,0.00036
3651,0.000309
3652,0.000261
3653,0.000502
3654,0.000293
3655,0.000375
3656,0.000334
3657,0.000309
3658,0.000298
3659,0.000252
3660,0.000766
3661,0.000248
3662,0.000459
3663,0.00021
3664,0.000315
3665,0.000366
3666,0.000294
3667,0.000239
3668,0.000266
3669,0.000398
3670,0.00044
3671,0.000635
3672,0.00069
3673,0.000256
3674,0.000359
3675,0.000302
3676,0.000204
3677,0.000251
3678,0.000267
3679,8.9e-05
3680,0.000159
3681,0.000113
3682,0.00949
3683,0.23427
3684,0.549845
3685,0.839925
3686,0.793419
3687,0.893426
3688,0.896521
3689,0.895475
3690,0.863407
3691,0.908385
3692,0.889215
3693,0.922493
3694,0.91603
3695,0.921944
3696,0.895164
3697,0.885597
3698,0.90209
3699,0.928448
3700,0.896074
3701,0.918865
3702,0.955216
3703,0.970901
3704,0.96003
3705,0.95205
3706,0.944091
3707,0.934754
3708,0.956093
3709,0.966309
3710,0.967818
3711,0.961859
3712,0.96743
3713,0.970995
3714,0.977396
3715,0.980663
3716,0.979521
3717,0.979151
3718,0.979673
3719,0.979107
3720,0.970757
3721,0.947951
3722,0.941621
3723,0.904695
3724,0.932742
3725,0.941002
3726,0.925581
3727,0.948824
3728,0.958609
3729,0.962871
3730,0.527971
3731,0.220069
3732,0.180605
3733,0.277739
3734,0.604921
3735,0.83871
3736,0.867345
3737,0.942377
3738,0.939104
3739,0.92562
3740,0.944274
3741,0.940747
3742,0.918433
3743,0.925491
3744,0.902136
3745,0.96551
3746,0.957586
3747,0.968993
3748,0.963718
3749,0.958544
3750,0.971304
3751,0.954206
3752,0.949579
3753,0.961982
3754,0.96508
3755,0.974317
3756,0.9746
3757,0.977663
3758,0.971075
3759,0.983108
3760,0.969017
3761,0.968311
3762,0.981707
3763,0.984597
3764,0.984913
3765,0.984516
3766,0.983718
3767,0.974304
3768,0.974584
3769,0.976145
3770,0.974712
3771,0.974473
3772,0.974218
3773,0.972649
3774,0.976177
3775,0.975333
3776,0.960978
3777,0.952443
3778,0.957009
3779,0.939892
3780,0.937257
3781,0.905395
3782,0.045808
3783,0.017366
3784,0.014951
3785,0.00897
3786,0.005311
3787,0.001877
3788,0.001137
3789,0.000493
3790,0.000584
3791,0.000759
3792,0.00095
3793,0.000977
3794,0.001111
3795,0.000397
3796,0.001068
3797,0.001004
3798,0.00034
3799,0.000775
3800,0.000873
3801,0.000412
3802,0.000919
3803,0.000827
3804,0.000732
3805,0.000812
3806,0.000789
3807,0.000819
3808,0.000594
3809,0.000551
3810,0.00036
3811,0.000377
3812,0.00036
3813,0.00068
3814,0.00052
3815,0.000706
3816,0.000837
3817,0.000479
3818,0.000601
3819,0.000667
3820,0.000624
3821,0.000519
3822,0.000534
3823,0.000623
3824,0.000666
3825,0.000332
3826,0.000519
3827,0.001158
3828,0.002328
3829,0.002316
3830,0.002189
3831,0.002344
3832,0.002541
3833,0.002674
3834,0.002271
3835,0.001004
3836,0.001757
3837,0.001059
3838,0.001378
3839,0.001522
3840,0.001577
3841,0.001688
3842,0.001936
3843,0.002242
3844,0.001058
3845,0.000972
3846,0.00118
3847,0.000941
3848,0.000882
3849,0.001151
3850,0.000978
3851,0.001361
3852,0.002112
3853,0.00299
3854,0.002912
3855,0.002456
3856,0.002134
3857,0.001096
3858,0.001118
3859,0.000362
3860,0.00024
3861,0.000348
3862,0.000496
3863,0.000639
3864,0.000815
3865,0.001496
3866,0.002878
3867,0.003334
3868,0.025578
3869,0.088249
3870,0.458615
3871,0.68869
3872,0.730092
3873,0.947167
3874,0.947312
3875,0.949481
3876,0.949761
3877,0.943242
3878,0.951885
3879,0.93233
3880,0.925028
3881,0.940466
3882,0.930151
3883,0.926993
3884,0.945908
3885,0.959313
3886,0.962481
3887,0.777491
3888,0.219383
3889,0.005173
3890,0.00154
3891,0.001001
3892,0.000883
3893,0.000743
3894,0.000836
3895,0.000741
3896,0.000838
3897,0.000852
3898,0.00085
3899,0.000955
3900,0.000551
3901,0.000714
3902,0.00064
3903,0.000739
3904,0.001069
3905,0.00075
3906,0.000884
3907,0.000919
3908,0.000681
3909,0.0007
3910,0.000836
3911,0.000808
3912,0.001034
3913,0.001063
3914,0.000976
3915,0.000875
3916,0.000734
3917,0.001503
3918,0.001174
3919,0.001219
3920,0.000998
3921,0.000753
3922,0.000716
3923,0.000601
3924,0.000405
3925,0.000454
3926,0.000619
3927,0.000661
3928,0.000796
3929,0.000711
3930,0.000554
3931,0.000589
3932,0.000647
3933,0.000693
3934,0.000606
3935,0.000411
3936,0.000499
3937,0.000443
3938,0.000374
3939,0.000522
3940,0.000943
3941,0.000404
3942,0.000286
3943,0.0004
3944,0.00043
3945,0.000554
3946,0.000481
3947,0.000458
3948,0.000381
3949,0.000604
3950,0.000592
3951,0.000821
3952,0.000741
3953,0.000732
3954,0.000788
3955,0.000848
3956,0.000927
3957,0.001148
3958,0.000927
3959,0.001027
3960,0.000804
3961,0.00123
3962,0.000978
3963,0.001134
3964,0.001576
3965,0.001484
3966,0.001095
3967,0.000772
3968,0.000812
3969,0.000536
3970,0.000568
3971,0.000545
3972,0.000791
3973,0.001736
3974,0.001985
3975,0.00159
3976,0.001272
3977,0.000924
3978,0.001107
3979,0.001249
3980,0.001277
3981,0.001581
3982,0.001604
3983,0.001871
3984,0.002124
3985,0.00273
3986,0.002433
3987,0.001879
3988,0.00212
3989,0.001773
3990,0.000907
3991,0.00087
3992,0.000808
3993,0.000842
3994,0.000555
3995,0.000664
3996,0.00076
3997,0.000754
3998,0.00044
3999,0.000582
4000,0.00063
4001,0.001307
4002,0.000967
4003,0.000802
4004,0.000938
4005,0.001203
4006,0.000502
4007,0.000451
4008,0.00044
4009,0.001008
4010,0.001231
4011,0.001237
4012,0.001289
4013,0.001168
4014,0.001241
4015,0.001032
4016,0.000864
4017,0.001324
4018,0.001194
4019,0.001171
4020,0.001824
4021,0.001453
4022,0.001241
4023,0.000459
4024,0.000601
4025,0.00304
4026,0.001582
4027,0.000932
4028,0.001277
4029,0.002055
4030,0.00151
4031,0.001153
4032,0.001397
4033,0.002804
4034,0.002106
4035,0.00194
4036,0.00178
4037,0.000349
4038,0.00039
4039,0.000405
4040,0.000583
4041,0.001029
4042,0.000896
4043,0.001014
4044,0.000535
4045,0.000837
4046,0.000897
4047,0.000476
4048,0.000956
4049,0.000408
4050,0.000788
4051,0.000936
4052,0.001087
4053,0.000861
4054,0.001909
4055,0.015506
4056,0.354519
4057,0.784394
4058,0.897734
4059,0.930512
4060,0.906797
4061,0.964713
4062,0.955651
4063,0.965179
4064,0.960251
4065,0.953532
4066,0.955971
4067,0.953985
4068,0.936083
4069,0.924202
4070,0.89901
4071,0.902646
4072,0.567686
4073,0.049463
4074,0.030583
4075,0.007827
4076,0.005588
4077,0.002704
4078,0.002478
4079,0.001837
4080,0.00177
4081,0.003693
4082,0.002151
4083,0.002291
4084,0.001889
4085,0.001113
4086,0.000651
4087,0.000597
4088,0.000516
4089,0.001015
4090,0.000783
4091,0.001178
4092,0.001264
4093,0.001605
4094,0.001602
4095,0.00126
4096,0.001369
4097,0.001035
4098,0.000917
4099,0.000779
4100,0.000738
4101,0.000581
4102,0.00061
4103,0.000616
4104,0.000842
4105,0.001046
4106,0.00109
4107,0.001442
4108,0.001129
4109,0.001358
4110,0.001079
4111,0.000987
4112,0.00114
4113,0.000988
4114,0.001053
4115,0.000953
4116,0.000877
4117,0.000773
4118,0.001447
4119,0.001625
4120,0.017322
4121,0.112774
4122,0.018053
4123,0.006319
4124,0.004268
4125,0.002458
4126,0.002334
4127,0.002992
4128,0.002775
4129,0.001903
4130,0.002077
4131,0.001852
4132,0.002299
4133,0.001425
4134,0.002737
4135,0.036254
4136,0.308653
4137,0.529214
4138,0.643028
4139,0.762425
4140,0.811851
4141,0.801592
4142,0.788895
4143,0.78794
4144,0.783457
4145,0.74973
4146,0.7853
4147,0.820798
4148,0.453031
4149,0.021092
4150,0.003376
4151,0.001937
4152,0.001803
4153,0.000927
4154,0.001775
4155,0.001671
4156,0.002358
4157,0.002357
4158,0.001503
4159,0.000979
4160,0.000587
4161,0.000525
4162,0.001017
4163,0.001706
4164,0.001014
4165,0.000498
4166,0.000478
4167,0.000676
4168,0.000431
4169,0.00052
4170,0.00079
4171,0.0006
4172,0.000553
4173,0.00047
4174,0.000451
4175,0.000694
4176,0.000575
4177,0.000506
4178,0.000522
4179,0.000506
4180,0.00042
4181,0.000456
4182,0.000544
4183,0.000659
4184,0.000642
4185,0.000603
4186,0.000585
4187,0.000491
4188,0.000449
4189,0.000477
4190,0.000473
4191,0.000439
4192,0.000465
4193,0.000312
4194,0.000839
4195,0.000898
4196,0.000852
4197,0.000771
4198,0.000392
4199,0.000388
4200,0.000412
4201,0.000832
4202,0.000479
4203,0.000566
4204,0.000528
4205,0.000593
4206,0.000528
4207,0.000922
4208,0.000919
4209,0.000859
4210,0.000925
4211,0.001334
4212,0.001201
4213,0.002834
4214,0.001925
4215,0.001117
4216,0.001451
4217,0.001718
4218,0.001394
4219,0.00156
4220,0.001112
4221,0.001762
4222,0.000355
4223,0.00032
4224,0.000366
4225,0.000804
4226,0.000227
4227,0.000582
4228,0.000469
4229,0.000602
4230,0.00036
4231,0.00495
4232,0.247208
4233,0.599898
4234,0.619848
4235,0.81512
4236,0.868538
4237,0.945898
4238,0.948473
4239,0.927103
4240,0.932133
4241,0.922112
4242,0.922438
4243,0.931579
4244,0.923924
4245,0.927312
4246,0.91077
4247,0.919833
4248,0.936748
4249,0.945855
4250,0.946647
4251,0.898768
4252,0.891913
4253,0.907295
4254,0.913389
4255,0.909764
4256,0.909055
4257,0.903901
4258,0.908461
4259,0.921426
4260,0.90643
4261,0.934369
