1,0.970535
2,0.970193
3,0.973907
4,0.973625
5,0.974015
6,0.9675
7,0.972335
8,0.978589
9,0.979417
10,0.975795
11,0.971837
12,0.966372
13,0.944947
14,0.94323
15,0.936881
16,0.951075
17,0.961152
18,0.95685
19,0.979179
20,0.980905
21,0.977664
22,0.979959
23,0.981477
24,0.97676
25,0.974288
26,0.977448
27,0.970806
28,0.971884
29,0.968217
30,0.97238
31,0.971537
32,0.974797
33,0.978279
34,0.975928
35,0.973074
36,0.984277
37,0.980935
38,0.984868
39,0.984774
40,0.906813
41,0.333444
42,0.308796
43,0.683511
44,0.901643
45,0.936022
46,0.947242
47,0.966404
48,0.95962
49,0.942102
50,0.949196
51,0.95956
52,0.940792
53,0.911921
54,0.934482
55,0.969989
56,0.954175
57,0.946149
58,0.945508
59,0.946908
60,0.936334
61,0.947317
62,0.578259
63,0.646459
64,0.758896
65,0.916597
66,0.906168
67,0.937147
68,0.930243
69,0.918156
70,0.903921
71,0.881475
72,0.888401
73,0.894465
74,0.858953
75,0.827223
76,0.818999
77,0.86476
78,0.859146
79,0.874179
80,0.891836
81,0.892774
82,0.84414
83,0.802875
84,0.860499
85,0.756888
86,0.705269
87,0.710439
88,0.81026
89,0.674615
90,0.649714
91,0.694342
92,0.769009
93,0.756078
94,0.738382
95,0.685513
96,0.655884
97,0.627416
98,0.66775
99,0.663771
100,0.654366
101,0.620742
102,0.630678
103,0.603915
104,0.754136
105,0.756841
106,0.679806
107,0.679207
108,0.632775
109,0.605512
110,0.459377
111,0.028614
112,0.009667
113,0.004865
114,0.002389
115,0.002637
116,0.002034
117,0.001368
118,0.001338
119,0.001507
120,0.001276
121,0.331549
122,0.783068
123,0.892162
124,0.955857
125,0.974875
126,0.981948
127,0.973153
128,0.96993
129,0.976344
130,0.985098
131,0.984495
132,0.984045
133,0.914952
134,0.368437
135,0.395521
136,0.280244
137,0.040029
138,0.020195
139,0.010246
140,0.008933
141,0.0052
142,0.005006
143,0.004214
144,0.003385
145,0.002082
146,0.002744
147,0.002507
148,0.003873
149,0.004019
150,0.376095
151,0.708731
152,0.862501
153,0.87886
154,0.861033
155,0.870757
156,0.859253
157,0.779337
158,0.796003
159,0.806569
160,0.899382
161,0.972459
162,0.981877
163,0.990255
164,0.992684
165,0.992321
166,0.99269
167,0.992835
168,0.994173
169,0.985874
170,0.987456
171,0.990436
172,0.990867
173,0.966516
174,0.225025
175,0.674309
176,0.582687
177,0.458862
178,0.900907
179,0.906352
180,0.937571
181,0.878626
182,0.922072
183,0.946947
184,0.935137
185,0.92768
186,0.920383
187,0.944395
188,0.955536
189,0.966043
190,0.954449
191,0.952314
192,0.491849
193,0.03269
194,0.016319
195,0.007293
196,0.0032
197,0.003857
198,0.001418
199,0.003272
200,0.004668
201,0.001764
202,0.0027
203,0.002557
204,0.001074
205,0.002066
206,0.001512
207,0.0012
208,0.001134
209,0.001222
210,0.002108
211,0.001275
212,0.001671
213,0.001641
214,0.001279
215,0.001455
216,0.000907
217,0.000255
218,0.000341
219,0.000952
220,0.000956
221,0.000613
222,0.001408
223,0.001549
224,0.002168
225,0.000418
226,0.001019
227,0.021421
228,0.815119
229,0.914996
230,0.902807
231,0.843308
232,0.89598
233,0.927514
234,0.94216
235,0.929847
236,0.931944
237,0.951158
238,0.961947
239,0.986747
240,0.9855
241,0.970012
242,0.97312
243,0.979543
244,0.975991
245,0.970422
246,0.962522
247,0.965644
248,0.972732
249,0.981459
250,0.981613
251,0.973464
252,0.958955
253,0.9589
254,0.951803
255,0.926973
256,0.940813
257,0.919759
258,0.93737
259,0.93319
260,0.94338
261,0.928092
262,0.958948
263,0.951063
264,0.941644
265,0.933104
266,0.949522
267,0.948255
268,0.918534
269,0.882612
270,0.21823
271,0.028678
272,0.005962
273,0.002387
274,0.003019
275,0.004365
276,0.003992
277,0.002338
278,0.002451
279,0.001562
280,0.001579
281,0.001239
282,0.001245
283,0.00165
284,0.001686
285,0.001713
286,0.025219
287,0.565535
288,0.864308
289,0.856094
290,0.853704
291,0.924681
292,0.926917
293,0.950335
294,0.949894
295,0.965862
296,0.961676
297,0.96429
298,0.964324
299,0.953051
300,0.386174
301,0.025374
302,0.001306
303,0.000889
304,0.001472
305,0.000595
306,0.000272
307,0.000211
308,0.000552
309,0.000856
310,0.001373
311,0.001365
312,0.001354
313,0.001761
314,0.00129
315,0.001249
316,0.003723
317,0.427457
318,0.717538
319,0.898973
320,0.907562
321,0.92089
322,0.965989
323,0.973205
324,0.968834
325,0.977975
326,0.979866
327,0.975658
328,0.967694
329,0.255243
330,0.438424
331,0.817818
332,0.884993
333,0.930654
334,0.954264
335,0.950084
336,0.950368
337,0.949977
338,0.959348
339,0.962887
340,0.967155
341,0.958399
342,0.792838
343,0.276372
344,0.053681
345,0.011987
346,0.003127
347,0.002573
348,0.002166
349,0.001385
350,0.001096
351,0.001432
352,0.002335
353,0.002317
354,0.000876
355,0.00174
356,0.002051
357,0.002092
358,0.003201
359,0.003793
360,0.00314
361,0.004407
362,0.003718
363,0.00457
364,0.002454
365,0.002394
366,0.001349
367,0.001048
368,0.001002
369,0.001832
370,0.001625
371,0.001165
372,0.003767
373,0.053529
374,0.685669
375,0.702391
376,0.905391
377,0.963007
378,0.968001
379,0.963713
380,0.968326
381,0.97959
382,0.983597
383,0.977481
384,0.989506
385,0.98932
386,0.983236
387,0.988434
388,0.988065
389,0.986165
390,0.985761
391,0.979533
392,0.980982
393,0.982144
394,0.972266
395,0.972774
396,0.977686
397,0.970574
398,0.981003
399,0.979894
400,0.98445
401,0.984027
402,0.985021
403,0.98687
404,0.985852
405,0.979565
406,0.985068
407,0.977555
408,0.968142
409,0.97693
410,0.970792
411,0.968731
412,0.966166
413,0.974004
414,0.96701
415,0.976478
416,0.973809
417,0.972463
418,0.977699
419,0.965113
420,0.260597
421,0.016873
422,0.005692
423,0.003614
424,0.004271
425,0.001963
426,0.003357
427,0.003093
428,0.000632
429,0.001011
430,0.000346
431,0.000308
432,0.000317
433,0.000196
434,0.000197
435,0.000117
436,0.000108
437,0.000142
438,0.000174
439,0.000138
440,0.00015
441,0.000139
442,9.9e-05
443,0.000269
444,0.001771
445,0.004917
446,0.354939
447,0.324536
448,0.625759
449,0.768929
450,0.885179
451,0.859927
452,0.911665
453,0.874196
454,0.883488
455,0.92616
456,0.944121
457,0.922201
458,0.958894
459,0.97413
460,0.976399
461,0.980141
462,0.976985
463,0.975589
464,0.976853
465,0.98146
466,0.980646
467,0.975111
468,0.976871
469,0.968346
470,0.959311
471,0.974753
472,0.967285
473,0.968016
474,0.973786
475,0.93088
476,0.907831
477,0.936859
478,0.906033
479,0.912766
480,0.869673
481,0.980834
482,0.98569
483,0.972296
484,0.960065
485,0.96157
486,0.963764
487,0.967451
488,0.938364
489,0.96404
490,0.973113
491,0.971935
492,0.96613
493,0.984828
494,0.981406
495,0.979777
496,0.966237
497,0.954814
498,0.966349
499,0.959782
500,0.962327
501,0.899885
502,0.914245
503,0.91144
504,0.926992
505,0.965795
506,0.96432
507,0.96752
508,0.978004
509,0.976434
510,0.983949
511,0.986328
512,0.987173
513,0.988675
514,0.988113
515,0.989101
516,0.985995
517,0.971592
518,0.967829
519,0.963419
520,0.961598
521,0.963407
522,0.964505
523,0.958588
524,0.319148
525,0.060295
526,0.045765
527,0.424549
528,0.562315
529,0.864848
530,0.872801
531,0.818013
