1,0.981664
2,0.983384
3,0.988118
4,0.987325
5,0.987564
6,0.986783
7,0.982424
8,0.983456
9,0.981899
10,0.982974
11,0.985582
12,0.987834
13,0.961351
14,0.969186
15,0.973482
16,0.96753
17,0.961253
18,0.954769
19,0.963261
20,0.956447
21,0.953764
22,0.953905
23,0.955353
24,0.95945
25,0.863945
26,0.069504
27,0.025343
28,0.193154
29,0.943642
30,0.950253
31,0.959353
32,0.974403
33,0.976957
34,0.982569
35,0.982767
36,0.99316
37,0.990795
38,0.990959
39,0.991189
40,0.991336
41,0.991985
42,0.992324
43,0.992094
44,0.991933
45,0.990457
46,0.991102
47,0.988687
48,0.989464
49,0.982632
50,0.984424
51,0.982395
52,0.98472
53,0.985299
54,0.985954
55,0.986579
56,0.988253
57,0.988718
58,0.988005
59,0.988713
60,0.988643
61,0.982621
62,0.982767
63,0.984241
64,0.982452
65,0.983425
66,0.98586
67,0.984863
68,0.984576
69,0.985319
70,0.985287
71,0.98459
72,0.983226
73,0.965961
74,0.963538
75,0.966145
76,0.967011
77,0.961384
78,0.956815
79,0.952651
80,0.953163
81,0.960009
82,0.958965
83,0.963217
84,0.958124
85,0.956239
86,0.960679
87,0.948077
88,0.952151
89,0.952876
90,0.946679
91,0.930508
92,0.940306
93,0.944312
94,0.933243
95,0.944931
96,0.958556
97,0.947266
98,0.946317
99,0.941174
100,0.934857
101,0.929324
102,0.93884
103,0.932154
104,0.73521
105,0.696363
106,0.650609
107,0.678145
108,0.641284
109,0.62301
110,0.613568
111,0.567399
112,0.620245
113,0.706722
114,0.714892
115,0.768996
116,0.976566
117,0.97302
118,0.966537
119,0.966973
120,0.971119
121,0.98128
122,0.984292
123,0.981768
124,0.982599
125,0.983115
126,0.983774
127,0.982914
128,0.980359
129,0.983913
130,0.985112
131,0.984721
132,0.985684
133,0.989196
134,0.987285
135,0.987755
136,0.988867
137,0.988574
138,0.989077
139,0.989468
140,0.991447
141,0.993611
142,0.99366
143,0.994244
144,0.993347
145,0.990418
146,0.99106
147,0.991034
148,0.991718
149,0.99232
150,0.993213
151,0.993103
152,0.994023
153,0.993506
154,0.99377
155,0.994308
156,0.994255
157,0.992343
158,0.985434
159,0.987134
160,0.988752
161,0.989002
162,0.991126
163,0.989053
164,0.989431
165,0.989908
166,0.990779
167,0.990861
168,0.990064
169,0.994311
170,0.994388
171,0.992368
172,0.990158
173,0.990547
174,0.990325
175,0.988766
176,0.990549
177,0.978306
178,0.989855
179,0.991734
180,0.99316
181,0.993976
182,0.993309
183,0.992462
184,0.992498
185,0.992471
186,0.993468
187,0.992783
188,0.993097
189,0.990052
190,0.99035
191,0.99041
192,0.993094
193,0.990638
194,0.988849
195,0.990017
196,0.98711
197,0.988833
198,0.9903
199,0.98903
200,0.986097
201,0.985795
202,0.983625
203,0.991175
204,0.989288
205,0.990092
206,0.991463
207,0.992119
208,0.991747
209,0.990105
210,0.988913
211,0.991469
212,0.99073
213,0.992967
214,0.996458
215,0.996715
216,0.993282
217,0.99399
218,0.994063
219,0.99461
220,0.994666
221,0.994416
222,0.994427
223,0.99516
224,0.995337
225,0.995707
226,0.994971
227,0.995176
228,0.995141
229,0.986505
230,0.994115
231,0.985283
232,0.982851
233,0.983434
234,0.993375
235,0.994193
236,0.992536
237,0.991641
238,0.992924
239,0.98105
240,0.990932
241,0.992722
242,0.99273
243,0.992094
244,0.992203
245,0.99166
246,0.992092
247,0.991063
248,0.983418
249,0.705976
250,0.619083
251,0.796409
252,0.916836
253,0.938698
254,0.938512
255,0.951077
256,0.966053
257,0.972223
258,0.975305
259,0.975827
260,0.977615
261,0.981197
262,0.981123
263,0.986198
264,0.985696
265,0.98416
266,0.984141
267,0.984324
268,0.984072
269,0.981141
270,0.984788
271,0.985869
272,0.985837
273,0.987432
274,0.986083
275,0.987395
276,0.937084
277,0.981588
278,0.989006
279,0.985971
280,0.982835
281,0.980358
282,0.982675
283,0.985042
284,0.942538
285,0.988378
286,0.987414
287,0.986543
288,0.986874
289,0.989842
290,0.990467
291,0.990954
292,0.991885
293,0.993977
294,0.99413
295,0.994258
296,0.994159
297,0.99421
298,0.994307
299,0.993962
300,0.993902
301,0.992542
302,0.992538
303,0.993252
304,0.993225
305,0.992952
306,0.992544
307,0.99182
308,0.992408
309,0.992822
310,0.992412
311,0.992303
312,0.85801
313,0.022844
314,0.018672
315,0.767261
316,0.881994
317,0.952031
318,0.967616
319,0.97483
320,0.982681
321,0.987408
322,0.986801
323,0.987343
324,0.98983
325,0.988214
326,0.987888
327,0.988616
328,0.990024
329,0.9893
330,0.99034
331,0.991568
332,0.989434
333,0.990229
334,0.991703
335,0.989657
336,0.990493
337,0.989204
338,0.989216
339,0.989845
340,0.98968
341,0.990579
342,0.990372
343,0.991571
344,0.990957
345,0.991682
346,0.989737
347,0.987771
348,0.987076
349,0.987566
350,0.989212
351,0.990289
352,0.989927
353,0.989335
354,0.988335
355,0.98728
356,0.987859
357,0.988384
358,0.984631
359,0.984667
360,0.985563
361,0.979017
362,0.980296
363,0.984382
364,0.985848
365,0.982289
366,0.980318
367,0.977798
368,0.973896
369,0.978328
370,0.980332
371,0.97973
372,0.975418
373,0.978191
374,0.976119
375,0.977241
376,0.979493
377,0.98432
378,0.984734
379,0.98385
380,0.98349
381,0.982996
382,0.983002
383,0.984335
384,0.986018
385,0.987135
386,0.988238
387,0.988569
388,0.985821
389,0.986699
390,0.986972
391,0.987434
392,0.987809
393,0.990891
394,0.989859
395,0.98947
396,0.991633
397,0.991136
398,0.989454
399,0.989373
400,0.990185
401,0.989397
402,0.990151
403,0.990873
404,0.985926
405,0.98194
406,0.973251
407,0.969915
408,0.970342
409,0.972962
410,0.978194
411,0.972379
412,0.975519
413,0.981939
414,0.983528
415,0.986017
416,0.982696
417,0.985253
418,0.984662
419,0.98125
420,0.982591
421,0.976151
422,0.967349
423,0.979435
424,0.967161
425,0.965722
426,0.966136
427,0.954377
428,0.954104
429,0.950012
430,0.970159
431,0.967532
432,0.963241
433,0.98453
434,0.983137
435,0.982758
436,0.979743
437,0.972107
438,0.971495
439,0.971911
440,0.97975
441,0.943396
442,0.93988
443,0.94093
444,0.946851
445,0.914113
446,0.987818
447,0.871662
448,0.874647
449,0.843258
450,0.985849
451,0.985683
452,0.979809
453,0.980811
454,0.981046
455,0.906874
456,0.747711
457,0.861003
458,0.914077
459,0.875236
460,0.900567
461,0.954422
462,0.941347
463,0.926545
464,0.934404
465,0.917029
466,0.910132
467,0.916693
468,0.888895
469,0.891646
470,0.698145
471,0.781694
472,0.66362
473,0.672159
474,0.66073
475,0.235303
476,0.042418
477,0.004041
478,0.194087
479,0.327846
480,0.213459
481,0.192312
482,0.222927
483,0.20347
484,0.212033
485,0.214527
486,0.251311
487,0.370356
488,0.375977
489,0.558467
490,0.366418
491,0.396679
492,0.446839
493,0.328278
494,0.304357
495,0.290406
496,0.346639
497,0.387601
498,0.40504
499,0.429544
500,0.479642
501,0.511621
502,0.52786
503,0.592726
504,0.671894
505,0.74698
506,0.762573
507,0.794647
508,0.84959
509,0.829479
510,0.788648
511,0.825221
512,0.825747
513,0.817267
514,0.816564
515,0.788653
516,0.807258
517,0.748565
518,0.753121
519,0.741584
520,0.79452
521,0.736677
522,0.754591
523,0.789962
524,0.835569
525,0.847466
526,0.854985
527,0.870347
528,0.888545
529,0.904753
530,0.927279
531,0.953656
532,0.958588
533,0.957679
534,0.954735
535,0.968304
536,0.971195
537,0.975685
538,0.976841
539,0.978211
540,0.97592
541,0.957393
542,0.962618
543,0.964827
544,0.97328
545,0.973275
546,0.588169
547,0.009129
548,0.009022
549,0.111562
550,0.613382
551,0.791963
552,0.917401
553,0.93099
554,0.946836
555,0.964924
556,0.97457
557,0.981605
558,0.980609
559,0.974024
560,0.973567
561,0.976636
562,0.980252
563,0.976234
564,0.98203
565,0.983529
566,0.982242
567,0.984275
568,0.987499
569,0.987122
570,0.975006
571,0.973085
572,0.979386
573,0.985109
574,0.980349
575,0.98306
576,0.983842
577,0.981958
578,0.9821
579,0.979458
580,0.979982
581,0.981125
582,0.981283
583,0.978218
584,0.984849
585,0.98369
586,0.982546
587,0.984115
588,0.985452
589,0.984746
590,0.983322
591,0.98204
592,0.981164
593,0.978083
594,0.979388
595,0.975008
596,0.973893
597,0.972674
598,0.979704
599,0.979712
600,0.981498
601,0.964149
602,0.968062
603,0.971284
604,0.97146
605,0.977022
606,0.980548
607,0.970168
608,0.971428
609,0.977868
610,0.974512
611,0.98287
612,0.982124
613,0.977082
614,0.974649
615,0.971527
616,0.969161
617,0.97051
618,0.962408
619,0.276214
620,0.008486
621,0.003521
622,0.532897
623,0.831515
624,0.912989
625,0.9551
626,0.95448
627,0.963701
628,0.967303
629,0.95332
630,0.962626
631,0.97071
632,0.976097
633,0.969869
634,0.975572
635,0.975225
636,0.975531
637,0.964765
638,0.971096
639,0.969031
640,0.9547
641,0.058582
642,0.003325
643,0.001845
644,0.064581
645,0.111083
646,0.303456
647,0.321653
648,0.424475
649,0.596279
650,0.674911
651,0.755478
652,0.774615
653,0.740297
654,0.796477
655,0.829498
656,0.781879
657,0.742323
658,0.760728
659,0.714369
660,0.710163
661,0.8498
662,0.854485
663,0.892105
664,0.886158
665,0.90052
666,0.926998
667,0.918828
668,0.894408
669,0.917565
670,0.935453
671,0.948887
672,0.923778
673,0.846736
674,0.832606
675,0.836919
676,0.87207
677,0.859698
678,0.798552
679,0.813857
680,0.837174
681,0.798277
682,0.837474
683,0.867592
684,0.855318
685,0.873141
686,0.885319
687,0.895281
688,0.902233
689,0.904558
690,0.906626
691,0.897731
692,0.887563
693,0.899086
694,0.904932
695,0.918967
696,0.893779
697,0.874107
698,0.882917
699,0.867349
700,0.861564
701,0.904483
702,0.870488
703,0.876462
704,0.897427
705,0.922437
706,0.921527
707,0.931019
708,0.926829
709,0.853985
710,0.860591
711,0.888694
712,0.907997
713,0.922571
714,0.933788
715,0.941262
716,0.949365
717,0.962748
718,0.965866
719,0.971479
720,0.97563
721,0.968485
722,0.96123
723,0.971606
724,0.974657
725,0.975678
726,0.970444
727,0.970999
728,0.974408
729,0.981995
730,0.98273
731,0.980534
732,0.983122
733,0.979635
734,0.982065
735,0.981648
736,0.983197
737,0.987811
738,0.985896
739,0.986574
740,0.987077
741,0.986252
742,0.985739
743,0.984156
744,0.986643
745,0.978556
746,0.979118
747,0.976788
748,0.971923
749,0.970216
750,0.964834
751,0.946799
752,0.944558
753,0.909986
754,0.920001
755,0.898789
756,0.904348
757,0.882409
758,0.876806
759,0.887184
760,0.889994
761,0.893675
762,0.87184
763,0.876446
764,0.872049
765,0.818285
766,0.783768
767,0.775549
768,0.787675
769,0.774354
770,0.763369
771,0.02121
772,0.0241
773,0.044329
774,0.33435
775,0.61406
776,0.730537
777,0.785337
778,0.800449
779,0.797594
780,0.79076
781,0.871378
782,0.835893
783,0.796643
784,0.803043
785,0.776978
786,0.834249
787,0.829901
788,0.850192
789,0.834693
790,0.761062
791,0.694834
792,0.768006
793,0.838887
794,0.836629
795,0.878921
796,0.872345
797,0.897187
798,0.890738
799,0.887059
800,0.908054
801,0.901757
802,0.902984
803,0.887124
804,0.918535
805,0.908504
806,0.919788
807,0.914704
808,0.912234
809,0.934962
810,0.940831
811,0.92809
812,0.927093
813,0.894858
814,0.895104
815,0.9283
816,0.929422
817,0.95408
818,0.960078
819,0.961075
820,0.962133
821,0.969517
822,0.974027
823,0.97631
824,0.977342
825,0.978726
826,0.975693
827,0.975634
828,0.976188
829,0.968154
830,0.967891
831,0.970379
832,0.968238
833,0.971205
834,0.970918
835,0.970455
836,0.96245
837,0.482294
838,0.029925
839,0.044526
840,0.689697
841,0.637936
842,0.762307
843,0.797894
844,0.816805
845,0.847735
846,0.842867
847,0.904287
848,0.922643
849,0.933228
850,0.953999
851,0.970173
852,0.972731
853,0.969124
854,0.97348
855,0.971905
856,0.972908
857,0.971629
858,0.968369
859,0.956744
860,0.963454
861,0.972981
862,0.979233
863,0.97956
864,0.981252
865,0.968229
866,0.973289
867,0.959403
868,0.949181
869,0.95551
870,0.948363
871,0.948814
872,0.947192
873,0.94575
874,0.950072
875,0.946329
876,0.949871
877,0.967164
878,0.974376
879,0.972432
880,0.966437
881,0.969414
882,0.965381
883,0.9714
884,0.970278
885,0.975222
886,0.975056
887,0.97769
888,0.975899
889,0.971238
890,0.972454
891,0.971648
892,0.973547
893,0.977448
894,0.970728
895,0.950142
896,0.004385
897,0.001961
898,0.00198
899,0.080187
900,0.43516
901,0.82828
902,0.791373
903,0.794844
904,0.816149
905,0.793478
906,0.835778
907,0.854362
908,0.021379
909,0.003853
910,0.005075
911,0.007321
912,0.56937
913,0.841166
914,0.89086
915,0.938875
916,0.951545
917,0.948859
918,0.954372
919,0.962858
920,0.973176
921,0.970469
922,0.965456
923,0.968079
924,0.970493
925,0.962772
926,0.968666
927,0.974601
928,0.975496
929,0.977151
930,0.976435
931,0.977043
932,0.980139
933,0.981827
934,0.984135
935,0.98489
936,0.985346
937,0.980758
938,0.983938
939,0.986091
940,0.988832
941,0.990447
942,0.9905
943,0.991351
944,0.989279
945,0.987973
946,0.989725
947,0.989461
948,0.988998
949,0.984579
950,0.984737
951,0.984803
952,0.988516
953,0.985292
954,0.985069
955,0.986505
956,0.98902
957,0.985144
958,0.986128
959,0.98878
960,0.990882
961,0.981911
962,0.98299
963,0.984794
964,0.982133
965,0.978455
966,0.980519
967,0.986253
968,0.983584
969,0.983528
970,0.985088
971,0.982914
972,0.982892
973,0.983985
974,0.984512
975,0.98403
976,0.978324
977,0.976552
978,0.978312
979,0.979633
980,0.978482
981,0.983508
982,0.982756
983,0.975822
984,0.975608
985,0.984641
986,0.983834
987,0.980364
988,0.982625
989,0.983198
990,0.984957
991,0.984207
992,0.982155
993,0.981644
994,0.983281
995,0.981846
996,0.982009
997,0.976829
998,0.978319
999,0.981076
1000,0.977846
1001,0.968632
1002,0.965894
1003,0.973153
1004,0.979865
1005,0.979576
1006,0.975773
1007,0.97609
1008,0.975331
1009,0.907444
1010,0.026632
1011,0.018847
1012,0.065336
1013,0.692367
1014,0.867541
1015,0.902474
1016,0.940453
1017,0.957264
1018,0.964016
1019,0.971857
1020,0.974547
1021,0.976925
1022,0.979801
1023,0.97839
1024,0.979502
1025,0.980063
1026,0.98123
1027,0.980185
1028,0.982428
1029,0.979639
1030,0.982688
1031,0.977006
1032,0.976201
1033,0.981611
1034,0.979038
1035,0.985918
1036,0.988815
1037,0.987692
1038,0.987016
1039,0.989329
1040,0.988514
1041,0.986683
1042,0.986181
1043,0.983787
1044,0.983188
1045,0.973574
1046,0.973921
1047,0.971447
1048,0.967942
1049,0.967955
1050,0.96817
1051,0.966888
1052,0.969057
1053,0.965991
1054,0.973298
1055,0.975505
1056,0.977463
1057,0.977475
1058,0.978703
1059,0.980435
1060,0.981911
1061,0.983845
1062,0.986608
1063,0.987746
1064,0.985323
1065,0.986272
1066,0.986331
1067,0.987363
1068,0.987009
1069,0.978905
1070,0.985083
1071,0.983608
1072,0.984192
1073,0.982728
1074,0.982934
1075,0.985672
1076,0.986891
1077,0.989611
1078,0.991217
1079,0.991234
1080,0.991978
1081,0.990436
1082,0.991131
1083,0.991407
1084,0.991552
1085,0.990673
1086,0.990063
1087,0.989767
1088,0.988975
1089,0.989328
1090,0.99074
1091,0.992538
1092,0.991994
1093,0.992964
1094,0.993476
1095,0.993586
1096,0.992627
1097,0.992628
1098,0.991894
1099,0.992124
1100,0.990038
1101,0.988503
1102,0.989118
1103,0.98894
1104,0.989286
1105,0.990149
1106,0.989453
1107,0.283786
1108,0.020934
1109,0.114743
1110,0.791895
1111,0.905454
1112,0.943328
1113,0.967945
1114,0.972621
1115,0.966219
1116,0.966482
1117,0.980247
1118,0.982033
1119,0.982566
1120,0.983164
1121,0.985182
1122,0.988959
1123,0.988629
1124,0.98754
1125,0.987221
1126,0.987237
1127,0.987534
1128,0.987937
1129,0.984304
1130,0.984452
1131,0.984518
1132,0.983491
1133,0.981419
1134,0.983187
1135,0.985393
1136,0.982897
1137,0.985905
1138,0.98556
1139,0.985512
1140,0.985196
1141,0.984672
1142,0.988051
1143,0.987919
1144,0.989835
1145,0.989221
1146,0.991094
1147,0.988263
1148,0.989317
1149,0.987352
1150,0.987019
1151,0.985182
1152,0.985369
1153,0.983419
1154,0.980936
1155,0.978522
1156,0.977587
1157,0.976132
1158,0.973906
1159,0.977545
1160,0.977862
1161,0.974547
1162,0.980516
1163,0.980075
1164,0.979657
1165,0.980764
1166,0.981611
1167,0.983607
1168,0.984765
1169,0.98163
1170,0.982213
1171,0.981247
1172,0.980229
1173,0.981389
1174,0.984112
1175,0.982968
1176,0.982656
1177,0.964809
1178,0.969899
1179,0.968942
1180,0.972355
1181,0.971721
1182,0.971665
1183,0.969916
1184,0.975626
1185,0.9735
1186,0.977511
1187,0.978876
1188,0.971014
1189,0.97558
1190,0.974056
1191,0.97409
1192,0.973805
1193,0.972345
1194,0.975335
1195,0.976864
1196,0.979875
1197,0.98323
1198,0.985929
1199,0.984215
1200,0.985088
1201,0.984507
1202,0.984495
1203,0.984064
1204,0.984451
1205,0.987369
1206,0.988514
1207,0.989588
1208,0.990533
1209,0.989491
1210,0.992586
1211,0.992369
1212,0.992846
1213,0.988601
1214,0.988258
1215,0.988784
1216,0.990159
1217,0.990414
1218,0.988575
1219,0.989744
1220,0.988243
1221,0.98772
1222,0.98876
1223,0.990309
1224,0.989791
1225,0.986856
1226,0.990021
1227,0.990241
1228,0.990008
1229,0.989939
1230,0.991138
1231,0.990183
1232,0.990361
1233,0.990337
1234,0.991223
1235,0.990527
1236,0.990934
1237,0.991769
1238,0.992154
1239,0.992261
1240,0.992201
1241,0.99249
1242,0.992931
1243,0.992545
1244,0.992543
1245,0.99174
1246,0.992252
1247,0.99219
1248,0.991008
1249,0.724829
1250,0.277372
1251,0.464655
1252,0.899237
1253,0.95471
1254,0.974196
1255,0.97954
1256,0.977248
1257,0.977732
1258,0.975287
1259,0.974416
1260,0.976014
1261,0.971252
1262,0.971747
1263,0.975013
1264,0.976276
1265,0.978837
1266,0.982683
1267,0.981578
1268,0.980119
1269,0.982607
1270,0.978687
1271,0.977863
1272,0.976533
1273,0.953045
1274,0.952375
1275,0.955334
1276,0.961091
1277,0.960795
1278,0.959188
1279,0.958527
1280,0.919588
1281,0.917357
1282,0.918467
1283,0.924537
1284,0.91495
1285,0.908966
1286,0.92046
1287,0.927063
1288,0.917477
1289,0.910964
1290,0.91427
1291,0.911625
1292,0.924464
1293,0.911361
1294,0.915391
1295,0.911614
1296,0.903076
1297,0.865422
1298,0.890884
1299,0.861628
1300,0.847875
1301,0.837518
1302,0.850485
1303,0.843443
1304,0.853239
1305,0.893101
1306,0.902076
1307,0.904541
1308,0.912387
1309,0.926357
1310,0.918108
1311,0.920838
1312,0.928292
1313,0.92221
1314,0.9127
1315,0.917247
1316,0.920761
1317,0.93626
1318,0.934207
1319,0.937229
1320,0.93758
1321,0.949162
1322,0.950783
1323,0.948927
1324,0.948192
1325,0.951723
1326,0.955197
1327,0.954619
1328,0.859078
1329,0.007476
1330,0.004205
1331,0.376578
1332,0.924639
1333,0.946975
1334,0.966372
1335,0.979075
1336,0.986866
1337,0.987712
1338,0.987565
1339,0.988075
1340,0.984599
1341,0.985429
1342,0.986032
1343,0.985103
1344,0.98555
1345,0.984443
1346,0.352237
1347,0.005439
1348,0.004658
1349,0.006527
1350,0.245142
1351,0.919295
1352,0.944622
