1,0.991173
2,0.99309
3,0.993256
4,0.993168
5,0.993675
6,0.993654
7,0.992436
8,0.992553
9,0.992496
10,0.993011
11,0.992199
12,0.992491
13,0.991952
14,0.99229
15,0.992066
16,0.992145
17,0.993753
18,0.993538
19,0.994479
20,0.994619
21,0.994885
22,0.994086
23,0.993097
24,0.992203
25,0.990657
26,0.991012
27,0.991103
28,0.991764
29,0.991876
30,0.992679
31,0.992313
32,0.991899
33,0.992625
34,0.992344
35,0.99031
36,0.99088
37,0.989056
38,0.989187
39,0.98845
40,0.988166
41,0.986787
42,0.984307
43,0.982374
44,0.981528
45,0.976249
46,0.964135
47,0.379239
48,0.001965
49,3.9e-05
50,4.5e-05
51,7e-06
52,0.000365
53,0.000178
54,0.000365
55,0.000339
56,1e-05
57,9e-06
58,1.7e-05
59,0.196003
60,0.532713
61,0.54138
62,0.641492
63,0.819809
64,0.795495
65,0.752093
66,0.723953
67,0.633207
68,0.757121
69,0.735736
70,0.734264
71,0.715568
72,0.733979
73,0.802667
74,0.845226
75,0.857639
76,0.867663
77,0.782466
78,0.766528
79,0.725773
80,0.803411
81,0.819649
82,0.835683
83,0.878036
84,0.871489
85,0.865304
86,0.763716
87,0.702909
88,0.739954
89,0.763409
90,0.761137
91,0.750493
92,0.701553
93,0.785491
94,0.814819
95,0.851083
96,0.809794
97,0.715594
98,0.459178
99,0.000375
100,2.7e-05
101,9e-06
102,8e-06
103,6.7e-05
104,4.3e-05
105,4.6e-05
106,7.9e-05
107,3.8e-05
108,0.00021
109,0.00018
110,0.00018
111,0.000169
112,0.000141
113,0.000177
114,0.000137
115,0.000132
116,8.5e-05
117,0.000107
118,0.000116
119,1.8e-05
120,1.4e-05
121,0.000184
122,0.000178
123,1.3e-05
124,0.000158
125,0.000181
126,0.000189
127,4.2e-05
128,5.8e-05
129,1.9e-05
130,1.3e-05
131,9e-06
132,2.8e-05
133,0.296363
134,0.927034
135,0.957516
136,0.949917
137,0.95005
138,0.976
139,0.966836
140,0.974225
141,0.972241
142,0.97427
143,0.97896
144,0.97771
145,0.980928
146,0.98254
147,0.983525
148,0.986299
149,0.985936
150,0.985665
151,0.984113
152,0.985939
153,0.989494
154,0.988446
155,0.988644
156,0.989878
157,0.976944
158,0.976425
159,0.971555
160,0.990614
161,0.906838
162,0.01551
163,0.003688
164,0.00398
165,0.000282
166,0.000533
167,6.2e-05
168,2.5e-05
169,1.9e-05
170,1.6e-05
171,2.1e-05
172,1.6e-05
173,0.001048
174,0.376257
175,0.888101
176,0.97268
177,0.978673
178,0.978712
179,0.969634
180,0.962501
181,0.986791
182,0.973621
183,0.896648
184,0.953001
185,0.967827
186,0.942802
187,0.945277
188,0.964176
189,0.966178
190,0.970649
191,0.973012
192,0.979043
193,0.984913
194,0.987763
195,0.99025
196,0.99177
197,0.992072
198,0.990035
199,0.99074
200,0.992076
201,0.991244
202,0.991336
203,0.989936
204,0.989496
205,0.980284
206,0.981066
207,0.983234
208,0.980576
209,0.98468
210,0.983878
211,0.980189
212,0.980516
213,0.979727
214,0.975061
215,0.974848
216,0.970118
217,0.975798
218,0.980214
219,0.977666
220,0.980687
221,0.982971
222,0.977553
223,0.975421
224,0.977126
225,0.969301
226,0.973065
227,0.976189
228,0.973549
229,0.97676
230,0.97014
231,0.972196
232,0.969272
233,0.973058
234,0.977514
235,0.96924
236,0.970386
237,0.971474
238,0.969495
239,0.965542
240,0.969286
241,0.969439
242,0.968459
243,0.960839
244,0.950558
245,0.93279
246,0.934472
247,0.940636
248,0.917991
249,0.920071
250,0.917383
251,0.939667
252,0.941267
253,0.924523
254,0.923553
255,0.924679
256,0.865823
257,0.88244
258,0.891976
259,0.899124
260,0.899363
261,0.903874
262,0.907604
263,0.899517
264,0.890503
265,0.928669
266,0.924235
267,0.91685
268,0.918594
269,0.918873
270,0.922109
271,0.920209
272,0.929526
273,0.932556
274,0.929499
275,0.930365
276,0.933986
277,0.927136
278,0.926329
279,0.923361
280,0.92006
281,0.912845
282,0.923215
283,0.922843
284,0.947233
285,0.950235
286,0.946114
287,0.951289
288,0.957173
289,0.924656
290,0.938031
291,0.936941
292,0.959246
293,0.954556
294,0.955072
295,0.960521
296,0.954149
297,0.951178
298,0.967271
299,0.968192
300,0.97153
301,0.97383
302,0.972268
303,0.97483
304,0.969395
305,0.968172
306,0.967012
307,0.970599
308,0.970139
309,0.970157
310,0.975968
311,0.976831
312,0.973002
313,0.974721
314,0.978907
315,0.981138
316,0.986487
317,0.981943
318,0.982612
319,0.98145
320,0.985159
321,0.9842
322,0.985185
323,0.991069
324,0.991204
325,0.987583
326,0.989767
327,0.989614
328,0.988601
329,0.988966
330,0.987179
331,0.987945
332,0.989187
333,0.98769
334,0.974588
335,0.980058
336,0.980073
337,0.994068
338,0.994649
339,0.994459
340,0.988596
341,0.99333
342,0.993335
343,0.989763
344,0.989639
345,0.989288
346,0.989445
347,0.989744
348,0.991475
349,0.989062
350,0.988834
351,0.995036
352,0.8489
353,0.885079
354,0.892246
355,0.89596
356,0.918435
357,0.958236
358,0.955826
359,0.961858
360,0.966036
361,0.966839
362,0.962865
363,0.972116
364,0.967546
365,0.96287
366,0.965081
367,0.96094
368,0.961768
369,0.963746
370,0.969436
371,0.97222
372,0.972806
373,0.981108
374,0.980516
375,0.97803
376,0.971057
377,0.977916
378,0.976093
379,0.970559
380,0.969217
381,0.962434
382,0.960637
383,0.967143
384,0.974653
385,0.966581
386,0.966272
387,0.967577
388,0.971132
389,0.976704
390,0.976278
391,0.972307
392,0.974788
393,0.978809
394,0.981147
395,0.98155
396,0.98402
397,0.978924
398,0.980304
399,0.974329
400,0.97497
401,0.973922
402,0.974031
403,0.973895
404,0.975385
405,0.976945
406,0.977072
407,0.97905
408,0.98509
409,0.987133
410,0.987391
411,0.986982
412,0.985779
413,0.963466
414,0.009549
415,0.001209
416,0.000128
417,0.000154
418,0.000192
419,0.000237
420,0.000193
421,0.000103
422,1.3e-05
423,6e-06
424,9e-06
425,8.3e-05
426,0.000114
427,6e-06
428,9e-06
429,0.000303
430,0.0003
431,0.00028
432,0.000355
433,0.000205
434,7e-06
435,1.1e-05
436,8e-05
437,0.000122
438,0.001423
439,0.121987
440,0.796007
441,0.959949
442,0.967653
443,0.979207
444,0.986731
445,0.985731
446,0.987258
447,0.989373
448,0.979743
449,0.98469
450,0.984293
451,0.978596
452,0.791795
453,0.002783
454,0.000733
455,0.000258
456,3e-05
457,0.000336
458,0.0002
459,0.000244
460,0.00012
461,0.000154
462,0.000104
463,0.000151
464,0.00013
465,0.002481
466,0.10054
467,0.881667
468,0.7925
469,0.981936
470,0.979011
471,0.987201
472,0.984505
473,0.98015
474,0.982207
475,0.986213
476,0.985457
477,0.98394
478,0.98716
479,0.986481
480,0.990502
481,0.99092
482,0.985703
483,0.990486
484,0.99369
485,0.994214
486,0.9928
487,0.991239
488,0.991682
489,0.993359
490,0.992828
491,0.991415
492,0.986261
493,0.993071
494,0.99347
495,0.992677
496,0.993907
497,0.990446
498,0.990895
499,0.945883
500,0.954531
501,0.983814
502,0.988224
503,0.988866
504,0.990281
505,0.984237
506,0.982397
507,0.995085
508,0.99496
509,0.995004
510,0.995733
511,0.994589
512,0.995362
513,0.995378
514,0.994631
515,0.99353
516,0.992908
517,0.993988
518,0.992319
519,0.990442
520,0.983679
521,0.987377
522,0.986652
523,0.986929
524,0.984655
525,0.986174
526,0.985593
527,0.977658
528,0.981752
529,0.989524
530,0.991357
531,0.987692
532,0.991948
533,0.987859
534,0.990792
535,0.99245
536,0.990666
537,0.934542
538,0.908971
539,0.559955
540,0.722689
541,0.932509
542,0.956861
543,0.984616
544,0.990151
545,0.986702
546,0.983745
547,0.98166
548,0.979928
549,0.983985
550,0.985139
551,0.988009
552,0.986433
553,0.989277
554,0.989496
555,0.989475
556,0.985961
557,0.985283
558,0.985262
559,0.985416
560,0.987688
561,0.988451
562,0.986492
563,0.983362
564,0.98499
565,0.975545
566,0.978433
567,0.981167
568,0.98358
569,0.978492
570,0.981194
571,0.978815
572,0.976543
573,0.964339
574,0.963238
575,0.963173
576,0.964922
577,0.941967
578,0.933453
579,0.935063
580,0.942539
581,0.954398
582,0.943537
583,0.926909
584,0.927202
585,0.948214
586,0.94394
587,0.940914
588,0.940612
589,0.953956
590,0.954214
591,0.949752
592,0.946324
593,0.94389
594,0.953985
595,0.954356
596,0.950369
597,0.942828
598,0.944506
599,0.95413
600,0.948635
601,0.941156
602,0.937724
603,0.939822
604,0.948525
605,0.948092
606,0.951098
607,0.956576
608,0.955186
609,0.960839
610,0.959281
611,0.960205
612,0.966567
613,0.973548
614,0.968366
615,0.96193
616,0.970055
617,0.967954
618,0.967242
619,0.970048
620,0.96786
621,0.968532
622,0.967577
623,0.967581
624,0.967985
625,0.978461
626,0.979619
627,0.97828
628,0.979568
629,0.977603
630,0.976804
631,0.975588
632,0.975003
633,0.970483
634,0.966948
635,0.971828
636,0.976169
637,0.979744
638,0.985864
639,0.981036
640,0.982749
641,0.984409
642,0.984779
643,0.983187
644,0.988336
645,0.989448
646,0.989688
647,0.988752
648,0.992736
649,0.992964
650,0.992528
651,0.992069
652,0.992801
653,0.994763
654,0.992946
655,0.992487
656,0.993562
657,0.993012
658,0.992718
659,0.992693
660,0.992185
661,0.993073
662,0.993034
663,0.991802
664,0.991908
665,0.991815
666,0.991798
667,0.992224
668,0.99123
669,0.989203
670,0.989579
671,0.989281
672,0.989872
673,0.981442
674,0.982908
675,0.983022
676,0.982291
677,0.981733
678,0.981672
679,0.980368
680,0.980778
681,0.977584
682,0.978185
683,0.980342
684,0.981149
685,0.98924
686,0.988294
687,0.990899
688,0.981411
689,0.983067
690,0.983837
691,0.983509
692,0.983734
693,0.984684
694,0.985725
695,0.986853
696,0.982752
697,0.983334
698,0.98438
699,0.984698
700,0.985185
701,0.984516
702,0.982155
703,0.989795
704,0.367451
705,0.000936
706,0.000398
707,0.000332
708,0.000376
709,0.000137
710,9e-05
711,7.7e-05
712,0.002786
713,0.002186
714,0.0027
715,0.002504
716,0.00255
717,0.002704
718,0.082834
719,0.95689
720,0.962792
721,0.969579
722,0.972304
723,0.972945
724,0.981396
725,0.981713
726,0.982055
727,0.970696
728,0.972093
729,0.977027
730,0.977897
731,0.974718
732,0.977667
733,0.96863
734,0.974034
735,0.949265
736,0.970681
737,0.959259
738,0.964592
739,0.957738
740,0.963174
741,0.958315
742,0.954257
743,0.931956
744,0.92733
745,0.905451
746,0.911602
747,0.920289
748,0.909187
749,0.934478
750,0.918516
751,0.898868
752,0.881907
753,0.863039
754,0.853037
755,0.822606
756,0.77844
757,0.751911
758,0.737644
759,0.760147
760,0.785035
761,0.69809
762,0.729925
763,0.694963
764,0.722556
765,0.79956
766,0.76471
767,0.746833
768,0.786434
769,0.832676
770,0.783982
771,0.770295
772,0.7321
773,0.695765
774,0.665199
775,0.612582
776,0.758834
777,0.752064
778,0.669302
779,0.705102
780,0.712422
781,0.623991
782,0.62237
783,0.563281
784,0.528921
785,0.576793
786,0.59633
787,0.598901
788,0.630261
789,0.653951
790,0.628619
791,0.73809
792,0.722831
793,0.67296
794,0.70109
795,0.68987
796,0.571075
797,0.240785
798,0.343687
799,0.645946
800,0.330152
801,0.921201
802,0.938443
803,0.91555
804,0.880653
805,0.815805
806,0.790365
807,0.768133
808,0.882268
809,0.73515
810,0.768072
811,0.918623
812,0.819454
813,0.839379
814,0.840374
815,0.83094
816,0.83026
817,0.843343
818,0.843739
819,0.838776
820,0.842362
821,0.851996
822,0.859164
823,0.854727
824,0.867316
825,0.867577
826,0.855745
827,0.84798
828,0.888232
829,0.899241
830,0.896912
831,0.897379
832,0.892765
833,0.905502
834,0.012825
835,0.000222
836,0.000221
837,0.000184
838,0.000327
839,0.000338
840,0.000248
841,0.000334
842,0.060379
843,0.911175
844,0.981241
845,0.977937
846,0.972709
847,0.970304
848,0.969009
849,0.9596
850,0.517852
851,0.005113
852,0.000419
853,0.000817
854,0.001489
855,0.001092
856,0.000439
857,0.000197
858,9.7e-05
859,8.7e-05
860,7.9e-05
861,0.0003
862,0.000522
863,0.00032
864,0.000208
865,0.002177
866,0.001629
867,0.001466
868,0.002245
869,0.002055
870,0.002607
871,0.003942
872,0.038955
873,0.811487
874,0.988592
875,0.992397
876,0.99566
877,0.992441
878,0.992168
879,0.991525
880,0.99082
881,0.924654
882,0.019138
883,0.001514
884,0.000531
885,0.000858
886,0.001336
887,0.001566
888,0.001038
889,0.001517
890,0.001517
891,0.001335
892,0.001575
893,0.000486
894,0.000746
895,0.000503
896,0.000901
897,0.000919
898,0.00047
899,0.000486
900,0.000575
901,0.000523
902,0.000525
903,0.000427
904,0.000514
905,0.000445
906,0.000442
907,0.000527
908,0.000352
909,0.000447
910,0.000594
911,0.000589
912,0.000495
913,0.000662
914,0.002013
915,0.058696
916,0.735094
917,0.880658
918,0.906841
919,0.947374
920,0.969391
921,0.989721
922,0.993222
923,0.996098
924,0.968016
925,0.975374
926,0.829053
927,0.021611
928,0.000169
929,0.000157
930,0.000264
931,4.6e-05
932,0.000123
933,0.000465
934,0.000727
935,0.000891
936,0.001538
937,0.000935
938,0.001233
939,0.00168
940,0.000641
941,0.000682
942,0.001055
943,0.001078
944,0.001204
945,0.001273
946,0.001496
947,0.002276
948,0.009317
949,0.528791
950,0.727016
951,0.86995
952,0.937476
953,0.940398
954,0.976225
955,0.985083
956,0.974896
957,0.979427
958,0.982403
959,0.982888
960,0.979504
961,0.981729
962,0.980433
963,0.963841
964,0.984011
965,0.984008
966,0.981916
967,0.924844
968,0.00901
969,0.000234
970,1.3e-05
971,2.1e-05
972,9.6e-05
973,0.000221
974,0.000741
975,0.001212
976,3.6e-05
977,5.9e-05
978,0.002757
979,0.000272
980,0.000434
981,0.000379
982,0.000331
983,0.00035
984,0.001708
985,0.564115
986,0.830708
987,0.960603
988,0.968429
989,0.988199
990,0.992725
991,0.9923
992,0.992229
993,0.994078
994,0.985162
995,0.977374
996,0.985231
997,0.988285
998,0.988108
999,0.986368
1000,0.984698
1001,0.984733
1002,0.983884
1003,0.985895
1004,0.986687
1005,0.988066
1006,0.967453
1007,0.969657
1008,0.979098
1009,0.97838
1010,0.85156
1011,0.000616
1012,0.000406
1013,0.000835
1014,0.000164
1015,0.000718
1016,0.001212
1017,0.000574
1018,0.000278
1019,0.000476
1020,0.000171
1021,0.000186
1022,0.000246
1023,0.000283
1024,0.000331
1025,0.000429
1026,0.000531
1027,0.000714
1028,0.00076
1029,0.000636
1030,0.000615
1031,0.00031
1032,0.000215
1033,0.000553
1034,0.000226
1035,0.000194
1036,0.000167
1037,0.000174
1038,0.000162
1039,0.000159
1040,0.000168
1041,0.000159
1042,0.000196
1043,0.0002
1044,0.000173
1045,0.000253
1046,0.00022
1047,0.000222
1048,0.000216
1049,0.00025
1050,0.000237
1051,0.000179
1052,0.000324
1053,0.000312
1054,0.000272
1055,0.000218
1056,0.00034
1057,0.000832
1058,0.000532
1059,0.000936
1060,0.000251
1061,0.000462
1062,0.000102
1063,0.01471
1064,0.402797
1065,0.936252
1066,0.969106
1067,0.974505
1068,0.981532
1069,0.96467
1070,0.985082
1071,0.967491
1072,0.975929
1073,0.966683
1074,0.979107
1075,0.794221
1076,0.014442
1077,0.001096
1078,0.000497
1079,0.000664
1080,0.000111
1081,0.000489
1082,0.00042
1083,9.3e-05
1084,0.000491
1085,0.000595
1086,0.000349
1087,0.000388
1088,0.000507
1089,0.000519
1090,0.000523
1091,0.000357
1092,0.00035
1093,0.000532
1094,0.000628
1095,0.000327
1096,0.000218
1097,0.000843
1098,0.000744
1099,0.000605
1100,0.001107
1101,0.000978
1102,0.000584
1103,0.000944
1104,0.001438
1105,0.001607
1106,0.001947
1107,0.002093
1108,0.002409
1109,0.00165
1110,0.02338
1111,0.580908
1112,0.819743
1113,0.888459
1114,0.794456
1115,0.8871
1116,0.923015
1117,0.969076
1118,0.966071
1119,0.944261
1120,0.952894
1121,0.968334
1122,0.962822
1123,0.953872
1124,0.972135
1125,0.972054
1126,0.911106
1127,0.00416
1128,0.001464
1129,0.001992
1130,0.000876
1131,7.5e-05
1132,0.000717
1133,0.000721
1134,0.000684
1135,0.00037
1136,0.000314
1137,0.000267
1138,0.000393
1139,0.000177
1140,0.000139
1141,0.000104
1142,0.000106
1143,0.000112
1144,0.000154
1145,7.4e-05
1146,6.2e-05
1147,6.1e-05
1148,3.1e-05
1149,3.9e-05
1150,4.3e-05
1151,6e-05
1152,7.8e-05
1153,5.4e-05
1154,0.000266
1155,0.69388
1156,0.936777
1157,0.969156
1158,0.983186
1159,0.989905
1160,0.98974
1161,0.980801
1162,0.985834
1163,0.988099
1164,0.98863
1165,0.988291
1166,0.986861
1167,0.985311
1168,0.986792
1169,0.985228
1170,0.985343
1171,0.982333
1172,0.984073
1173,0.989403
1174,0.97856
1175,0.852441
1176,0.007846
1177,0.000427
1178,0.000155
1179,4.9e-05
1180,3.5e-05
1181,0.00011
1182,0.000943
1183,0.001621
1184,0.001017
1185,0.000767
1186,0.000824
1187,0.004313
1188,0.001174
1189,0.001146
1190,0.001302
1191,0.001259
1192,0.001223
1193,0.001043
1194,0.001037
1195,0.000873
1196,0.001116
1197,0.000743
1198,0.001054
1199,0.00134
1200,0.000985
1201,0.001731
1202,0.001698
1203,0.001914
1204,0.002424
1205,0.001965
1206,0.001719
1207,0.001594
1208,0.00163
1209,0.002056
1210,0.002036
1211,0.002116
1212,0.001769
1213,0.000764
1214,0.001399
1215,0.001813
1216,0.002328
1217,0.001545
1218,0.0016
1219,0.001914
1220,0.002557
1221,0.002265
1222,0.177467
1223,0.872218
1224,0.840781
1225,0.966503
1226,0.979444
1227,0.979638
1228,0.988213
1229,0.970756
1230,0.966265
1231,0.39905
1232,0.000215
1233,0.000136
1234,0.000103
1235,0.000126
1236,5.7e-05
1237,0.000164
1238,0.00034
1239,0.000378
1240,0.000285
1241,0.000192
1242,0.000783
1243,0.000724
1244,0.001065
1245,0.001402
1246,0.001314
1247,0.001125
1248,0.001637
1249,0.000814
1250,0.001234
1251,0.001664
1252,0.002561
1253,0.00579
1254,0.0043
1255,0.004485
1256,0.004551
1257,0.004709
1258,0.003888
1259,0.00384
1260,0.003005
1261,0.004353
1262,0.003706
1263,0.004332
1264,0.004257
1265,0.003975
1266,0.003869
1267,0.003926
1268,0.004686
1269,0.004931
1270,0.004362
1271,0.003992
1272,0.003684
1273,0.002045
1274,0.002274
1275,0.001859
1276,0.000221
1277,0.003798
1278,0.189298
1279,0.472611
1280,0.661083
1281,0.352514
1282,0.680838
1283,0.458818
1284,0.496506
1285,0.691431
1286,0.637975
1287,0.573363
1288,0.661576
1289,0.631476
1290,0.617819
1291,0.579224
1292,0.499171
1293,0.114692
1294,0.002749
1295,0.000922
1296,0.001272
1297,0.000408
1298,0.000682
1299,0.001931
1300,0.000282
1301,0.001137
1302,0.000738
1303,0.001127
1304,0.000574
1305,0.001054
1306,0.001373
1307,0.002107
1308,0.00215
1309,0.001927
1310,0.001784
1311,0.000385
1312,0.00042
1313,0.002723
1314,0.003672
1315,0.00321
1316,0.00316
1317,0.002589
1318,0.00168
1319,0.001898
1320,0.002566
1321,0.001973
1322,0.002451
1323,0.003208
1324,0.002676
1325,0.002243
1326,0.002313
1327,0.001203
1328,0.000927
1329,0.000721
1330,0.000633
1331,0.000481
1332,0.000383
1333,0.000695
1334,0.000727
1335,0.000905
1336,0.001232
1337,0.001315
1338,0.001607
1339,0.001753
1340,0.00118
1341,0.001062
1342,0.001388
1343,0.001325
1344,0.000939
1345,0.000766
1346,0.000649
1347,0.0006
1348,0.000706
1349,0.000756
1350,0.001027
1351,0.001676
1352,0.001623
1353,0.000983
1354,0.001822
1355,0.000859
1356,0.000589
1357,0.000454
1358,0.000413
1359,0.000545
1360,0.001276
1361,0.010539
1362,0.509894
1363,0.840727
1364,0.843444
1365,0.912983
1366,0.858362
1367,0.861289
1368,0.22757
1369,0.003659
1370,0.001025
1371,0.000849
1372,0.000586
1373,0.000459
1374,0.000396
1375,0.00069
1376,0.001417
1377,0.001623
1378,0.001683
1379,0.001422
1380,0.000261
1381,0.000196
1382,0.000976
1383,0.000824
1384,0.000997
1385,0.000829
1386,0.001173
1387,0.020582
1388,0.283291
1389,0.890565
1390,0.919785
1391,0.92222
1392,0.940568
1393,0.968539
1394,0.979952
1395,0.975335
1396,0.967163
1397,0.969627
1398,0.908375
1399,0.057443
1400,0.007434
1401,0.002703
1402,0.000545
1403,0.000698
1404,0.000531
1405,0.000832
1406,0.001499
1407,0.000372
1408,0.000424
1409,0.000483
1410,0.000265
1411,0.000619
1412,0.000268
1413,0.000525
1414,0.000358
1415,0.000642
1416,0.001192
1417,0.00255
1418,0.001729
1419,0.001675
1420,0.00151
1421,0.001206
1422,0.0014
1423,0.000774
1424,0.000739
1425,0.000919
1426,0.000976
1427,0.001156
1428,0.001095
1429,0.000732
1430,0.000782
1431,0.000976
1432,0.001176
1433,0.00161
1434,0.001146
1435,0.00122
1436,0.001537
1437,0.001035
1438,0.000907
1439,0.000802
1440,0.000886
1441,0.001595
1442,0.002881
1443,0.001903
1444,0.002284
1445,0.080763
1446,0.767872
1447,0.911878
1448,0.926681
1449,0.828574
1450,0.822696
1451,0.361764
1452,0.001611
1453,0.000554
1454,0.001377
1455,0.000139
1456,0.0001
1457,8e-05
1458,0.000823
1459,0.000498
1460,0.000489
1461,0.000224
1462,0.000131
1463,0.000167
1464,0.000198
1465,0.000187
1466,0.00859
1467,0.470409
1468,0.438148
1469,0.776614
1470,0.824582
1471,0.829196
1472,0.86788
1473,0.867972
1474,0.903686
1475,0.910449
1476,0.90075
1477,0.903727
1478,0.921249
1479,0.954153
1480,0.929881
1481,0.934142
1482,0.890146
1483,0.824338
1484,0.875875
1485,0.098918
1486,0.004613
1487,0.002085
1488,0.00227
1489,0.003697
1490,0.001924
1491,0.001345
1492,0.000821
1493,0.000745
1494,0.000784
1495,0.000727
1496,0.000235
1497,0.000186
1498,0.000265
1499,0.00078
1500,0.162082
1501,0.828241
1502,0.900192
1503,0.918477
1504,0.93595
1505,0.960238
1506,0.97651
1507,0.977179
1508,0.975171
1509,0.981496
1510,0.981443
1511,0.980509
1512,0.982082
1513,0.980672
1514,0.978916
1515,0.982743
1516,0.985083
1517,0.985506
1518,0.987739
1519,0.990304
1520,0.991493
1521,0.992213
1522,0.990947
1523,0.992212
1524,0.991444
1525,0.987951
1526,0.988265
1527,0.987976
1528,0.989689
1529,0.994079
1530,0.994531
1531,0.995133
1532,0.995169
1533,0.989752
1534,0.990598
1535,0.992094
1536,0.994665
1537,0.781172
1538,0.868654
1539,0.73461
1540,0.866803
1541,0.885523
1542,0.950048
1543,0.985856
1544,0.989444
1545,0.988852
1546,0.992502
1547,0.992633
1548,0.992328
1549,0.996314
1550,0.996331
1551,0.995919
1552,0.995982
1553,0.995476
1554,0.994609
1555,0.995428
1556,0.995167
1557,0.994683
1558,0.994374
1559,0.993691
1560,0.995579
1561,0.994964
1562,0.995233
1563,0.995222
1564,0.994519
1565,0.994167
1566,0.993831
1567,0.992807
1568,0.992708
1569,0.992814
1570,0.993108
1571,0.992869
1572,0.992887
1573,0.991629
1574,0.993757
1575,0.992074
1576,0.992063
1577,0.991676
1578,0.992959
1579,0.993341
1580,0.993092
1581,0.993105
1582,0.993848
1583,0.993595
1584,0.992558
1585,0.992826
1586,0.993194
1587,0.993686
1588,0.994034
1589,0.994035
1590,0.99446
1591,0.99328
1592,0.989157
1593,0.994549
1594,0.987895
1595,0.988491
1596,0.988148
1597,0.991762
1598,0.991086
1599,0.990921
1600,0.990068
1601,0.988836
1602,0.986644
1603,0.9892
1604,0.995831
1605,0.989936
1606,0.995959
1607,0.992924
1608,0.096271
1609,0.005989
1610,0.008791
1611,0.008167
1612,0.013734
1613,0.009642
1614,0.005684
1615,0.004808
1616,0.000721
1617,0.001291
1618,0.001025
1619,0.00106
1620,0.00087
1621,0.00051
1622,0.0005
1623,0.000791
1624,0.00473
1625,0.54483
1626,0.980338
1627,0.982773
1628,0.986954
1629,0.986738
1630,0.989287
1631,0.993469
1632,0.992976
1633,0.993302
1634,0.993307
1635,0.992228
1636,0.990391
1637,0.992512
1638,0.992628
1639,0.991223
1640,0.992364
1641,0.991357
1642,0.991785
1643,0.991661
1644,0.991529
1645,0.993947
1646,0.993369
1647,0.99342
1648,0.993
1649,0.993204
1650,0.991358
1651,0.908574
1652,0.020802
1653,0.0058
1654,0.000647
1655,0.000725
1656,0.000516
1657,0.000138
1658,0.000111
1659,7.2e-05
1660,3e-05
1661,1.2e-05
1662,0.001324
1663,0.001323
1664,0.000264
1665,0.000321
1666,0.000318
1667,0.000363
1668,0.000359
1669,3.1e-05
1670,3.8e-05
1671,3.6e-05
1672,3e-05
1673,0.002099
1674,0.002604
1675,0.002163
1676,0.001114
1677,1.3e-05
1678,1.3e-05
1679,1.2e-05
1680,1.2e-05
1681,1.4e-05
1682,1.9e-05
1683,2.1e-05
1684,0.000761
1685,0.528396
1686,0.952646
1687,0.977201
1688,0.98249
1689,0.989133
1690,0.991864
1691,0.994651
1692,0.994394
1693,0.993125
1694,0.993361
1695,0.992559
1696,0.993059
1697,0.991785
1698,0.993289
1699,0.992778
1700,0.992852
1701,0.993315
1702,0.991594
1703,0.992671
1704,0.990198
1705,0.992716
1706,0.990415
1707,0.989682
1708,0.99093
1709,0.988319
1710,0.603166
1711,0.006756
1712,0.00101
1713,0.00038
1714,0.000249
1715,0.000264
1716,0.000715
1717,0.000851
1718,0.001204
1719,4.6e-05
1720,4.8e-05
1721,0.000113
1722,0.000362
1723,0.000241
1724,0.000252
1725,0.000237
1726,0.000316
1727,0.000424
1728,0.000362
1729,0.00027
1730,0.000213
1731,0.000262
1732,0.000277
1733,0.00026
1734,0.000327
1735,0.000372
1736,0.000419
1737,0.000538
1738,0.000457
1739,0.00062
1740,0.000972
1741,0.002206
1742,0.00216
1743,0.001429
1744,0.001267
1745,0.002237
1746,0.072022
1747,0.899575
1748,0.913768
1749,0.89335
1750,0.842089
1751,0.832199
1752,0.954644
1753,0.833169
1754,0.011234
1755,0.004324
1756,0.003558
1757,0.002853
1758,0.001932
1759,0.001888
1760,0.001568
1761,0.002286
1762,4.1e-05
1763,3.1e-05
1764,0.001219
1765,0.000652
1766,0.000806
1767,0.000727
1768,0.000854
1769,0.000612
1770,0.000638
1771,0.000537
1772,0.0007
1773,0.001673
1774,0.000937
1775,0.000904
1776,0.001241
1777,0.001303
1778,0.001078
1779,0.000973
1780,0.000798
1781,0.00085
1782,0.002591
1783,0.002427
1784,0.003857
1785,0.004322
1786,0.003169
1787,0.000657
1788,0.000554
1789,0.00053
1790,0.000526
1791,0.002332
1792,0.002552
1793,0.003037
1794,0.003022
1795,0.002711
1796,0.002313
1797,0.002664
1798,0.007797
1799,0.788204
1800,0.751284
1801,0.884815
1802,0.880678
1803,0.904374
1804,0.851326
1805,0.914151
1806,0.281456
1807,0.002521
1808,0.002111
1809,0.001
1810,0.001455
1811,0.00377
1812,0.004147
1813,0.003098
1814,0.001379
1815,0.001306
1816,0.00143
1817,0.001328
1818,0.001467
1819,0.001775
1820,0.001223
1821,0.000977
1822,0.001243
1823,0.001105
1824,0.001144
1825,0.001528
1826,0.001582
1827,0.002165
1828,0.001759
1829,0.001382
1830,0.000926
1831,0.000439
1832,0.000504
1833,0.000552
1834,0.000537
1835,0.000653
1836,0.000591
1837,0.000656
1838,0.000698
1839,0.000742
1840,0.000834
1841,0.00063
1842,0.000546
1843,0.000607
1844,0.00063
1845,0.000587
1846,0.001014
1847,0.000914
1848,0.001413
1849,0.001617
1850,0.001947
1851,0.001665
1852,0.00173
1853,0.001437
1854,0.001272
1855,0.001242
1856,0.001756
1857,0.002246
1858,0.001972
1859,0.00141
1860,0.00162
1861,0.001546
1862,0.001618
1863,0.001691
1864,0.001881
1865,0.001629
1866,0.001194
1867,0.000912
1868,0.001641
1869,0.028807
1870,0.596575
1871,0.618231
1872,0.738596
1873,0.924593
1874,0.905738
1875,0.957752
1876,0.976308
1877,0.970841
1878,0.977247
1879,0.970712
1880,0.966355
1881,0.934421
1882,0.950661
1883,0.949355
1884,0.959551
1885,0.97402
1886,0.975719
1887,0.983489
1888,0.985431
1889,0.987339
1890,0.980407
1891,0.981797
1892,0.984627
1893,0.965119
1894,0.975001
1895,0.931038
1896,0.025028
1897,0.004627
1898,0.001147
1899,0.000761
1900,0.001364
1901,0.000662
1902,0.001192
1903,0.001432
1904,0.001083
1905,0.00096
1906,0.001099
1907,0.001529
1908,0.000874
1909,0.000579
1910,0.000482
1911,0.000629
1912,0.000808
1913,0.000742
1914,0.000748
1915,0.001149
1916,0.001022
1917,0.001062
1918,0.00092
1919,0.000704
1920,0.000727
1921,0.000926
1922,0.001104
1923,0.001191
1924,0.001865
1925,0.001257
1926,0.001886
1927,0.001238
1928,0.001093
1929,0.001066
1930,0.000989
1931,0.001012
1932,0.000738
1933,0.000585
1934,0.000561
1935,0.000549
1936,0.000881
1937,0.000936
1938,0.000952
1939,0.000452
1940,0.000375
1941,0.000352
1942,0.00032
1943,0.000462
1944,0.000401
1945,0.000451
1946,0.000419
1947,0.001623
1948,0.170937
1949,0.766165
1950,0.801372
1951,0.82692
1952,0.879723
1953,0.851453
1954,0.034765
1955,0.000317
1956,0.000389
1957,0.000407
1958,0.000618
1959,0.000399
1960,0.000395
1961,0.0003
1962,0.000452
1963,0.000497
1964,0.000714
1965,0.000793
1966,0.000824
1967,0.000844
1968,0.000905
1969,0.000649
1970,0.000919
1971,0.000724
1972,0.000682
1973,0.000868
1974,0.000928
1975,0.000672
1976,0.000732
1977,0.000521
1978,0.000593
1979,0.000643
1980,0.000732
1981,0.000879
1982,0.001422
1983,0.001107
1984,0.003662
1985,0.627122
1986,0.436678
1987,0.581423
1988,0.27603
1989,0.33966
1990,0.427101
1991,0.366226
1992,0.478942
1993,0.372826
1994,0.460045
1995,0.617512
1996,0.576707
1997,0.569859
1998,0.541341
1999,0.611475
2000,0.615054
2001,0.60483
2002,0.623756
2003,0.512705
2004,0.620557
2005,0.598329
2006,0.553126
2007,0.632161
2008,0.694722
2009,0.68396
2010,0.604251
2011,0.606506
2012,0.730132
2013,0.759669
2014,0.781366
2015,0.811669
2016,0.845807
2017,0.846735
2018,0.882493
2019,0.90633
2020,0.923986
2021,0.913846
2022,0.890569
2023,0.880896
2024,0.944351
2025,0.953642
2026,0.916127
2027,0.929786
2028,0.946702
2029,0.947698
2030,0.939505
2031,0.936405
2032,0.952317
2033,0.954367
2034,0.954984
2035,0.940227
2036,0.973385
2037,0.963686
2038,0.970555
2039,0.949082
2040,0.039087
2041,0.017922
2042,0.000669
2043,0.000655
2044,5.4e-05
2045,0.000109
2046,0.000149
2047,0.001685
2048,0.004615
2049,0.004553
2050,0.005533
2051,0.00326
2052,0.003071
2053,0.001434
2054,0.001322
2055,0.001585
2056,0.001159
2057,0.00096
2058,0.000776
2059,0.000759
2060,0.000699
2061,0.000674
2062,0.000579
2063,0.000647
2064,0.000722
2065,0.000903
2066,0.000889
2067,0.00094
2068,0.000871
2069,0.000837
2070,0.000668
2071,0.000631
2072,0.000633
2073,0.000846
2074,0.000675
2075,0.000704
2076,0.000467
2077,0.000406
2078,0.000447
2079,0.000456
2080,0.000342
2081,0.000429
2082,0.00117
2083,0.000297
2084,0.001415
2085,0.000279
2086,0.000361
2087,0.083075
2088,0.585965
2089,0.926265
2090,0.955688
2091,0.883568
2092,0.990925
2093,0.962086
2094,0.981648
2095,0.970664
2096,0.897101
2097,0.955118
2098,0.968626
2099,0.974728
2100,0.970604
2101,0.949871
2102,0.957933
2103,0.952356
2104,0.99489
2105,0.972449
2106,0.995704
2107,0.99208
2108,0.994875
2109,0.997005
2110,0.994462
2111,0.997707
2112,0.997746
2113,0.998714
2114,0.997332
2115,0.997404
2116,0.99871
2117,0.998781
2118,0.99853
2119,0.998365
2120,0.991937
2121,0.991984
2122,0.990517
2123,0.990479
2124,0.983109
2125,0.996786
2126,0.996158
2127,0.996601
2128,0.994825
2129,0.995745
2130,0.996243
2131,0.996691
2132,0.996543
2133,0.995612
2134,0.994853
2135,0.995855
2136,0.996978
2137,0.997883
2138,0.997201
2139,0.997204
2140,0.996323
2141,0.997126
2142,0.992816
2143,0.993046
2144,0.993728
2145,0.9944
2146,0.993429
2147,0.994251
2148,0.993028
2149,0.965553
2150,0.972508
2151,0.973656
2152,0.979474
2153,0.976728
2154,0.969419
2155,0.96756
2156,0.985455
2157,0.986806
2158,0.986981
2159,0.986543
2160,0.985384
2161,0.951613
2162,0.95237
2163,0.949154
2164,0.945712
2165,0.942767
2166,0.941018
2167,0.941904
2168,0.923997
2169,0.927704
2170,0.958091
2171,0.95677
2172,0.949225
2173,0.941027
2174,0.944615
2175,0.952924
2176,0.88877
2177,0.033808
2178,0.000878
2179,0.000461
2180,0.000552
2181,0.001585
2182,0.001038
2183,0.000821
2184,0.000716
2185,0.001337
2186,0.001934
2187,0.003125
2188,0.001425
2189,0.000371
2190,0.000452
2191,0.000684
2192,0.000983
2193,0.000956
2194,0.001144
2195,0.001132
2196,0.00129
2197,0.000943
2198,0.004654
2199,0.647461
2200,0.887363
2201,0.965182
2202,0.97071
2203,0.977876
2204,0.971969
2205,0.977919
2206,0.976078
2207,0.970167
2208,0.586842
2209,0.00331
2210,0.000965
2211,0.001363
2212,0.001462
2213,0.000909
2214,0.000818
2215,0.000646
2216,0.0003
2217,0.000743
2218,0.000978
2219,0.000952
2220,0.000629
2221,0.000388
2222,0.000445
2223,0.000382
2224,0.000289
2225,0.000376
2226,0.000484
2227,0.000212
2228,0.000182
2229,0.000175
2230,0.000145
2231,0.000177
2232,0.000181
2233,0.000283
2234,0.000226
2235,0.000228
2236,0.000282
2237,0.0003
2238,0.000288
2239,0.000341
2240,0.000269
2241,0.00032
2242,0.000318
2243,0.000322
2244,0.000283
2245,0.000341
2246,0.000402
2247,0.000413
2248,0.000367
2249,0.000439
2250,0.000372
2251,0.000393
2252,0.000428
2253,0.000287
2254,0.000315
2255,0.000483
2256,0.000448
2257,0.000646
2258,0.000595
2259,0.000622
2260,0.000611
2261,0.001094
2262,0.001033
2263,0.001096
2264,0.001095
2265,0.001274
2266,0.000851
2267,0.000867
2268,0.000889
2269,0.000812
2270,0.001427
2271,0.00103
2272,0.000914
2273,0.001028
2274,0.000656
2275,0.000484
2276,0.00037
2277,0.000341
2278,0.000416
2279,0.000467
2280,0.000717
2281,0.000559
2282,0.000462
2283,0.001537
2284,0.463662
2285,0.922972
2286,0.969859
2287,0.962489
2288,0.939908
2289,0.960714
2290,0.972277
2291,0.986024
2292,0.981268
2293,0.975111
2294,0.975937
2295,0.970087
2296,0.971899
2297,0.975623
2298,0.974957
2299,0.974823
2300,0.981916
2301,0.984522
2302,0.986444
2303,0.990886
2304,0.990497
2305,0.989586
2306,0.9916
2307,0.991607
2308,0.991288
2309,0.991777
2310,0.9922
2311,0.991895
2312,0.992146
2313,0.993895
2314,0.992315
2315,0.99336
2316,0.993972
2317,0.991711
2318,0.991299
2319,0.991399
2320,0.987503
2321,0.988109
2322,0.989842
2323,0.989775
2324,0.987987
2325,0.987434
2326,0.981418
2327,0.934597
2328,0.053417
2329,0.00188
2330,0.002881
2331,0.001456
2332,0.00076
2333,0.000751
2334,0.000607
2335,0.000623
2336,0.000361
2337,0.000499
2338,0.000433
2339,0.000416
2340,0.00034
2341,0.000406
2342,0.000566
2343,0.000505
2344,0.000549
2345,0.000476
2346,0.000491
2347,0.000706
2348,0.000669
2349,0.000679
2350,0.0007
2351,0.000735
2352,0.000614
2353,0.000725
2354,0.000677
2355,0.000726
2356,0.000659
2357,0.00074
2358,0.00061
2359,0.000414
2360,0.000327
2361,0.000313
2362,0.000295
2363,0.000246
2364,0.000251
2365,0.000244
2366,0.000405
2367,9.8e-05
2368,0.000422
2369,0.014271
2370,0.809548
2371,0.912355
2372,0.934929
2373,0.942461
2374,0.945469
2375,0.934391
2376,0.943692
2377,0.957353
2378,0.967462
2379,0.972045
2380,0.97603
2381,0.982697
2382,0.978228
2383,0.974541
2384,0.973638
2385,0.976925
2386,0.966205
2387,0.947406
2388,0.093611
2389,0.000171
2390,3.8e-05
2391,0.001145
2392,0.001955
2393,0.001798
2394,0.001737
2395,0.002515
2396,0.00227
2397,0.002341
2398,0.002287
2399,0.001392
2400,0.001547
2401,0.001221
2402,0.001385
2403,0.001178
2404,0.001357
2405,0.001603
2406,0.001472
2407,0.001785
2408,0.00182
2409,0.001569
2410,0.001661
2411,0.001698
2412,0.00131
2413,0.000898
2414,0.001278
2415,0.001125
2416,0.001135
2417,0.000852
2418,0.001295
2419,0.001141
2420,0.001416
2421,0.001459
2422,0.001762
2423,0.00166
2424,0.001576
2425,0.001593
2426,0.001252
2427,0.001098
2428,0.001404
2429,0.000604
2430,0.000745
2431,0.001014
2432,0.000843
2433,0.001064
2434,0.001156
2435,0.000594
2436,0.000716
2437,0.000976
2438,0.001491
2439,0.001374
2440,0.001053
2441,0.001221
2442,0.001228
2443,0.00119
2444,0.001307
2445,0.001265
2446,0.001218
2447,0.001178
2448,0.001262
2449,0.001771
