1,0.97905
2,0.992319
3,0.991761
4,0.990876
5,0.992758
6,0.991605
7,0.990791
8,0.991923
9,0.991148
10,0.991854
11,0.989359
12,0.990471
13,0.994495
14,0.993195
15,0.985967
16,0.988002
17,0.990083
18,0.995107
19,0.99125
20,0.992214
21,0.990822
22,0.990718
23,0.992616
24,0.99248
25,0.991551
26,0.991978
27,0.99336
28,0.993004
29,0.993545
30,0.993329
31,0.993266
32,0.994101
33,0.993898
34,0.993682
35,0.993093
36,0.99702
37,0.992057
38,0.992082
39,0.99223
40,0.994962
41,0.994999
42,0.993666
43,0.991747
44,0.993231
45,0.991554
46,0.992284
47,0.987654
48,0.987646
49,0.986982
50,0.973539
51,0.353409
52,0.003101
53,0.00013
54,3.4e-05
55,3.3e-05
56,5.5e-05
57,6.3e-05
58,7.8e-05
59,3e-05
60,0.000167
61,0.318285
62,0.743158
63,0.780893
64,0.79882
65,0.792074
66,0.877223
67,0.880573
68,0.887107
69,0.885494
70,0.931156
71,0.893269
72,0.755807
73,0.805467
74,0.779325
75,0.781678
76,0.770344
77,0.900372
78,0.909532
79,0.90773
80,0.902575
81,0.89852
82,0.894793
83,0.900286
84,0.910602
85,0.884014
86,0.881443
87,0.885152
88,0.891908
89,0.897416
90,0.857976
91,0.86711
92,0.905266
93,0.900626
94,0.899297
95,0.882716
96,0.880479
97,0.906912
98,0.92543
99,0.907112
100,0.9152
101,0.922328
102,0.916997
103,0.927332
104,0.923495
105,0.934221
106,0.95274
107,0.950278
108,0.952051
109,0.906721
110,0.924885
111,0.967492
112,0.94402
113,0.952694
114,0.956858
115,0.958374
116,0.950905
117,0.929129
118,0.940689
119,0.936271
120,0.950842
121,0.958613
122,0.970632
123,0.970688
124,0.978067
125,0.982615
126,0.988839
127,0.983707
128,0.989002
129,0.988753
130,0.988151
131,0.993012
132,0.9927
133,0.994809
134,0.994801
135,0.994996
136,0.995026
137,0.995473
138,0.995899
139,0.996352
140,0.996523
141,0.996331
142,0.996971
143,0.995918
144,0.995165
145,0.99689
146,0.997102
147,0.995855
148,0.995284
149,0.995854
150,0.996028
151,0.995583
152,0.996006
153,0.996029
154,0.996662
155,0.996362
156,0.99659
157,0.996068
158,0.99617
159,0.996292
160,0.996884
161,0.996375
162,0.992457
163,0.994072
164,0.995874
165,0.995367
166,0.995623
167,0.995722
168,0.997175
169,0.996701
170,0.99659
171,0.996443
172,0.996555
173,0.99642
174,0.996547
175,0.996316
176,0.994649
177,0.994629
178,0.993225
179,0.272384
180,6.2e-05
181,1.1e-05
182,0.000133
183,5.4e-05
184,0.000152
185,0.000269
186,0.000563
187,0.000231
188,9.7e-05
189,1.1e-05
190,1.2e-05
191,6e-06
192,1.3e-05
193,1.3e-05
194,1.1e-05
195,6e-06
196,7e-06
197,7e-06
198,8e-06
199,9e-06
200,7e-06
201,6e-06
202,6e-06
203,1.1e-05
204,9.7e-05
205,0.000322
206,2.2e-05
207,0.000196
208,0.000158
209,0.000123
210,0.000109
211,0.000166
212,0.000202
213,0.000192
214,0.000266
215,0.000184
216,0.000209
217,0.001478
218,0.203433
219,0.962747
220,0.879148
221,0.96685
222,0.981117
223,0.986614
224,0.98937
225,0.988666
226,0.989583
227,0.988164
228,0.987924
229,0.987267
230,0.987633
231,0.987808
232,0.985305
233,0.983366
234,0.986481
235,0.986803
236,0.983287
237,0.981625
238,0.984718
239,0.984819
240,0.976341
241,0.958903
242,0.965088
243,0.965836
244,0.968654
245,0.963518
246,0.963913
247,0.970742
248,0.965887
249,0.976597
250,0.967966
251,0.967262
252,0.976039
253,0.979472
254,0.975327
255,0.973792
256,0.973982
257,0.977136
258,0.937802
259,0.955448
260,0.92932
261,0.945714
262,0.964043
263,0.97344
264,0.962162
265,0.941568
266,0.933392
267,0.925425
268,0.9431
269,0.954756
270,0.959105
271,0.959843
272,0.957694
273,0.964616
274,0.96003
275,0.963791
276,0.965137
277,0.960181
278,0.918118
279,0.96497
280,0.960753
281,0.956981
282,0.967949
283,0.966576
284,0.970999
285,0.973919
286,0.976133
287,0.97027
288,0.971767
289,0.972594
290,0.971232
291,0.977795
292,0.975079
293,0.978494
294,0.978223
295,0.979709
296,0.977519
297,0.977267
298,0.978406
299,0.973527
300,0.969775
301,0.969382
302,0.800078
303,0.958813
304,0.972861
305,0.962498
306,0.909231
307,0.860053
308,0.720961
309,0.59016
310,0.8632
311,0.808839
312,0.739705
313,0.968781
314,0.736777
315,0.954699
316,0.946321
317,0.944939
318,0.964882
319,0.98438
320,0.986207
321,0.983188
322,0.981707
323,0.985566
324,0.986445
325,0.984376
326,0.984671
327,0.984688
328,0.988306
329,0.987674
330,0.987185
331,0.942419
332,0.990504
333,0.984431
334,0.984366
335,0.984991
336,0.984561
337,0.985756
338,0.9864
339,0.98668
340,0.988167
341,0.98588
342,0.98753
343,0.990209
344,0.988425
345,0.984925
346,0.98519
347,0.984333
348,0.987644
349,0.985587
350,0.985765
351,0.985704
352,0.991445
353,0.990061
354,0.989653
355,0.988246
356,0.989626
357,0.989564
358,0.988878
359,0.989143
360,0.988042
361,0.988778
362,0.988534
363,0.989064
364,0.990635
365,0.99019
366,0.990748
367,0.991168
368,0.988252
369,0.879199
370,0.920023
371,0.897627
372,0.864672
373,0.968797
374,0.97856
375,0.98187
376,0.981376
377,0.984884
378,0.986817
379,0.986519
380,0.986474
381,0.983949
382,0.984826
383,0.981982
384,0.982236
385,0.978525
386,0.955567
387,0.059686
388,0.000368
389,0.001503
390,0.000372
391,0.000618
392,0.001584
393,0.003132
394,0.000612
395,0.000745
396,0.000554
397,0.000765
398,0.000813
399,0.000553
400,0.000571
401,0.470292
402,0.933103
403,0.955606
404,0.958203
405,0.933735
406,0.971262
407,0.898722
408,0.889576
409,0.982883
410,0.990923
411,0.988991
412,0.988252
413,0.982054
414,0.979024
415,0.975016
416,0.980551
417,0.984674
418,0.987059
419,0.987877
420,0.987685
421,0.989845
422,0.988097
423,0.988866
424,0.988045
425,0.977829
426,0.985309
427,0.988339
428,0.988907
429,0.990347
430,0.989044
431,0.99179
432,0.988163
433,0.993589
434,0.993016
435,0.990678
436,0.989495
437,0.991043
438,0.990726
439,0.990082
440,0.990063
441,0.992157
442,0.992678
443,0.993509
444,0.99341
445,0.990827
446,0.990454
447,0.990632
448,0.991066
449,0.990931
450,0.990626
451,0.993164
452,0.993073
453,0.993235
454,0.993191
455,0.990171
456,0.989903
457,0.986221
458,0.986472
459,0.984127
460,0.982331
461,0.976396
462,0.976809
463,0.97107
464,0.975452
465,0.976753
466,0.981782
467,0.965821
468,0.961536
469,0.972863
470,0.971843
471,0.97042
472,0.968888
473,0.965
474,0.952491
475,0.959279
476,0.924991
477,0.939641
478,0.941111
479,0.96293
480,0.957893
481,0.934453
482,0.928464
483,0.932167
484,0.948187
485,0.940346
486,0.943679
487,0.934698
488,0.96114
489,0.966385
490,0.961729
491,0.944519
492,0.931615
493,0.935057
494,0.92062
495,0.917393
496,0.933514
497,0.950061
498,0.949462
499,0.948534
500,0.953473
501,0.941052
502,0.950519
503,0.947466
504,0.953358
505,0.977005
506,0.965253
507,0.969563
508,0.97581
509,0.97717
510,0.980305
511,0.982446
512,0.98736
513,0.987818
514,0.988106
515,0.985807
516,0.990824
517,0.987536
518,0.988771
519,0.988678
520,0.988642
521,0.988628
522,0.98984
523,0.990935
524,0.988976
525,0.989512
526,0.990517
527,0.990128
528,0.991617
529,0.990024
530,0.988553
531,0.989228
532,0.990963
533,0.988869
534,0.988686
535,0.990044
536,0.990905
537,0.989197
538,0.987604
539,0.988191
540,0.9874
541,0.984669
542,0.986887
543,0.984801
544,0.987463
545,0.985456
546,0.986566
547,0.985496
548,0.97973
549,0.978588
550,0.983215
551,0.979906
