1,0.988842
2,0.984069
3,0.986429
4,0.986548
5,0.986595
6,0.988105
7,0.985563
8,0.993967
9,0.987485
10,0.983681
11,0.985131
12,0.978109
13,0.983075
14,0.97769
15,0.969646
16,0.971677
17,0.958951
18,0.971216
19,0.972351
20,0.994045
21,0.973074
22,0.993519
23,0.994777
24,0.993392
25,0.992058
26,0.986814
27,0.943735
28,0.990641
29,0.992159
30,0.990417
31,0.94804
32,0.990976
33,0.992093
34,0.992855
35,0.957575
36,0.995206
37,0.962882
38,0.963774
39,0.964978
40,0.961732
41,0.958094
42,0.993039
43,0.965255
44,0.991849
45,0.985778
46,0.986834
47,0.981924
48,0.92043
49,0.022207
50,0.000329
51,0.000576
52,0.000528
53,9.7e-05
54,0.001286
55,0.109731
56,0.383404
57,0.555962
58,0.643315
59,0.626821
60,0.682861
61,0.833103
62,0.879946
63,0.901726
64,0.940191
65,0.929008
66,0.91855
67,0.909804
68,0.921843
69,0.92408
70,0.923942
71,0.906874
72,0.916022
73,0.764813
74,0.798025
75,0.78519
76,0.771756
77,0.766295
78,0.787234
79,0.804794
80,0.799381
81,0.812632
82,0.813708
83,0.746682
84,0.75116
85,0.712477
86,0.728831
87,0.718561
88,0.728767
89,0.726453
90,0.717593
91,0.729323
92,0.749961
93,0.748356
94,0.756354
95,0.692679
96,0.71078
97,0.806327
98,0.883251
99,0.845149
100,0.869205
101,0.894852
102,0.880411
103,0.87708
104,0.89299
105,0.896925
106,0.899147
107,0.935551
108,0.933616
109,0.90033
110,0.922215
111,0.925581
112,0.934484
113,0.876776
114,0.917538
115,0.917884
116,0.916174
117,0.921234
118,0.899229
119,0.915879
120,0.92789
121,0.950821
122,0.945106
123,0.947837
124,0.937103
125,0.909221
126,0.936904
127,0.932616
128,0.934582
129,0.934404
130,0.939759
131,0.930582
132,0.941265
133,0.941057
134,0.942913
135,0.959886
136,0.957517
137,0.962142
138,0.960112
139,0.97535
140,0.964468
141,0.968211
142,0.924112
143,0.966221
144,0.982585
145,0.981262
146,0.981282
147,0.979387
148,0.980478
149,0.978669
150,0.978995
151,0.981814
152,0.97997
153,0.982612
154,0.98044
155,0.979932
156,0.981223
157,0.980077
158,0.980493
159,0.981451
160,0.982564
161,0.984068
162,0.982697
163,0.982658
164,0.979084
165,0.976343
166,0.991862
167,0.99122
168,0.992437
169,0.988482
170,0.988067
171,0.988794
172,0.987755
173,0.990425
174,0.992792
175,0.991384
176,0.990878
177,0.990054
178,0.989381
179,0.988958
180,0.989567
181,0.98691
182,0.986975
183,0.985241
184,0.985389
185,0.985982
186,0.985948
187,0.983579
188,0.978034
189,0.984719
190,0.986157
191,0.985142
192,0.984648
193,0.993018
194,0.99189
195,0.988781
196,0.988842
197,0.99024
198,0.991495
199,0.991717
200,0.991454
201,0.991769
202,0.99106
203,0.989888
204,0.989404
205,0.990432
206,0.990061
207,0.989481
208,0.987868
209,0.987711
210,0.986936
211,0.9846
212,0.984039
213,0.982697
214,0.981042
215,0.979888
216,0.978588
217,0.977634
218,0.977018
219,0.977223
220,0.977506
221,0.911824
222,0.670374
223,0.881531
224,0.686067
225,0.798211
226,0.932646
227,0.935976
228,0.943129
229,0.967968
230,0.958607
231,0.957143
232,0.957353
233,0.958389
234,0.957927
235,0.960025
236,0.961207
237,0.957542
238,0.952809
239,0.953213
240,0.947494
241,0.957604
242,0.95129
243,0.948828
244,0.9522
245,0.946511
246,0.951385
247,0.948268
248,0.95184
249,0.946085
250,0.945688
251,0.960608
252,0.963705
253,0.965005
254,0.966694
255,0.966312
256,0.966264
257,0.968261
258,0.968325
259,0.970538
260,0.970018
261,0.971367
262,0.970239
263,0.970213
264,0.971092
265,0.952507
266,0.9565
267,0.958374
268,0.95951
269,0.957631
270,0.95903
271,0.959879
272,0.957381
273,0.959569
274,0.958716
275,0.95825
276,0.960022
277,0.9544
278,0.955939
279,0.952205
280,0.954768
281,0.95819
282,0.958676
283,0.960124
284,0.963237
285,0.967699
286,0.968567
287,0.967406
288,0.968163
289,0.962087
290,0.960892
291,0.959017
292,0.961316
293,0.962922
294,0.962129
295,0.963867
296,0.965235
297,0.965001
298,0.964822
299,0.96985
300,0.966726
301,0.968832
302,0.969044
303,0.970972
304,0.974604
305,0.975356
306,0.979683
307,0.981406
308,0.985407
309,0.976473
310,0.968657
311,0.970258
312,0.964115
313,0.959199
314,0.958097
315,0.946811
316,0.967103
317,0.96943
318,0.975368
319,0.979121
320,0.979649
321,0.979201
322,0.975147
323,0.975546
324,0.975464
325,0.975247
326,0.977265
327,0.973094
328,0.972683
329,0.966939
330,0.966956
331,0.946386
332,0.961736
333,0.918829
334,0.853573
335,0.962499
336,0.86239
337,0.90489
338,0.914595
339,0.881886
340,0.968096
341,0.973838
342,0.974429
343,0.984053
344,0.981421
345,0.978866
346,0.977271
347,0.9809
348,0.979507
349,0.979557
350,0.975021
351,0.933327
352,0.9302
353,0.01557
354,0.000381
355,0.000581
356,0.000765
357,0.001092
358,0.000756
359,0.000448
360,0.000518
361,0.000624
362,0.000406
363,0.000309
364,0.000226
365,0.000219
366,0.000245
367,0.000206
368,0.000225
369,0.000233
370,0.000261
371,0.000315
372,0.000531
373,0.000775
374,0.000797
375,0.001106
376,0.001765
377,0.003332
378,0.003261
379,0.003174
380,0.002531
381,0.001154
382,0.001469
383,0.001703
384,0.001428
385,0.001284
386,0.000706
387,0.000978
388,0.001265
389,0.001427
390,0.001839
391,0.001428
392,0.001432
393,0.00126
394,0.001167
395,0.00086
396,0.001985
397,0.003905
398,0.005047
399,0.004943
400,0.001904
401,0.001768
402,0.005675
403,0.006069
404,0.006295
405,0.001653
406,0.001279
407,0.000911
408,0.000768
409,0.000652
410,0.000457
411,0.000311
412,0.000298
413,0.000296
414,0.001073
415,0.001054
416,0.001512
417,0.001567
418,0.001506
419,0.002378
420,0.003417
421,0.004247
422,0.002814
423,0.002471
424,0.002961
425,0.002563
426,0.000325
427,0.000328
428,0.018066
429,0.662784
430,0.956643
431,0.935256
432,0.990488
433,0.994784
434,0.994444
435,0.994249
436,0.995342
437,0.995404
438,0.996557
439,0.997067
440,0.995679
441,0.995911
442,0.986916
443,0.990341
444,0.990903
445,0.992059
446,0.982587
447,0.981952
448,0.985383
449,0.987111
450,0.989545
451,0.987057
452,0.987255
453,0.985033
454,0.985786
455,0.984166
456,0.985318
457,0.987243
458,0.986368
459,0.843764
460,0.788816
461,0.733639
462,0.930495
463,0.90445
464,0.919089
465,0.928186
466,0.941484
467,0.955739
468,0.976322
469,0.984434
470,0.983132
471,0.989459
472,0.98242
473,0.99391
474,0.994623
475,0.994403
476,0.994969
477,0.995272
478,0.994822
479,0.987587
480,0.97785
481,0.991007
482,0.992882
483,0.993078
484,0.99266
485,0.988606
486,0.988566
487,0.988799
488,0.988603
489,0.986991
490,0.983227
491,0.98449
492,0.987239
493,0.988119
494,0.987905
495,0.986019
496,0.983385
497,0.986463
498,0.989614
499,0.992852
500,0.992138
501,0.99157
502,0.991439
503,0.993836
504,0.993431
505,0.994471
506,0.991995
507,0.992247
508,0.994543
509,0.993758
510,0.990069
511,0.988916
512,0.98556
513,0.988347
514,0.986977
515,0.986113
516,0.986658
517,0.985989
518,0.988445
519,0.990845
520,0.986981
521,0.987662
522,0.989933
523,0.990105
524,0.992063
525,0.991157
526,0.991919
527,0.990046
528,0.987688
529,0.987458
530,0.988414
531,0.988913
532,0.987288
533,0.986362
534,0.986146
535,0.987734
536,0.984424
537,0.983986
538,0.984379
539,0.986772
540,0.983827
541,0.974241
542,0.693515
543,0.002247
544,0.000298
545,0.000224
546,0.000148
547,6.9e-05
548,0.000147
549,7.4e-05
550,0.000315
551,0.000232
552,0.000454
553,0.000461
554,0.001488
555,0.210222
556,0.842492
557,0.945468
558,0.952718
559,0.970411
560,0.955482
561,0.929905
562,0.94518
563,0.920998
564,0.961722
565,0.956214
566,0.958488
567,0.969209
568,0.968762
569,0.958118
570,0.956874
571,0.95035
572,0.955047
573,0.949019
574,0.952581
575,0.956064
576,0.943578
577,0.962294
578,0.954191
579,0.94026
580,0.950946
581,0.942761
582,0.956229
583,0.949944
584,0.94493
585,0.949498
586,0.92023
587,0.935414
588,0.946776
589,0.933343
590,0.924718
591,0.92417
592,0.93496
593,0.934785
594,0.938731
595,0.940055
596,0.94171
597,0.933088
598,0.935484
599,0.93153
600,0.934159
601,0.939109
602,0.940598
603,0.940972
604,0.938586
605,0.932647
606,0.929509
607,0.946277
608,0.438009
609,0.000653
610,0.000213
611,0.000143
612,0.00077
613,0.000918
614,0.000942
615,0.000776
616,0.000727
617,0.001204
618,0.001052
619,0.001747
620,0.001179
621,0.001488
622,0.000614
623,0.000649
624,0.000466
625,0.000221
626,0.000241
627,0.000256
628,0.00028
629,0.0002
630,0.00026
631,0.000207
632,0.000199
633,0.000185
634,0.000164
635,0.000124
636,9.9e-05
637,1e-05
638,9e-06
639,9e-06
640,9e-06
641,1e-05
642,1e-05
643,1.1e-05
644,1e-05
645,1.2e-05
646,1.3e-05
647,0.000113
648,0.000125
649,0.000156
650,0.000129
651,0.000171
652,0.000183
653,0.000216
654,0.000263
655,0.000497
656,0.30198
657,0.867756
658,0.914069
659,0.943371
660,0.972994
661,0.978091
662,0.974055
663,0.976338
664,0.96491
665,0.933297
666,0.443497
667,0.000631
668,0.000358
669,0.00019
670,0.407524
671,0.873129
672,0.905149
673,0.934754
674,0.986646
675,0.993626
676,0.991928
677,0.989291
678,0.982682
679,0.990748
680,0.992624
681,0.992134
682,0.99112
683,0.98726
684,0.990899
685,0.984543
686,0.985737
687,0.990487
688,0.984508
689,0.984531
690,0.989898
691,0.991267
692,0.991901
693,0.994252
694,0.995028
695,0.996374
696,0.996515
697,0.997978
698,0.997421
699,0.997
700,0.996133
701,0.997538
702,0.997023
703,0.997389
704,0.997492
705,0.997325
706,0.996612
707,0.997299
708,0.997626
709,0.994785
710,0.99682
711,0.997518
712,0.99367
713,0.993839
714,0.992668
715,0.990858
716,0.989953
717,0.988344
718,0.991459
719,0.990499
720,0.985406
721,0.986714
722,0.98748
723,0.987922
724,0.987496
725,0.98716
726,0.986148
727,0.986499
728,0.979966
729,0.982342
730,0.978671
731,0.979139
732,0.968465
733,0.964786
734,0.963167
735,0.967638
736,0.969168
737,0.972539
738,0.962086
739,0.963792
740,0.942825
741,0.9409
742,0.927546
743,0.940108
744,0.936265
745,0.93617
746,0.941514
747,0.943284
748,0.941266
749,0.944594
750,0.944392
751,0.943207
752,0.93102
753,0.940601
754,0.932862
755,0.926694
756,0.929815
757,0.935484
758,0.9281
759,0.925326
760,0.891191
761,0.898729
762,0.842118
763,0.846977
764,0.803716
765,0.800676
766,0.771619
767,0.755578
768,0.709626
769,0.686502
770,0.713144
771,0.728979
772,0.747906
773,0.783222
774,0.799055
775,0.807441
776,0.802311
777,0.780196
778,0.800164
779,0.798028
780,0.788417
781,0.702171
782,0.707408
783,0.618013
784,0.624285
785,0.684918
786,0.669246
787,0.731924
788,0.715976
789,0.713247
790,0.699377
791,0.675974
792,0.676459
793,0.644069
794,0.591102
795,0.612309
796,0.618111
797,0.646327
798,0.656716
799,0.668994
800,0.68637
801,0.760212
802,0.74531
803,0.843573
804,0.853745
805,0.875166
806,0.829756
807,0.87061
808,0.878594
809,0.882354
810,0.872914
811,0.868764
812,0.873818
813,0.879421
814,0.876264
815,0.915135
816,0.91518
817,0.905998
818,0.913211
819,0.915281
820,0.922176
821,0.933649
822,0.935568
823,0.948489
824,0.958738
825,0.96501
826,0.964116
827,0.956887
828,0.957036
829,0.962811
830,0.963864
831,0.970371
832,0.969751
833,0.972476
834,0.972613
835,0.980475
836,0.982396
837,0.976714
838,0.980279
839,0.976958
840,0.979992
841,0.981293
842,0.981226
843,0.981039
844,0.982091
845,0.98218
846,0.982663
847,0.98733
848,0.987653
849,0.988995
850,0.98797
851,0.98955
852,0.991951
853,0.99095
854,0.991313
855,0.991265
856,0.991137
857,0.99068
858,0.991365
859,0.992051
860,0.991751
861,0.992983
862,0.997051
863,0.991677
864,0.991813
865,0.992927
866,0.993081
867,0.990857
868,0.990209
869,0.990915
870,0.992203
871,0.992108
872,0.991063
873,0.992794
874,0.993046
875,0.992888
876,0.992707
877,0.99308
878,0.992663
879,0.992298
880,0.992419
881,0.991815
882,0.992176
883,0.992634
884,0.992306
885,0.993038
886,0.992222
887,0.992974
888,0.993136
889,0.992282
890,0.992726
891,0.992236
892,0.992931
893,0.993003
894,0.992855
895,0.992946
896,0.992837
897,0.992876
898,0.993433
899,0.994057
900,0.994503
901,0.99304
902,0.993405
903,0.99372
904,0.993421
905,0.993411
906,0.993502
907,0.993644
908,0.992256
909,0.992007
910,0.992624
911,0.990788
912,0.991324
913,0.991117
914,0.990826
915,0.990069
916,0.990298
917,0.989862
918,0.99062
919,0.990716
920,0.992026
921,0.992083
922,0.992033
923,0.99132
924,0.990767
925,0.987594
926,0.987778
927,0.988592
928,0.98845
929,0.988525
930,0.988415
931,0.988198
932,0.988353
933,0.98899
934,0.989638
935,0.990816
936,0.989419
937,0.989484
938,0.991448
939,0.990725
940,0.989676
941,0.99006
942,0.989076
943,0.988486
944,0.988919
945,0.988564
946,0.986435
947,0.987629
948,0.986519
949,0.985022
950,0.985502
951,0.985618
952,0.984759
953,0.984796
954,0.986471
955,0.983844
956,0.98189
957,0.9858
958,0.973935
959,0.49054
960,0.01558
961,0.012737
962,0.00273
963,0.002199
964,0.000244
965,0.000316
966,0.000664
967,0.000566
968,0.000954
969,0.001367
970,0.000731
971,0.000383
972,0.000509
973,0.001476
974,0.001275
975,0.001442
976,0.001307
977,0.000493
978,0.000472
979,0.000614
980,0.000538
981,0.000975
982,0.00095
983,0.000522
984,0.000925
985,0.001691
986,0.001433
987,0.001086
988,0.001598
989,0.001087
990,0.001214
991,0.001843
992,0.002047
993,0.002596
994,0.002231
995,0.00262
996,0.010635
997,0.211405
998,0.767658
999,0.936102
1000,0.904786
1001,0.97479
1002,0.967331
1003,0.987476
1004,0.994424
1005,0.993192
1006,0.995279
1007,0.995083
1008,0.994016
1009,0.993997
1010,0.993622
1011,0.993731
1012,0.694681
1013,0.064419
1014,0.00395
1015,0.000123
1016,0.000346
1017,0.000329
1018,0.000194
1019,0.000239
1020,0.000245
1021,0.000202
1022,0.000463
1023,0.000384
1024,0.000872
1025,0.000752
1026,0.000902
1027,0.000735
1028,0.001097
1029,0.000892
1030,0.000878
1031,0.000666
1032,0.001077
1033,0.001829
1034,0.001493
1035,0.001487
1036,0.0021
1037,0.002914
1038,0.003367
1039,0.002954
1040,0.003451
1041,0.002656
1042,0.003199
1043,0.00334
1044,0.002423
1045,0.003192
1046,0.003572
1047,0.000952
1048,0.000953
1049,0.001404
1050,0.003629
1051,0.002542
1052,0.002764
1053,0.002674
1054,0.002406
1055,0.002495
1056,0.002636
1057,0.002283
1058,0.002059
1059,0.001651
1060,0.001501
1061,0.001644
1062,0.001377
1063,0.001522
1064,0.001942
1065,0.001721
1066,0.001984
1067,0.001857
1068,0.001534
1069,0.00144
1070,0.001705
1071,0.001823
1072,0.001631
1073,0.001966
1074,0.002104
1075,0.002042
1076,0.001376
1077,0.001623
1078,0.001986
1079,0.001216
1080,0.001259
1081,0.001019
1082,0.001117
1083,0.001185
1084,0.001241
1085,0.001279
1086,0.001364
1087,0.001644
1088,0.001393
1089,0.001099
1090,0.000677
1091,0.001483
1092,0.001342
1093,0.001485
1094,0.001021
1095,0.000816
1096,0.000796
1097,0.001014
1098,0.002064
1099,0.002533
1100,0.002287
1101,0.002232
1102,0.002264
1103,0.003018
1104,0.001022
1105,0.001083
1106,0.011295
1107,0.602723
1108,0.94688
1109,0.934729
1110,0.934514
1111,0.970486
1112,0.989145
1113,0.954939
1114,0.972853
1115,0.974294
1116,0.9852
1117,0.932316
1118,0.005945
1119,0.0002
1120,0.000208
1121,8.4e-05
1122,0.000101
1123,9.2e-05
1124,0.000151
1125,0.00109
1126,0.00052
1127,0.000422
1128,0.000316
1129,0.00025
1130,0.000232
1131,0.000436
1132,0.001793
1133,0.001607
1134,0.001668
1135,0.001597
1136,0.00174
1137,0.000598
1138,0.000728
1139,0.000546
1140,0.000801
1141,0.000776
1142,0.000758
1143,0.000779
1144,0.000869
1145,0.000746
1146,0.000678
1147,0.000743
1148,0.000751
1149,0.003175
1150,0.000547
1151,0.000535
1152,0.000547
1153,0.000823
1154,0.000868
1155,0.00103
1156,0.001261
1157,0.001623
1158,0.001599
1159,0.004191
1160,0.003399
1161,0.002271
1162,0.00206
1163,0.001828
1164,0.001613
1165,0.000807
1166,0.000396
1167,0.000507
1168,0.151716
1169,0.71033
1170,0.941803
1171,0.972498
1172,0.987447
1173,0.974124
1174,0.974617
1175,0.985943
1176,0.98636
1177,0.994602
1178,0.985626
1179,0.982826
1180,0.981331
1181,0.970017
1182,0.96669
1183,0.994722
1184,0.994153
1185,0.992957
1186,0.992972
1187,0.991277
1188,0.977748
1189,0.977622
1190,0.981709
1191,0.980645
1192,0.983759
1193,0.983717
1194,0.985751
1195,0.98362
1196,0.995331
1197,0.995274
1198,0.996134
1199,0.995983
1200,0.996026
1201,0.995156
1202,0.994575
1203,0.994712
1204,0.991903
1205,0.991145
1206,0.993053
1207,0.993271
1208,0.976032
1209,0.975954
1210,0.980354
1211,0.980565
1212,0.983585
1213,0.979504
1214,0.981184
1215,0.98023
1216,0.990951
1217,0.991276
1218,0.99153
1219,0.990738
1220,0.990848
1221,0.991984
1222,0.934438
1223,0.914785
1224,0.907206
1225,0.899677
1226,0.812247
1227,0.975035
1228,0.975732
1229,0.981654
1230,0.97731
1231,0.976453
1232,0.982624
1233,0.984868
1234,0.983868
1235,0.983042
1236,0.982654
1237,0.981269
1238,0.981743
1239,0.98184
1240,0.98299
1241,0.981821
1242,0.985475
1243,0.98486
1244,0.985717
1245,0.973332
1246,0.969051
1247,0.972202
1248,0.983367
1249,0.958995
1250,0.958084
1251,0.964074
1252,0.981683
1253,0.960874
1254,0.979358
1255,0.97906
1256,0.98367
1257,0.979985
1258,0.977013
1259,0.975984
1260,0.972196
1261,0.962952
1262,0.963181
1263,0.963858
1264,0.963238
1265,0.963452
1266,0.94035
1267,0.949621
1268,0.957093
1269,0.955194
1270,0.957851
1271,0.960224
1272,0.95911
1273,0.931259
1274,0.954152
1275,0.947248
1276,0.943802
1277,0.946199
1278,0.933115
1279,0.937065
1280,0.932278
1281,0.949117
1282,0.941102
1283,0.944597
1284,0.93766
1285,0.929243
1286,0.93218
1287,0.926495
1288,0.929737
1289,0.924685
1290,0.928585
1291,0.922181
1292,0.924268
1293,0.940306
1294,0.935907
1295,0.936572
1296,0.928206
1297,0.92038
1298,0.918254
1299,0.919644
1300,0.923888
1301,0.924678
1302,0.928764
1303,0.924808
1304,0.944212
1305,0.94183
1306,0.948531
1307,0.955933
1308,0.955987
1309,0.963785
1310,0.962438
1311,0.965539
1312,0.96591
1313,0.961894
1314,0.964737
1315,0.968626
1316,0.970086
1317,0.968463
1318,0.97005
1319,0.96991
1320,0.96777
1321,0.964435
1322,0.96584
1323,0.966786
1324,0.968045
1325,0.97006
1326,0.969489
1327,0.973567
1328,0.970581
1329,0.971669
1330,0.972184
1331,0.977858
1332,0.97674
1333,0.978209
1334,0.978634
1335,0.978278
1336,0.978376
1337,0.980591
1338,0.980083
1339,0.980761
1340,0.980903
1341,0.978766
1342,0.979515
1343,0.983345
1344,0.983322
1345,0.98437
1346,0.98324
1347,0.877955
1348,0.922313
1349,0.961582
1350,0.864696
1351,0.875787
1352,0.947536
1353,0.944335
1354,0.94868
1355,0.972225
1356,0.969684
1357,0.981337
1358,0.983007
1359,0.983345
1360,0.982853
1361,0.982793
1362,0.985813
1363,0.984366
1364,0.987403
1365,0.987492
1366,0.988265
1367,0.989828
1368,0.988842
1369,0.989341
1370,0.990188
1371,0.988693
1372,0.987876
1373,0.987603
1374,0.985328
1375,0.987451
1376,0.988387
1377,0.986407
1378,0.988979
1379,0.988221
1380,0.989297
1381,0.989923
1382,0.99122
1383,0.991082
1384,0.991334
1385,0.991593
1386,0.991417
1387,0.990423
1388,0.98916
1389,0.989018
1390,0.987949
1391,0.989613
1392,0.989145
1393,0.988879
1394,0.988642
1395,0.990523
1396,0.990435
1397,0.990525
1398,0.990268
1399,0.988959
1400,0.990426
1401,0.991148
1402,0.990927
1403,0.990545
1404,0.991967
1405,0.989153
1406,0.990031
1407,0.990231
1408,0.988623
1409,0.989268
1410,0.988939
1411,0.989126
1412,0.987851
1413,0.988335
1414,0.988209
1415,0.988301
1416,0.989851
1417,0.988543
1418,0.987672
1419,0.987067
1420,0.984828
1421,0.985739
1422,0.986138
1423,0.981593
1424,0.982835
1425,0.986377
1426,0.982861
1427,0.984996
1428,0.987078
1429,0.982713
1430,0.985948
1431,0.981765
1432,0.98351
1433,0.981293
1434,0.979797
1435,0.982056
1436,0.981704
1437,0.982476
1438,0.981345
1439,0.984111
1440,0.980659
1441,0.984636
1442,0.982923
1443,0.978667
1444,0.983514
1445,0.983734
1446,0.986346
1447,0.98634
1448,0.983566
1449,0.939909
1450,0.005193
1451,0.001619
1452,0.000278
1453,0.001019
1454,0.000777
1455,0.000672
1456,0.000399
1457,0.000354
1458,0.00037
1459,0.000354
1460,0.000495
1461,0.000214
1462,0.000284
1463,0.000148
1464,0.000156
1465,7.7e-05
1466,0.000183
1467,0.000102
1468,0.000103
1469,0.000115
1470,0.000168
1471,0.000232
1472,0.000229
1473,0.000248
1474,0.000278
1475,0.000289
1476,0.000413
1477,0.000343
1478,0.000371
1479,0.000381
1480,0.00036
1481,0.000371
1482,0.000366
1483,0.000383
1484,0.00037
1485,0.000364
1486,0.000431
1487,0.000482
1488,0.000496
1489,0.000372
1490,0.00061
1491,0.000589
1492,0.000649
1493,0.000687
1494,0.000821
1495,0.000743
1496,0.000813
1497,0.00084
1498,0.001247
1499,0.001373
1500,0.001696
1501,0.001286
1502,0.000922
1503,0.000905
1504,0.001195
1505,0.000857
1506,0.001016
1507,0.000965
1508,0.00118
1509,0.000618
1510,0.000595
1511,0.000607
1512,0.000797
1513,0.001076
1514,0.001227
1515,0.001424
1516,0.001377
1517,0.001082
1518,0.000208
1519,0.000209
1520,0.000182
1521,0.000242
1522,0.075993
1523,0.793072
1524,0.959231
1525,0.971922
1526,0.964962
1527,0.966181
1528,0.957819
1529,0.94955
1530,0.956212
1531,0.957242
1532,0.955692
1533,0.970202
1534,0.956105
1535,0.977148
1536,0.976087
1537,0.984778
1538,0.989117
1539,0.985577
1540,0.987887
1541,0.987723
1542,0.990752
1543,0.986849
1544,0.985447
1545,0.987263
1546,0.984075
1547,0.975388
1548,0.986363
1549,0.987406
1550,0.987157
1551,0.989377
1552,0.989227
1553,0.988336
1554,0.993529
1555,0.993282
1556,0.985361
1557,0.680049
1558,0.936445
1559,0.973338
1560,0.882402
1561,0.859991
1562,0.940243
1563,0.981872
1564,0.985735
1565,0.985017
1566,0.987032
1567,0.971739
1568,0.978953
1569,0.974834
1570,0.972069
1571,0.980621
1572,0.981841
1573,0.968328
1574,0.979083
1575,0.971559
1576,0.958177
1577,0.954699
1578,0.954694
1579,0.946712
1580,0.94312
1581,0.959291
1582,0.956273
1583,0.9594
1584,0.966215
1585,0.972146
1586,0.973179
1587,0.967426
1588,0.960472
1589,0.964496
1590,0.962759
1591,0.96209
1592,0.967589
1593,0.971136
1594,0.97715
1595,0.978174
1596,0.98409
1597,0.978978
1598,0.978516
1599,0.98228
1600,0.985306
1601,0.987709
1602,0.987824
1603,0.987335
1604,0.986723
1605,0.987
1606,0.986167
1607,0.986256
1608,0.986373
1609,0.986506
1610,0.986844
1611,0.98764
1612,0.98733
1613,0.988987
1614,0.990685
1615,0.991127
1616,0.992049
1617,0.989032
1618,0.992804
1619,0.991439
1620,0.99132
1621,0.990133
1622,0.988644
1623,0.988961
1624,0.988916
1625,0.989785
1626,0.9897
1627,0.988569
1628,0.988987
1629,0.988472
1630,0.988905
1631,0.989258
1632,0.990526
1633,0.990781
1634,0.990951
1635,0.989199
1636,0.989526
1637,0.989932
1638,0.989774
1639,0.99048
1640,0.98913
1641,0.99029
1642,0.989533
1643,0.991469
1644,0.990065
1645,0.989756
1646,0.990368
1647,0.99033
1648,0.990225
1649,0.989106
1650,0.989871
1651,0.984403
1652,0.98817
1653,0.987151
1654,0.985253
1655,0.986022
1656,0.988315
1657,0.989257
1658,0.990342
1659,0.991906
1660,0.993364
1661,0.99328
1662,0.993482
1663,0.993483
1664,0.993663
1665,0.994218
1666,0.994353
1667,0.994297
1668,0.993856
1669,0.992286
1670,0.992923
1671,0.978704
1672,0.246338
1673,0.025572
1674,0.001871
1675,0.001871
1676,0.001126
1677,0.000786
1678,0.000826
1679,0.000859
1680,0.00033
1681,0.000194
1682,0.000119
1683,0.000563
1684,0.000172
1685,0.000313
1686,0.000238
1687,0.000184
1688,0.000139
1689,0.000198
1690,0.000206
1691,0.00028
1692,0.000399
1693,0.000203
1694,0.000178
1695,0.000225
1696,0.000132
1697,0.00015
1698,0.000105
1699,9.5e-05
1700,8.8e-05
1701,8.3e-05
1702,8e-05
1703,5.2e-05
1704,6.5e-05
1705,3.3e-05
1706,2.6e-05
1707,1.5e-05
1708,1.3e-05
1709,1.4e-05
1710,1.9e-05
1711,3.3e-05
1712,3.2e-05
1713,4.8e-05
1714,0.0001
1715,0.000276
1716,0.000325
1717,0.000214
1718,6.2e-05
1719,5.5e-05
1720,6.8e-05
1721,6.5e-05
1722,6.6e-05
1723,0.001746
1724,0.001179
1725,0.00103
1726,0.000345
1727,0.000296
1728,0.000378
1729,0.000603
1730,0.465048
1731,0.919573
1732,0.944556
1733,0.922997
1734,0.982912
1735,0.947529
1736,0.981544
1737,0.979668
1738,0.983949
1739,0.984113
1740,0.985796
1741,0.989858
1742,0.987862
1743,0.988546
1744,0.981733
1745,0.982561
1746,0.983594
1747,0.981055
1748,0.984236
1749,0.982244
1750,0.979753
1751,0.984218
1752,0.98217
1753,0.978211
1754,0.976652
1755,0.975373
1756,0.980594
1757,0.979702
1758,0.980902
1759,0.97626
1760,0.98327
1761,0.984971
1762,0.981896
1763,0.973358
1764,0.966939
1765,0.97701
1766,0.978707
1767,0.980292
1768,0.976402
1769,0.980432
1770,0.953278
1771,0.004344
1772,0.000743
1773,0.000281
1774,0.000581
1775,0.000182
1776,0.000172
1777,0.000134
1778,1.6e-05
1779,1.7e-05
1780,1.8e-05
1781,1.7e-05
1782,1.9e-05
1783,2.2e-05
1784,4e-05
1785,3e-05
1786,5.2e-05
1787,2.9e-05
1788,5.2e-05
1789,5.2e-05
1790,4.2e-05
1791,4.1e-05
1792,4e-05
1793,3.9e-05
1794,3.5e-05
1795,7.7e-05
1796,2.8e-05
1797,4.4e-05
1798,3.4e-05
1799,5e-05
1800,5.9e-05
1801,6.4e-05
1802,5.4e-05
1803,5.7e-05
1804,5.9e-05
1805,5.5e-05
1806,3.9e-05
1807,5e-05
1808,3.5e-05
1809,4e-05
1810,4.5e-05
1811,6e-05
1812,0.00015
1813,0.000177
1814,0.000317
1815,0.096698
1816,0.724023
1817,0.656905
1818,0.657193
1819,0.792227
1820,0.939108
1821,0.945836
1822,0.93626
1823,0.957633
1824,0.946981
1825,0.934294
1826,0.92084
1827,0.925246
