1,0.990164
2,0.987973
3,0.987118
4,0.986083
5,0.985759
6,0.984831
7,0.986924
8,0.986974
9,0.987098
10,0.987936
11,0.973257
12,0.97775
13,0.984364
14,0.985383
15,0.979291
16,0.980954
17,0.975077
18,0.978177
19,0.969821
20,0.970545
21,0.9734
22,0.972245
23,0.974167
24,0.975535
25,0.986219
26,0.98626
27,0.987618
28,0.986896
29,0.987157
30,0.987837
31,0.986516
32,0.987208
33,0.987414
34,0.985792
35,0.986448
36,0.986614
37,0.986101
38,0.986499
39,0.986994
40,0.987608
41,0.988972
42,0.988844
43,0.989028
44,0.98769
45,0.985057
46,0.984935
47,0.983434
48,0.975581
49,0.976332
50,0.969346
51,0.96534
52,0.962287
53,0.964022
54,0.95109
55,0.970189
56,0.920855
57,0.969935
58,0.941993
59,0.937807
60,0.957826
61,0.969822
62,0.973818
63,0.975231
64,0.976624
65,0.976111
66,0.975931
67,0.977088
68,0.975593
69,0.971235
70,0.975518
71,0.972181
72,0.969343
73,0.951887
74,0.957959
75,0.935065
76,0.953023
77,0.933034
78,0.934937
79,0.932317
80,0.929725
81,0.927355
82,0.936413
83,0.939327
84,0.925949
85,0.92994
86,0.925654
87,0.932032
88,0.928117
89,0.932723
90,0.928039
91,0.901723
92,0.905615
93,0.87944
94,0.895165
95,0.885299
96,0.903274
97,0.921036
98,0.934369
99,0.931579
100,0.927897
101,0.920886
102,0.882578
103,0.876897
104,0.879339
105,0.89965
106,0.907552
107,0.888775
108,0.957824
109,0.9493
110,0.9508
111,0.946727
112,0.950481
113,0.951438
114,0.951546
115,0.953781
116,0.951478
117,0.957839
118,0.965223
119,0.962157
120,0.967371
121,0.970716
122,0.964396
123,0.969526
124,0.965166
125,0.964039
126,0.960986
127,0.965252
128,0.963453
129,0.967355
130,0.969604
131,0.968991
132,0.971179
133,0.973263
134,0.972891
135,0.971556
136,0.970936
137,0.974672
138,0.975363
139,0.969718
140,0.971669
141,0.959472
142,0.972978
143,0.972744
144,0.965289
145,0.956132
146,0.953002
147,0.954567
148,0.950367
149,0.960445
150,0.9662
151,0.964838
152,0.960344
153,0.961153
154,0.969129
155,0.972662
156,0.97856
157,0.955841
158,0.967127
159,0.958736
160,0.961629
161,0.965514
162,0.892926
163,0.974147
164,0.973618
165,0.977387
166,0.977913
167,0.980836
168,0.978437
169,0.982717
170,0.982155
171,0.98045
172,0.978721
173,0.981339
174,0.983085
175,0.986315
176,0.985192
177,0.986517
178,0.987169
179,0.987317
180,0.98076
181,0.983081
182,0.982277
183,0.984341
184,0.984987
185,0.98698
186,0.988021
187,0.980248
188,0.980816
189,0.983391
190,0.986048
191,0.981068
192,0.976072
193,0.970823
194,0.966181
195,0.968032
196,0.966042
197,0.970891
198,0.961773
199,0.966843
200,0.965745
201,0.972644
202,0.972226
203,0.970155
204,0.970986
205,0.958905
206,0.959536
207,0.963104
208,0.968046
209,0.955613
210,0.958174
211,0.961978
212,0.969056
213,0.967308
214,0.967607
215,0.965286
216,0.970439
217,0.966237
218,0.962791
219,0.962865
220,0.967585
221,0.961856
222,0.922764
223,0.912496
224,0.921632
225,0.911492
226,0.923117
227,0.937529
228,0.936108
229,0.948309
230,0.948756
231,0.950705
232,0.952672
233,0.953875
234,0.901868
235,0.954167
236,0.908759
237,0.956709
238,0.957859
239,0.888092
240,0.952768
241,0.958082
242,0.959148
243,0.960639
244,0.962728
245,0.968467
246,0.956888
247,0.958357
248,0.964742
249,0.962438
250,0.952278
251,0.967934
252,0.966423
253,0.958739
254,0.960403
255,0.955437
256,0.959078
257,0.954199
258,0.956166
259,0.952389
260,0.956848
261,0.954698
262,0.955622
263,0.955915
264,0.962484
265,0.961074
266,0.956605
267,0.960436
268,0.96153
269,0.963022
270,0.962247
271,0.963615
272,0.961088
273,0.963094
274,0.96233
275,0.963884
276,0.96458
277,0.965166
278,0.96369
279,0.968802
280,0.963959
281,0.966555
282,0.923815
283,0.929967
284,0.879727
285,0.859898
286,0.801879
287,0.881427
288,0.91084
289,0.950245
290,0.954377
291,0.957454
292,0.955999
293,0.95492
294,0.94972
295,0.955094
296,0.956272
297,0.959695
298,0.965125
299,0.965303
300,0.962252
301,0.956511
302,0.959703
303,0.957031
304,0.966589
305,0.963059
306,0.964403
307,0.963345
308,0.965801
309,0.959394
310,0.968348
311,0.964949
312,0.967847
313,0.951403
314,0.948653
315,0.946358
316,0.949714
317,0.952622
318,0.960263
319,0.968403
320,0.9677
321,0.968606
322,0.968511
323,0.904704
324,0.766443
325,0.737237
326,0.842547
327,0.91698
328,0.941544
329,0.958193
330,0.964979
331,0.951686
332,0.957717
333,0.959266
334,0.964502
335,0.963915
336,0.968862
337,0.976846
338,0.975702
339,0.977126
340,0.972849
341,0.975339
342,0.974041
343,0.976358
344,0.975389
345,0.972481
346,0.971631
347,0.975052
348,0.97608
349,0.96194
350,0.964977
351,0.963739
352,0.698191
353,0.366834
354,0.004114
355,0.000928
356,0.001276
357,0.000753
358,0.000583
359,0.000382
360,0.00049
361,0.000975
362,0.00315
363,0.008711
364,0.001305
365,0.001212
366,0.001055
367,0.001083
368,0.001463
369,0.001668
370,0.002447
371,0.001951
372,0.003097
373,0.002864
374,0.00135
375,0.001346
376,0.001407
377,0.001295
378,0.001172
379,0.001221
380,0.002096
381,0.00201
382,0.001594
383,0.000823
384,0.000697
385,0.000461
386,0.000846
387,0.000599
388,0.000509
389,0.000326
390,0.000607
391,0.00138
392,0.001876
393,0.001438
394,0.001408
395,0.00104
396,0.001
397,0.002556
398,0.003224
399,0.003652
400,0.002474
401,0.000879
402,0.000881
403,0.000536
404,0.000566
405,0.001041
406,0.002753
407,0.002355
408,0.00268
409,0.002364
410,0.003639
411,0.002448
412,0.001696
413,0.001377
414,0.001379
415,0.001651
416,0.000399
417,0.000466
418,0.000734
419,0.000653
420,0.000439
421,0.000389
422,0.000387
423,0.000614
424,0.000492
425,0.000511
426,0.000556
427,0.00037
428,0.000355
429,0.011962
430,0.779226
431,0.888141
432,0.977324
433,0.985348
434,0.981731
435,0.982451
436,0.983781
437,0.986526
438,0.98109
439,0.982186
440,0.482058
441,0.030809
442,0.001424
443,0.004147
444,0.001595
445,0.000387
446,0.002299
447,0.002263
448,0.004248
449,0.003317
450,0.004472
451,0.003005
452,0.001725
453,0.002093
454,0.002219
455,0.002301
456,0.001921
457,0.001373
458,0.001746
459,0.00087
460,0.001074
461,0.001697
462,0.002645
463,0.00252
464,0.002261
465,0.002548
466,0.003271
467,0.003132
468,0.002629
469,0.00189
470,0.004931
471,0.000441
472,0.000724
473,0.000631
474,0.000309
475,0.000325
476,0.000228
477,0.009211
478,0.000174
479,0.002351
480,0.000127
481,0.018529
482,0.770241
483,0.958335
484,0.920365
485,0.962917
486,0.858819
487,0.963081
488,0.966719
489,0.943685
490,0.899235
491,0.916421
492,0.915343
493,0.954988
494,0.943676
495,0.952156
496,0.952236
497,0.966145
498,0.974612
499,0.964434
500,0.970945
501,0.973388
502,0.973549
503,0.979868
504,0.985151
505,0.976145
506,0.940359
507,0.139863
508,0.626069
509,0.319902
510,0.004873
511,0.001127
512,0.003113
513,0.000251
514,0.000203
515,0.000502
516,0.000768
517,4.2e-05
518,5.2e-05
519,0.000103
520,0.160919
521,0.916941
522,0.839187
523,0.977584
524,0.983349
525,0.937784
526,0.972179
527,0.980929
528,0.981064
529,0.988451
530,0.990048
531,0.988936
532,0.974404
533,0.797948
534,0.763023
535,0.54089
536,0.053863
537,0.001692
538,0.000583
539,8.7e-05
540,0.000804
541,0.000582
542,0.000249
543,0.000553
544,0.000393
545,0.000583
546,0.000492
547,0.000398
548,0.000397
549,0.00039
550,0.000234
551,0.000235
552,0.000274
553,0.000304
554,0.00023
555,0.000174
556,0.000144
557,0.00016
558,0.000164
559,0.000174
560,0.000269
561,0.000188
562,0.00018
563,0.000144
564,0.000226
565,0.00185
566,0.001457
567,0.790824
568,0.870354
569,0.87465
570,0.892807
571,0.853618
572,0.84105
573,0.958291
574,0.970546
575,0.973286
576,0.976106
577,0.977733
578,0.587677
579,0.008192
580,0.002282
581,0.001215
582,0.00137
583,0.000254
584,0.00018
585,0.000112
586,0.000256
587,1e-05
588,1e-05
589,2.5e-05
590,9.5e-05
591,0.000145
592,0.000206
593,0.000217
594,0.000278
595,0.000208
596,0.001548
597,0.001475
598,0.001461
599,0.001378
600,0.001463
601,0.001144
602,0.00058
603,0.000532
604,0.000463
605,0.000432
606,0.000434
607,0.000426
608,0.000445
609,0.000105
610,0.000329
611,0.000242
612,0.00026
613,9.6e-05
614,9.5e-05
615,8.1e-05
616,7.6e-05
617,7.4e-05
618,7.7e-05
619,0.000308
620,0.000343
621,0.000333
622,0.000315
623,0.000362
624,0.000374
625,0.000137
626,0.000135
627,5.4e-05
628,0.000101
629,0.000126
630,9.5e-05
631,0.000334
632,0.000363
633,0.000268
634,0.000384
635,0.000428
636,0.001636
637,0.003264
638,0.003417
639,0.002889
640,0.002504
641,0.00234
642,0.002295
643,8e-05
644,8.7e-05
645,8.3e-05
646,0.000336
647,0.000265
648,0.000271
649,0.000518
650,0.000716
651,0.000757
652,0.000728
653,0.001939
654,0.001958
655,0.000956
656,0.000733
657,0.000546
658,0.000622
659,0.000602
660,0.000659
661,0.000674
662,0.000679
663,0.000454
664,0.000565
665,0.002657
666,0.000161
667,0.000103
668,6.2e-05
669,0.002618
670,0.001859
671,0.002941
672,0.001843
673,0.016429
674,0.463712
675,0.772491
676,0.848133
677,0.93217
678,0.963905
679,0.96506
680,0.943891
681,0.951716
682,0.938895
683,0.91392
684,0.90534
685,0.923483
686,0.947308
687,0.95847
688,0.938151
689,0.98043
690,0.984248
691,0.984725
692,0.986559
693,0.977109
694,0.18284
695,0.030467
696,0.006808
697,0.005397
698,0.006976
699,0.00018
700,0.00018
701,0.003326
702,0.004134
703,0.000271
704,0.000196
705,0.003845
706,0.001422
707,0.76985
708,0.91308
709,0.903325
710,0.953404
711,0.951935
712,0.946516
713,0.957105
714,0.969449
715,0.943381
716,0.973437
717,0.978209
718,0.963427
719,0.964226
720,0.960191
721,0.961622
722,0.954027
723,0.983069
724,0.923853
725,0.980998
726,0.984158
727,0.984945
728,0.985864
729,0.98717
730,0.986909
731,0.985708
732,0.986301
733,0.980004
734,0.982007
735,0.976305
736,0.980567
737,0.97918
738,0.983512
739,0.982282
740,0.981403
741,0.980844
742,0.975512
743,0.978503
744,0.978999
745,0.974493
746,0.97332
747,0.972068
748,0.97867
749,0.972654
750,0.979815
751,0.957324
752,0.954678
753,0.951558
754,0.95425
755,0.945052
756,0.953036
757,0.906811
758,0.910545
759,0.91831
760,0.917507
761,0.93931
762,0.943271
763,0.932471
764,0.925324
765,0.934028
766,0.952215
767,0.959556
768,0.961971
769,0.965176
770,0.970746
771,0.969063
772,0.973957
773,0.969607
774,0.967484
775,0.968945
776,0.967852
777,0.969579
778,0.969344
779,0.973587
780,0.970971
781,0.959593
782,0.95544
783,0.954852
784,0.953234
785,0.954772
786,0.95357
787,0.953345
788,0.956442
789,0.95914
790,0.958646
791,0.965965
792,0.965611
793,0.958933
794,0.960021
795,0.954837
796,0.955139
797,0.953753
798,0.955838
799,0.953827
800,0.955498
801,0.954127
802,0.951726
803,0.949066
804,0.940283
805,0.957544
806,0.956278
807,0.95403
808,0.954584
809,0.962217
810,0.963522
811,0.963517
812,0.96202
813,0.966332
814,0.96481
815,0.974288
816,0.973523
817,0.974942
818,0.972445
819,0.97342
820,0.972656
821,0.975079
822,0.967729
823,0.964297
824,0.971182
825,0.972379
826,0.971593
827,0.972239
828,0.763648
829,0.620772
830,0.965367
831,0.970671
832,0.975483
833,0.97988
834,0.976368
835,0.976414
836,0.975318
837,0.97474
838,0.969332
839,0.96792
840,0.974326
841,0.975835
842,0.975757
843,0.975034
844,0.97532
845,0.968492
846,0.972689
847,0.972534
848,0.974452
849,0.973552
850,0.973268
851,0.97377
852,0.972016
853,0.970869
854,0.973893
855,0.969844
856,0.980326
857,0.968281
858,0.972139
859,0.970646
860,0.966251
861,0.972918
862,0.970593
863,0.970037
864,0.968997
865,0.966782
866,0.966279
867,0.966252
868,0.969764
869,0.967076
870,0.97184
871,0.969855
872,0.975795
873,0.974856
874,0.974423
875,0.97755
876,0.976725
877,0.974328
878,0.971694
879,0.975892
880,0.978954
881,0.979762
882,0.979822
883,0.975625
884,0.976606
885,0.974877
886,0.97729
887,0.976893
888,0.977173
889,0.974843
890,0.973607
891,0.973976
892,0.975787
893,0.975608
894,0.975633
895,0.977352
896,0.977829
897,0.979454
898,0.981746
899,0.978977
900,0.979018
901,0.969824
902,0.969314
903,0.9717
904,0.972385
905,0.967665
906,0.965121
907,0.967689
908,0.938909
909,0.958186
910,0.83729
911,0.951878
912,0.929333
913,0.93326
914,0.954085
915,0.971485
916,0.976023
917,0.980029
918,0.983891
919,0.983823
920,0.984382
921,0.9819
922,0.980147
923,0.980002
924,0.976295
925,0.977599
926,0.978287
927,0.981177
928,0.98104
929,0.979704
930,0.981268
931,0.981289
932,0.982387
933,0.978632
934,0.980849
935,0.977997
936,0.978231
937,0.974917
938,0.973682
939,0.974916
940,0.971973
941,0.972932
942,0.977922
943,0.976153
944,0.975458
945,0.972829
946,0.975385
947,0.977373
948,0.982381
949,0.972139
950,0.974372
951,0.975524
952,0.978184
953,0.973477
954,0.971549
955,0.974407
956,0.974708
957,0.976756
958,0.976164
959,0.971916
960,0.975835
961,0.976878
962,0.977528
963,0.967125
964,0.96576
965,0.97222
966,0.267706
967,0.000874
968,0.002032
969,0.002585
970,0.000551
971,0.000553
972,0.000465
973,0.000224
974,0.000417
975,0.000404
976,0.000425
977,0.000314
978,0.001509
979,0.001249
980,0.00112
981,0.001628
982,0.001816
983,0.001922
984,0.002015
985,0.001547
986,0.000281
987,0.001712
988,0.000439
989,0.000444
990,0.00043
991,0.000354
992,0.001315
993,0.001147
994,0.001395
995,0.001311
996,0.000992
997,0.001143
998,0.001178
999,0.000254
1000,0.000179
1001,0.000118
1002,0.000109
1003,8.1e-05
1004,6.5e-05
1005,4.7e-05
1006,0.00127
1007,4.5e-05
1008,1.6e-05
1009,1.6e-05
1010,2.3e-05
1011,3.3e-05
1012,8.6e-05
1013,4.5e-05
1014,3.1e-05
1015,4.9e-05
1016,0.109762
1017,0.747395
1018,0.875699
1019,0.95171
1020,0.938865
1021,0.963124
1022,0.961295
1023,0.983621
1024,0.97964
1025,0.98657
1026,0.989075
1027,0.983185
1028,0.986646
1029,0.977395
1030,0.975132
1031,0.979931
1032,0.982702
1033,0.991449
1034,0.990679
1035,0.989818
1036,0.989622
1037,0.990702
1038,0.987759
1039,0.98799
1040,0.988593
1041,0.988087
1042,0.98827
1043,0.988881
1044,0.990047
1045,0.989533
1046,0.982472
1047,0.990618
1048,0.992738
1049,0.992829
1050,0.993304
1051,0.993797
1052,0.993401
1053,0.992124
1054,0.988394
1055,0.989539
1056,0.987835
1057,0.99132
1058,0.987729
1059,0.983416
1060,0.983468
1061,0.984835
1062,0.973006
1063,0.028409
1064,0.001809
1065,0.001419
1066,0.000296
1067,0.00032
1068,0.000241
1069,0.000412
1070,0.00089
1071,0.000493
1072,0.000228
1073,0.000273
1074,0.000254
1075,0.000205
1076,0.000879
1077,0.000173
1078,0.001002
1079,0.000834
1080,0.001178
1081,0.002539
1082,4.4e-05
1083,0.003074
1084,0.003191
1085,0.001657
1086,0.001429
1087,0.001196
1088,0.001306
1089,0.001505
1090,0.001784
1091,0.001982
1092,0.001534
1093,0.001836
1094,0.002731
1095,0.002553
1096,0.001501
1097,0.001403
1098,0.001472
1099,0.001418
1100,0.001396
1101,0.001147
1102,0.00126
1103,0.001152
1104,0.000179
1105,0.000167
1106,0.000204
1107,0.000115
1108,0.004448
1109,0.395594
1110,0.975155
1111,0.978942
1112,0.96825
1113,0.97695
1114,0.97893
1115,0.919708
1116,0.985194
1117,0.981314
