1,0.98474
2,0.980728
3,0.983374
4,0.98597
5,0.945686
6,0.955736
7,0.93386
8,0.958124
9,0.968385
10,0.961396
11,0.936425
12,0.956201
13,0.980865
14,0.980994
15,0.98525
16,0.981308
17,0.979328
18,0.98135
19,0.987058
20,0.987875
21,0.987268
22,0.989175
23,0.989306
24,0.976843
25,0.983297
26,0.984795
27,0.979956
28,0.981809
29,0.983094
30,0.984405
31,0.986329
32,0.985369
33,0.986173
34,0.983805
35,0.98657
36,0.985448
37,0.981722
38,0.955714
39,0.936559
40,0.940604
41,0.943268
42,0.954911
43,0.940578
44,0.941465
45,0.948567
46,0.942609
47,0.963882
48,0.947976
49,0.933765
50,0.935579
51,0.921159
52,0.921691
53,0.918866
54,0.93209
55,0.922033
56,0.878503
57,0.857465
58,0.881711
59,0.869556
60,0.836117
61,0.777756
62,0.824042
63,0.781486
64,0.834761
65,0.865458
66,0.864796
67,0.811684
68,0.7793
69,0.749714
70,0.735143
71,0.742408
72,0.787862
73,0.669048
74,0.679178
75,0.676959
76,0.716535
77,0.761965
78,0.740959
79,0.479954
80,0.57094
81,0.544167
82,0.394886
83,0.709269
84,0.684748
85,0.620161
86,0.616669
87,0.622571
88,0.609419
89,0.548042
90,0.493542
91,0.638794
92,0.626202
93,0.610025
94,0.622604
95,0.581795
96,0.558758
97,0.642045
98,0.660088
99,0.624867
100,0.60757
101,0.646783
102,0.697988
103,0.728106
104,0.508528
105,0.746386
106,0.590372
107,0.782488
108,0.761316
109,0.767988
110,0.7925
111,0.758555
112,0.776118
113,0.780731
114,0.772623
115,0.782294
116,0.788559
117,0.789164
118,0.789318
119,0.766782
120,0.84716
121,0.819498
122,0.859082
123,0.77037
124,0.532847
125,0.435023
126,0.84671
127,0.705188
128,0.927526
129,0.955324
130,0.963369
131,0.957906
132,0.956304
133,0.962721
134,0.965153
135,0.960005
136,0.961711
137,0.963029
138,0.960498
139,0.961031
140,0.965682
141,0.969431
142,0.967743
143,0.969207
144,0.971221
145,0.978807
146,0.975151
147,0.980058
148,0.979917
149,0.98206
150,0.985333
151,0.983269
152,0.980829
153,0.981188
154,0.977311
155,0.969602
156,0.978225
157,0.982657
158,0.984763
159,0.989081
160,0.987076
161,0.985817
162,0.985057
163,0.985322
164,0.986785
165,0.988233
166,0.988243
167,0.987419
168,0.986471
169,0.984537
170,0.984639
171,0.986102
172,0.985804
173,0.98583
174,0.985332
175,0.985032
176,0.985382
177,0.986353
178,0.987391
179,0.988838
180,0.986323
181,0.979931
182,0.976375
183,0.974814
184,0.975393
185,0.975115
186,0.9784
187,0.984694
188,0.987491
189,0.987884
190,0.987914
191,0.985097
192,0.982646
193,0.974189
194,0.962102
195,0.959939
196,0.948376
197,0.923283
198,0.942858
199,0.957559
200,0.954783
201,0.954107
202,0.95793
203,0.953167
204,0.958584
205,0.952839
206,0.958564
207,0.959489
208,0.96258
209,0.949168
210,0.952551
211,0.947061
212,0.949695
213,0.943952
214,0.959635
215,0.926743
216,0.930818
217,0.918787
218,0.917819
219,0.916291
220,0.931662
221,0.928617
222,0.925644
223,0.923797
224,0.926086
225,0.919308
226,0.91528
227,0.909227
228,0.899181
229,0.895801
230,0.903954
231,0.900046
232,0.904916
233,0.878907
234,0.897688
235,0.894448
236,0.880924
237,0.881563
238,0.874592
239,0.892017
240,0.879135
241,0.90142
242,0.905478
243,0.903875
244,0.897868
245,0.88851
246,0.887985
247,0.915899
248,0.912259
249,0.898324
250,0.896392
251,0.896058
252,0.881771
253,0.840736
254,0.887897
255,0.896352
256,0.897063
257,0.866217
258,0.850057
259,0.916765
260,0.878363
261,0.593983
262,0.000863
263,0.000113
264,0.000157
265,3e-05
266,4.3e-05
267,4.1e-05
268,5.9e-05
269,0.000292
270,8e-06
271,2.1e-05
272,1.8e-05
273,7e-06
274,6e-06
275,8e-06
276,5e-06
277,9e-06
278,1.4e-05
279,1.2e-05
280,1.3e-05
281,1.2e-05
282,1.1e-05
283,6e-06
284,1.2e-05
285,9e-06
286,8e-06
287,0.0004
288,1.1e-05
289,0.000383
290,0.000821
291,0.000738
292,0.000829
293,0.000564
294,0.002523
295,0.005025
296,0.007066
297,0.001027
298,0.000622
299,0.000913
300,0.000637
301,0.000524
302,0.0005
303,0.000206
304,0.006033
305,0.601827
306,0.880312
307,0.860371
308,0.911679
309,0.854697
310,0.946537
311,0.945005
312,0.949689
313,0.960051
314,0.962049
315,0.969705
316,0.972255
317,0.977578
318,0.954637
319,0.959488
320,0.956755
321,0.968834
322,0.96244
323,0.969714
324,0.973303
325,0.971798
326,0.971473
327,0.967356
328,0.962135
329,0.963968
330,0.960777
331,0.956779
332,0.954815
333,0.968398
334,0.96716
335,0.963285
336,0.968426
337,0.969864
338,0.968809
339,0.967341
340,0.971241
341,0.970255
342,0.966791
343,0.962441
344,0.964929
345,0.962373
346,0.958342
347,0.954536
348,0.956994
349,0.933272
350,0.928199
351,0.924623
352,0.93061
353,0.932741
354,0.933877
355,0.937668
356,0.940353
357,0.944514
358,0.945484
359,0.943769
360,0.94455
361,0.945495
362,0.949205
363,0.9481
364,0.943458
365,0.330576
366,0.000295
367,0.000353
368,0.000136
369,0.000299
370,0.000384
371,0.0004
372,0.000502
373,8.1e-05
374,0.000212
375,0.000207
376,0.000159
377,0.000363
378,0.000322
379,0.000297
380,0.000414
381,0.000408
382,0.000511
383,0.00069
384,0.000898
385,0.000854
386,0.002214
387,0.345599
388,0.786288
389,0.923014
390,0.952367
391,0.925423
392,0.969449
393,0.975566
394,0.978169
395,0.959494
396,0.954739
397,0.963091
398,0.956546
399,0.950078
400,0.958821
401,0.959745
402,0.970646
403,0.975031
404,0.948399
405,0.965458
406,0.95893
407,0.971363
408,0.984755
409,0.991256
410,0.991559
411,0.990841
412,0.991769
413,0.993337
414,0.994594
415,0.993171
416,0.995414
417,0.995501
418,0.995005
419,0.994894
420,0.995201
421,0.993861
422,0.994126
423,0.994182
424,0.993404
425,0.992928
426,0.994617
427,0.995423
428,0.995943
429,0.996348
430,0.996624
431,0.99628
432,0.996228
433,0.994359
434,0.994484
435,0.994452
436,0.994747
437,0.994926
438,0.996725
439,0.996674
440,0.996957
441,0.995547
442,0.995058
443,0.989064
444,0.988786
445,0.996269
446,0.990273
447,0.988534
448,0.99519
449,0.993689
450,0.990947
451,0.985472
452,0.711334
453,0.051351
454,0.000666
455,0.002045
456,0.001543
457,0.00117
458,0.003033
459,0.000206
460,0.000472
461,0.000539
462,0.000601
463,0.000572
464,0.000392
465,0.000258
466,0.000175
467,0.000186
468,0.000188
469,0.00383
470,0.005772
471,0.004512
472,0.003101
473,0.002043
474,0.001432
475,0.001273
476,0.001752
477,0.001978
478,0.001614
479,0.000809
480,0.0009
481,0.00091
482,0.01811
483,0.94659
484,0.965635
485,0.965125
486,0.928999
487,0.979692
488,0.943784
489,0.956124
490,0.934042
491,0.944339
492,0.936701
493,0.957202
494,0.98253
495,0.987979
496,0.987073
497,0.98493
498,0.969454
499,0.953501
500,0.949871
501,0.967499
502,0.974516
503,0.976368
504,0.986164
505,0.135354
506,0.007462
507,0.000292
508,0.000626
509,1.6e-05
510,0.000326
511,0.00038
512,1.4e-05
513,3.5e-05
514,2e-05
515,5.2e-05
516,0.000614
517,0.000803
518,0.000665
519,0.000821
520,0.000938
521,0.00086
522,0.000745
523,0.000789
524,0.000774
525,0.000744
526,0.000836
527,0.000593
528,0.000447
529,0.000277
530,0.000207
531,5e-05
532,0.057563
533,0.814988
534,0.951531
535,0.973326
536,0.98197
537,0.98682
538,0.955447
539,0.959121
540,0.951407
541,0.953881
542,0.944265
543,0.933382
544,0.966163
545,0.952154
546,0.917377
547,0.973763
548,0.387606
549,0.901777
550,0.309041
551,0.954784
552,0.959622
553,0.972398
554,0.973335
555,0.975242
556,0.965311
557,0.952542
558,0.948234
559,0.938984
560,0.800416
561,0.000134
562,1.6e-05
563,0.000481
564,0.000394
565,4.5e-05
566,4.6e-05
567,7.6e-05
568,0.000153
569,0.000241
570,0.000498
571,0.000612
572,0.000771
573,0.000427
574,0.000391
575,0.000538
576,0.000717
577,0.001223
578,0.001538
579,0.001747
580,0.002012
581,0.002409
582,0.002768
583,0.002167
584,0.001929
585,0.001478
586,0.001179
587,0.000712
588,0.000427
589,0.006604
590,0.488619
591,0.853115
592,0.868884
593,0.753623
594,0.858279
595,0.880091
596,0.906247
597,0.926114
598,0.923776
599,0.937672
600,0.914371
601,0.896355
602,0.894467
603,0.937282
604,0.938054
605,0.91619
606,0.925434
607,0.923393
608,0.928283
609,0.899246
610,0.910502
611,0.878432
612,0.869037
613,0.913234
614,0.918578
615,0.93534
616,0.91186
617,0.924679
618,0.924047
619,0.937773
620,0.926171
621,0.938143
622,0.92417
623,0.939577
624,0.954931
625,0.943643
626,0.961386
627,0.96114
628,0.960591
629,0.958018
630,0.957698
631,0.9704
632,0.965013
633,0.970392
634,0.971585
635,0.975266
636,0.97751
637,0.985617
638,0.984283
639,0.968114
640,0.958293
641,0.973195
642,0.974745
643,0.975373
644,0.974929
645,0.981229
646,0.982223
647,0.983859
648,0.985355
649,0.98844
650,0.987455
651,0.982663
652,0.984084
653,0.981889
654,0.892428
655,0.049933
656,0.001767
657,0.000943
658,0.00083
659,0.001119
660,0.000462
661,0.013601
662,0.718503
663,0.70173
664,0.860688
665,0.924186
666,0.906223
667,0.909966
668,0.905946
669,0.934541
670,0.95747
671,0.369844
672,0.006035
673,0.000465
674,0.003715
675,0.003003
676,0.000179
677,5.5e-05
678,5.1e-05
679,7e-05
680,0.000967
681,0.001088
682,0.001336
683,0.000665
684,0.001703
685,0.000812
686,0.001237
687,0.001192
688,0.001497
689,0.006071
690,0.313352
691,0.933686
692,0.952622
693,0.910033
694,0.912413
695,0.887989
696,0.766843
697,0.513147
698,0.646438
699,0.555628
700,0.693897
701,0.693682
702,0.669427
703,0.963401
704,0.987521
705,0.981937
706,0.985307
707,0.986548
708,0.985539
709,0.991536
710,0.991715
711,0.990341
712,0.989235
713,0.988942
714,0.986953
715,0.507511
716,0.534978
717,0.442934
718,0.457342
719,0.716504
720,0.586854
721,0.629098
722,0.613244
723,0.603296
724,0.415662
725,0.3777
726,0.431759
727,0.32766
728,0.384733
729,0.346958
730,0.387166
731,0.279992
732,0.213584
733,0.172711
734,0.830434
735,0.965982
736,0.971152
737,0.908643
738,0.922044
739,0.795608
740,0.855675
741,0.954975
742,0.953246
743,0.947781
744,0.949265
745,0.96211
746,0.947316
747,0.916467
748,0.845965
749,0.832367
750,0.741476
751,0.708002
752,0.723712
753,0.791886
754,0.895365
755,0.887547
756,0.879447
757,0.888177
758,0.859813
759,0.868587
760,0.839018
761,0.819646
762,0.822234
763,0.82615
764,0.870231
765,0.929276
766,0.909963
767,0.750121
768,0.915056
769,0.82743
770,0.882318
771,0.859591
772,0.864884
773,0.840498
774,0.848154
775,0.809119
776,0.783468
777,0.767074
778,0.761374
779,0.759409
780,0.82425
781,0.90858
782,0.896429
783,0.894135
784,0.896589
785,0.898177
786,0.905731
787,0.900292
788,0.918337
789,0.912394
790,0.919435
791,0.925306
792,0.924208
793,0.934625
794,0.923117
795,0.90014
796,0.889688
797,0.880228
798,0.909544
799,0.927761
800,0.932768
801,0.95207
802,0.938498
803,0.94324
804,0.945467
805,0.959565
806,0.95818
807,0.947624
808,0.101272
809,0.000523
810,0.001101
811,0.000607
812,0.002043
813,0.000871
814,0.000728
815,0.000744
816,0.000349
817,0.000223
818,0.000163
819,0.000142
820,9.9e-05
821,0.000108
822,0.000105
823,0.000162
824,0.000352
825,0.01808
826,0.379408
827,0.953187
828,0.762537
829,0.916489
830,0.890699
831,0.937702
832,0.944925
833,0.951532
834,0.951974
835,0.954813
836,0.958488
837,0.960946
838,0.950654
839,0.954434
840,0.942492
841,0.959608
842,0.960092
843,0.954164
844,0.807793
845,0.554546
846,0.588763
847,0.856052
848,0.802049
849,0.895273
850,0.892125
851,0.90014
852,0.956935
853,0.980569
854,0.986173
855,0.983401
856,0.981295
857,0.993676
858,0.985259
859,0.978377
860,0.977579
861,0.978714
862,0.980255
863,0.987453
864,0.990118
865,0.989071
866,0.993917
867,0.996194
868,0.992774
869,0.99595
870,0.988854
871,0.980033
872,0.981727
873,0.121732
874,0.000289
875,0.000376
876,0.002494
877,0.001674
878,0.000162
879,0.001272
880,0.001946
881,0.000707
882,0.001084
883,0.002194
884,0.00139
885,0.00126
886,0.001512
887,0.001669
888,0.000481
889,0.00056
890,0.000777
891,0.000634
892,0.000227
893,0.000154
894,0.000239
895,0.00238
896,0.002944
897,0.048479
898,0.649863
899,0.981006
900,0.934139
901,0.969385
902,0.987252
903,0.991534
904,0.988523
905,0.98658
906,0.986037
907,0.985821
908,0.990303
909,0.985423
910,0.984225
911,0.985391
912,0.985626
913,0.983732
914,0.983544
915,0.983704
916,0.983787
917,0.986214
918,0.986185
919,0.98649
920,0.986
921,0.985586
922,0.983694
923,0.971558
924,0.975113
925,0.976034
926,0.992299
927,0.984232
928,0.339041
929,0.017946
930,0.000655
931,0.000404
932,0.000687
933,0.00149
934,0.447362
935,0.968103
936,0.949877
937,0.976376
938,0.979725
939,0.978709
940,0.969426
941,0.952004
942,0.955279
943,0.954323
944,0.950338
945,0.951686
946,0.952087
947,0.95638
948,0.961613
949,0.957368
950,0.952948
951,0.945519
952,0.971954
953,0.938539
954,0.955516
955,0.961188
956,0.964403
957,0.964284
958,0.964694
959,0.971921
960,0.93635
961,0.04972
962,0.000372
963,0.000698
964,0.000221
965,0.000122
966,0.000809
967,0.000461
968,8.9e-05
969,8.2e-05
970,0.000185
971,0.00044
972,0.000743
973,0.000857
974,0.000939
975,0.000942
976,0.00108
977,0.000961
978,0.000958
979,0.000988
980,0.000938
981,0.001167
982,0.00075
983,1e-05
984,1e-05
985,1e-05
986,1.2e-05
987,1.5e-05
988,1.6e-05
989,1.3e-05
990,1.9e-05
991,1.6e-05
992,1.6e-05
993,1.5e-05
994,1.7e-05
995,1.6e-05
996,1.6e-05
997,1.7e-05
998,1.5e-05
999,1.2e-05
1000,7e-06
1001,5e-06
1002,0.000972
1003,0.000811
1004,7e-06
1005,0.000853
1006,8e-06
1007,1.7e-05
1008,3.4e-05
1009,4.8e-05
1010,4.8e-05
1011,0.000114
1012,8.7e-05
1013,9.4e-05
1014,0.0001
1015,0.000103
1016,0.00013
1017,9e-05
1018,0.014019
1019,0.620555
1020,0.84378
1021,0.923692
1022,0.951052
1023,0.882171
1024,0.854257
1025,0.911566
1026,0.919005
1027,0.885068
1028,0.925745
1029,0.916286
1030,0.915597
1031,0.908609
1032,0.916534
1033,0.93788
1034,0.980412
1035,0.97457
1036,0.982113
1037,0.981111
1038,0.979325
1039,0.984363
1040,0.911146
1041,0.003393
1042,0.000189
1043,0.000224
1044,0.000258
1045,0.000236
1046,0.00045
1047,0.000566
1048,0.000613
1049,0.000792
1050,0.00182
1051,0.001511
1052,0.00111
1053,0.001095
1054,0.001055
1055,0.000818
1056,0.019678
1057,0.883591
1058,0.95884
1059,0.979844
1060,0.975249
1061,0.978924
1062,0.976997
1063,0.935625
1064,0.933552
1065,0.875309
1066,0.748419
1067,0.22072
1068,0.117287
1069,0.007673
1070,0.001314
1071,0.001436
1072,0.001066
1073,0.001494
1074,0.00265
1075,0.001889
1076,5.3e-05
1077,6e-05
1078,7.7e-05
1079,5.5e-05
1080,6.2e-05
1081,6.8e-05
1082,6.9e-05
1083,7.7e-05
1084,7.7e-05
1085,6.8e-05
1086,6.5e-05
1087,7.9e-05
1088,7.6e-05
1089,7.9e-05
1090,0.00012
1091,0.000105
1092,8.9e-05
1093,0.000106
1094,7.7e-05
1095,9e-05
1096,0.000263
1097,8.3e-05
1098,0.000153
1099,0.044568
1100,0.783695
1101,0.921271
1102,0.970327
1103,0.974404
1104,0.976505
1105,0.981759
1106,0.987039
1107,0.987178
1108,0.980703
1109,0.982704
1110,0.978421
1111,0.940296
1112,0.935144
1113,0.968219
1114,0.977192
1115,0.981511
1116,0.97181
1117,0.983648
1118,0.983633
1119,0.982434
1120,0.984476
1121,0.983624
1122,0.983514
1123,0.9861
1124,0.981091
1125,0.98353
1126,0.981701
1127,0.9796
1128,0.985171
1129,0.984985
1130,0.983794
1131,0.983591
1132,0.984236
1133,0.983548
1134,0.985516
1135,0.988026
1136,0.990978
1137,0.991174
1138,0.989254
1139,0.991112
1140,0.991871
1141,0.988023
1142,0.989078
1143,0.990629
1144,0.99153
1145,0.992262
1146,0.992218
1147,0.991071
1148,0.988127
1149,0.991655
1150,0.990097
1151,0.991953
1152,0.991788
1153,0.991391
1154,0.992521
1155,0.991942
1156,0.991925
1157,0.990215
1158,0.993008
1159,0.98954
1160,0.990436
1161,0.346427
1162,0.00073
1163,0.000447
1164,0.000269
1165,1.4e-05
1166,2.2e-05
1167,3.5e-05
1168,0.000239
1169,0.000217
1170,0.000128
1171,0.000126
1172,8.9e-05
1173,9.9e-05
1174,0.000117
1175,0.000117
1176,0.000157
1177,0.000208
1178,0.000184
1179,0.000239
1180,0.000323
1181,5.9e-05
1182,4.7e-05
1183,6.7e-05
1184,0.000102
1185,0.000115
1186,0.00066
1187,0.000699
1188,0.000658
1189,0.000717
1190,0.000457
1191,0.00037
1192,0.000594
1193,0.000572
1194,0.000671
1195,0.000744
1196,0.000541
1197,0.000597
1198,0.000504
1199,0.000892
1200,0.000942
1201,0.000748
1202,0.00079
1203,0.000711
1204,0.000701
1205,0.00068
1206,0.000674
1207,0.000721
1208,0.000813
1209,0.000956
1210,0.001181
1211,0.001452
1212,0.001555
1213,0.001164
1214,0.001197
1215,0.001636
1216,0.001576
1217,0.001183
1218,0.001106
1219,0.001199
1220,0.001145
1221,0.000977
1222,0.000766
1223,0.001297
1224,0.00108
1225,0.001969
1226,0.001884
1227,0.000568
1228,0.000551
1229,0.001154
1230,0.001228
1231,0.000409
1232,0.000374
1233,0.000346
1234,0.000239
1235,0.000161
1236,0.034243
1237,0.811743
1238,0.860136
1239,0.953125
1240,0.959244
1241,0.928069
1242,0.833549
1243,0.283009
1244,0.001074
1245,0.00031
1246,0.00014
1247,0.000192
1248,0.000206
1249,0.000119
1250,0.000194
1251,0.000162
1252,0.000813
1253,0.00064
1254,0.0007
1255,0.010691
1256,0.456104
1257,0.88344
1258,0.915182
1259,0.783165
1260,0.947815
1261,0.954681
1262,0.946177
1263,0.949866
1264,0.937384
1265,0.015659
1266,0.000809
1267,0.000918
1268,0.000462
1269,0.000249
1270,0.00032
1271,0.00041
1272,0.001176
1273,0.000487
1274,0.000177
1275,0.000884
1276,0.00028
1277,0.000311
1278,0.000234
1279,0.000235
1280,0.000379
1281,0.000227
1282,0.000302
1283,0.004885
1284,0.004892
1285,0.000283
1286,0.00028
1287,0.000241
1288,0.000215
1289,0.000207
1290,0.000204
1291,0.000179
1292,0.000209
1293,0.000165
1294,0.000188
1295,0.000199
1296,0.000195
1297,0.000264
1298,0.000312
1299,0.00026
1300,0.000142
1301,0.000116
1302,0.000124
1303,0.000156
1304,0.000127
1305,0.000124
1306,0.000145
1307,0.000142
1308,0.000107
1309,0.000163
1310,0.000158
1311,0.001023
1312,0.001137
1313,0.000933
1314,0.000628
1315,0.000624
1316,0.000779
1317,0.001339
1318,0.001755
1319,0.001188
1320,0.000922
1321,0.000548
1322,0.000779
1323,0.000992
1324,0.00059
1325,0.000572
1326,0.000664
1327,0.002984
1328,0.002624
1329,0.001897
1330,0.002646
1331,0.00129
1332,0.00137
1333,0.001093
1334,0.001208
1335,0.001088
1336,0.001282
1337,0.001574
1338,0.001606
1339,0.001233
1340,0.005312
1341,0.367082
1342,0.740346
1343,0.836865
1344,0.778056
1345,0.941056
1346,0.979822
1347,0.966041
1348,0.975707
1349,0.930122
1350,0.012128
1351,0.000204
1352,0.000182
1353,0.001038
1354,0.000161
1355,0.000106
1356,0.000135
1357,0.000138
1358,0.000192
1359,0.000224
1360,0.000166
1361,0.000208
1362,0.000575
1363,0.000786
1364,0.000659
1365,0.000521
1366,0.000458
1367,0.000435
1368,0.000462
1369,0.000629
1370,0.000845
1371,0.000815
1372,0.000926
1373,0.001411
1374,0.083132
1375,0.82843
1376,0.929801
1377,0.960407
1378,0.977405
1379,0.987627
1380,0.891368
1381,0.723976
1382,0.527713
1383,0.619838
1384,0.121127
1385,0.006284
1386,0.000483
1387,0.000269
1388,0.000195
1389,0.000373
1390,0.000813
1391,0.01122
1392,0.640164
1393,0.958847
1394,0.795362
1395,0.433995
1396,0.514245
1397,0.500754
1398,0.089008
1399,0.873885
1400,0.910846
1401,0.913505
1402,0.770036
1403,0.969132
1404,0.939408
1405,0.968612
1406,0.951905
1407,0.957298
1408,0.962571
1409,0.977996
1410,0.985614
1411,0.986945
1412,0.976845
1413,0.982687
1414,0.985565
1415,0.98828
1416,0.988942
1417,0.991963
1418,0.99319
1419,0.991337
1420,0.987026
1421,0.990046
1422,0.992634
1423,0.992809
1424,0.991173
1425,0.989143
1426,0.986703
1427,0.99025
1428,0.990238
1429,0.988015
1430,0.989425
1431,0.986678
1432,0.965558
1433,0.967125
1434,0.980633
1435,0.96074
1436,0.938715
1437,0.928279
1438,0.939308
1439,0.970356
1440,0.954239
1441,0.985283
1442,0.984374
1443,0.983957
1444,0.977988
1445,0.975189
1446,0.972937
1447,0.962186
1448,0.957457
1449,0.95146
1450,0.931388
1451,0.938396
1452,0.924948
1453,0.947434
1454,0.91157
1455,0.967903
1456,0.970758
1457,0.973829
1458,0.968516
1459,0.969803
1460,0.972145
1461,0.973038
1462,0.970247
1463,0.959395
1464,0.949912
1465,0.944571
1466,0.94048
1467,0.948747
1468,0.942128
1469,0.917128
1470,0.914476
1471,0.910189
1472,0.900124
1473,0.919805
1474,0.917612
1475,0.910806
1476,0.908217
1477,0.9065
1478,0.905943
1479,0.911715
1480,0.93384
1481,0.92851
1482,0.942873
1483,0.940898
1484,0.946417
1485,0.944004
1486,0.954244
1487,0.943065
1488,0.945286
1489,0.946811
1490,0.949076
1491,0.944263
1492,0.933327
1493,0.932368
1494,0.866763
1495,0.868158
1496,0.836386
1497,0.866061
1498,0.800736
1499,0.858088
1500,0.859591
1501,0.877686
1502,0.934261
1503,0.883608
1504,0.888522
1505,0.885895
1506,0.89606
1507,0.915722
1508,0.947896
1509,0.955047
1510,0.953563
1511,0.955442
1512,0.963138
1513,0.96035
1514,0.943843
1515,0.961057
1516,0.958502
1517,0.960867
1518,0.971183
1519,0.982302
1520,0.981995
1521,0.98263
1522,0.98356
1523,0.986058
1524,0.985233
1525,0.983619
1526,0.987603
1527,0.987688
1528,0.987941
1529,0.992839
1530,0.991926
1531,0.992062
1532,0.988936
1533,0.989859
1534,0.990993
1535,0.994017
1536,0.99329
1537,0.993399
1538,0.993506
1539,0.995261
1540,0.995274
1541,0.992522
1542,0.974251
1543,0.986938
1544,0.979672
1545,0.974885
1546,0.936626
1547,0.961295
1548,0.979126
1549,0.992842
1550,0.988586
1551,0.986798
1552,0.985746
1553,0.9842
1554,0.987015
1555,0.979924
1556,0.970615
1557,0.975393
1558,0.978211
1559,0.980749
1560,0.984129
1561,0.98279
1562,0.982846
1563,0.980334
1564,0.980311
1565,0.983069
1566,0.983345
1567,0.98555
1568,0.988783
1569,0.984008
1570,0.984028
1571,0.986152
1572,0.986684
1573,0.979426
1574,0.983455
1575,0.98408
1576,0.97317
1577,0.969629
1578,0.982964
1579,0.972444
1580,0.988285
1581,0.98992
1582,0.988484
1583,0.989414
1584,0.9855
1585,0.975396
1586,0.986452
1587,0.979549
1588,0.985592
1589,0.986394
1590,0.986108
1591,0.987744
1592,0.990948
1593,0.990619
1594,0.991498
1595,0.993905
1596,0.991816
1597,0.989808
1598,0.993135
1599,0.9926
1600,0.993726
1601,0.993479
1602,0.990151
1603,0.992208
1604,0.992512
1605,0.991211
1606,0.990605
1607,0.992208
1608,0.991823
1609,0.994686
1610,0.9943
1611,0.995075
1612,0.994903
1613,0.995317
1614,0.995523
1615,0.995462
1616,0.995598
1617,0.995328
1618,0.995324
1619,0.99631
1620,0.995927
1621,0.996235
1622,0.996882
1623,0.996099
1624,0.995767
1625,0.996483
1626,0.996812
1627,0.996489
1628,0.997343
1629,0.997497
1630,0.997214
1631,0.997281
1632,0.997595
1633,0.997204
1634,0.997036
1635,0.997099
1636,0.997451
