1,0.974397
2,0.981798
3,0.985706
4,0.983835
5,0.985194
6,0.988111
7,0.991313
8,0.990642
9,0.992111
10,0.994315
11,0.990363
12,0.983841
13,0.981108
14,0.982476
15,0.981352
16,0.987324
17,0.98817
18,0.987758
19,0.990915
20,0.991591
21,0.992172
22,0.99408
23,0.993865
24,0.993631
25,0.994759
26,0.99418
27,0.994974
28,0.996382
29,0.996733
30,0.984632
31,0.995854
32,0.98042
33,0.978905
34,0.982065
35,0.981247
36,0.977616
37,0.980422
38,0.980809
39,0.984693
40,0.981899
41,0.978902
42,0.979207
43,0.982094
44,0.994032
45,0.987848
46,0.989281
47,0.975499
48,0.975923
49,0.907631
50,0.196514
51,0.046173
52,0.008145
53,0.004883
54,0.002205
55,0.003196
56,0.001724
57,0.004567
58,0.00567
59,0.001154
60,0.002615
61,0.002624
62,0.003041
63,0.0027
64,0.00288
65,0.00252
66,0.002955
67,0.002035
68,0.002074
69,0.001807
70,0.003362
71,0.016456
72,0.1834
73,0.413904
74,0.213438
75,0.564863
76,0.711711
77,0.340395
78,0.401876
79,0.224901
80,0.219715
81,0.315689
82,0.379693
83,0.31188
84,0.533549
85,0.450132
86,0.372195
87,0.315732
88,0.31979
89,0.259707
90,0.280814
91,0.338572
92,0.297861
93,0.309844
94,0.294945
95,0.28205
96,0.328055
97,0.277795
98,0.038565
99,0.012506
100,0.011355
101,0.005667
102,0.003583
103,0.009505
104,0.003768
105,0.011283
106,0.011617
107,0.002528
108,0.002548
109,0.001653
110,0.00154
111,0.001216
112,0.001146
113,0.001076
114,0.001379
115,0.001093
116,0.001391
117,0.001693
118,0.001647
119,0.005839
120,0.006112
121,0.004584
122,0.005182
123,0.000954
124,0.001187
125,0.000998
126,0.001199
127,0.050794
128,0.341009
129,0.920606
130,0.914154
131,0.94276
132,0.984268
133,0.956092
134,0.945314
135,0.961938
136,0.247399
137,0.024484
138,0.007983
139,0.005426
140,0.005395
141,0.004841
142,0.00714
143,0.008312
144,0.006272
145,0.005332
146,0.014432
147,0.004422
148,0.004333
149,0.004514
150,0.003405
151,0.003793
152,0.003509
153,0.002964
154,0.002211
155,0.001729
156,0.001992
157,0.003884
158,0.103836
159,0.844674
160,0.996635
161,0.997765
162,0.995956
163,0.994493
164,0.993624
165,0.994104
166,0.993459
167,0.991362
168,0.991923
169,0.992232
170,0.991167
171,0.992609
172,0.992642
173,0.992202
174,0.994481
175,0.996108
176,0.9963
177,0.986149
178,0.337205
179,0.021114
180,0.007627
181,0.003063
182,0.003557
183,0.002675
184,0.003481
185,0.008472
186,0.01012
187,0.0089
188,0.007392
189,0.005999
190,0.011837
191,0.12189
192,0.808671
193,0.967755
194,0.976561
195,0.98217
196,0.983073
197,0.976364
198,0.988713
199,0.986292
200,0.986295
201,0.98401
202,0.981781
203,0.988966
204,0.990416
205,0.988935
206,0.989362
207,0.991665
208,0.989009
209,0.985952
210,0.991204
211,0.987545
212,0.987809
213,0.990345
214,0.98651
215,0.992201
216,0.992789
217,0.987923
218,0.99095
219,0.912372
220,0.965817
221,0.986463
222,0.98751
223,0.981149
224,0.980528
225,0.972997
226,0.970429
227,0.963191
228,0.973114
229,0.926545
230,0.944501
231,0.167929
232,0.010252
233,0.005868
234,0.005579
235,0.012683
236,0.003475
237,0.003236
238,0.003571
239,0.003873
240,0.00376
241,0.002179
242,0.002363
243,0.002578
244,0.008544
245,0.00744
246,0.008029
247,0.009163
248,0.008581
249,0.009284
250,0.007363
251,0.006479
252,0.00695
253,0.007337
254,0.007725
255,0.007448
256,0.007099
257,0.008604
258,0.010356
259,0.011841
260,0.011254
261,0.011
262,0.010511
263,0.006402
264,0.012407
265,0.156576
266,0.645627
267,0.933699
268,0.944773
269,0.655015
270,0.772111
271,0.727629
272,0.671586
273,0.021595
274,0.014218
275,0.005089
276,0.002119
277,0.007105
278,0.007527
279,0.007233
280,0.005607
281,0.005279
282,0.006848
283,0.005211
284,0.004632
285,0.004432
286,0.005253
287,0.00394
288,0.004054
289,0.004158
290,0.002489
291,0.002837
292,0.002405
293,0.001442
294,0.002065
295,0.001651
296,0.001944
297,0.002572
298,0.002855
299,0.001866
300,0.002225
301,0.009184
302,0.015144
303,0.193035
304,0.902272
305,0.974501
306,0.990058
307,0.990647
308,0.990167
309,0.973861
310,0.989183
311,0.981712
312,0.980885
313,0.980522
314,0.992669
315,0.613329
316,0.026984
317,0.006967
318,0.008197
319,0.011778
320,0.01195
321,0.005231
322,0.006448
323,0.004911
324,0.004741
325,0.00546
326,0.004628
327,0.004442
328,0.004174
329,0.004757
330,0.003646
331,0.00436
332,0.00412
333,0.006075
334,0.005487
335,0.005779
336,0.005725
337,0.006203
338,0.007413
339,0.007637
340,0.006823
341,0.005911
342,0.00614
343,0.005846
344,0.005713
345,0.005385
346,0.00467
347,0.003699
348,0.003103
349,0.003595
350,0.003587
351,0.003499
352,0.00403
353,0.003791
354,0.003835
355,0.003687
356,0.003758
357,0.004016
358,0.00294
359,0.003044
360,0.003434
361,0.00559
362,0.005947
363,0.005925
364,0.005798
365,0.00648
366,0.006106
367,0.006232
368,0.006218
369,0.005134
370,0.006298
371,0.005166
372,0.001297
373,0.001889
374,0.002636
375,0.0064
376,0.100178
377,0.578341
378,0.962212
379,0.982871
380,0.975915
381,0.975872
382,0.945521
383,0.141431
384,0.01824
385,0.009978
386,0.004288
387,0.006774
388,0.0044
389,0.002239
390,0.002369
391,0.002319
392,0.00305
393,0.002531
394,0.005687
395,0.006555
396,0.007442
397,0.010339
398,0.010831
399,0.011167
400,0.011115
401,0.009093
402,0.009304
403,0.009868
404,0.011174
405,0.010819
406,0.00986
407,0.009172
408,0.008917
409,0.005662
410,0.006232
411,0.00545
412,0.007834
413,0.021854
414,0.588883
415,0.990972
416,0.992779
417,0.99168
418,0.984989
419,0.987113
420,0.991545
421,0.993087
422,0.988132
423,0.265235
424,0.03207
425,0.004006
426,0.007267
427,0.003725
428,0.002496
429,0.003915
430,0.003108
431,0.00306
432,0.003363
433,0.00226
434,0.003024
435,0.002404
436,0.001873
437,0.001787
438,0.00157
439,0.001871
440,0.002008
441,0.002738
442,0.002656
443,0.00496
444,0.004434
445,0.002849
446,0.002892
447,0.003997
448,0.003165
449,0.003107
450,0.002608
451,0.001994
452,0.00204
453,0.001546
454,0.001807
455,0.010497
456,0.012729
457,0.017444
458,0.018386
459,0.017823
460,0.020448
461,0.020549
462,0.016172
463,0.00895
464,0.007611
465,0.008532
466,0.001648
467,0.001191
468,0.002006
469,0.004721
470,0.006411
471,0.006037
472,0.007304
473,0.006354
474,0.006241
475,0.006898
476,0.007768
477,0.007537
478,0.007654
479,0.005619
480,0.006193
481,0.005515
482,0.002036
483,0.003057
484,0.002321
485,0.001936
486,0.002802
487,0.0017
488,0.016803
489,0.013145
490,0.013821
491,0.011195
492,0.017437
493,0.015649
494,0.015588
495,0.015024
496,0.014808
497,0.011406
498,0.011528
499,0.014845
500,0.013199
501,0.010527
502,0.009824
503,0.009075
504,0.00666
505,0.012121
506,0.011609
507,0.011266
508,0.01346
509,0.013936
510,0.030139
511,0.002731
512,0.002372
513,0.002333
514,0.002283
515,0.002835
516,0.006943
517,0.004889
518,0.006022
519,0.005086
520,0.004668
521,0.009518
522,0.033528
523,0.910393
524,0.988475
525,0.98894
526,0.978836
527,0.980753
528,0.982389
529,0.981056
530,0.984862
531,0.991362
532,0.990109
533,0.989895
534,0.891356
535,0.031377
536,0.012966
537,0.007447
538,0.004129
539,0.008545
540,0.008738
541,0.009321
542,0.009481
543,0.007534
544,0.006979
545,0.006715
546,0.003866
547,0.003641
548,0.002534
549,0.00266
550,0.002551
551,0.002483
552,0.002548
553,0.004701
554,0.00391
555,0.004053
556,0.004781
557,0.005189
558,0.004423
559,0.012658
560,0.005676
561,0.011665
562,0.141214
563,0.734364
564,0.711066
565,0.796058
566,0.926897
567,0.945021
568,0.941068
569,0.951282
570,0.933864
571,0.228049
572,0.020114
573,0.023041
574,0.010256
575,0.011413
576,0.006579
577,0.009251
578,0.007545
579,0.005872
580,0.007151
581,0.007453
582,0.007667
583,0.00493
584,0.004689
585,0.004971
586,0.017275
587,0.005033
588,0.004659
589,0.005169
590,0.005388
591,0.005557
592,0.01712
593,0.015895
594,0.017068
595,0.004875
596,0.004264
597,0.004212
598,0.004349
599,0.003723
600,0.003945
601,0.005009
602,0.005957
603,0.006372
604,0.017387
605,0.013731
606,0.012516
607,0.013007
608,0.011859
609,0.011415
610,0.01003
611,0.008779
612,0.008174
613,0.006253
614,0.004922
615,0.004573
616,0.004237
617,0.002004
618,0.00099
619,0.001995
620,0.002627
621,0.003354
622,0.003244
623,0.003623
624,0.003309
625,0.003315
626,0.003385
627,0.002354
628,0.001884
629,0.005651
630,0.006074
631,0.005211
632,0.004511
633,0.006692
634,0.007885
635,0.001579
636,0.001711
637,0.001658
638,0.002008
639,0.00203
640,0.001607
641,0.001584
642,0.001667
643,0.001558
644,0.001769
645,0.001621
646,0.001906
647,0.00183
648,0.002161
649,0.001862
650,0.002816
651,0.002384
652,0.002264
653,0.001217
654,0.001163
655,0.001002
656,0.001192
657,0.002187
658,0.001283
659,0.00152
660,0.003746
661,0.041103
662,0.819485
663,0.987812
664,0.988766
665,0.990053
666,0.99509
667,0.989724
668,0.988384
669,0.990744
670,0.99157
671,0.990571
672,0.95437
673,0.108723
674,0.033977
675,0.003588
676,0.009162
677,0.006199
678,0.00683
679,0.007752
680,0.005996
681,0.006241
682,0.007084
683,0.006546
684,0.009295
685,0.012961
686,0.023481
687,0.02013
688,0.019393
689,0.015542
690,0.015317
691,0.013955
692,0.011372
693,0.010725
694,0.005134
695,0.004474
696,0.003692
697,0.004314
698,0.003645
699,0.003687
700,0.004007
701,0.004242
702,0.003633
703,0.002521
704,0.002325
705,0.002228
706,0.010597
707,0.007303
708,0.006917
709,0.017373
710,0.016381
711,0.016494
712,0.015594
713,0.017754
714,0.005344
715,0.005532
716,0.004641
717,0.006103
718,0.008259
719,0.002426
720,0.001907
721,0.255167
722,0.98479
723,0.993762
724,0.989325
725,0.987841
726,0.985253
727,0.989526
728,0.982988
729,0.983481
