1,0.992991
2,0.993649
3,0.993618
4,0.992956
5,0.993955
6,0.993683
7,0.994581
8,0.992434
9,0.99605
10,0.996291
11,0.996237
12,0.996037
13,0.994489
14,0.994921
15,0.993762
16,0.993385
17,0.994484
18,0.994617
19,0.995112
20,0.995455
21,0.995746
22,0.995805
23,0.995582
24,0.994227
25,0.993804
26,0.993914
27,0.993522
28,0.994641
29,0.994729
30,0.99474
31,0.994392
32,0.994633
33,0.994454
34,0.995696
35,0.99575
36,0.995966
37,0.995985
38,0.995883
39,0.995587
40,0.996362
41,0.996334
42,0.985846
43,0.982592
44,0.983726
45,0.985655
46,0.991472
47,0.987268
48,0.986232
49,0.977797
50,0.977859
51,0.977991
52,0.976243
53,0.974015
54,0.969484
55,0.96546
56,0.952885
57,0.951931
58,0.949633
59,0.951945
60,0.958264
61,0.966297
62,0.955458
63,0.957293
64,0.952287
65,0.945846
66,0.931276
67,0.908025
68,0.905005
69,0.927455
70,0.934891
71,0.949309
72,0.953778
73,0.903216
74,0.876024
75,0.859858
76,0.81455
77,0.847718
78,0.785716
79,0.785387
80,0.849896
81,0.704181
82,0.719511
83,0.724028
84,0.63928
85,0.614656
86,0.666604
87,0.691441
88,0.620247
89,0.727415
90,0.737115
91,0.769348
92,0.854757
93,0.743294
94,0.773782
95,0.712428
96,0.728002
97,0.603054
98,0.636292
99,0.625514
100,0.549519
101,0.526955
102,0.610632
103,0.549513
104,0.528087
105,0.563111
106,0.579904
107,0.716778
108,0.720484
109,0.672903
110,0.762269
111,0.776888
112,0.781482
113,0.820809
114,0.814615
115,0.85988
116,0.858911
117,0.911968
118,0.932627
119,0.923375
120,0.936709
121,0.86331
122,0.871432
123,0.913931
124,0.929128
125,0.91871
126,0.907184
127,0.891277
128,0.907659
129,0.906959
130,0.829435
131,0.841264
132,0.94202
133,0.975541
134,0.985737
135,0.985173
136,0.973555
137,0.972428
138,0.984263
139,0.987167
140,0.990708
141,0.991607
142,0.990069
143,0.988221
144,0.985894
145,0.986259
146,0.986499
147,0.989517
148,0.98415
149,0.981849
150,0.987744
151,0.98739
152,0.988181
153,0.986488
154,0.98281
155,0.982689
156,0.980656
157,0.987103
158,0.551513
159,0.075971
160,0.009053
161,0.002809
162,0.002401
163,0.00186
164,0.004064
165,0.001613
166,0.002224
167,0.002397
168,0.001943
169,0.002105
170,0.002557
171,0.002591
172,0.003055
173,0.003654
174,0.003625
175,0.008364
176,0.005941
177,0.334843
178,0.929732
179,0.992463
180,0.995465
181,0.995668
182,0.994683
183,0.986568
184,0.992797
185,0.988363
186,0.981613
187,0.974025
188,0.992188
189,0.986924
190,0.989979
191,0.986075
192,0.988106
193,0.988323
194,0.992886
195,0.99207
196,0.978667
197,0.973454
198,0.979609
199,0.979892
200,0.9789
201,0.984794
202,0.988677
203,0.980043
204,0.987707
205,0.983717
206,0.98893
207,0.98959
208,0.991068
209,0.9905
210,0.990236
211,0.989786
212,0.988352
213,0.988936
214,0.987139
215,0.991667
216,0.98967
217,0.980541
218,0.951871
219,0.959876
220,0.974635
221,0.971839
222,0.990264
223,0.988222
224,0.978524
225,0.989637
226,0.990849
227,0.994986
228,0.99487
229,0.994642
230,0.991131
231,0.993015
232,0.985846
233,0.996554
234,0.985984
235,0.995236
236,0.990635
237,0.989885
238,0.990195
239,0.989698
240,0.992125
241,0.98259
242,0.936461
243,0.950718
244,0.951301
245,0.971959
246,0.936613
247,0.974912
248,0.965566
249,0.956147
250,0.960537
251,0.982537
252,0.978825
253,0.988492
254,0.987175
255,0.982245
256,0.994345
257,0.993902
258,0.988697
259,0.991165
260,0.989659
261,0.986394
262,0.982965
263,0.986236
264,0.989011
265,0.869382
266,0.911202
267,0.895446
268,0.963795
269,0.963873
270,0.959949
271,0.940062
272,0.954391
273,0.953168
274,0.95459
275,0.972202
276,0.942239
277,0.963044
278,0.958645
279,0.967565
280,0.965637
281,0.961285
282,0.967094
283,0.935033
284,0.923227
285,0.930406
286,0.953587
287,0.94986
288,0.950458
289,0.974875
290,0.97567
291,0.984302
292,0.983011
293,0.988805
294,0.994108
295,0.993918
296,0.992197
297,0.994185
298,0.994323
299,0.995858
300,0.994823
301,0.995857
302,0.99511
303,0.99295
304,0.994083
305,0.990744
306,0.990697
307,0.992292
308,0.992597
309,0.992335
310,0.993551
311,0.996248
312,0.996378
313,0.99442
314,0.994343
315,0.993669
316,0.993455
317,0.993753
318,0.993618
319,0.99373
320,0.993593
321,0.993426
322,0.993254
323,0.993057
324,0.993749
325,0.992919
326,0.993083
327,0.993174
328,0.993084
329,0.993108
330,0.992997
331,0.992847
332,0.993228
333,0.993024
334,0.993276
335,0.993672
336,0.994551
337,0.994258
338,0.99417
339,0.994437
340,0.994792
341,0.994535
342,0.994586
343,0.99351
344,0.993116
345,0.993729
346,0.993421
347,0.993273
348,0.993259
349,0.994021
350,0.993935
351,0.99373
352,0.993688
353,0.99399
354,0.992296
355,0.99235
356,0.992688
357,0.993376
358,0.993541
359,0.993047
360,0.993002
361,0.992626
362,0.992341
363,0.991797
364,0.992602
365,0.993568
366,0.993177
367,0.992649
368,0.993487
369,0.993769
370,0.993712
371,0.992055
372,0.992034
373,0.992816
374,0.993016
375,0.99298
376,0.993719
377,0.993969
378,0.993975
379,0.993926
380,0.993491
381,0.993704
382,0.993609
383,0.993836
384,0.993511
385,0.99338
386,0.993327
387,0.993528
388,0.993556
389,0.993823
390,0.994331
391,0.994076
392,0.994031
393,0.994196
394,0.992774
395,0.992993
396,0.993384
397,0.992349
398,0.992315
399,0.992516
400,0.993073
401,0.992939
402,0.993
403,0.991861
404,0.990933
405,0.991637
406,0.991937
407,0.992043
408,0.992751
409,0.994679
410,0.994519
411,0.993906
412,0.993818
413,0.994164
414,0.99453
415,0.993921
416,0.993573
417,0.992667
418,0.992365
419,0.992394
420,0.993291
421,0.994841
422,0.994795
423,0.993962
424,0.994043
425,0.994044
426,0.993776
427,0.99203
428,0.993305
429,0.993853
430,0.993166
431,0.991521
432,0.991266
433,0.990592
434,0.986693
435,0.991703
436,0.992014
437,0.991701
438,0.989845
439,0.991353
440,0.985187
441,0.514627
442,0.204972
443,0.17221
444,0.085623
445,0.044264
446,0.034844
447,0.02317
448,0.021512
449,0.021403
450,0.001433
451,0.001694
452,0.012789
453,0.010654
454,0.014146
455,0.010779
456,0.505706
457,0.90214
458,0.955368
459,0.98192
460,0.98731
461,0.982378
462,0.979517
463,0.974363
464,0.982857
465,0.982017
466,0.979183
467,0.979599
468,0.97574
469,0.982061
470,0.981424
471,0.991708
472,0.928157
473,0.381275
474,0.06312
475,0.014282
476,0.009764
477,0.005935
478,0.008358
479,0.007039
480,0.007172
481,0.00678
482,0.007085
483,0.005949
484,0.007364
485,0.006661
486,0.004871
487,0.018382
