1,0.924655
2,0.948679
3,0.956338
4,0.940436
5,0.918429
6,0.921141
7,0.877398
8,0.852249
9,0.975649
10,0.983882
11,0.988585
12,0.979334
13,0.987391
14,0.989627
15,0.989586
16,0.989354
17,0.99277
18,0.993106
19,0.993269
20,0.993028
21,0.989422
22,0.987457
23,0.991255
24,0.990408
25,0.990969
26,0.986555
27,0.976959
28,0.973784
29,0.982608
30,0.976217
31,0.970509
32,0.978339
33,0.980418
34,0.979646
35,0.983233
36,0.993933
37,0.990871
38,0.991596
39,0.994114
40,0.989981
41,0.977659
42,0.981922
43,0.982387
44,0.986918
45,0.984989
46,0.953213
47,0.977228
48,0.979039
49,0.926764
50,0.938079
51,0.982456
52,0.988166
53,0.988903
54,0.942008
55,0.706614
56,0.728244
57,0.759917
58,0.564938
59,0.639955
60,0.631444
61,0.409017
62,0.468006
63,0.512295
64,0.398784
65,0.376544
66,0.670196
67,0.838056
68,0.793319
69,0.800934
70,0.446433
71,0.663646
72,0.709369
73,0.671116
74,0.50066
75,0.588413
76,0.536081
77,0.554135
78,0.455469
79,0.473554
80,0.418319
81,0.359373
82,0.361956
83,0.378984
84,0.187345
85,0.324959
86,0.117027
87,0.096968
88,0.119731
89,0.180736
90,0.345387
91,0.235228
92,0.23681
93,0.07676
94,0.099159
95,0.102174
96,0.159496
97,0.22886
98,0.222815
99,0.226353
100,0.433495
101,0.38484
102,0.658369
103,0.768242
104,0.743866
105,0.751738
106,0.687253
107,0.641635
108,0.635188
109,0.648699
110,0.703819
111,0.689262
112,0.733317
113,0.664841
114,0.7407
115,0.783846
116,0.77765
117,0.82718
118,0.841399
119,0.752307
120,0.688486
121,0.210928
122,0.114542
123,0.025451
124,0.00647
125,0.005388
126,0.000997
127,0.000588
128,0.000385
129,0.000795
130,0.000338
131,0.000421
132,0.000431
133,0.000385
134,0.001014
135,0.000989
136,0.000953
137,0.00476
138,0.007668
139,0.008832
140,0.014056
141,0.007896
142,0.005989
143,0.008004
144,0.044336
145,0.34637
146,0.934457
147,0.986672
148,0.985133
149,0.977986
150,0.985139
151,0.987399
152,0.986216
153,0.976837
154,0.960723
155,0.979933
156,0.978269
157,0.975663
158,0.973536
159,0.973225
160,0.974285
161,0.989974
162,0.990255
163,0.993111
164,0.99341
165,0.991814
166,0.993694
167,0.621906
168,0.048554
169,0.021711
170,0.008251
171,0.012783
172,0.009372
173,0.006074
174,0.007674
175,0.006396
176,0.004704
177,0.004793
178,0.004838
179,0.002379
180,0.001358
181,0.002294
182,0.004812
183,0.003112
184,0.001528
185,0.155427
186,0.931006
187,0.938485
188,0.987725
189,0.984025
190,0.986187
191,0.981359
192,0.983441
193,0.980236
194,0.981517
195,0.986357
196,0.988542
197,0.996401
198,0.995037
199,0.991769
200,0.977789
201,0.97307
202,0.979004
203,0.981713
204,0.985349
205,0.986632
206,0.992223
207,0.980953
208,0.974689
209,0.983594
210,0.986156
211,0.985473
212,0.986608
213,0.983847
214,0.984132
215,0.978741
216,0.970439
217,0.964361
218,0.974437
219,0.973817
220,0.970285
221,0.961175
222,0.967855
223,0.962672
224,0.951884
225,0.90032
226,0.879763
227,0.897161
228,0.941245
229,0.963975
230,0.994811
231,0.99018
232,0.988216
233,0.980305
234,0.975104
235,0.967266
236,0.98369
237,0.986852
238,0.984222
239,0.987377
240,0.955008
241,0.908698
242,0.950527
243,0.925514
244,0.963285
245,0.953475
246,0.958014
247,0.942623
248,0.914662
249,0.902244
250,0.910891
251,0.927119
252,0.973175
253,0.96167
254,0.962561
255,0.971044
256,0.974313
257,0.973541
258,0.971599
259,0.869403
260,0.881918
261,0.812405
262,0.941452
263,0.964294
264,0.964776
265,0.905598
266,0.939549
267,0.9038
268,0.854121
269,0.820269
270,0.973647
271,0.964765
272,0.986633
273,0.984365
274,0.978133
275,0.956641
276,0.961229
277,0.981616
278,0.964058
279,0.961201
280,0.975791
281,0.972839
282,0.983823
283,0.976251
284,0.984111
285,0.956845
286,0.968596
287,0.982974
288,0.988581
289,0.987644
290,0.986485
291,0.976618
292,0.96803
293,0.975474
294,0.977339
295,0.979281
296,0.979303
297,0.982686
298,0.978222
299,0.974637
300,0.975861
301,0.984815
302,0.979227
303,0.979875
304,0.972674
305,0.976993
306,0.98168
307,0.979153
308,0.974936
309,0.975838
310,0.986379
311,0.982187
312,0.986198
313,0.981972
314,0.982355
315,0.982786
316,0.993644
317,0.993168
318,0.994118
319,0.993803
320,0.992309
321,0.993328
322,0.994228
323,0.993552
324,0.993316
325,0.99441
326,0.994012
327,0.994427
328,0.99414
329,0.994347
330,0.994788
331,0.994207
332,0.994139
333,0.993571
334,0.994272
335,0.994166
336,0.993357
337,0.995642
338,0.995482
339,0.995302
340,0.99586
341,0.996123
342,0.99601
343,0.996241
344,0.995625
345,0.99525
346,0.995222
347,0.995421
348,0.996332
349,0.994652
350,0.966109
351,0.335251
352,0.077021
353,0.016208
354,0.006983
355,0.0064
356,0.005163
357,0.003484
358,0.002798
359,0.002171
360,0.003728
361,0.005268
362,0.005279
363,0.003716
364,0.005129
365,0.050087
366,0.182854
367,0.92411
368,0.944595
369,0.96985
370,0.98589
371,0.976662
372,0.972279
373,0.975922
374,0.972898
375,0.98303
376,0.987091
377,0.987495
378,0.983626
379,0.986476
380,0.984302
381,0.982709
382,0.985304
383,0.984923
384,0.993454
385,0.990636
386,0.978391
387,0.973613
388,0.987372
389,0.996055
390,0.957515
391,0.35522
392,0.155045
393,0.010267
394,0.005449
395,0.001339
396,0.001185
397,0.001463
398,0.001734
399,0.001257
400,0.003425
401,0.00341
402,0.002877
403,0.001099
404,0.000942
405,0.001266
406,0.004729
407,0.004437
408,0.003994
409,0.005488
410,0.005617
411,0.001055
412,0.001223
413,0.000531
414,0.000664
415,0.000208
416,0.00031
417,0.000413
418,0.000755
419,0.000771
420,0.00061
421,0.001125
422,0.001409
423,0.000897
424,0.000434
425,0.000997
426,0.001164
427,0.000842
428,0.001092
429,0.013347
430,0.013853
431,0.755232
432,0.939794
433,0.950545
434,0.980829
435,0.987803
436,0.979971
437,0.975381
438,0.982124
439,0.971699
440,0.973014
441,0.96203
442,0.964031
443,0.963437
444,0.958509
445,0.962275
446,0.975209
447,0.98574
448,0.972419
449,0.226466
450,0.007225
451,0.016151
452,0.01543
453,0.00689
454,0.010463
455,0.008644
456,0.011649
457,0.012826
458,0.007435
459,0.009634
460,0.00996
461,0.010132
462,0.010379
463,0.005557
464,0.005713
465,0.006345
466,0.006402
467,0.008211
468,0.006902
469,0.008917
470,0.009079
471,0.007602
472,0.008085
473,0.00871
474,0.007245
475,0.007284
476,0.00733
477,0.005197
478,0.005392
479,0.004921
480,0.005163
481,0.005613
482,0.005103
483,0.004163
484,0.003879
485,0.002348
486,0.012687
487,0.110314
488,0.333943
489,0.975219
490,0.960316
491,0.978845
492,0.986259
493,0.969394
494,0.970752
495,0.971131
496,0.965218
497,0.953991
498,0.965888
499,0.967682
500,0.968086
501,0.985105
502,0.983841
503,0.988276
504,0.979367
505,0.951207
506,0.63691
507,0.1713
508,0.021398
509,0.000969
510,0.003965
511,0.006754
512,0.001955
513,0.001646
514,0.001745
515,0.001171
516,0.001262
517,0.001654
518,0.00116
519,0.000681
520,0.001183
521,0.000759
522,0.000687
523,0.001032
524,0.001054
525,0.001413
526,0.002249
527,0.001383
528,0.001963
529,0.026711
530,0.900084
531,0.978651
532,0.989246
533,0.987323
534,0.991139
535,0.988766
536,0.986322
537,0.987822
538,0.987152
539,0.987785
540,0.986445
541,0.989295
542,0.990314
543,0.986957
544,0.983939
545,0.972136
546,0.420755
547,0.087762
548,0.069401
549,0.045006
550,0.052456
551,0.030675
552,0.022542
553,0.020228
554,0.022149
555,0.005884
556,0.020928
557,0.041293
558,0.005168
559,0.018907
560,0.15368
561,0.084352
562,0.011098
563,0.031882
564,0.048561
565,0.135528
566,0.05152
567,0.004006
568,0.028941
569,0.061963
570,0.009554
571,0.004819
572,0.002059
573,0.001628
574,0.001709
575,0.00131
576,0.00157
577,0.003174
578,0.002838
579,0.001769
580,0.00263
581,0.001595
582,0.001545
583,0.002073
584,0.003508
585,0.039431
586,0.250778
587,0.599392
588,0.502616
589,0.605188
590,0.852829
591,0.537833
592,0.182292
593,0.424878
594,0.353904
595,0.4947
596,0.616823
597,0.587193
598,0.778329
599,0.878699
600,0.585118
601,0.677747
602,0.601133
603,0.604977
604,0.650376
605,0.777858
606,0.319472
607,0.088946
608,0.027653
609,0.010122
610,0.008815
611,0.009516
612,0.008838
613,0.0115
614,0.020876
615,0.020403
616,0.014946
617,0.012742
618,0.013046
619,0.013221
620,0.012439
621,0.016442
622,0.014124
623,0.01915
624,0.024484
625,0.012747
626,0.013651
627,0.004857
628,0.004535
629,0.003911
630,0.002451
631,0.002679
632,0.002344
633,0.001848
634,0.001349
635,0.001039
636,0.005871
637,0.000377
638,0.000214
639,0.000474
640,0.0025
641,0.001418
642,0.001288
643,0.001548
644,0.001376
645,0.002059
646,0.002209
647,0.001652
648,0.001481
649,0.000844
650,0.000849
651,0.000833
652,0.000807
653,0.000847
654,0.000989
655,0.000886
656,0.000867
657,0.001231
658,0.001102
659,0.000924
660,0.001075
661,0.001843
662,0.002338
663,0.001949
664,0.0022
665,0.001773
666,0.002101
667,0.002104
668,0.00199
669,0.002177
670,0.002308
671,0.00236
672,0.0022
673,0.002641
674,0.002556
675,0.002413
676,0.002335
677,0.002667
678,0.002634
679,0.002548
680,0.002771
681,0.002929
682,0.002475
683,0.002823
684,0.00353
685,0.002395
686,0.002718
687,0.002602
688,0.002489
689,0.002471
690,0.003135
691,0.003038
692,0.0032
693,0.002742
694,0.003389
695,0.002507
696,0.002715
697,0.003175
698,0.004079
699,0.003835
700,0.003441
701,0.003391
702,0.003474
703,0.003367
704,0.003135
705,0.003532
706,0.003653
707,0.003849
708,0.003092
709,0.004591
710,0.00431
711,0.00349
712,0.004225
713,0.00374
714,0.003487
715,0.004011
716,0.003287
717,0.003589
718,0.001214
719,0.001063
720,0.001237
721,0.001169
722,0.001489
723,0.001639
724,0.0014
725,0.005098
726,0.003209
727,0.813402
728,0.950721
729,0.972708
730,0.929059
731,0.888876
732,0.876119
733,0.850631
734,0.843883
735,0.681754
736,0.160576
737,0.025008
738,0.004646
739,0.002244
740,0.00243
741,0.020117
742,0.0197
743,0.015444
744,0.017717
745,0.010202
746,0.015115
747,0.052163
748,0.048256
749,0.041834
750,0.049802
751,0.047541
752,0.044961
753,0.038722
754,0.04844
755,0.054538
756,0.048688
757,0.036503
758,0.044972
759,0.041506
760,0.041808
761,0.032045
762,0.035587
763,0.034203
764,0.035472
765,0.031792
766,0.040015
767,0.044294
768,0.042187
769,0.037506
770,0.037162
771,0.041212
772,0.038076
773,0.04196
774,0.046366
775,0.047773
776,0.036804
777,0.032729
778,0.028614
779,0.029799
780,0.027373
781,0.032484
782,0.03025
783,0.030793
784,0.031423
785,0.036853
786,0.031948
787,0.022445
788,0.021731
789,0.014674
790,0.00951
791,0.009112
792,0.013615
793,0.001093
794,0.009775
795,0.008161
796,0.028038
797,0.018253
798,0.019821
799,0.027628
800,0.016261
801,0.002861
802,0.002288
803,0.003932
804,0.006263
805,0.007723
806,0.007869
807,0.00821
808,0.008019
809,0.01277
810,0.009703
811,0.008739
812,0.009299
813,0.006842
814,0.006478
815,0.006926
816,0.009021
817,0.008626
818,0.008552
819,0.009642
820,0.010153
821,0.009794
822,0.009079
823,0.008679
824,0.008793
825,0.00701
826,0.006063
827,0.005694
828,0.006327
829,0.004327
830,0.005193
831,0.004603
832,0.000848
833,0.000643
834,0.003309
835,0.000577
836,0.000568
837,0.004816
838,0.005509
839,0.004438
840,0.001859
841,0.002841
842,0.003942
843,0.004475
844,0.003555
845,0.00336
846,0.004271
847,0.005347
848,0.005899
849,0.00578
850,0.005476
851,0.006625
852,0.004547
853,0.00472
854,0.007288
855,0.005374
856,0.004864
857,0.004992
858,0.004311
859,0.004819
860,0.004145
861,0.004637
862,0.005078
863,0.00558
864,0.00801
865,0.004594
866,0.004907
867,0.002118
868,0.002041
869,0.001825
870,0.001594
871,0.001595
872,0.001533
873,0.001596
874,0.001617
875,0.001748
876,0.002579
877,0.001445
878,0.003296
879,0.003505
880,0.001723
881,0.002107
882,0.001956
883,0.001794
884,0.001902
885,0.001881
886,0.005472
887,0.004691
888,0.003563
889,0.00426
890,0.004355
891,0.00364
892,0.00355
893,0.003704
894,0.003412
895,0.002974
896,0.005215
897,0.094848
898,0.7376
899,0.977191
900,0.988647
901,0.994622
902,0.994878
903,0.992496
904,0.992354
905,0.993598
906,0.995063
907,0.994796
908,0.993355
909,0.993338
910,0.99281
911,0.993943
912,0.996164
913,0.996124
914,0.997692
915,0.997325
916,0.996701
917,0.996566
918,0.99672
919,0.997319
920,0.997066
921,0.997211
922,0.997153
923,0.997206
924,0.997624
925,0.99815
926,0.998137
927,0.997983
928,0.997517
929,0.997709
930,0.996197
931,0.99605
932,0.995078
933,0.995273
934,0.994269
935,0.993797
936,0.993498
937,0.99337
938,0.98995
939,0.991957
940,0.995946
941,0.995255
942,0.991091
943,0.993068
944,0.991534
945,0.990799
946,0.993294
947,0.989691
948,0.991802
949,0.994574
950,0.993991
951,0.873808
952,0.196706
953,0.009164
954,0.001678
955,0.000916
956,0.001124
957,0.001242
958,0.000471
959,0.000249
960,0.000189
961,0.000124
962,0.000905
963,0.000242
964,0.001378
965,0.001143
966,0.001699
967,0.001123
968,0.001203
969,0.001049
970,0.001214
971,0.001044
972,0.000882
973,0.000524
974,0.000666
975,0.000671
976,0.000882
977,0.000941
978,0.000952
979,0.00094
980,0.000956
981,0.000951
982,0.000995
983,0.001018
984,0.001289
985,0.000798
986,0.0008
987,0.000782
988,0.001042
989,0.000151
990,0.00671
991,0.739016
992,0.98289
993,0.996118
994,0.996381
995,0.99604
996,0.995259
997,0.993253
998,0.994649
999,0.994474
1000,0.995585
1001,0.951189
1002,0.303111
1003,0.03959
1004,0.027563
1005,0.003978
1006,0.002353
1007,0.001918
1008,0.00362
1009,0.002633
1010,0.002513
1011,0.001528
1012,0.001136
1013,0.001957
1014,0.001553
1015,0.000829
1016,0.000405
1017,0.000385
1018,0.00078
1019,0.000786
1020,0.000723
1021,0.001945
1022,0.001705
1023,0.019339
1024,0.031624
1025,0.00226
1026,0.000836
1027,0.004102
1028,0.218638
1029,0.900414
1030,0.981394
1031,0.982432
1032,0.985516
1033,0.98915
1034,0.985279
1035,0.988301
1036,0.990071
1037,0.983982
1038,0.980684
1039,0.985474
1040,0.989431
1041,0.99382
1042,0.994846
1043,0.996836
1044,0.995595
1045,0.997547
1046,0.996995
1047,0.996922
1048,0.841953
1049,0.0708
1050,0.016877
1051,0.004941
1052,0.004132
1053,0.011913
1054,0.006997
1055,0.010485
1056,0.014829
1057,0.013343
1058,0.007021
1059,0.002039
1060,0.002141
1061,0.001435
1062,0.001382
1063,0.002425
1064,0.002162
1065,0.001634
1066,0.001597
1067,0.000774
1068,0.000718
1069,0.012892
1070,0.000812
1071,0.000657
1072,0.000419
1073,0.000266
1074,0.000244
1075,0.00212
1076,0.001434
1077,0.001301
1078,0.000909
1079,0.000481
1080,0.000397
1081,0.000721
1082,0.000604
1083,0.000517
1084,0.000555
1085,0.000941
1086,0.000993
1087,0.000958
1088,0.001143
1089,0.001138
1090,0.00156
1091,0.001758
1092,0.000894
1093,0.000769
1094,0.001172
1095,0.001199
1096,0.001318
1097,0.001365
1098,0.000897
1099,0.001123
1100,0.001124
1101,0.001132
1102,0.001169
1103,0.003406
1104,0.003607
1105,0.004103
1106,0.004824
1107,0.001812
1108,0.001403
1109,0.001445
1110,0.002481
1111,0.00443
1112,0.002265
1113,0.004979
1114,0.006189
1115,0.005618
1116,0.003978
1117,0.002401
1118,0.002266
1119,0.001662
1120,0.00138
1121,0.00074
1122,0.000897
1123,0.001119
1124,0.001399
1125,0.001991
1126,0.001467
1127,0.001952
1128,0.002606
1129,0.002502
1130,0.002398
1131,0.002392
1132,0.002735
1133,0.003278
1134,0.003202
1135,0.002659
1136,0.002622
1137,0.003225
1138,0.003854
1139,0.004462
1140,0.004378
1141,0.003318
1142,0.0054
1143,0.004401
1144,0.005577
1145,0.005579
1146,0.006037
1147,0.004649
1148,0.006044
1149,0.00678
1150,0.00815
1151,0.00643
1152,0.00863
1153,0.004576
1154,0.004889
1155,0.004103
1156,0.004885
1157,0.005664
1158,0.004722
1159,0.005261
1160,0.003263
1161,0.001997
1162,0.00333
1163,0.004399
1164,0.005307
1165,0.004903
1166,0.001895
1167,0.002135
1168,0.011782
1169,0.033493
1170,0.66659
1171,0.988205
1172,0.990675
1173,0.977285
1174,0.990887
1175,0.991356
1176,0.991187
1177,0.990872
1178,0.992034
1179,0.991627
1180,0.275483
1181,0.0264
1182,0.041301
1183,0.011726
1184,0.009844
1185,0.007218
1186,0.010055
1187,0.005306
1188,0.003673
1189,0.002966
1190,0.00287
1191,0.001942
1192,0.00116
1193,0.000812
1194,0.001199
1195,0.001583
1196,0.001558
1197,0.006734
1198,0.007092
1199,0.000517
1200,0.004241
1201,0.00798
1202,0.005234
1203,0.004086
1204,0.003118
1205,0.002025
1206,0.001431
1207,0.001624
1208,0.002632
1209,0.002151
1210,0.001282
1211,0.000971
1212,0.000669
1213,0.000822
1214,0.000801
1215,0.000564
1216,0.00071
1217,0.000501
1218,0.000705
1219,0.00101
1220,0.00124
1221,0.001034
1222,0.001288
1223,0.001279
1224,0.001548
1225,0.00128
1226,0.001413
1227,0.001549
1228,0.002786
1229,0.004861
1230,0.00429
1231,0.004279
1232,0.003055
1233,0.111504
1234,0.849766
1235,0.984589
1236,0.987792
1237,0.981899
1238,0.94184
1239,0.93782
1240,0.938888
1241,0.943463
1242,0.931011
1243,0.935458
1244,0.917984
1245,0.461809
1246,0.21371
1247,0.023933
1248,0.00041
1249,0.000578
1250,0.000724
1251,0.001918
1252,0.001621
1253,0.001961
1254,0.001298
1255,0.001026
1256,0.069177
1257,0.040576
1258,0.001332
1259,0.019211
1260,0.393787
1261,0.605852
1262,0.629011
1263,0.703593
1264,0.530663
1265,0.478283
1266,0.585499
1267,0.538688
1268,0.469488
1269,0.547134
1270,0.092211
1271,0.016353
1272,0.012796
1273,0.009646
1274,0.002064
1275,0.003689
1276,0.007448
1277,0.002736
1278,0.002389
1279,0.001378
1280,0.001382
1281,0.000877
1282,0.000488
1283,0.23935
1284,0.140161
1285,0.118133
1286,0.027388
1287,0.006709
1288,0.002902
1289,0.004139
1290,0.004199
1291,0.005211
1292,0.005258
1293,0.005041
1294,0.005561
1295,0.005499
1296,0.004151
1297,0.001563
1298,0.001876
1299,0.00252
1300,0.002863
1301,0.002426
1302,0.002073
1303,0.00173
1304,0.00013
1305,0.000143
1306,0.000128
1307,0.000125
1308,0.000117
1309,0.000867
1310,0.001249
1311,0.001688
1312,0.000884
1313,0.001012
1314,0.003622
1315,0.003964
1316,0.002596
1317,0.001356
1318,0.00044
1319,0.000676
1320,0.001506
1321,0.002686
1322,0.017826
1323,0.006033
1324,0.006669
1325,0.01132
1326,0.003361
1327,0.003368
1328,0.001607
1329,0.0028
1330,0.002311
1331,0.002247
1332,0.001819
1333,0.00293
1334,0.002764
1335,0.002847
1336,0.001649
1337,0.002372
1338,0.001972
1339,0.003574
1340,0.001864
1341,0.001828
1342,0.001765
1343,0.001463
1344,0.001326
1345,0.001232
1346,0.001297
1347,0.001216
1348,0.004587
1349,0.143911
1350,0.456096
1351,0.967733
1352,0.984811
1353,0.986048
1354,0.984791
1355,0.98337
1356,0.988245
1357,0.995378
1358,0.99566
1359,0.995841
1360,0.995515
1361,0.996052
1362,0.994422
1363,0.417345
1364,0.136353
1365,0.048275
1366,0.016646
1367,0.004552
1368,0.003514
1369,0.007387
1370,0.001663
1371,0.002012
1372,0.002515
1373,0.001555
1374,0.007486
1375,0.001505
1376,0.001147
1377,0.000568
1378,0.000466
1379,0.000561
1380,0.000556
1381,0.000749
1382,0.002405
1383,0.000866
1384,0.000915
1385,0.000982
1386,0.055776
1387,0.046903
1388,0.038605
1389,0.033901
1390,0.031074
1391,0.031351
1392,0.030915
1393,0.002548
1394,0.000809
1395,0.000675
1396,0.000499
1397,0.000349
1398,0.003331
1399,0.001316
1400,0.000924
1401,0.000703
1402,0.000559
1403,0.000564
1404,0.00046
1405,0.000429
1406,0.000351
1407,0.000472
1408,0.000427
1409,0.000463
1410,0.000505
1411,0.001279
1412,0.00807
1413,0.233158
1414,0.925327
1415,0.991625
1416,0.996172
1417,0.998131
1418,0.997406
1419,0.996315
1420,0.994619
1421,0.993667
1422,0.994248
1423,0.996322
1424,0.99659
1425,0.996613
1426,0.900907
1427,0.190852
1428,0.062844
1429,0.022436
1430,0.005642
1431,0.011979
1432,0.005295
1433,0.004307
1434,0.003619
1435,0.00266
1436,0.003951
1437,0.002606
1438,0.001736
1439,0.000517
1440,0.000475
1441,0.000698
1442,0.000565
1443,0.000895
1444,0.001287
1445,0.001535
1446,0.001629
1447,0.001366
1448,0.000719
1449,0.000618
1450,0.000617
1451,0.000726
1452,0.003506
1453,0.000497
1454,0.002025
1455,0.000575
1456,0.000376
1457,0.00049
1458,0.000892
1459,0.000529
1460,0.00065
1461,0.000725
1462,0.000552
1463,0.026368
1464,0.032222
1465,0.013764
1466,0.016393
1467,0.01729
1468,0.017266
1469,0.018655
1470,0.017997
1471,0.017452
1472,0.017666
1473,0.017876
1474,0.019588
1475,0.021327
1476,0.021573
1477,0.01802
1478,0.021628
1479,0.0234
1480,0.02533
1481,0.02293
1482,0.029563
1483,0.008138
1484,0.093802
1485,0.736063
1486,0.92017
1487,0.95126
1488,0.978753
1489,0.969849
1490,0.916808
1491,0.893665
1492,0.889379
1493,0.810688
1494,0.206473
1495,0.016123
1496,0.006581
1497,0.00792
1498,0.0073
1499,0.007623
1500,0.007425
1501,0.0453
1502,0.0457
1503,0.050392
1504,0.056441
1505,0.052686
1506,0.040953
1507,0.041574
1508,0.035375
1509,0.028848
1510,0.00931
1511,0.007826
1512,0.004273
1513,0.005852
1514,0.004324
1515,0.002923
1516,0.001074
1517,0.004736
1518,0.002989
1519,0.009139
1520,0.061643
1521,0.864587
1522,0.985182
1523,0.995402
1524,0.994719
1525,0.986855
1526,0.983748
1527,0.986087
1528,0.987328
1529,0.989178
1530,0.990467
1531,0.990973
1532,0.991457
1533,0.990678
1534,0.9826
1535,0.570007
1536,0.253326
1537,0.043947
1538,0.019406
1539,0.003735
1540,0.005799
1541,0.00568
1542,0.000262
1543,0.001136
1544,0.001529
1545,0.000747
1546,0.000283
1547,0.000344
1548,0.000522
1549,0.000524
1550,0.000483
1551,0.00058
1552,0.00695
1553,0.018662
1554,0.059801
1555,0.687746
1556,0.936797
1557,0.89728
1558,0.940755
1559,0.955898
1560,0.965732
1561,0.953283
1562,0.97392
1563,0.980524
1564,0.98022
1565,0.978757
1566,0.983106
1567,0.984825
1568,0.985529
1569,0.988145
1570,0.984926
1571,0.970112
1572,0.975386
1573,0.9782
1574,0.92768
1575,0.427754
1576,0.467858
1577,0.021028
1578,0.005543
1579,0.006198
1580,0.002017
1581,0.00333
1582,0.00185
1583,0.001454
1584,0.001224
1585,0.000713
1586,0.000926
1587,0.001264
1588,0.001216
1589,0.031088
1590,0.040271
1591,0.02922
1592,0.001344
1593,0.001856
1594,0.001624
1595,0.001835
1596,0.00233
1597,0.002449
1598,0.002724
1599,0.003985
1600,0.01248
1601,0.002043
1602,0.001941
1603,0.003527
1604,0.002706
1605,0.021007
1606,0.938668
1607,0.945148
1608,0.955688
1609,0.956621
1610,0.958885
1611,0.966215
1612,0.975008
1613,0.983116
1614,0.985536
1615,0.980979
1616,0.979729
1617,0.982724
1618,0.985105
1619,0.985609
1620,0.985789
1621,0.986361
1622,0.985529
1623,0.990153
1624,0.987873
1625,0.989903
1626,0.992886
1627,0.992461
1628,0.855496
1629,0.377564
1630,0.039881
1631,0.005278
1632,0.00525
1633,0.005225
1634,0.002911
1635,0.003205
1636,0.00219
1637,0.00123
1638,0.003349
1639,0.002399
1640,0.00129
1641,0.000863
1642,0.000796
1643,0.00687
1644,0.007302
1645,0.007192
1646,0.006617
1647,0.006418
1648,0.006286
1649,0.007301
1650,0.009113
1651,0.007841
1652,0.008087
1653,0.006753
1654,0.006097
1655,0.005046
1656,0.004877
1657,0.005646
1658,0.006034
1659,0.001584
1660,0.001959
1661,0.001713
1662,0.016846
1663,0.013356
1664,0.003455
1665,0.002186
1666,0.002739
1667,0.002169
1668,0.002237
1669,0.002905
1670,0.026211
1671,0.028487
1672,0.003476
1673,0.001083
1674,0.001224
1675,0.004658
1676,0.01064
1677,0.112276
1678,0.947065
1679,0.988144
1680,0.991722
1681,0.992522
1682,0.99364
1683,0.995886
1684,0.992394
1685,0.989145
1686,0.989955
1687,0.990516
1688,0.992035
1689,0.994162
1690,0.993182
1691,0.99224
1692,0.99456
1693,0.993563
1694,0.992904
1695,0.994875
1696,0.995424
1697,0.986928
1698,0.585973
1699,0.273398
1700,0.087144
1701,0.009051
1702,0.002809
1703,0.002543
1704,0.004053
1705,0.002241
1706,0.026282
1707,0.001168
1708,0.001006
1709,0.001404
1710,0.037062
1711,0.024237
1712,0.019016
1713,0.017815
1714,0.000714
1715,0.001109
1716,0.000776
1717,0.001212
1718,0.002392
1719,0.002058
1720,0.001487
1721,0.001457
1722,0.001442
1723,0.001455
1724,0.001066
1725,0.009444
1726,0.010289
1727,0.009493
1728,0.001866
1729,0.001266
1730,0.001511
1731,0.001219
1732,0.001172
1733,0.001225
1734,0.001043
1735,0.001168
1736,0.001296
1737,0.00109
1738,0.001143
1739,0.001381
1740,0.001317
1741,0.001563
1742,0.001307
1743,0.001433
1744,0.001395
1745,0.006242
1746,0.051366
1747,0.747623
1748,0.983436
1749,0.991391
1750,0.987161
1751,0.988757
1752,0.990938
1753,0.967296
1754,0.949859
1755,0.960222
1756,0.940982
1757,0.956158
1758,0.96096
1759,0.941167
1760,0.977872
1761,0.98088
1762,0.985085
1763,0.985633
1764,0.981632
1765,0.971759
1766,0.966369
1767,0.970135
1768,0.952733
1769,0.97844
1770,0.983999
1771,0.898678
1772,0.297845
1773,0.032266
1774,0.0127
1775,0.017444
