1,0.986798
2,0.966678
3,0.985684
4,0.986848
5,0.988792
6,0.988553
7,0.988478
8,0.990523
9,0.994489
10,0.994075
11,0.993677
12,0.994184
13,0.996114
14,0.99585
15,0.996088
16,0.996179
17,0.996219
18,0.995279
19,0.995072
20,0.994256
21,0.994828
22,0.99489
23,0.994559
24,0.994471
25,0.994595
26,0.994128
27,0.994775
28,0.99458
29,0.994771
30,0.99475
31,0.994822
32,0.995068
33,0.994834
34,0.994775
35,0.995291
36,0.995573
37,0.995463
38,0.995074
39,0.995806
40,0.995946
41,0.994419
42,0.994815
43,0.993704
44,0.987621
45,0.992184
46,0.993438
47,0.98165
48,0.961914
49,0.945574
50,0.945243
51,0.926776
52,0.882042
53,0.145441
54,0.077427
55,0.044468
56,0.037201
57,0.037747
58,0.017365
59,0.008548
60,0.002934
61,0.003257
62,0.007807
63,0.138549
64,0.68212
65,0.613445
66,0.395843
67,0.490285
68,0.770127
69,0.836197
70,0.899782
71,0.846531
72,0.786317
73,0.688072
74,0.662666
75,0.698125
76,0.633219
77,0.668613
78,0.644614
79,0.623435
80,0.531279
81,0.551585
82,0.759743
83,0.7096
84,0.724249
85,0.469001
86,0.571891
87,0.441613
88,0.438217
89,0.485561
90,0.547042
91,0.490456
92,0.521345
93,0.480435
94,0.570508
95,0.614268
96,0.572418
97,0.567073
98,0.540891
99,0.602259
100,0.580667
101,0.948454
102,0.944124
103,0.919373
104,0.789728
105,0.837794
106,0.87391
107,0.905203
108,0.900503
109,0.932342
110,0.911277
111,0.894464
112,0.921336
113,0.811599
114,0.850529
115,0.86955
116,0.886459
117,0.859762
118,0.939741
119,0.925851
120,0.918132
121,0.974316
122,0.95669
123,0.955078
124,0.962184
125,0.876186
126,0.923228
127,0.983244
128,0.979072
129,0.984214
130,0.987118
131,0.978188
132,0.980371
133,0.99172
134,0.987022
135,0.987127
136,0.99545
137,0.995787
138,0.993288
139,0.993272
140,0.994415
141,0.994798
142,0.994552
143,0.993742
144,0.993987
145,0.995023
146,0.995291
147,0.996338
148,0.996496
149,0.996395
150,0.996672
151,0.996304
152,0.995841
153,0.995515
154,0.995138
155,0.912666
156,0.240979
157,0.051355
158,0.04359
159,0.033875
160,0.034824
161,0.032513
162,0.029351
163,0.031986
164,0.028597
165,0.025001
166,0.029261
167,0.029099
168,0.023689
169,0.031518
170,0.057929
171,0.704877
172,0.984757
173,0.993137
174,0.995941
175,0.992856
176,0.992022
177,0.990203
178,0.991477
179,0.990643
180,0.989461
181,0.987131
182,0.982737
183,0.97876
184,0.987714
185,0.981829
186,0.977343
187,0.980522
188,0.985904
189,0.985918
190,0.987196
191,0.989967
192,0.985539
193,0.990762
194,0.992271
195,0.994104
196,0.991052
197,0.991234
198,0.991899
199,0.990421
200,0.431369
201,0.123635
202,0.091889
203,0.037969
204,0.029224
205,0.043088
206,0.033339
207,0.022496
208,0.01981
209,0.01982
210,0.020336
211,0.016245
212,0.018452
213,0.041401
214,0.260137
215,0.950753
216,0.963677
217,0.976365
218,0.98189
219,0.991932
220,0.993987
221,0.99387
222,0.993245
223,0.993359
224,0.993
225,0.991919
226,0.990566
227,0.990166
228,0.993181
229,0.992372
230,0.994892
231,0.994252
232,0.994754
233,0.99419
234,0.993928
235,0.991577
236,0.994309
237,0.981698
238,0.981336
239,0.950086
240,0.409328
241,0.06108
242,0.019734
243,0.009828
244,0.007893
245,0.004215
246,0.004235
247,0.005797
248,0.004512
249,0.007094
250,0.006525
251,0.009218
252,0.01009
253,0.019962
254,0.016998
255,0.015165
256,0.018823
257,0.015474
258,0.014227
259,0.009714
260,0.010595
261,0.00591
262,0.004553
263,0.006013
264,0.095437
265,0.931527
266,0.94135
267,0.951016
268,0.952767
269,0.962393
270,0.976921
271,0.986869
272,0.97914
273,0.976737
274,0.980998
275,0.984534
276,0.984816
277,0.973484
278,0.963827
279,0.910471
280,0.11239
281,0.041157
282,0.013861
283,0.015858
284,0.020103
285,0.00506
286,0.00369
287,0.003947
288,0.00517
289,0.006801
290,0.007392
291,0.006992
292,0.007274
293,0.006268
294,0.007643
295,0.005809
296,0.005849
297,0.006413
298,0.006094
299,0.007763
300,0.008236
301,0.005089
302,0.029731
303,0.445676
304,0.988853
305,0.987582
306,0.992838
307,0.99619
308,0.995066
309,0.994535
310,0.993936
311,0.994612
312,0.995175
313,0.995913
314,0.864638
315,0.121113
316,0.032212
317,0.017866
318,0.018433
319,0.013007
320,0.00857
321,0.007759
322,0.008256
323,0.006756
324,0.007758
325,0.006102
326,0.005201
327,0.007316
328,0.007761
329,0.04375
330,0.809227
331,0.982329
332,0.994231
333,0.995406
334,0.995585
335,0.995225
336,0.995113
337,0.994642
338,0.994073
339,0.993473
340,0.992607
341,0.823317
342,0.114161
343,0.054745
344,0.024665
345,0.027215
346,0.010588
347,0.006783
348,0.007909
349,0.004626
350,0.00366
351,0.003159
352,0.003807
353,0.005534
354,0.002856
355,0.003045
356,0.003844
357,0.004004
358,0.00355
359,0.003763
360,0.004226
361,0.003692
362,0.003081
363,0.008888
364,0.005096
365,0.009175
366,0.009106
367,0.010358
368,0.010113
369,0.007085
370,0.058538
371,0.562914
372,0.967475
373,0.984967
374,0.991847
375,0.992496
376,0.979984
377,0.980617
378,0.982486
379,0.985235
380,0.987805
381,0.987866
382,0.987756
383,0.987472
384,0.989349
385,0.987953
386,0.98278
387,0.986347
388,0.983275
389,0.987919
390,0.987094
391,0.988495
392,0.987253
393,0.98719
394,0.98727
395,0.987086
396,0.989041
397,0.989922
398,0.987627
399,0.173585
400,0.058312
401,0.040319
402,0.011801
403,0.003032
404,0.001716
405,0.006824
406,0.005996
407,0.002933
408,0.002842
409,0.002927
410,0.003541
411,0.003471
412,0.003129
413,0.003615
414,0.003538
415,0.002941
416,0.002701
417,0.002302
418,0.001902
419,0.002448
420,0.003015
421,0.002821
422,0.002426
423,0.002656
424,0.002798
425,0.002195
426,0.002106
427,0.001985
428,0.002028
429,0.002478
430,0.002229
431,0.002201
432,0.002104
433,0.001832
434,0.00228
435,0.010593
436,0.286548
437,0.973009
438,0.994824
439,0.994312
440,0.992439
441,0.987744
442,0.98951
443,0.991111
444,0.993265
445,0.992034
446,0.993231
447,0.993696
448,0.993972
449,0.991762
450,0.990241
451,0.992256
452,0.989286
453,0.984388
454,0.980407
455,0.968406
456,0.975588
457,0.970689
458,0.969033
459,0.96759
460,0.970869
461,0.973655
462,0.966534
