1,0.964162
2,0.973146
3,0.977457
4,0.970489
5,0.967119
6,0.964239
7,0.984098
8,0.977943
9,0.916007
10,0.969206
11,0.98649
12,0.987768
13,0.971831
14,0.983277
15,0.98789
16,0.987801
17,0.981711
18,0.983593
19,0.957156
20,0.9665
21,0.968672
22,0.962699
23,0.967651
24,0.976242
25,0.969037
26,0.968211
27,0.966302
28,0.971334
29,0.968847
30,0.977219
31,0.974089
32,0.973479
33,0.970986
34,0.965532
35,0.963969
36,0.969138
37,0.976177
38,0.974473
39,0.972044
40,0.970118
41,0.968603
42,0.961189
43,0.974436
44,0.973031
45,0.952259
46,0.923989
47,0.924478
48,0.935381
49,0.940161
50,0.928518
51,0.899725
52,0.883201
53,0.861309
54,0.859723
55,0.845565
56,0.832424
57,0.833373
58,0.858348
59,0.178652
60,0.032357
61,0.019565
62,0.011346
63,0.00589
64,0.010741
65,0.012825
66,0.009698
67,0.011562
68,0.052796
69,0.189884
70,0.394003
71,0.237714
72,0.156689
73,0.149708
74,0.216657
75,0.22821
76,0.232059
77,0.180316
78,0.144855
79,0.162153
80,0.139576
81,0.430914
82,0.410886
83,0.409508
84,0.354098
85,0.072159
86,0.014785
87,0.006078
88,0.016569
89,0.005217
90,0.002914
91,0.003329
92,0.002999
93,0.002358
94,0.003636
95,0.003192
96,0.001147
97,0.002152
98,0.002034
99,0.00193
100,0.002211
101,0.001333
102,0.001554
103,0.001894
104,0.00447
105,0.0058
106,0.005485
107,0.001983
108,0.002618
109,0.003643
110,0.03024
111,0.174044
112,0.62614
113,0.725126
114,0.651677
115,0.623116
116,0.521434
117,0.523651
118,0.802001
119,0.723031
120,0.877852
121,0.84661
122,0.851138
123,0.854059
124,0.875959
125,0.766775
126,0.79113
127,0.759088
128,0.014358
129,0.012899
130,0.00399
131,0.006912
132,0.003452
133,0.003356
134,0.003583
135,0.003837
136,0.003963
137,0.004826
138,0.00588
139,0.005346
140,0.005864
141,0.006878
142,0.007248
143,0.009171
144,0.008158
145,0.007106
146,0.00197
147,0.001805
148,0.002386
149,0.003146
150,0.0239
151,0.259527
152,0.972077
153,0.990432
154,0.992489
155,0.991208
156,0.988858
157,0.990321
158,0.993479
159,0.994535
160,0.992786
161,0.99216
162,0.992377
163,0.396814
164,0.04524
165,0.02041
166,0.00801
167,0.011705
168,0.017555
169,0.00895
170,0.014522
171,0.006522
172,0.002483
173,0.001839
174,0.002187
175,0.002049
176,0.001818
177,0.002328
178,0.003195
179,0.003426
180,0.003835
181,0.003613
182,0.003224
183,0.000951
184,0.000939
185,0.00096
186,0.00134
187,0.000956
188,0.000546
189,0.000195
190,0.001105
191,0.000906
192,0.000852
193,0.001461
194,0.002245
195,0.002124
196,0.001411
197,0.001856
198,0.00183
199,0.001401
200,0.001881
201,0.00176
202,0.00169
203,0.002267
204,0.002101
205,0.003737
206,0.001963
207,0.003764
208,0.002964
209,0.003074
210,0.002922
211,0.004183
212,0.005115
213,0.001914
214,0.001671
215,0.001926
216,0.002165
217,0.002507
218,0.002035
219,0.002498
220,0.004866
221,0.006807
222,0.00328
223,0.062016
224,0.66293
225,0.952883
226,0.852736
227,0.912917
228,0.918432
229,0.839162
230,0.946118
231,0.943914
232,0.951388
233,0.944336
234,0.886185
235,0.694562
236,0.020563
237,0.009354
238,0.00359
239,0.006002
240,0.004644
241,0.002562
242,0.002805
243,0.002549
244,0.002629
245,0.002938
246,0.003488
247,0.00414
248,0.004287
249,0.004249
250,0.004337
251,0.004113
252,0.004701
253,0.003183
254,0.003132
255,0.003557
256,0.004184
257,0.004754
258,0.005688
259,0.005632
260,0.00549
261,0.005512
262,0.004255
263,0.003393
264,0.003183
265,0.00225
266,0.002242
267,0.002192
268,0.002286
269,0.002489
270,0.002964
271,0.003755
272,0.004169
273,0.003774
274,0.00424
275,0.005649
276,0.027574
277,0.158314
278,0.820469
279,0.683812
280,0.65753
281,0.803781
282,0.829206
283,0.67299
284,0.811113
285,0.798883
286,0.843552
287,0.809775
288,0.818157
289,0.336068
290,0.175748
291,0.02741
292,0.017751
293,0.018969
294,0.013405
295,0.012671
296,0.015313
297,0.015055
298,0.010103
299,0.010374
300,0.014133
301,0.003053
302,0.000753
303,0.004533
304,0.006042
305,0.006004
306,0.005625
307,0.002852
308,0.002391
309,0.002043
310,0.002057
311,0.001495
312,0.005507
313,0.013041
314,0.005021
315,0.114149
316,0.78533
317,0.974998
318,0.976421
319,0.967246
320,0.988869
321,0.992685
322,0.990257
323,0.990418
324,0.988087
325,0.991218
326,0.992419
327,0.988307
328,0.987273
329,0.98873
330,0.995128
331,0.992961
332,0.99076
333,0.890791
334,0.064217
335,0.006325
336,0.002794
337,0.004819
338,0.004143
339,0.004087
340,0.003924
341,0.003703
342,0.003255
343,0.003977
344,0.004333
345,0.004446
346,0.005166
347,0.007137
348,0.006452
349,0.00911
350,0.010342
351,0.018526
352,0.435347
353,0.922631
354,0.945933
355,0.981997
356,0.970116
357,0.981488
358,0.988285
359,0.988209
360,0.989142
361,0.990741
362,0.990369
363,0.993206
364,0.994125
365,0.993472
366,0.993619
367,0.992954
368,0.993111
369,0.993841
370,0.994286
371,0.991987
372,0.991912
373,0.988164
374,0.983987
375,0.986637
376,0.985761
377,0.993488
378,0.993419
379,0.990678
380,0.993386
381,0.994658
382,0.993411
383,0.9972
384,0.996481
385,0.996113
386,0.996938
387,0.996536
388,0.994931
389,0.996736
390,0.996126
391,0.996382
392,0.99709
393,0.997326
394,0.997193
395,0.991085
396,0.992389
397,0.991421
398,0.996522
399,0.996598
400,0.995629
401,0.991587
402,0.992349
403,0.991371
404,0.991328
405,0.991627
406,0.995321
407,0.995786
408,0.995623
409,0.996724
410,0.997263
411,0.99708
412,0.997009
413,0.996863
414,0.996671
415,0.996753
416,0.996735
417,0.99658
418,0.996788
419,0.997097
420,0.997348
421,0.990548
422,0.990429
423,0.990515
424,0.990157
425,0.990289
426,0.990974
427,0.990466
428,0.989767
429,0.996492
430,0.996245
431,0.996429
432,0.996016
433,0.996153
434,0.995776
435,0.996106
436,0.996657
437,0.996593
438,0.996627
439,0.996357
440,0.996719
441,0.99612
442,0.995847
443,0.994723
444,0.993877
445,0.994752
446,0.994916
447,0.995827
448,0.994931
449,0.993878
450,0.991251
451,0.987595
452,0.992838
453,0.985152
454,0.992725
455,0.992957
456,0.988342
457,0.992345
458,0.992553
459,0.992465
460,0.992792
461,0.993438
462,0.992958
463,0.992072
464,0.992067
465,0.991866
466,0.991674
467,0.991119
468,0.989852
469,0.989279
470,0.986855
471,0.986944
472,0.987612
473,0.984326
474,0.988368
475,0.988333
476,0.987786
477,0.987569
478,0.988487
479,0.987594
480,0.979413
481,0.962358
482,0.734301
483,0.409414
484,0.191147
485,0.03569
486,0.006789
487,0.008692
488,0.009823
489,0.008942
490,0.009725
491,0.008154
492,0.011131
493,0.011003
494,0.011763
495,0.01128
496,0.012529
497,0.012443
498,0.016163
499,0.01602
500,0.01415
501,0.010814
502,0.010845
503,0.011987
504,0.009834
505,0.007012
506,0.007475
507,0.006134
508,0.006606
509,0.007091
510,0.008232
511,0.009222
512,0.008314
513,0.007088
514,0.006401
515,0.005459
516,0.003963
517,0.003061
518,0.00355
519,0.003368
520,0.002502
521,0.002405
522,0.002211
523,0.028059
524,0.083595
525,0.946576
526,0.974209
527,0.970407
528,0.955454
529,0.98961
530,0.989855
531,0.990505
532,0.989824
533,0.991403
534,0.993586
535,0.993796
536,0.992261
537,0.992812
538,0.994617
539,0.994017
540,0.994156
541,0.985829
542,0.115146
543,0.012722
544,0.006423
545,0.012659
546,0.007702
547,0.011269
548,0.007823
549,0.009021
550,0.00864
551,0.008016
552,0.009857
553,0.008871
554,0.008861
555,0.008047
556,0.008037
557,0.007058
558,0.005917
559,0.005526
560,0.004918
561,0.004145
562,0.004
563,0.004096
564,0.00434
565,0.008613
566,0.008085
567,0.008304
568,0.008159
569,0.00811
570,0.008012
571,0.004663
572,0.020591
573,0.116457
574,0.58574
575,0.91359
576,0.811716
577,0.743393
578,0.741967
579,0.730582
580,0.848451
581,0.851078
582,0.913372
583,0.891068
584,0.896481
585,0.88722
586,0.902964
587,0.896607
588,0.837265
589,0.827564
590,0.092584
591,0.008112
592,0.007003
593,0.013121
594,0.012471
595,0.012466
596,0.012907
597,0.013885
598,0.015032
599,0.014331
600,0.014425
601,0.011893
602,0.012198
603,0.011091
604,0.011046
605,0.024958
606,0.134455
607,0.679326
608,0.790736
609,0.802428
610,0.693681
611,0.758348
612,0.655965
613,0.763748
614,0.785616
615,0.816409
616,0.803497
617,0.788208
618,0.695286
619,0.703132
620,0.67999
621,0.669509
622,0.680663
623,0.684076
624,0.69656
625,0.095647
626,0.009842
627,0.009054
628,0.009135
629,0.009127
630,0.010778
631,0.012034
632,0.013533
633,0.016552
634,0.018358
635,0.020456
636,0.026004
637,0.019026
638,0.01926
639,0.018029
640,0.018468
641,0.018983
642,0.018568
643,0.01821
644,0.017627
645,0.017144
646,0.016635
647,0.015366
648,0.020007
649,0.18726
650,0.898231
651,0.97124
652,0.950383
653,0.987395
654,0.981706
655,0.978774
656,0.968711
657,0.970332
658,0.222547
659,0.020103
660,0.022293
661,0.029098
662,0.021422
663,0.012448
664,0.004589
665,0.00367
666,0.002581
667,0.001465
668,0.002423
669,0.00155
670,0.002969
671,0.002748
672,0.002029
673,0.000589
674,0.000758
675,0.001069
676,0.000993
677,0.000985
678,0.001323
679,0.005521
680,0.007768
681,0.049428
682,0.322422
683,0.855508
684,0.964139
685,0.974173
686,0.967654
687,0.981178
688,0.976276
689,0.983064
690,0.984472
691,0.991091
692,0.990918
693,0.987022
694,0.988006
695,0.990825
696,0.990799
697,0.991603
698,0.222505
699,0.037391
700,0.024546
701,0.018735
702,0.013943
703,0.005764
704,0.008185
705,0.004593
706,0.005797
707,0.008182
708,0.007815
709,0.004114
710,0.004395
711,0.004247
712,0.004512
713,0.003818
714,0.006139
715,0.005966
716,0.0065
717,0.00651
718,0.003404
719,0.002871
720,0.00648
721,0.005936
722,0.006059
723,0.010717
724,0.009274
725,0.00884
726,0.002585
727,0.00363
728,0.003872
729,0.002817
730,0.002785
731,0.003905
732,0.004642
733,0.002737
734,0.00274
735,0.002921
736,0.003011
737,0.001394
738,0.000988
739,0.001031
740,0.001384
741,0.001529
742,0.001885
743,0.00202
744,0.006937
745,0.007389
746,0.007406
747,0.006994
748,0.012988
749,0.108121
750,0.599964
751,0.762268
752,0.542545
753,0.575186
754,0.621037
755,0.611861
756,0.580134
757,0.647927
758,0.491871
759,0.437578
760,0.474612
761,0.494963
762,0.540679
763,0.627089
764,0.651952
765,0.739297
766,0.773203
767,0.776356
768,0.542615
769,0.16078
770,0.166901
771,0.282391
772,0.226632
773,0.311209
774,0.17171
775,0.117225
776,0.147885
777,0.180001
778,0.263273
779,0.25536
780,0.300474
781,0.205308
782,0.160515
783,0.156889
784,0.01464
785,0.005069
786,0.004766
787,0.0028
788,0.006459
789,0.00914
790,0.009209
791,0.009654
792,0.009269
793,0.01194
794,0.012089
795,0.011497
796,0.011714
797,0.012381
798,0.012467
799,0.010364
800,0.009146
801,0.042374
802,0.191701
803,0.458793
804,0.236043
805,0.447206
806,0.501384
807,0.637508
808,0.444497
809,0.428801
810,0.420456
811,0.387745
812,0.454752
813,0.063341
814,0.013036
815,0.010381
816,0.004808
817,0.009444
818,0.006889
819,0.006812
820,0.006488
821,0.008567
822,0.008484
823,0.008775
824,0.00935
825,0.03788
826,0.197763
827,0.916889
828,0.963709
829,0.850142
830,0.89725
831,0.817386
832,0.916342
833,0.882397
834,0.726053
835,0.790322
836,0.875404
837,0.913433
838,0.909203
839,0.905065
840,0.900078
841,0.956813
842,0.948962
843,0.976569
844,0.981221
845,0.97732
846,0.916051
847,0.079713
848,0.022498
849,0.010857
850,0.005199
851,0.005963
852,0.00704
853,0.003975
854,0.002734
855,0.003571
856,0.002949
857,0.002775
858,0.003781
859,0.003834
860,0.003577
861,0.002647
862,0.004789
863,0.007309
864,0.008124
865,0.00164
866,0.00209
867,0.001453
868,0.001575
869,0.023684
870,0.779129
871,0.987661
872,0.992097
873,0.990765
874,0.991343
875,0.990642
876,0.989119
877,0.990671
878,0.991166
879,0.977718
880,0.974033
881,0.975341
882,0.17792
883,0.021993
884,0.00851
885,0.00275
886,0.00214
887,0.001681
888,0.001825
889,0.001621
890,0.001889
891,0.001923
892,0.000942
893,0.000928
894,0.000707
895,0.000673
896,0.00059
897,0.00059
898,0.000575
899,0.000811
900,0.001994
901,0.000421
902,0.001088
903,0.001335
904,0.000902
905,0.000899
906,0.000814
907,0.000853
908,0.001392
909,0.000701
910,0.005365
911,0.304873
912,0.961891
913,0.982473
914,0.985424
915,0.985019
916,0.980844
917,0.986733
918,0.978773
919,0.98053
920,0.983919
921,0.565498
922,0.046703
923,0.02135
924,0.00647
925,0.007608
926,0.00344
927,0.002805
928,0.012869
929,0.36799
930,0.945403
931,0.981061
932,0.973197
933,0.971773
934,0.974474
935,0.985559
936,0.983317
937,0.984694
938,0.985358
939,0.987224
940,0.986711
941,0.986179
942,0.983937
943,0.989372
944,0.993536
945,0.993187
946,0.993185
947,0.988198
948,0.988184
949,0.988854
950,0.989858
951,0.990207
952,0.990084
953,0.992954
954,0.992757
955,0.991744
956,0.989062
957,0.99399
958,0.99538
959,0.994074
960,0.99541
961,0.995303
962,0.995444
963,0.995446
964,0.995369
965,0.995737
966,0.994756
967,0.994263
968,0.994708
969,0.994867
970,0.995126
971,0.994633
972,0.995336
973,0.994567
974,0.994744
975,0.989509
976,0.990229
977,0.993146
978,0.97567
979,0.976753
980,0.97682
981,0.978877
982,0.98373
983,0.977758
984,0.973379
985,0.976565
986,0.981772
987,0.971532
988,0.995299
989,0.994085
990,0.994353
991,0.964863
992,0.321022
993,0.01793
994,0.004817
995,0.013092
996,0.003769
997,0.005483
998,0.004228
999,0.006373
1000,0.006907
1001,0.005724
1002,0.005167
1003,0.003839
1004,0.004982
1005,0.005092
1006,0.004676
1007,0.004573
1008,0.00177
1009,0.001881
1010,0.002085
1011,0.067972
1012,0.430673
1013,0.853469
1014,0.921024
1015,0.977002
1016,0.974045
1017,0.971479
