1,0.989527
2,0.990746
3,0.991369
4,0.993968
5,0.99476
6,0.992391
7,0.995402
8,0.992798
9,0.993445
10,0.993212
11,0.993315
12,0.994304
13,0.995836
14,0.995733
15,0.995548
16,0.995668
17,0.995797
18,0.995296
19,0.994965
20,0.995097
21,0.995596
22,0.9958
23,0.995588
24,0.996554
25,0.995137
26,0.995212
27,0.995042
28,0.99543
29,0.995812
30,0.996043
31,0.9963
32,0.996158
33,0.997057
34,0.994943
35,0.995529
36,0.994232
37,0.993636
38,0.992655
39,0.992664
40,0.993207
41,0.99186
42,0.990871
43,0.990407
44,0.990404
45,0.98999
46,0.98986
47,0.989381
48,0.988771
49,0.986089
50,0.98529
51,0.98274
52,0.98423
53,0.983413
54,0.98253
55,0.980485
56,0.980409
57,0.979098
58,0.979074
59,0.980634
60,0.972798
61,0.950717
62,0.951056
63,0.942972
64,0.940431
65,0.938922
66,0.939082
67,0.934343
68,0.926147
69,0.921818
70,0.93224
71,0.925627
72,0.931175
73,0.953022
74,0.943887
75,0.939652
76,0.92952
77,0.923295
78,0.913216
79,0.906269
80,0.91265
81,0.907027
82,0.872216
83,0.868255
84,0.889851
85,0.861839
86,0.868172
87,0.863259
88,0.844942
89,0.845944
90,0.828335
91,0.823112
92,0.835992
93,0.848777
94,0.850642
95,0.853119
96,0.854636
97,0.893563
98,0.90151
99,0.9036
100,0.906689
101,0.903993
102,0.910108
103,0.909446
104,0.904716
105,0.899993
106,0.89772
107,0.907749
108,0.911046
109,0.888425
110,0.884488
111,0.887163
112,0.881898
113,0.909482
114,0.907723
115,0.940692
116,0.948678
117,0.936673
118,0.935135
119,0.921756
120,0.931805
121,0.949335
122,0.949302
123,0.956961
124,0.958966
125,0.956415
126,0.970379
127,0.967908
128,0.969213
129,0.971841
130,0.980294
131,0.982174
132,0.983339
133,0.981274
134,0.981452
135,0.98088
136,0.982726
137,0.985939
138,0.987404
139,0.988238
140,0.990057
141,0.988867
142,0.989705
143,0.989534
144,0.990659
145,0.992563
146,0.995102
147,0.994837
148,0.995705
149,0.996002
150,0.996648
151,0.996898
152,0.99678
153,0.996601
154,0.996364
155,0.996545
156,0.996588
157,0.997758
158,0.997874
159,0.997796
160,0.997665
161,0.997493
162,0.997405
163,0.997364
164,0.99748
165,0.997611
166,0.997636
167,0.99744
168,0.997484
169,0.997148
170,0.996875
171,0.996665
172,0.996842
173,0.996795
174,0.996948
175,0.996996
176,0.997019
177,0.996548
178,0.996355
179,0.996552
180,0.996423
181,0.996711
182,0.996773
183,0.996462
184,0.996333
185,0.996606
186,0.996776
187,0.996739
188,0.996595
189,0.996361
190,0.995483
191,0.995679
192,0.995778
193,0.996436
194,0.996283
195,0.996374
196,0.996665
197,0.996611
198,0.996286
199,0.996102
200,0.996027
201,0.995876
202,0.995973
203,0.995667
204,0.995634
205,0.99482
206,0.995264
207,0.995136
208,0.994648
209,0.995248
210,0.994332
211,0.994642
212,0.994703
213,0.994115
214,0.994164
215,0.993416
216,0.993818
217,0.992847
218,0.993215
219,0.99349
220,0.992566
221,0.993035
222,0.9926
223,0.991995
224,0.990892
225,0.990505
226,0.9899
227,0.990841
228,0.991476
229,0.992121
230,0.991357
231,0.991169
232,0.993121
233,0.991634
234,0.990213
235,0.989622
236,0.988771
237,0.988169
238,0.98508
239,0.986397
240,0.984934
241,0.981923
242,0.98131
243,0.981586
244,0.98105
245,0.983529
246,0.983157
247,0.982289
248,0.980566
249,0.981611
250,0.98094
251,0.977726
252,0.975386
253,0.962045
254,0.963053
255,0.96573
256,0.960588
257,0.964354
258,0.959705
259,0.962809
260,0.961077
261,0.961401
262,0.958639
263,0.962105
264,0.965994
265,0.951174
266,0.950556
267,0.950967
268,0.946559
269,0.9668
270,0.954433
271,0.965185
272,0.965312
273,0.962456
274,0.956543
275,0.958643
276,0.955879
277,0.977495
278,0.977772
279,0.977735
280,0.976819
281,0.979415
282,0.978638
283,0.977593
284,0.980293
285,0.979407
286,0.97131
287,0.97062
288,0.973712
289,0.975103
290,0.973361
291,0.972285
292,0.979608
293,0.975142
294,0.974238
295,0.974604
296,0.972994
297,0.973727
298,0.975537
299,0.97475
300,0.975473
301,0.978804
302,0.978653
303,0.982922
304,0.975591
305,0.977845
306,0.979429
307,0.980043
308,0.979108
309,0.982686
310,0.984627
311,0.984364
312,0.98466
313,0.987871
314,0.988821
315,0.98989
316,0.988469
317,0.988844
318,0.98964
319,0.990953
320,0.993664
321,0.993883
322,0.993761
323,0.99431
324,0.994343
325,0.993226
326,0.993768
327,0.994337
328,0.994499
329,0.994543
330,0.994646
331,0.995353
332,0.995144
333,0.994951
334,0.995121
335,0.995163
336,0.99527
337,0.996291
338,0.996313
339,0.996213
340,0.996314
341,0.996332
342,0.995907
343,0.996167
344,0.996251
345,0.996125
346,0.995995
347,0.995757
348,0.995543
349,0.9959
350,0.995849
351,0.995786
352,0.996065
353,0.995706
354,0.995716
355,0.995741
356,0.995664
357,0.995636
358,0.99558
359,0.996084
360,0.996104
361,0.995361
362,0.995658
363,0.995191
364,0.995176
365,0.99557
366,0.996002
367,0.996104
368,0.996177
369,0.995613
370,0.995508
371,0.995617
372,0.995625
373,0.996215
374,0.996226
375,0.995944
376,0.995981
377,0.99655
378,0.996232
379,0.99648
380,0.996539
381,0.996656
382,0.996523
383,0.996597
384,0.996513
385,0.996504
386,0.99638
387,0.996314
388,0.996419
389,0.996221
390,0.996239
391,0.996189
392,0.996331
393,0.996531
394,0.996385
395,0.996324
396,0.996333
397,0.995863
398,0.995905
399,0.99582
400,0.995881
401,0.995858
402,0.995854
403,0.99561
404,0.995807
405,0.996069
406,0.995977
407,0.995815
408,0.995764
409,0.996767
410,0.996696
411,0.996601
412,0.996563
413,0.996584
414,0.996591
415,0.996477
416,0.996484
417,0.996727
418,0.996642
419,0.996592
420,0.996603
421,0.996558
422,0.996658
423,0.99663
424,0.996447
425,0.996289
426,0.996642
427,0.996972
428,0.996834
429,0.996668
430,0.996467
431,0.99652
432,0.996387
433,0.996709
434,0.997055
435,0.997059
436,0.997233
437,0.997236
438,0.997337
439,0.99731
440,0.997045
441,0.997151
442,0.997054
443,0.997113
444,0.997059
445,0.996283
446,0.996498
447,0.995941
448,0.995786
449,0.995369
450,0.995194
451,0.995177
452,0.995169
453,0.995403
454,0.995552
455,0.995281
456,0.99572
457,0.994931
458,0.994807
459,0.995082
460,0.994679
461,0.993849
462,0.993566
463,0.994426
464,0.994806
465,0.995023
466,0.99469
467,0.994511
468,0.994479
469,0.995493
470,0.994777
471,0.994117
472,0.994292
473,0.993863
474,0.994825
475,0.994702
476,0.995059
477,0.994566
478,0.994318
479,0.99416
480,0.994075
481,0.992523
482,0.99233
483,0.992252
484,0.990996
485,0.991314
486,0.992744
487,0.993026
488,0.991118
489,0.988621
490,0.990643
491,0.991206
492,0.989243
493,0.987865
494,0.988305
495,0.990368
496,0.987912
497,0.992716
498,0.992821
499,0.99272
500,0.992569
501,0.993361
502,0.993523
503,0.992171
504,0.991716
505,0.993898
506,0.994105
507,0.992142
508,0.992411
509,0.991599
510,0.988801
511,0.99142
512,0.993987
513,0.994634
514,0.995015
515,0.995308
516,0.996068
517,0.995806
518,0.995933
519,0.996052
520,0.996414
521,0.996537
522,0.996554
523,0.996561
524,0.996925
525,0.997027
526,0.996752
527,0.996781
528,0.996915
529,0.997046
530,0.997013
531,0.99692
532,0.996809
533,0.996895
534,0.996706
535,0.996813
536,0.996869
537,0.997062
538,0.99675
539,0.996702
540,0.996616
541,0.996523
542,0.996418
543,0.996223
544,0.996143
545,0.996238
546,0.996076
547,0.996049
548,0.995997
549,0.995851
550,0.995384
551,0.994424
552,0.994061
553,0.991782
554,0.990775
555,0.990941
556,0.991364
557,0.991298
558,0.99075
559,0.991028
560,0.990348
561,0.986782
562,0.986967
563,0.987924
564,0.991188
565,0.99025
566,0.990385
567,0.989035
568,0.987219
569,0.986071
570,0.986686
571,0.985098
572,0.984416
573,0.979981
574,0.979116
575,0.97984
576,0.977564
577,0.971074
578,0.966831
579,0.974136
580,0.96957
581,0.975917
582,0.974014
583,0.964277
584,0.957938
585,0.960815
586,0.966664
587,0.967792
588,0.962408
589,0.96205
590,0.963488
591,0.963433
592,0.962774
593,0.962825
594,0.966919
595,0.968939
596,0.970902
597,0.967338
598,0.966546
599,0.966216
600,0.967339
601,0.977093
602,0.979078
603,0.978437
604,0.974686
605,0.972914
606,0.97003
607,0.979723
608,0.974635
609,0.976265
610,0.968322
611,0.98321
612,0.968969
613,0.972084
614,0.97153
615,0.973864
616,0.972348
617,0.975866
618,0.972561
619,0.977822
620,0.977399
621,0.975122
622,0.967586
623,0.97003
624,0.981118
625,0.986348
626,0.987301
627,0.986975
628,0.985506
629,0.984559
630,0.986511
631,0.987352
632,0.988643
633,0.989537
634,0.993233
635,0.993406
636,0.995188
637,0.993275
638,0.992978
639,0.992486
640,0.992876
641,0.992887
642,0.993063
643,0.993447
644,0.996249
645,0.996218
646,0.996302
647,0.99668
648,0.996628
649,0.996681
650,0.997028
651,0.997385
652,0.997775
653,0.997597
654,0.997168
655,0.99708
656,0.997712
657,0.997806
658,0.997758
659,0.997662
660,0.997834
661,0.997471
662,0.997777
663,0.997832
664,0.997773
665,0.997416
666,0.997538
667,0.997659
668,0.9978
669,0.997884
670,0.997779
671,0.99772
672,0.997718
673,0.997357
674,0.997153
675,0.99716
676,0.997028
677,0.996859
678,0.99686
679,0.996641
680,0.996815
681,0.996821
682,0.996847
683,0.996942
684,0.996976
685,0.996973
686,0.996945
687,0.996999
688,0.997196
689,0.997229
690,0.997218
691,0.99723
692,0.997556
693,0.997352
694,0.99739
695,0.997413
696,0.997163
697,0.997608
698,0.997651
699,0.99768
700,0.99768
701,0.997609
702,0.997593
703,0.997522
704,0.997551
705,0.997552
706,0.997462
707,0.997368
708,0.997316
709,0.997129
710,0.997117
711,0.997079
712,0.997182
713,0.996999
714,0.997091
715,0.996949
716,0.996988
717,0.996819
718,0.996881
719,0.996745
720,0.995826
721,0.995068
722,0.994968
723,0.994366
724,0.993849
725,0.993637
726,0.992955
727,0.993828
728,0.991044
729,0.991271
730,0.991842
731,0.990187
732,0.98964
733,0.987401
734,0.987354
735,0.987283
736,0.985733
737,0.98245
738,0.983278
739,0.981757
740,0.980951
741,0.975505
742,0.968612
743,0.959921
744,0.958844
745,0.966123
746,0.963182
747,0.959162
748,0.962717
749,0.959556
750,0.955923
751,0.865691
752,0.881482
753,0.897214
754,0.892001
755,0.887828
756,0.900634
757,0.890164
758,0.895359
759,0.900895
760,0.898009
761,0.892194
762,0.933869
763,0.87762
764,0.904498
765,0.907494
766,0.910606
767,0.903969
768,0.922284
769,0.904389
770,0.903449
771,0.903612
772,0.904461
773,0.905895
774,0.884659
775,0.887457
776,0.914281
777,0.897412
778,0.887623
779,0.898529
780,0.869117
781,0.913992
782,0.909202
783,0.897357
784,0.897609
785,0.898733
786,0.899049
787,0.896331
788,0.891454
789,0.882006
790,0.894657
791,0.89801
792,0.894085
793,0.89615
794,0.904578
795,0.89998
796,0.929917
797,0.949742
798,0.954382
799,0.955961
800,0.964156
801,0.966289
802,0.965681
803,0.960657
804,0.966358
805,0.965809
806,0.965582
807,0.961562
808,0.961516
809,0.943696
810,0.949116
811,0.958192
812,0.953378
813,0.959604
814,0.962147
815,0.964027
816,0.971604
817,0.980673
818,0.980969
819,0.978781
820,0.979575
821,0.979872
822,0.979647
823,0.981059
824,0.980138
825,0.977139
826,0.976848
827,0.976318
828,0.979479
829,0.986071
830,0.945147
831,0.923539
832,0.977541
833,0.990749
834,0.993538
835,0.991748
836,0.989389
837,0.990366
838,0.99282
839,0.992402
840,0.993242
841,0.994576
842,0.995093
843,0.994942
844,0.995523
845,0.99578
846,0.995072
847,0.994565
848,0.995766
849,0.995968
850,0.996199
851,0.996316
852,0.996231
853,0.997024
854,0.996907
855,0.997182
856,0.99731
857,0.997347
858,0.997208
859,0.997117
860,0.997191
861,0.99687
862,0.996875
863,0.996641
864,0.996834
865,0.997358
866,0.997357
867,0.997356
868,0.99743
869,0.997414
870,0.997384
871,0.997355
872,0.997299
873,0.997326
874,0.997119
875,0.995064
876,0.898786
877,0.886829
878,0.989232
879,0.988209
880,0.987869
881,0.990004
882,0.994876
883,0.994588
884,0.994656
885,0.994518
886,0.994635
887,0.994819
888,0.994566
889,0.995406
890,0.995867
891,0.996022
892,0.996072
893,0.995998
894,0.995987
895,0.99599
896,0.99457
897,0.977324
898,0.966952
899,0.982475
900,0.992973
901,0.993503
902,0.992485
903,0.992651
904,0.992162
905,0.991622
906,0.991276
907,0.992939
908,0.993623
909,0.994052
910,0.993686
911,0.993106
912,0.992506
913,0.994673
914,0.9953
915,0.994936
916,0.995264
917,0.995318
918,0.995669
919,0.995467
920,0.995489
921,0.99532
922,0.995754
923,0.996232
924,0.996366
925,0.995272
926,0.995951
927,0.995157
928,0.99518
929,0.995156
930,0.994995
931,0.995769
932,0.995899
933,0.99541
934,0.995031
935,0.995151
936,0.995438
937,0.994634
938,0.994943
939,0.99489
940,0.99449
941,0.994271
942,0.995007
943,0.995183
944,0.995094
945,0.994702
946,0.994749
947,0.995056
948,0.994674
949,0.995986
950,0.995782
951,0.995905
952,0.995994
953,0.996105
954,0.996675
955,0.996363
956,0.996433
957,0.996454
958,0.995854
959,0.968933
960,0.978386
961,0.969007
962,0.986965
963,0.98557
964,0.986883
965,0.986317
966,0.98933
967,0.990351
968,0.990516
969,0.991462
970,0.991077
971,0.992942
972,0.992749
973,0.99347
974,0.994653
975,0.99426
976,0.994175
977,0.994289
978,0.994522
979,0.994734
980,0.994504
981,0.994971
982,0.995161
983,0.995191
984,0.995082
985,0.994811
986,0.994953
987,0.995102
988,0.995819
989,0.995488
990,0.995376
991,0.995852
992,0.99561
993,0.995604
994,0.994298
995,0.993937
996,0.994262
997,0.995093
998,0.995239
999,0.99521
1000,0.994159
1001,0.989612
1002,0.98135
1003,0.989571
1004,0.993007
1005,0.992126
1006,0.991563
1007,0.99244
1008,0.991962
1009,0.993421
1010,0.990335
1011,0.990044
1012,0.99082
1013,0.99207
1014,0.99224
1015,0.993016
1016,0.99275
1017,0.993194
1018,0.992209
1019,0.994359
1020,0.993865
1021,0.993791
1022,0.994359
1023,0.99385
1024,0.992645
1025,0.9941
1026,0.994307
1027,0.99282
1028,0.992908
1029,0.993119
1030,0.993298
1031,0.993605
1032,0.993576
1033,0.995583
1034,0.99542
1035,0.995554
1036,0.99598
1037,0.995646
1038,0.996233
1039,0.995962
1040,0.996208
1041,0.995839
1042,0.995545
1043,0.995789
1044,0.995864
1045,0.995683
1046,0.994907
1047,0.994429
1048,0.994936
1049,0.994601
1050,0.994371
1051,0.994658
1052,0.99478
1053,0.994638
1054,0.994811
1055,0.994695
1056,0.994688
1057,0.994444
1058,0.994833
1059,0.995018
1060,0.995338
1061,0.993933
1062,0.985751
1063,0.983208
1064,0.987659
1065,0.990692
1066,0.99184
1067,0.992668
1068,0.992574
1069,0.993603
1070,0.994056
1071,0.993909
1072,0.993121
1073,0.993757
1074,0.993341
1075,0.993645
1076,0.993136
1077,0.993288
1078,0.993179
1079,0.993712
1080,0.993631
1081,0.990808
1082,0.991478
1083,0.991808
1084,0.991973
1085,0.992082
1086,0.992643
1087,0.985627
1088,0.93069
1089,0.899003
1090,0.959638
1091,0.985866
1092,0.987085
1093,0.987145
1094,0.988439
1095,0.986583
1096,0.987127
1097,0.986821
1098,0.986973
1099,0.987486
1100,0.988175
1101,0.987876
1102,0.988147
1103,0.987187
1104,0.988439
1105,0.992093
1106,0.992298
1107,0.992486
1108,0.992595
1109,0.992475
1110,0.992817
1111,0.99245
1112,0.993834
1113,0.994072
1114,0.993992
1115,0.993694
1116,0.991908
1117,0.989871
1118,0.990196
1119,0.988727
1120,0.98879
1121,0.990517
1122,0.989522
1123,0.989185
1124,0.988514
1125,0.989762
1126,0.989736
1127,0.99015
1128,0.990157
1129,0.99226
1130,0.992516
1131,0.992266
1132,0.993556
1133,0.992725
1134,0.992342
1135,0.992501
1136,0.991841
1137,0.992273
1138,0.992231
1139,0.992809
1140,0.991879
1141,0.992105
1142,0.992112
1143,0.992751
1144,0.993616
1145,0.992754
1146,0.99269
1147,0.993412
1148,0.993704
1149,0.993996
1150,0.994004
1151,0.99429
1152,0.993932
1153,0.993664
1154,0.99376
1155,0.994053
1156,0.994257
1157,0.994116
1158,0.994341
1159,0.993974
1160,0.994299
1161,0.99448
1162,0.994615
1163,0.994337
1164,0.993457
1165,0.993427
1166,0.992917
1167,0.993761
1168,0.994461
1169,0.994731
1170,0.994792
1171,0.994591
1172,0.994067
1173,0.993135
1174,0.993234
1175,0.993908
1176,0.994065
1177,0.99361
1178,0.993334
1179,0.978821
1180,0.961437
1181,0.974493
1182,0.982099
1183,0.979148
1184,0.986384
1185,0.990176
1186,0.991139
1187,0.99153
1188,0.992545
1189,0.992676
1190,0.992954
1191,0.992223
1192,0.992304
1193,0.993267
1194,0.993238
1195,0.993425
1196,0.993191
1197,0.993179
1198,0.993955
1199,0.994147
1200,0.994493
1201,0.993736
1202,0.994347
1203,0.993528
1204,0.993302
1205,0.992787
1206,0.992684
1207,0.992244
1208,0.99252
1209,0.993179
1210,0.993562
1211,0.993354
1212,0.994002
1213,0.995322
1214,0.995735
1215,0.995072
1216,0.994299
1217,0.994176
1218,0.993693
1219,0.99452
1220,0.994348
1221,0.994287
1222,0.994892
1223,0.994617
1224,0.994846
1225,0.993605
1226,0.993187
1227,0.993332
1228,0.992842
1229,0.993127
1230,0.993255
1231,0.99268
1232,0.991397
1233,0.991475
1234,0.992799
1235,0.992311
1236,0.992236
1237,0.985576
1238,0.98588
1239,0.986382
1240,0.987369
1241,0.986132
1242,0.985491
1243,0.984032
1244,0.982553
1245,0.977024
1246,0.975507
1247,0.969135
1248,0.971289
1249,0.96071
1250,0.961707
1251,0.940937
1252,0.94096
1253,0.927869
1254,0.927932
1255,0.941237
1256,0.92595
1257,0.931968
1258,0.938017
1259,0.940545
1260,0.938596
1261,0.936033
1262,0.939743
1263,0.935905
1264,0.931021
1265,0.927638
1266,0.92479
1267,0.913339
1268,0.89192
1269,0.885062
1270,0.889934
1271,0.884891
1272,0.891446
1273,0.865091
1274,0.870806
1275,0.888545
1276,0.867711
1277,0.862061
1278,0.868589
1279,0.890446
1280,0.8616
1281,0.847861
1282,0.829607
1283,0.842167
1284,0.827978
1285,0.838658
1286,0.818865
1287,0.786675
1288,0.741204
1289,0.701084
1290,0.734178
1291,0.726164
1292,0.724031
1293,0.720783
1294,0.696617
1295,0.699813
1296,0.704779
1297,0.660762
1298,0.663096
1299,0.639223
1300,0.667786
1301,0.700679
1302,0.727717
1303,0.745061
1304,0.74463
1305,0.755394
1306,0.825132
1307,0.838055
1308,0.836118
1309,0.88831
1310,0.892226
1311,0.898987
1312,0.893102
1313,0.898573
1314,0.932409
1315,0.932003
1316,0.935687
1317,0.933653
1318,0.924792
1319,0.931562
1320,0.949841
1321,0.940104
1322,0.928231
1323,0.932538
1324,0.943431
1325,0.942462
1326,0.947866
1327,0.956778
1328,0.963893
1329,0.965663
1330,0.974657
1331,0.972042
1332,0.979059
1333,0.974605
1334,0.970325
1335,0.971707
1336,0.971688
1337,0.973829
1338,0.975407
1339,0.977491
1340,0.979908
1341,0.983497
1342,0.987081
1343,0.988562
1344,0.988663
1345,0.989242
1346,0.990254
1347,0.989323
1348,0.990081
1349,0.990427
1350,0.99081
1351,0.991416
1352,0.991246
1353,0.991018
1354,0.990936
