1,0.84197
2,0.900125
3,0.868223
4,0.852746
5,0.841018
6,0.860122
7,0.826369
8,0.791334
9,0.84804
10,0.812422
11,0.849624
12,0.829385
13,0.787379
14,0.784547
15,0.789781
16,0.786874
17,0.779482
18,0.830198
19,0.845983
20,0.850273
21,0.813134
22,0.877298
23,0.847085
24,0.7666
25,0.59529
26,0.664274
27,0.480847
28,0.31545
29,0.343518
30,0.432469
31,0.445845
32,0.620745
33,0.650741
34,0.771222
35,0.681818
36,0.622173
37,0.732477
38,0.744595
39,0.843827
40,0.960562
41,0.964277
42,0.911992
43,0.972294
44,0.945707
45,0.947495
46,0.862323
47,0.791897
48,0.786155
49,0.946571
50,0.513061
51,0.482109
52,0.416049
53,0.477403
54,0.536134
55,0.47526
56,0.349888
57,0.323977
58,0.412239
59,0.97296
60,0.926325
61,0.968169
62,0.773231
63,0.207665
64,0.096356
65,0.222381
66,0.046579
67,0.036376
68,0.10114
69,0.03305
70,0.080421
71,0.023977
72,0.033172
73,0.035249
74,0.041243
75,0.016823
76,0.015435
77,0.008452
78,0.006232
79,0.005589
80,0.004949
81,0.00447
82,0.005905
83,0.005234
84,0.005038
85,0.002353
86,0.003393
87,0.002601
88,0.003733
89,0.024642
90,0.018338
91,0.013026
92,0.009919
93,0.011524
94,0.011739
95,0.013388
96,0.013911
97,0.015194
98,0.019589
99,0.033811
100,0.03789
101,0.041881
102,0.615575
103,0.913828
104,0.960158
105,0.718009
106,0.139738
107,0.049997
108,0.051186
109,0.039175
110,0.041639
111,0.044821
112,0.052927
113,0.051227
114,0.048191
115,0.322323
116,0.418026
117,0.392453
118,0.413345
119,0.511873
120,0.895516
121,0.870652
122,0.842479
123,0.937595
124,0.917608
125,0.681083
126,0.423159
127,0.42656
128,0.423063
129,0.500798
130,0.538253
131,0.793974
132,0.889876
133,0.804655
134,0.051222
135,0.000592
136,0.000835
137,0.000818
138,0.000579
139,0.000458
140,0.000711
141,0.00046
142,0.000414
143,0.001123
144,0.001386
145,0.000891
146,0.001967
147,0.10252
148,0.972813
149,0.959914
150,0.970752
151,0.985467
152,0.966178
153,0.9677
154,0.951603
155,0.934823
156,0.948224
157,0.941292
158,0.817229
159,0.565631
160,0.015187
161,0.007301
162,0.005908
163,0.00483
164,0.003516
165,0.003103
166,0.001507
167,0.004471
168,0.006534
169,0.001807
170,0.00141
171,0.003878
172,0.004484
173,0.003543
174,0.0054
175,0.003925
176,0.003429
177,0.002698
178,0.10007
179,0.819276
180,0.987862
181,0.941899
182,0.971057
183,0.964579
184,0.958001
185,0.979442
186,0.927567
187,0.91888
188,0.913922
189,0.94153
190,0.929148
191,0.948744
192,0.943193
193,0.953548
194,0.950859
195,0.938331
196,0.943778
197,0.985914
198,0.959035
199,0.945556
200,0.984234
201,0.982478
202,0.977832
203,0.960254
204,0.961161
205,0.901309
206,0.802603
207,0.721702
208,0.743075
209,0.697871
210,0.709022
211,0.73708
212,0.840158
213,0.88678
214,0.884174
215,0.931906
216,0.929018
217,0.855719
218,0.802616
219,0.798944
220,0.778195
221,0.777139
222,0.83462
223,0.807692
224,0.81562
225,0.918422
226,0.852353
227,0.787983
228,0.225019
229,0.003567
230,0.003452
231,0.001266
232,0.0016
233,0.001611
234,0.001175
235,0.000831
236,0.000729
237,0.000681
238,0.000662
239,0.000656
240,0.00075
241,0.0009
242,0.000865
243,0.001103
244,0.0011
245,0.001054
246,0.00085
247,0.000962
248,0.000984
249,0.000616
250,0.000596
251,0.000452
252,0.00022
253,0.000259
254,0.000319
255,0.00033
256,0.000332
257,0.000329
258,0.094067
259,0.605126
260,0.384013
261,0.365188
262,0.138573
263,0.098428
264,0.063982
265,0.100817
266,0.151694
267,0.10654
268,0.748214
269,0.758383
270,0.124893
271,0.010481
272,0.001163
273,0.000932
274,0.000834
275,0.000967
276,0.00181
277,0.001723
278,0.001417
279,0.00127
280,0.001828
281,0.001865
282,0.00219
283,0.001771
284,0.001728
285,0.001148
286,0.001138
287,0.002019
288,0.005166
289,0.004072
290,0.003023
291,0.009279
292,0.075726
293,0.42306
294,0.961509
295,0.957778
296,0.981099
297,0.970938
298,0.968322
299,0.970592
300,0.967069
301,0.963704
302,0.965304
303,0.881652
304,0.801727
305,0.634543
306,0.158905
307,0.013314
308,0.011858
309,0.03259
310,0.009456
311,0.004459
312,0.005407
313,0.003498
314,0.003068
315,0.002733
316,0.003599
317,0.00299
318,0.002688
319,0.002276
320,0.003499
321,0.004278
322,0.004343
323,0.003449
324,0.003384
325,0.005358
326,0.006376
327,0.004062
328,0.004483
329,0.00788
330,0.006704
331,0.009256
332,0.01076
333,0.009577
334,0.010462
335,0.004365
336,0.011346
337,0.007582
338,0.007985
339,0.008615
340,0.005034
341,0.004517
342,0.00243
343,0.002563
344,0.001853
345,0.001931
346,0.002032
347,0.001361
348,0.00234
349,0.003499
350,0.006971
351,0.006128
352,0.004061
353,0.002707
354,0.001856
355,0.002008
356,0.001939
357,0.001706
358,0.000981
359,0.000924
360,0.000291
361,0.000471
362,0.000469
363,0.000462
364,0.00221
365,0.014003
366,0.019091
367,0.010992
368,0.009881
369,0.012573
370,0.012626
371,0.014291
372,0.012398
373,0.003102
374,0.003677
375,0.003212
376,0.003552
377,0.002455
378,0.002217
379,0.001488
380,0.000566
381,0.00048
382,0.000176
383,0.000182
384,0.000171
385,0.000156
386,0.000178
387,0.000185
388,0.000168
389,0.000162
390,0.000177
391,0.000154
392,0.000174
393,0.000167
394,0.00018
395,0.000193
396,0.000162
397,0.000175
398,0.000152
399,0.000164
400,0.000153
401,0.000266
402,0.000319
403,0.000364
404,0.000439
405,0.005401
406,0.007039
407,0.005038
408,0.008904
409,0.01122
410,0.009161
411,0.004544
412,0.005961
413,0.01003
414,0.011243
415,0.006745
416,0.006459
417,0.006623
418,0.006005
419,0.005237
420,0.007542
421,0.004497
422,0.004575
423,0.003789
424,0.00384
425,0.003891
426,0.004084
427,0.002859
428,0.004031
429,0.004387
430,0.004551
431,0.003705
432,0.0033
433,0.003226
434,0.00322
435,0.002727
436,0.002798
437,0.003337
438,0.003283
439,0.003436
440,0.00353
441,0.003883
442,0.004672
443,0.008187
444,0.008068
445,0.008875
446,0.008181
447,0.008415
448,0.007178
449,0.005663
450,0.003914
451,0.001278
452,0.001759
453,0.002228
454,0.002635
455,0.00167
456,0.002138
457,0.001683
458,0.001699
459,0.001453
460,0.001341
461,0.001011
462,0.001044
463,0.000938
464,0.001277
465,0.001496
466,0.001714
467,0.00156
468,0.001664
469,0.00203
470,0.002388
471,0.002076
472,0.002659
473,0.00292
474,0.010161
475,0.616352
476,0.945707
477,0.98389
478,0.989183
479,0.990726
480,0.992968
481,0.991521
482,0.991882
483,0.990156
484,0.992583
485,0.805115
486,0.020019
487,0.003463
488,0.00241
489,0.008325
490,0.006099
491,0.005162
492,0.005319
493,0.005544
494,0.005237
495,0.003552
496,0.003542
497,0.002889
498,0.002842
499,0.002901
500,0.002865
501,0.003272
502,0.002686
503,0.00256
504,0.003019
505,0.005233
506,0.004131
507,0.002529
508,0.002252
509,0.002052
510,0.001441
511,0.001209
512,0.001908
513,0.001545
514,0.001557
515,0.001555
516,0.001491
517,0.001391
518,0.001539
519,0.001438
520,0.001515
521,0.001698
522,0.001888
523,0.00157
524,0.001302
525,0.001232
526,0.001261
527,0.001171
528,0.001082
529,0.001222
530,0.001755
531,0.001639
532,0.001776
533,0.001609
534,0.001865
535,0.002049
536,0.002043
537,0.001781
538,0.00174
539,0.001877
540,0.001849
541,0.001881
542,0.001452
543,0.001269
544,0.00119
545,0.001059
546,0.001179
547,0.00157
548,0.001705
549,0.001951
550,0.004351
551,0.005199
552,0.006318
553,0.008222
554,0.009711
555,0.006707
556,0.007225
557,0.006535
558,0.005829
559,0.008856
560,0.007665
561,0.004584
562,0.005442
563,0.004919
564,0.004404
565,0.003088
566,0.0035
567,0.005464
568,0.005106
569,0.006429
570,0.007003
571,0.007785
572,0.00532
573,0.005448
574,0.007182
575,0.006605
576,0.006685
577,0.004514
578,0.004278
579,0.004503
580,0.004288
581,0.004216
582,0.003405
583,0.003639
584,0.003516
585,0.004793
586,0.003356
587,0.003551
588,0.003893
589,0.002603
590,0.003029
591,0.002549
592,0.002456
593,0.002482
594,0.002394
595,0.002737
596,0.002387
597,0.002769
598,0.002695
599,0.002875
600,0.003296
601,0.002356
602,0.00237
603,0.002382
604,0.002865
605,0.004904
606,0.498321
607,0.62397
608,0.649237
609,0.443444
610,0.609819
611,0.501444
612,0.385383
613,0.154613
614,0.725097
615,0.789559
616,0.275476
617,0.203585
618,0.267005
619,0.195959
620,0.882573
621,0.816262
622,0.806801
623,0.376974
624,0.642914
625,0.609156
626,0.623629
627,0.504965
628,0.728369
629,0.945731
630,0.877687
631,0.928358
