1,0.742749
2,0.68552
3,0.719988
4,0.744505
5,0.777028
6,0.758556
7,0.830524
8,0.65377
9,0.879276
10,0.878075
11,0.595413
12,0.610543
13,0.283312
14,0.301861
15,0.23681
16,0.24832
17,0.491216
18,0.501688
19,0.403172
20,0.385902
21,0.324928
22,0.345344
23,0.279884
24,0.292567
25,0.214432
26,0.220665
27,0.227891
28,0.353729
29,0.262686
30,0.251766
31,0.247045
32,0.25409
33,0.314561
34,0.414887
35,0.404716
36,0.502668
37,0.478004
38,0.552707
39,0.460384
40,0.405418
41,0.288767
42,0.280028
43,0.274646
44,0.341842
45,0.323042
46,0.404985
47,0.336322
48,0.164887
49,0.074452
50,0.042837
51,0.018613
52,0.014411
53,0.011011
54,0.009946
55,0.015679
56,0.065529
57,0.047577
58,0.049602
59,0.030447
60,0.140122
61,0.134898
62,0.135417
63,0.265743
64,0.652541
65,0.407636
66,0.032293
67,0.00096
68,0.000836
69,0.000728
70,0.002614
71,0.002624
72,0.004221
73,0.000943
74,0.001837
75,0.002212
76,0.010315
77,0.661024
78,0.728177
79,0.675884
80,0.664958
81,0.594075
82,0.2273
83,0.742025
84,0.731213
85,0.243994
86,0.679173
87,0.332882
88,0.781333
89,0.77266
90,0.848307
91,0.817134
92,0.869388
93,0.875097
94,0.881839
95,0.816624
96,0.817423
97,0.82116
98,0.807819
99,0.842324
100,0.856919
101,0.914922
102,0.900849
103,0.887378
104,0.882067
105,0.879657
106,0.878795
107,0.862877
108,0.861214
109,0.882359
110,0.892976
111,0.878327
112,0.895854
113,0.855268
114,0.719176
115,0.683774
116,0.54523
117,0.022029
118,0.004707
119,0.000912
120,0.000736
121,0.000886
122,0.000505
123,0.000743
124,0.001507
125,0.001038
126,0.001388
127,0.001407
128,0.002378
129,0.003322
130,0.004563
131,0.002759
132,0.001693
133,0.001384
134,0.001808
135,0.001391
136,0.000461
137,0.000373
138,0.000291
139,0.00015
140,0.000152
141,0.000141
142,9.9e-05
143,0.000119
144,0.000452
145,0.000189
146,0.000488
147,0.000369
148,0.000329
149,0.00045
150,0.000326
151,0.000319
152,0.000365
153,0.00035
154,0.000396
155,0.000435
156,0.000979
157,0.000299
158,0.000238
159,0.00034
160,0.000243
161,0.000328
162,0.000546
163,0.000494
164,0.000617
165,0.000716
166,0.000803
167,0.000346
168,0.0004
169,0.000265
170,0.000249
171,0.000245
172,0.000225
173,0.000336
174,0.000374
175,0.000359
176,0.00037
177,0.000382
178,0.000525
179,0.000584
180,0.000485
181,0.001001
182,0.001062
183,0.000765
184,0.001503
185,0.001334
186,0.001425
187,0.001562
188,0.000852
189,0.000806
190,0.000573
191,0.000976
192,0.000866
193,0.001644
194,0.001677
195,0.001918
196,0.001922
197,0.001864
198,0.00223
199,0.00195
200,0.001854
201,0.002624
202,0.002168
203,0.00181
204,0.001795
205,0.002469
206,0.003368
207,0.003936
208,0.003129
209,0.003317
210,0.003061
211,0.002089
212,0.002128
213,0.001806
214,0.002014
215,0.00224
216,0.002348
217,0.003918
218,0.005948
219,0.129569
220,0.55094
221,0.558906
222,0.365398
223,0.483056
224,0.450146
225,0.714383
226,0.694757
227,0.75595
228,0.71545
229,0.58463
230,0.020371
231,0.003814
232,0.002167
233,0.003511
234,0.002889
235,0.00301
236,0.003515
237,0.004555
238,0.00528
239,0.005576
240,0.004094
241,0.005278
242,0.003037
243,0.003496
244,0.003743
245,0.004628
246,0.004779
247,0.004786
248,0.004071
249,0.004354
250,0.003927
251,0.003689
252,0.003195
253,0.003775
254,0.003494
255,0.003667
256,0.004487
257,0.004412
258,0.004805
259,0.00471
260,0.005052
261,0.006163
262,0.005463
263,0.005685
264,0.005486
265,0.004104
266,0.00404
267,0.004239
268,0.004628
269,0.005837
270,0.005841
271,0.005845
272,0.005102
273,0.004305
274,0.004203
275,0.004035
276,0.003586
277,0.003238
278,0.003182
279,0.003054
280,0.003009
281,0.002902
282,0.003466
283,0.002829
284,0.002904
285,0.002577
286,0.002447
287,0.002334
288,0.003264
289,0.003813
290,0.004058
291,0.002809
292,0.003151
293,0.002828
294,0.003517
295,0.003503
296,0.003105
297,0.002832
298,0.003846
299,0.002593
300,0.003279
301,0.002475
302,0.009203
303,0.649168
304,0.770128
305,0.943243
306,0.937127
307,0.968728
308,0.967229
309,0.961791
310,0.957774
311,0.956098
312,0.043555
313,0.010724
314,0.009165
315,0.006555
316,0.006826
317,0.005591
318,0.005997
319,0.004771
320,0.005235
321,0.003994
322,0.003896
323,0.007442
324,0.008016
325,0.005339
326,0.005798
327,0.002671
328,0.001816
329,0.002012
330,0.004871
331,0.002254
332,0.001543
333,0.002052
334,0.001653
335,0.001536
336,0.001413
337,0.000849
338,0.000811
339,0.00115
340,0.000751
341,0.000787
342,0.000644
343,0.000679
344,0.001335
345,0.002172
346,0.002213
347,0.002647
348,0.003125
349,0.003225
350,0.00386
351,0.003056
352,0.003618
353,0.007225
354,0.008527
355,0.007816
356,0.009266
357,0.00962
358,0.010206
359,0.009887
360,0.01388
361,0.012033
362,0.012487
363,0.016363
364,0.016004
365,0.014051
366,0.013632
367,0.013114
368,0.00422
369,0.004158
370,0.011128
371,0.0095
372,0.010159
373,0.007162
374,0.007998
375,0.005229
376,0.00533
377,0.005122
378,0.005601
379,0.006131
380,0.00642
381,0.005987
382,0.005839
383,0.004722
384,0.005225
385,0.005901
386,0.005121
387,0.005595
388,0.005397
389,0.005345
390,0.003741
391,0.003434
392,0.006419
393,0.003808
394,0.004103
395,0.004779
396,0.004174
397,0.003887
398,0.004443
399,0.006477
400,0.005973
401,0.005689
402,0.002064
403,0.003234
404,0.004765
405,0.005904
406,0.004096
407,0.003263
408,0.001944
409,0.002134
410,0.002324
411,0.002336
412,0.003868
413,0.004419
414,0.003906
415,0.003481
416,0.003393
417,0.002301
418,0.003263
419,0.005651
420,0.005857
421,0.005096
422,0.005735
423,0.00579
424,0.004637
425,0.002733
426,0.005871
427,0.002961
428,0.002336
429,0.00232
430,0.003018
431,0.00331
432,0.003208
433,0.005396
434,0.005348
435,0.004546
436,0.004374
437,0.003487
438,0.003042
439,0.003368
440,0.003447
441,0.00368
442,0.006037
443,0.00384
444,0.001016
445,0.001474
446,0.001111
447,0.001192
448,0.001024
449,0.001229
450,0.001596
451,0.001225
452,0.001869
453,0.002477
454,0.002093
455,0.001882
456,0.00189
457,0.002154
458,0.001733
459,0.001835
460,0.001876
461,0.001792
462,0.001295
463,0.001531
464,0.001642
465,0.00309
466,0.004329
467,0.004509
468,0.004746
469,0.004475
470,0.005181
471,0.005522
472,0.002858
473,0.002524
474,0.002802
475,0.003013
476,0.004206
477,0.003772
478,0.003457
479,0.004485
480,0.002647
481,0.001868
482,0.001566
483,0.00211
484,0.002363
485,0.002501
486,0.003756
487,0.003665
488,0.007575
489,0.006939
490,0.003824
491,0.003977
492,0.003249
493,0.003845
494,0.006807
495,0.004119
496,0.009201
497,0.00562
498,0.003833
499,0.003541
500,0.004174
501,0.003712
502,0.003984
503,0.00467
504,0.003829
505,0.006473
506,0.010283
507,0.011963
508,0.005061
509,0.007014
510,0.005822
511,0.004637
512,0.004311
513,0.004543
514,0.003982
515,0.003096
516,0.003068
517,0.001454
518,0.001379
519,0.001755
520,0.002061
521,0.002493
522,0.002933
523,0.002495
524,0.004444
525,0.004706
526,0.006015
527,0.004957
528,0.004236
529,0.003974
530,0.030131
531,0.8573
532,0.950188
533,0.931308
534,0.872556
535,0.874146
536,0.933125
537,0.931995
538,0.90042
539,0.912037
540,0.932679
541,0.87355
542,0.986316
543,0.980074
544,0.885915
545,0.67612
546,0.208649
547,0.015518
548,0.006383
549,0.004122
550,0.005337
551,0.004355
552,0.004438
553,0.006606
554,0.010166
555,0.005552
556,0.006199
557,0.005472
558,0.005271
559,0.004524
560,0.008484
561,0.005663
562,0.006385
563,0.006257
564,0.006089
565,0.003427
566,0.00612
567,0.006123
568,0.005563
569,0.003321
570,0.008651
571,0.008981
572,0.009139
573,0.007543
574,0.008071
575,0.009293
576,0.009668
577,0.008966
578,0.009536
579,0.010053
580,0.009897
581,0.007733
582,0.004422
583,0.004148
584,0.00309
585,0.002825
586,0.002671
587,0.002077
588,0.001969
589,0.001778
590,0.001964
591,0.00171
592,0.001515
593,0.001533
594,0.001704
595,0.001966
596,0.001887
597,0.001603
598,0.001975
599,0.002118
600,0.002305
601,0.002385
602,0.002545
603,0.002785
604,0.002945
605,0.003296
606,0.003426
607,0.002891
608,0.002607
609,0.003662
610,0.004371
611,0.003981
612,0.004846
613,0.005431
614,0.003
615,0.003901
616,0.004036
617,0.004141
618,0.003944
619,0.003324
620,0.003546
621,0.002694
622,0.001997
623,0.001887
624,0.00205
625,0.001123
626,0.001458
627,0.000987
628,0.000942
629,0.000948
630,0.000953
631,0.000947
632,0.002494
633,0.002714
634,0.002364
635,0.00216
636,0.002327
637,0.002529
638,0.002699
639,0.002463
640,0.00253
641,0.002379
642,0.002522
643,0.002625
644,0.002845
645,0.003296
646,0.003606
647,0.002923
648,0.003254
649,0.003671
650,0.001444
651,0.001175
652,0.004004
653,0.00127
654,0.001269
655,0.001084
656,0.001166
657,0.001228
658,0.002243
659,0.002213
660,0.002201
661,0.001798
662,0.002082
663,0.002461
664,0.003193
665,0.003013
666,0.00303
667,0.003478
668,0.002776
669,0.002467
670,0.002998
671,0.002514
672,0.001984
673,0.001839
674,0.001782
675,0.001978
676,0.001853
677,0.002219
678,0.001806
679,0.00264
680,0.002667
681,0.003637
682,0.003083
683,0.004852
684,0.006416
685,0.004782
686,0.004899
687,0.004781
688,0.005053
689,0.009042
690,0.007071
691,0.006291
692,0.006959
693,0.007767
694,0.009991
695,0.006843
696,0.006288
697,0.010282
698,0.010227
699,0.010253
700,0.01196
701,0.012825
702,0.010333
703,0.01075
704,0.011848
705,0.011859
706,0.011621
707,0.012343
708,0.005667
709,0.005889
710,0.004147
711,0.00526
712,0.004354
713,0.004029
714,0.004067
715,0.003951
716,0.00364
717,0.003418
718,0.003195
719,0.003155
720,0.003013
721,0.002133
722,0.00209
723,0.002559
724,0.002147
725,0.00198
726,0.002229
727,0.002213
728,0.002195
729,0.001916
730,0.001885
731,0.00186
732,0.001845
733,0.002097
734,0.002241
735,0.002611
736,0.002369
737,0.002318
738,0.002867
739,0.002626
740,0.003915
741,0.00401
742,0.004741
743,0.003578
744,0.004492
745,0.001647
746,0.002169
747,0.002596
748,0.003274
749,0.003933
750,0.003589
751,0.003789
752,0.006604
753,0.005335
754,0.004911
755,0.004999
756,0.00596
757,0.005897
758,0.005868
759,0.006428
760,0.00674
761,0.004958
762,0.008129
763,0.006903
764,0.00441
765,0.00431
766,0.004637
767,0.003398
768,0.003004
769,0.00286
770,0.002768
771,0.00256
772,0.005446
773,0.005027
774,0.006998
775,0.006811
776,0.007375
777,0.007208
778,0.008362
779,0.006957
780,0.007398
781,0.001558
782,0.000582
783,0.000539
784,0.000509
785,0.000415
786,0.000419
787,0.000422
788,0.00056
789,0.00067
790,0.000812
791,0.000674
792,0.000738
793,0.000421
794,0.000276
795,0.000999
796,0.001314
797,0.001431
798,0.001016
799,0.000957
800,0.001035
801,0.001129
802,0.001565
803,0.001394
804,0.001391
805,0.00121
806,0.001261
807,0.001992
808,0.002493
809,0.001749
810,0.00146
811,0.00113
812,0.001811
813,0.001387
814,0.00098
815,0.000976
816,0.001157
817,0.000247
818,0.000316
819,0.00109
820,0.001474
821,0.002306
822,0.002878
823,0.004393
824,0.005878
825,0.003658
826,0.003429
827,0.002426
828,0.002761
829,0.003167
830,0.001736
831,0.001667
832,0.001688
833,0.001945
834,0.001969
835,0.002039
836,0.002238
837,0.001863
838,0.002101
839,0.00199
840,0.00189
841,0.002697
842,0.00816
843,0.007271
844,0.007985
845,0.007149
846,0.007004
847,0.006891
848,0.006691
849,0.00635
850,0.004422
851,0.004109
852,0.00339
853,0.005371
854,0.005924
855,0.005636
856,0.005704
857,0.006337
858,0.005542
859,0.006774
860,0.006646
861,0.005254
862,0.006292
863,0.005505
864,0.004171
865,0.005098
866,0.008992
867,0.008412
868,0.006014
869,0.008136
870,0.005995
871,0.005823
872,0.005067
873,0.004255
874,0.003596
875,0.003679
876,0.003974
877,0.004802
878,0.003774
879,0.003246
880,0.002891
881,0.003033
882,0.003625
883,0.004605
884,0.004812
885,0.003557
886,0.003517
887,0.003623
888,0.00331
889,0.005637
890,0.004792
891,0.004171
892,0.003884
893,0.00216
894,0.002202
895,0.001939
896,0.000764
897,0.000973
898,0.000699
899,0.000348
900,0.000343
901,0.000208
902,0.000257
903,0.000276
904,0.000196
905,0.000259
906,0.000394
907,0.000514
908,0.000646
909,0.000478
910,0.000684
911,0.000558
912,0.000204
913,0.000131
914,0.000147
915,0.000261
916,0.000213
917,0.000138
918,0.000252
919,0.000148
920,9.1e-05
921,0.000126
922,0.000213
923,0.000143
924,7.7e-05
925,0.000464
926,0.000904
927,0.000779
928,0.000751
929,0.000428
930,0.000406
931,0.00036
932,0.000407
933,0.000399
934,0.000182
935,0.000235
936,0.000228
937,0.000188
938,0.000339
939,0.000183
940,0.00021
941,4.1e-05
942,6.2e-05
943,7.1e-05
944,8.5e-05
945,5.7e-05
946,5.8e-05
947,5e-05
948,5.8e-05
949,2.9e-05
950,4.8e-05
951,4.8e-05
952,7.2e-05
953,5.3e-05
954,4.4e-05
955,4.8e-05
956,7.3e-05
957,6.9e-05
958,5.3e-05
959,5.9e-05
960,8e-05
961,8.7e-05
962,9.9e-05
963,0.0002
964,0.000217
965,0.000239
966,0.000232
967,0.000268
968,0.000227
969,0.000254
970,0.000281
971,0.000168
972,0.000212
973,0.000125
974,0.000171
975,0.000124
976,0.000132
977,0.000213
978,0.000296
979,8.1e-05
980,9.4e-05
981,0.000122
982,0.000161
983,0.000171
984,0.000251
985,0.000192
986,0.000253
987,7.6e-05
988,0.000133
989,0.000238
990,0.000248
991,0.00018
992,0.000163
993,0.000153
994,0.000144
995,8.9e-05
996,0.000112
997,5.5e-05
998,0.000118
999,0.000146
1000,0.00017
1001,0.000102
1002,0.00013
1003,8.4e-05
1004,6.7e-05
1005,9.4e-05
1006,9.8e-05
1007,2.8e-05
1008,3.5e-05
1009,2.9e-05
1010,3.4e-05
1011,8.7e-05
1012,0.000114
1013,0.000105
1014,0.000114
1015,0.000126
1016,0.000119
1017,0.000112
1018,9.6e-05
1019,7.8e-05
1020,8.3e-05
1021,0.000161
1022,0.000101
1023,8.8e-05
1024,0.000126
1025,0.000158
1026,0.000306
1027,0.000469
1028,0.000412
1029,0.000281
1030,0.000137
1031,0.000173
1032,0.000152
1033,0.000123
1034,0.000187
1035,0.000295
1036,0.000249
1037,0.000177
1038,0.00019
1039,0.000159
1040,0.000123
1041,0.000154
1042,0.000136
1043,0.000142
1044,0.000182
1045,0.000154
1046,0.000208
1047,0.000166
1048,0.000204
1049,0.000195
1050,0.000134
1051,7.2e-05
1052,0.000141
1053,0.000147
1054,0.000173
1055,0.000108
1056,0.000115
1057,8.5e-05
1058,0.000141
1059,8.2e-05
1060,6.5e-05
1061,8.5e-05
1062,9.8e-05
1063,0.000116
1064,0.000118
1065,0.000139
1066,0.00017
1067,0.000201
1068,0.000267
1069,0.000121
1070,9.9e-05
1071,0.00011
1072,0.0001
1073,0.000105
1074,0.000113
1075,0.00011
1076,0.000192
1077,0.000179
1078,0.000215
1079,0.000156
1080,0.000292
1081,0.00032
1082,0.000443
1083,0.000545
1084,0.000479
1085,0.000418
1086,0.000431
1087,0.000217
1088,0.000449
1089,0.000338
1090,0.000457
1091,0.000315
1092,0.000393
1093,0.000282
1094,0.000459
1095,0.000401
1096,0.00037
1097,0.000169
1098,0.000308
1099,0.000142
1100,0.000182
1101,0.000168
1102,0.000122
1103,9e-05
1104,0.000114
1105,0.000117
1106,0.000145
1107,0.000159
1108,0.000189
1109,0.000164
1110,0.000171
1111,0.00012
1112,0.000171
1113,0.000215
1114,0.000202
1115,0.000201
1116,0.000224
1117,0.000216
1118,0.00018
1119,0.000166
1120,0.000306
1121,0.000264
1122,0.000277
1123,0.000368
1124,0.000653
1125,0.000371
1126,0.00076
1127,0.000848
1128,0.000927
1129,0.000612
1130,0.000611
1131,0.000635
1132,0.000584
1133,0.000341
1134,0.000522
1135,0.000385
1136,0.000363
1137,0.000235
1138,0.000197
1139,0.00015
1140,0.000182
1141,0.000203
1142,0.000276
1143,0.000157
1144,0.000143
1145,0.000139
1146,0.000177
1147,0.000161
1148,0.000202
1149,0.000177
1150,0.000253
1151,0.000167
1152,0.00022
1153,0.000173
1154,0.000153
1155,0.000217
1156,0.000151
1157,0.00013
1158,0.000317
1159,0.001205
1160,0.000446
1161,0.000509
1162,0.000732
1163,0.00065
1164,0.000755
1165,0.000652
1166,0.000874
1167,0.001192
1168,0.00081
1169,0.000777
1170,0.000904
1171,0.000487
1172,0.000609
1173,0.000696
1174,0.000581
1175,0.000432
1176,0.000294
1177,0.000226
1178,0.000191
1179,0.00016
1180,0.000208
1181,0.0002
1182,0.00024
1183,0.00024
1184,0.00023
1185,0.000229
1186,0.000217
1187,0.000263
1188,0.00021
1189,6.1e-05
1190,7.8e-05
1191,6.6e-05
1192,7e-05
1193,6.7e-05
1194,6.8e-05
1195,0.000151
1196,0.000191
1197,0.000413
1198,0.000325
1199,0.000404
1200,0.000709
1201,0.000376
1202,0.000473
1203,0.000757
1204,0.000463
1205,0.000568
1206,0.000831
1207,0.000735
1208,0.000807
1209,0.000537
1210,0.000627
1211,0.000335
1212,0.000659
1213,0.000207
1214,0.000286
1215,0.000348
1216,0.000236
1217,0.000215
1218,0.000205
1219,0.000361
1220,0.000501
1221,0.000476
1222,0.000378
1223,0.000476
1224,0.000277
1225,0.000213
1226,0.000409
1227,0.000511
1228,0.000595
1229,0.000479
1230,0.000526
1231,0.000427
1232,0.000433
1233,0.000447
1234,0.000391
1235,0.000414
1236,0.000624
1237,0.000594
1238,0.00061
1239,0.000694
1240,0.000763
1241,0.000584
1242,0.000633
1243,0.000576
1244,0.00061
1245,0.000603
1246,0.000518
1247,0.000572
1248,0.000497
1249,0.000417
1250,0.000401
1251,0.0005
1252,0.000524
1253,0.000546
1254,0.000511
1255,0.00063
1256,0.000607
1257,0.00037
1258,0.000411
1259,0.000372
1260,0.000354
1261,0.0005
1262,0.00033
1263,0.00027
1264,0.000176
1265,0.000142
1266,0.000295
1267,0.000274
1268,0.000296
1269,0.000297
1270,0.000318
1271,0.000235
1272,0.000239
1273,0.000291
1274,0.000285
1275,0.000338
1276,0.000324
1277,0.000262
1278,0.000264
1279,0.000223
1280,0.000216
1281,0.000226
1282,0.000418
1283,0.000366
1284,0.000575
1285,0.000833
1286,0.000703
1287,0.000697
1288,0.000557
1289,0.000655
1290,0.00062
1291,0.000468
1292,0.000412
1293,0.000408
1294,0.000347
1295,0.00034
1296,0.000307
1297,0.000262
1298,0.000226
1299,0.000219
1300,0.000184
1301,0.000185
1302,0.000213
1303,0.000176
1304,0.000182
1305,0.000201
1306,0.000191
1307,0.000204
1308,0.000174
1309,0.000105
1310,7e-05
1311,8.8e-05
1312,7.4e-05
1313,6.6e-05
1314,8.6e-05
1315,9.3e-05
1316,8.8e-05
1317,0.00011
1318,0.000121
1319,0.000141
1320,0.000152
1321,0.00015
1322,0.000154
1323,0.000165
1324,0.000144
1325,0.000138
1326,0.00012
1327,9.1e-05
1328,7.8e-05
1329,8e-05
1330,6.4e-05
1331,4e-05
1332,4.7e-05
1333,6.2e-05
1334,7.9e-05
1335,0.000103
1336,0.00011
1337,0.000129
1338,0.000131
1339,0.000144
1340,0.000138
1341,0.000112
1342,0.000125
1343,0.000129
1344,0.000152
1345,0.00013
1346,0.000123
1347,0.000121
1348,0.000146
1349,0.000146
1350,0.000142
1351,0.000126
1352,0.000132
1353,0.000125
1354,0.000121
1355,0.00012
1356,0.000125
1357,0.000162
1358,0.000174
1359,0.000153
1360,0.000178
1361,0.000172
1362,0.000182
1363,0.000156
1364,0.000191
1365,0.000214
1366,0.000197
1367,0.000203
1368,0.0002
1369,0.000132
1370,0.000211
1371,0.000215
1372,0.000215
1373,0.000219
1374,0.000226
1375,0.000218
1376,0.000306
1377,0.000239
1378,0.000373
1379,0.000422
1380,0.000363
1381,0.000472
1382,0.000418
1383,0.000443
1384,0.000453
1385,0.000417
1386,0.000315
1387,0.000322
1388,0.000325
1389,0.000146
1390,0.000176
1391,0.000161
1392,0.000186
1393,0.000125
1394,0.000124
1395,0.000116
1396,0.000148
1397,0.000143
1398,0.000108
1399,0.000111
1400,9.1e-05
1401,8.9e-05
1402,8.5e-05
1403,8.7e-05
1404,0.000106
1405,0.000113
1406,0.000104
1407,9.1e-05
1408,0.000107
1409,9.6e-05
1410,9.1e-05
1411,9.5e-05
1412,7.2e-05
1413,7.3e-05
1414,7.1e-05
1415,6e-05
1416,5.4e-05
1417,6.3e-05
1418,7.8e-05
1419,8.7e-05
1420,0.000102
1421,0.00011
1422,0.000113
1423,0.000129
1424,0.000116
1425,0.000137
1426,0.000164
1427,0.000162
1428,0.000194
1429,0.000173
1430,0.000173
1431,0.000107
1432,0.000137
1433,0.000147
1434,0.000137
1435,0.000122
1436,0.000131
1437,0.000145
1438,0.000155
1439,0.000174
1440,0.000149
1441,0.00017
1442,0.000184
1443,0.000177
1444,0.000164
1445,0.000143
1446,0.000161
1447,0.000185
1448,0.000162
1449,0.000178
1450,0.000201
1451,0.000186
1452,0.00019
1453,0.000115
1454,0.000125
1455,0.000105
1456,0.000132
1457,0.000134
1458,0.00012
1459,0.000122
1460,0.000164
1461,0.000148
1462,9.6e-05
1463,0.00011
1464,0.000175
1465,0.000167
1466,0.00041
1467,0.000426
1468,0.000273
1469,0.000276
1470,0.00015
1471,0.000255
1472,0.000468
1473,0.000298
1474,0.000607
1475,0.00053
1476,0.000597
1477,0.000801
1478,0.000775
1479,0.000335
1480,0.000297
1481,0.000197
1482,0.000179
1483,0.000299
1484,0.00026
1485,0.000113
1486,0.000146
1487,0.000319
1488,0.000223
1489,0.000508
1490,0.00055
1491,0.000521
1492,0.000525
1493,0.000591
1494,0.000702
1495,0.0003
1496,0.000302
1497,0.000219
1498,0.000189
1499,0.000192
1500,0.000239
1501,0.000454
1502,0.000694
1503,0.000753
1504,0.000999
1505,0.000591
1506,0.000488
1507,0.000417
1508,0.000257
1509,0.00027
1510,0.000207
1511,0.000157
1512,0.000143
1513,0.000123
1514,0.000121
1515,0.000127
1516,0.000443
1517,0.000194
1518,0.000313
1519,0.000384
1520,0.000272
1521,0.000349
1522,0.000354
1523,0.000298
1524,0.000227
1525,0.000266
1526,0.000229
1527,0.000208
1528,0.000203
1529,0.000198
1530,0.000183
1531,0.000275
1532,0.00027
1533,0.000204
1534,0.000242
1535,0.00018
1536,0.000209
1537,0.000349
1538,0.000385
1539,0.000324
1540,0.0003
1541,0.000131
1542,0.000163
1543,0.000157
1544,0.000128
1545,0.000126
1546,0.000169
1547,0.000179
1548,0.000202
1549,0.00026
1550,0.000579
1551,0.000578
1552,0.001103
1553,0.000942
1554,0.00079
1555,0.00068
1556,0.000507
1557,0.000436
1558,0.000431
1559,0.000251
1560,0.000198
1561,0.000129
1562,0.000207
1563,0.000163
1564,0.000182
1565,0.000257
1566,0.00026
1567,0.000315
1568,0.000256
1569,0.000305
1570,0.000251
1571,0.000249
1572,0.000229
1573,0.000608
1574,0.00085
1575,0.000708
1576,0.000605
1577,0.000651
1578,0.000611
1579,0.00046
1580,0.000594
1581,0.000677
1582,0.000863
1583,0.000589
1584,0.000502
1585,0.000351
1586,0.000442
1587,0.000553
1588,0.000506
1589,0.000383
