1,0.691197
2,0.566544
3,0.526842
4,0.516666
5,0.536545
6,0.437618
7,0.411903
8,0.49693
9,0.325325
10,0.416557
11,0.448009
12,0.57143
13,0.311552
14,0.328259
15,0.31949
16,0.52276
17,0.551177
18,0.545477
19,0.591038
20,0.603773
21,0.67836
22,0.70385
23,0.697654
24,0.695557
25,0.695854
26,0.797895
27,0.786805
28,0.788998
29,0.711261
30,0.730121
31,0.737924
32,0.733515
33,0.70934
34,0.785413
35,0.820928
36,0.774272
37,0.708729
38,0.700797
39,0.756832
40,0.712919
41,0.639925
42,0.600458
43,0.659629
44,0.75923
45,0.734772
46,0.745562
47,0.763886
48,0.979277
49,0.894084
50,0.895184
51,0.960191
52,0.934831
53,0.868639
54,0.714675
55,0.139952
56,0.044265
57,0.036078
58,0.024004
59,0.030969
60,0.259459
61,0.123366
62,0.098142
63,0.056836
64,0.08479
65,0.114897
66,0.114529
67,0.122459
68,0.09507
69,0.139514
70,0.098079
71,0.081585
72,0.06948
73,0.061134
74,0.105106
75,0.091476
76,0.080834
77,0.08169
78,0.054125
79,0.052403
80,0.080965
81,0.065976
82,0.077065
83,0.122297
84,0.842505
85,0.774386
86,0.859844
87,0.511581
88,0.194122
89,0.280475
90,0.049025
91,0.297742
92,0.423036
93,0.14633
94,0.083371
95,0.013223
96,0.005897
97,0.004236
98,0.003892
99,0.010591
100,0.01107
101,0.007635
102,0.003963
103,0.002349
104,0.001394
105,0.002075
106,0.002382
107,0.002001
108,0.002016
109,0.001
110,0.001371
111,0.00118
112,0.000999
113,0.000735
114,0.000585
115,0.000697
116,0.000589
117,0.00059
118,0.000489
119,0.000455
120,0.000431
121,0.000392
122,0.00051
123,0.000557
124,0.000616
125,0.000785
126,0.000623
127,0.000583
128,0.000466
129,0.000699
130,0.000747
131,0.000863
132,0.001195
133,0.001823
134,0.00157
135,0.001798
136,0.001827
137,0.001726
138,0.001972
139,0.001986
140,0.001442
141,0.001948
142,0.001063
143,0.000531
144,0.00045
145,0.000509
146,0.00046
147,0.000409
148,0.000345
149,0.000339
150,0.000211
151,0.000221
152,0.00027
153,0.000192
154,0.000224
155,0.000273
156,0.0005
157,0.000962
158,0.001458
159,0.028492
160,0.398662
161,0.959591
162,0.944852
163,0.973365
164,0.949108
165,0.981029
166,0.966434
167,0.9766
168,0.977315
169,0.975238
170,0.94771
171,0.819341
172,0.036972
173,0.007206
174,0.004724
175,0.005037
176,0.00835
177,0.00503
178,0.003036
179,0.00368
180,0.004884
181,0.002647
182,0.000682
183,0.000548
184,0.000788
185,0.000556
186,0.000696
187,0.000708
188,0.000734
189,0.000757
190,0.000811
191,0.000768
192,0.000614
193,0.000531
194,0.00053
195,0.000445
196,0.000403
197,0.000475
198,0.000348
199,0.002058
200,0.00173
201,0.001878
202,0.001742
203,0.001966
204,0.001574
205,0.001745
206,0.001619
207,0.001591
208,0.001864
209,0.001717
210,0.001774
211,0.001893
212,0.002144
213,0.002046
214,0.002027
215,0.002116
216,0.001871
217,0.0002
218,0.001512
219,0.000278
220,0.0003
221,0.000298
222,0.001321
223,0.001202
224,0.001007
225,0.001034
226,0.001526
227,0.00161
228,0.00192
229,0.001953
230,0.00177
231,0.001293
232,0.002035
233,0.002105
234,0.004253
235,0.002578
236,0.003326
237,0.002593
238,0.003722
239,0.003947
240,0.004387
241,0.004847
242,0.004979
243,0.003753
244,0.005244
245,0.005309
246,0.005768
247,0.005682
248,0.005277
249,0.005344
250,0.004485
251,0.003639
252,0.003899
253,0.002429
254,0.00262
255,0.002485
256,0.002481
257,0.003073
258,0.003002
259,0.003155
260,0.002986
261,0.002967
262,0.002768
263,0.002693
264,0.002145
265,0.00181
266,0.001403
267,0.001446
268,0.001411
269,0.001315
270,0.00196
271,0.002167
272,0.002168
273,0.002244
274,0.002206
275,0.002646
276,0.002734
277,0.001107
278,0.002551
279,0.001866
280,0.001546
281,0.001336
282,0.00263
283,0.003433
284,0.003234
285,0.002581
286,0.002113
287,0.00202
288,0.002413
289,0.001935
290,0.002032
291,0.000733
292,0.001318
293,0.001854
294,0.002283
295,0.002144
296,0.001954
297,0.002582
298,0.002629
299,0.000936
300,0.047338
301,0.63843
302,0.786495
303,0.833247
304,0.81966
305,0.724471
306,0.417499
307,0.500491
308,0.491376
309,0.195119
310,0.029749
311,0.021758
312,0.008265
313,0.007687
314,0.008569
315,0.008042
316,0.007331
317,0.006451
318,0.007061
319,0.007373
320,0.008821
321,0.008354
322,0.007079
323,0.00731
324,0.006508
325,0.004571
326,0.004906
327,0.004472
328,0.005478
329,0.006013
330,0.004981
331,0.004404
332,0.005712
333,0.262107
334,0.351557
335,0.752754
336,0.95392
337,0.937152
338,0.957462
339,0.857216
340,0.869529
341,0.904484
342,0.950998
343,0.90241
344,0.977234
345,0.967336
346,0.961423
347,0.973023
348,0.972569
349,0.979185
350,0.959135
351,0.961293
352,0.930291
353,0.824954
354,0.797323
355,0.782349
356,0.781104
357,0.884852
358,0.948828
359,0.961559
360,0.966401
361,0.878859
362,0.902198
363,0.900271
364,0.91757
365,0.890253
366,0.936429
367,0.887689
368,0.808227
369,0.867697
370,0.892089
371,0.885806
372,0.88007
373,0.934183
374,0.932263
375,0.908003
376,0.88967
377,0.94457
378,0.938952
379,0.940274
380,0.951666
381,0.966522
382,0.95222
383,0.907899
384,0.90464
385,0.944144
386,0.933189
387,0.952467
388,0.940766
389,0.938716
390,0.945671
391,0.948621
392,0.951544
393,0.974405
394,0.970672
395,0.956688
396,0.902709
397,0.886354
398,0.856251
399,0.60942
400,0.62095
401,0.419432
402,0.587037
403,0.559275
404,0.910436
405,0.981785
406,0.990928
407,0.992451
408,0.994054
409,0.995737
410,0.995432
411,0.996969
412,0.997816
413,0.997806
414,0.997991
415,0.997898
416,0.997366
417,0.996237
418,0.994915
419,0.869601
420,0.730662
421,0.974971
422,0.989423
423,0.992015
424,0.988918
425,0.987204
426,0.986626
427,0.986734
428,0.963988
429,0.973647
430,0.810035
431,0.795591
432,0.762335
433,0.810018
434,0.833934
435,0.79951
436,0.74056
437,0.810495
438,0.812546
439,0.815572
440,0.785391
441,0.799881
442,0.833972
443,0.805478
444,0.801178
445,0.842705
446,0.727503
447,0.702032
448,0.847513
449,0.881696
450,0.86598
451,0.86245
452,0.782091
453,0.747132
454,0.765234
455,0.707384
456,0.757641
457,0.775657
458,0.787245
459,0.819905
460,0.811768
461,0.799959
462,0.778018
463,0.823568
464,0.784318
465,0.807334
466,0.671416
467,0.691274
468,0.742581
469,0.867218
470,0.827993
471,0.879129
472,0.706724
473,0.717345
474,0.678281
475,0.649404
476,0.69043
477,0.656097
478,0.725006
479,0.759193
480,0.733782
481,0.74409
482,0.715162
483,0.608413
484,0.638917
485,0.702456
486,0.598243
487,0.750399
488,0.691111
489,0.644927
490,0.626919
491,0.564409
492,0.516969
493,0.842304
494,0.823856
495,0.838452
496,0.841915
497,0.837203
498,0.829504
499,0.820334
500,0.789701
501,0.936047
502,0.929528
503,0.879715
504,0.200982
505,0.081791
506,0.004012
507,0.001804
508,0.001636
509,0.001524
510,0.001512
511,0.001195
512,0.000924
513,0.001756
514,0.001337
515,0.001137
516,0.001697
517,0.001064
518,0.000856
519,0.002819
520,0.000548
521,0.00229
522,0.000613
523,0.001832
524,0.00172
525,0.002332
526,0.000325
527,0.000249
528,0.00026
529,0.000385
530,0.000358
531,0.000476
532,0.000543
533,0.000532
534,0.000437
535,0.000481
536,0.000527
537,0.053789
538,0.728051
539,0.849563
540,0.982694
541,0.957047
542,0.911533
543,0.796093
544,0.789254
545,0.796834
546,0.808516
547,0.817812
548,0.768384
549,0.793261
550,0.782933
551,0.757103
552,0.77362
553,0.32412
554,0.379417
555,0.521466
556,0.671185
557,0.673044
558,0.637248
559,0.587987
560,0.486304
561,0.347713
562,0.247786
563,0.18457
564,0.240255
565,0.539881
566,0.521606
567,0.54025
568,0.444709
569,0.574328
570,0.703048
571,0.360457
572,0.035164
573,0.005496
574,0.004003
575,0.002112
576,0.001707
577,0.00389
578,0.007948
579,0.01142
580,0.008127
581,0.00785
582,0.008277
583,0.008768
584,0.009197
585,0.009653
586,0.012481
587,0.012179
588,0.012172
589,0.01648
590,0.01665
591,0.016816
592,0.01652
593,0.017032
594,0.016006
595,0.016415
596,0.015796
597,0.015477
598,0.019066
599,0.014029
600,0.008538
601,0.006585
602,0.006387
603,0.006431
604,0.006477
605,0.00771
606,0.007729
607,0.190201
608,0.737111
609,0.91768
610,0.969424
611,0.889057
612,0.771202
613,0.555421
614,0.52667
615,0.715288
616,0.654413
617,0.561321
618,0.377166
619,0.526563
620,0.545506
621,0.689388
622,0.640559
623,0.673482
624,0.751722
625,0.94121
626,0.940552
627,0.876705
628,0.864325
629,0.879045
630,0.944955
631,0.973292
632,0.977671
633,0.915868
634,0.792513
635,0.671355
636,0.45895
637,0.448898
638,0.521269
639,0.579714
640,0.589278
641,0.906381
