1,0.885323
2,0.8422
3,0.871378
4,0.811719
5,0.812596
6,0.780739
7,0.795756
8,0.813291
9,0.791616
10,0.784188
11,0.762568
12,0.720671
13,0.74786
14,0.694245
15,0.761511
16,0.723964
17,0.713839
18,0.746964
19,0.804848
20,0.886784
21,0.916196
22,0.905465
23,0.896267
24,0.903229
25,0.864455
26,0.864259
27,0.874878
28,0.846723
29,0.863547
30,0.867969
31,0.809896
32,0.836752
33,0.822933
34,0.827071
35,0.838049
36,0.814203
37,0.806562
38,0.789022
39,0.824627
40,0.789319
41,0.72077
42,0.65563
43,0.499195
44,0.441461
45,0.523353
46,0.549224
47,0.263583
48,0.453928
49,0.520245
50,0.537939
51,0.418127
52,0.475353
53,0.809759
54,0.91577
55,0.761581
56,0.070433
57,0.006034
58,0.005062
59,0.004035
60,0.001008
61,0.001
62,0.005017
63,0.003805
64,0.003203
65,0.002229
66,0.001403
67,0.001139
68,0.00093
69,0.001583
70,0.021533
71,0.066899
72,0.05227
73,0.166025
74,0.188658
75,0.275034
76,0.263275
77,0.426144
78,0.443158
79,0.343841
80,0.321464
81,0.308713
82,0.270044
83,0.239853
84,0.220903
85,0.168815
86,0.160023
87,0.275293
88,0.225421
89,0.381927
90,0.348803
91,0.245058
92,0.228757
93,0.273284
94,0.633254
95,0.696854
96,0.618784
97,0.748459
98,0.733069
99,0.731331
100,0.697345
101,0.68526
102,0.693436
103,0.682512
104,0.714195
105,0.694509
106,0.722468
107,0.517936
108,0.486841
109,0.684553
110,0.725211
111,0.688947
112,0.691135
113,0.631871
114,0.317536
115,0.318853
116,0.39504
117,0.551133
118,0.515022
119,0.504163
120,0.508878
121,0.558723
122,0.584426
123,0.576389
124,0.632416
125,0.904415
126,0.929763
127,0.948913
128,0.973143
129,0.917796
130,0.885494
131,0.851918
132,0.836868
133,0.884101
134,0.914811
135,0.847401
136,0.867359
137,0.833168
138,0.871224
139,0.857549
140,0.85584
141,0.859816
142,0.88397
143,0.931298
144,0.942224
145,0.88295
146,0.902255
147,0.859302
148,0.876543
149,0.867326
150,0.899873
151,0.927054
152,0.928359
153,0.929919
154,0.87059
155,0.941293
156,0.97772
157,0.953837
158,0.962374
159,0.953766
160,0.975947
161,0.981815
162,0.985194
163,0.974298
164,0.963481
165,0.964418
166,0.962027
167,0.96836
168,0.988055
169,0.948026
170,0.775529
171,0.057297
172,0.005944
173,0.005051
174,0.000364
175,0.000297
176,0.002185
177,0.799824
178,0.970011
179,0.980558
180,0.99224
181,0.99226
182,0.994033
183,0.98844
184,0.991379
185,0.991747
186,0.992956
187,0.990898
188,0.971019
189,0.99006
190,0.982667
191,0.987243
192,0.992417
193,0.985299
194,0.992215
195,0.993138
196,0.992937
197,0.99053
198,0.972076
199,0.859442
200,0.20772
201,0.001389
202,0.001253
203,0.000165
204,0.000205
205,3.8e-05
206,3.2e-05
207,6e-05
208,5.9e-05
209,6.6e-05
210,1.8e-05
211,0.037998
212,0.787148
213,0.95936
214,0.954344
215,0.970447
216,0.948982
217,0.977989
218,0.984591
219,0.983287
220,0.984913
221,0.908838
222,0.02549
223,0.002304
224,0.000846
225,0.000117
226,0.000305
227,0.000146
228,8.1e-05
229,8.3e-05
230,0.000101
231,0.00011
232,0.000206
233,0.002719
234,0.653817
235,0.579794
236,0.468952
237,0.894798
238,0.669681
239,0.583592
240,0.549828
241,0.534063
242,0.644975
243,0.649045
244,0.542319
245,0.454284
246,0.091336
247,0.003434
248,0.000532
249,0.000625
250,0.000379
251,0.000234
252,0.000449
253,0.000251
254,0.000194
255,0.000186
256,0.00017
257,0.000175
258,0.000151
259,0.000182
260,0.000306
261,0.000253
262,0.000244
263,0.000381
264,0.000294
265,0.000598
266,0.00021
267,0.000751
268,0.001461
269,0.034665
270,0.306853
271,0.435014
272,0.338495
273,0.2251
274,0.241482
275,0.071291
276,0.003324
277,0.000876
278,0.000888
279,0.000843
280,0.000754
281,0.001154
282,0.001072
283,0.001125
284,0.001098
285,0.001351
286,0.001447
287,0.00133
288,0.0012
289,0.021888
290,0.582772
291,0.806807
292,0.789642
293,0.601434
294,0.587319
295,0.546528
296,0.710647
297,0.898881
298,0.913744
299,0.907495
300,0.914213
301,0.898368
302,0.898254
303,0.901632
304,0.917479
305,0.932415
306,0.934308
307,0.947185
308,0.924298
309,0.896145
310,0.948397
311,0.913345
312,0.899233
313,0.834991
314,0.872634
315,0.899944
316,0.956136
317,0.936355
318,0.893189
319,0.962478
320,0.969343
321,0.964713
322,0.932058
323,0.9677
324,0.964585
325,0.978215
326,0.977771
327,0.980895
328,0.974871
329,0.975826
330,0.976198
331,0.987894
332,0.980656
333,0.98608
334,0.979432
335,0.982473
336,0.980571
337,0.989791
338,0.98186
339,0.988949
340,0.991241
341,0.988404
342,0.983684
343,0.992771
344,0.979369
345,0.973191
346,0.895575
347,0.865398
348,0.979045
349,0.988972
350,0.992234
351,0.942494
352,0.993785
353,0.993724
354,0.994387
355,0.994834
356,0.952098
357,0.943677
358,0.970652
359,0.962068
360,0.973126
361,0.987253
362,0.998129
363,0.997706
364,0.99732
365,0.997771
366,0.997961
367,0.996977
368,0.994132
369,0.990596
370,0.994215
371,0.992394
372,0.990555
373,0.991837
374,0.991641
375,0.992007
376,0.991903
377,0.991901
378,0.991197
379,0.992531
380,0.992865
381,0.992517
382,0.992977
383,0.992874
384,0.992455
385,0.99204
386,0.992398
387,0.992401
388,0.99278
389,0.993331
390,0.948607
391,0.885426
392,0.574952
393,0.00726
394,0.002645
395,0.001613
396,0.001729
397,0.001736
398,0.001384
399,0.001276
400,0.001159
401,0.001769
402,0.001451
403,0.00113
404,0.001637
405,0.000718
406,0.000558
407,0.000799
408,0.000546
409,0.000478
410,0.000707
411,0.000811
412,0.000783
413,0.000605
414,0.00081
415,0.000841
416,0.000793
417,0.000854
418,0.000899
419,0.001036
420,0.001176
421,0.00128
422,0.001624
423,0.00167
424,0.000981
425,0.001082
426,0.000782
427,0.000508
428,0.000341
429,0.000639
430,0.31085
431,0.979002
432,0.989917
433,0.99292
434,0.995718
435,0.995544
436,0.987712
437,0.989223
438,0.99637
439,0.993226
440,0.993525
441,0.993678
442,0.990813
443,0.988475
444,0.99065
445,0.966649
446,0.971231
447,0.975722
448,0.979888
449,0.980224
450,0.97762
451,0.979743
452,0.993217
453,0.991811
454,0.992437
455,0.989838
456,0.989588
457,0.994282
458,0.99313
459,0.971666
460,0.974055
461,0.972655
462,0.972582
463,0.970534
464,0.969221
465,0.934727
466,0.934922
467,0.959616
468,0.935486
469,0.875227
470,0.996301
471,0.940269
472,0.049088
473,0.004451
474,0.00179
475,0.001518
476,0.001572
477,0.001568
478,0.00115
479,0.001154
480,0.00128
481,0.00101
482,0.000816
483,0.000811
484,0.000959
485,0.001054
486,0.000908
487,0.000947
488,0.000858
489,0.001635
490,0.00145
491,0.001731
492,0.001868
493,0.00205
494,0.001995
495,0.001361
496,0.001246
497,0.000922
498,0.000834
499,0.000886
500,0.0009
501,0.001459
502,0.001245
503,0.001328
504,0.001308
505,0.001487
506,0.001311
507,0.001779
508,0.001424
509,0.00152
510,0.001148
511,0.001374
512,0.001605
513,0.001538
514,0.001748
515,0.001224
516,0.001103
517,0.002991
518,0.002727
519,0.002226
520,0.003174
521,0.002843
522,0.003474
523,0.003106
524,0.003377
525,0.00264
526,0.002908
527,0.003605
528,0.003467
529,0.003176
530,0.003158
531,0.00243
532,0.002398
533,0.003251
534,0.003696
535,0.00446
536,0.002961
537,0.002961
538,0.003184
539,0.003053
540,0.002981
541,0.001891
542,0.001704
543,0.001416
544,0.002645
545,0.002069
546,0.001679
547,0.001423
548,0.001465
549,0.001504
550,0.00229
551,0.017568
552,0.693478
553,0.956433
554,0.992995
555,0.991393
556,0.984379
557,0.981795
558,0.974211
559,0.975153
560,0.973075
561,0.86677
562,0.834903
563,0.073486
564,0.007138
565,0.003566
566,0.001033
567,0.000629
568,0.000415
569,0.000624
570,0.000751
571,0.002093
572,0.001982
573,0.001037
574,0.001051
575,0.000568
576,0.000622
577,0.001213
578,0.000803
579,0.001293
580,0.00222
581,0.003339
582,0.002946
583,0.004314
584,0.004409
585,0.004069
586,0.004746
587,0.004868
588,0.00548
589,0.004043
590,0.003867
591,0.00375
592,0.003809
593,0.002806
594,0.003061
595,0.003207
596,0.004212
597,0.008543
598,0.01188
599,0.121135
600,0.181652
601,0.402258
602,0.434718
603,0.479283
604,0.442546
605,0.467755
606,0.521662
607,0.565533
608,0.570971
609,0.476538
610,0.600641
611,0.658454
612,0.522969
613,0.552587
614,0.617088
615,0.725885
616,0.670112
617,0.760566
618,0.913726
619,0.945701
620,0.880041
621,0.718838
622,0.040094
623,0.011329
624,0.001669
625,0.001114
626,0.003473
627,0.002787
628,0.002649
629,0.019806
630,0.580811
631,0.994212
632,0.99509
633,0.99259
634,0.997153
635,0.996095
636,0.991998
637,0.990096
638,0.993525
639,0.989833
640,0.984609
641,0.990342
642,0.990983
643,0.991278
644,0.991625
645,0.991374
646,0.988553
647,0.9909
648,0.990453
649,0.992525
650,0.992423
651,0.990233
652,0.991228
653,0.993461
654,0.994258
655,0.99163
656,0.987282
657,0.976781
658,0.990077
659,0.964439
660,0.940194
661,0.776818
662,0.280437
663,0.02212
664,0.002809
665,0.001424
666,0.001455
667,0.00024
668,0.000368
669,0.000281
670,0.00038
671,0.000336
672,0.000401
673,0.000361
674,0.000331
675,0.000722
676,0.00139
677,0.000991
678,0.000256
679,0.00028
680,0.000166
681,0.00017
682,0.000124
683,0.000125
684,0.000205
685,0.000192
686,0.000192
687,0.000589
688,0.002012
689,0.001939
690,0.002331
691,0.002067
692,0.000987
693,0.000676
694,0.000426
695,0.000356
696,0.000623
697,0.000716
698,0.000458
699,0.00054
700,0.000541
701,0.000403
702,0.000474
703,0.019286
704,0.873084
705,0.992306
706,0.991828
707,0.995705
708,0.98703
709,0.997026
710,0.996956
711,0.991857
712,0.98729
713,0.992341
714,0.994576
715,0.993005
716,0.994837
717,0.969144
718,0.369501
719,0.089459
720,0.003517
721,0.002972
722,0.001185
723,0.001322
724,0.000912
725,0.000103
726,0.000407
727,0.001235
728,0.001233
729,0.001127
730,0.001436
731,0.000994
732,0.000943
733,0.001221
734,0.001408
735,0.000236
736,0.000372
737,0.000598
738,0.000966
739,0.000128
740,0.000118
741,6.5e-05
742,6.5e-05
743,4.5e-05
744,7.4e-05
745,5.3e-05
746,6.2e-05
747,0.00011
748,0.000105
749,0.000433
750,0.000573
751,0.000386
752,0.000259
753,0.000391
754,0.000455
755,0.000608
756,0.000768
757,0.000153
758,7.4e-05
759,4.6e-05
760,6.4e-05
761,7.6e-05
762,0.000477
763,0.000351
764,0.000535
765,0.000492
766,0.003083
767,0.004447
768,0.004983
769,0.001008
770,0.001157
771,0.000829
772,0.000101
773,9.2e-05
774,0.000105
775,9.3e-05
776,9e-05
777,9.4e-05
778,8.9e-05
779,8.3e-05
780,7.3e-05
781,0.000375
782,0.000927
783,0.026931
784,0.726206
785,0.624417
786,0.180557
787,0.055773
788,0.075433
789,0.057669
790,0.013094
791,0.009187
792,0.00593
793,0.000955
794,0.001691
795,0.002276
796,0.00317
797,0.002283
798,0.002137
799,0.001693
800,0.000758
801,0.000668
802,0.000609
803,0.000578
804,0.000479
805,0.000867
806,0.000744
807,0.000918
808,0.001067
809,0.001577
810,0.001488
811,0.002028
812,0.001532
813,0.000293
814,0.000209
815,0.000183
816,0.000192
817,7.9e-05
818,7.2e-05
819,9.1e-05
820,6.7e-05
821,0.000412
822,0.000568
823,0.000467
824,0.000496
825,0.000514
826,0.000572
827,0.000555
828,0.000557
829,0.001006
830,0.00021
831,0.000226
832,0.000161
833,0.00016
834,0.000169
835,0.000159
836,0.000154
837,0.001438
838,0.003406
839,0.04201
840,0.752671
841,0.925166
842,0.962939
843,0.958805
844,0.934069
845,0.847846
846,0.8281
847,0.788855
848,0.279928
849,0.010136
850,0.003168
851,0.000861
852,0.001104
853,0.000957
854,0.000789
855,0.000605
856,0.000456
857,0.000434
858,0.000321
859,0.00028
860,0.000228
861,0.00017
862,0.00022
863,0.000233
864,0.000289
865,0.000246
866,0.000432
867,0.000495
868,0.000111
869,0.000298
870,0.0002
871,0.000173
872,0.000119
873,7.9e-05
874,7.6e-05
875,3.4e-05
876,5.7e-05
877,7.2e-05
878,0.0001
879,9.8e-05
880,9e-05
881,8.1e-05
882,9e-05
883,9e-05
884,0.000231
885,0.000259
886,0.000261
887,0.000309
888,0.000386
889,0.0005
890,0.008642
891,0.66451
892,0.967512
893,0.974405
894,0.979758
895,0.981683
896,0.98592
897,0.984005
898,0.987513
899,0.987568
900,0.985879
901,0.990441
902,0.988435
903,0.981519
904,0.971801
905,0.979776
906,0.987988
907,0.988993
908,0.987987
909,0.990512
910,0.989152
911,0.985359
912,0.983361
913,0.985776
914,0.989974
915,0.988765
916,0.985936
917,0.984196
918,0.983498
919,0.983008
920,0.985832
921,0.986377
922,0.987796
923,0.987663
924,0.97897
925,0.975365
926,0.984903
927,0.979106
928,0.982407
929,0.981525
930,0.983323
931,0.981004
932,0.963863
933,0.627074
934,0.700919
935,0.041483
936,0.002036
937,0.000214
938,0.000125
939,0.000115
940,0.000148
941,0.000378
942,0.000506
943,0.000512
944,0.000351
945,0.000341
946,0.000451
947,0.000363
948,0.000474
949,0.000424
950,0.000373
951,0.00038
952,0.000336
953,0.000372
954,0.00037
955,0.000378
956,0.000508
957,0.00057
958,0.011518
959,0.236604
960,0.136324
961,0.160344
962,0.114763
963,0.352079
964,0.325145
965,0.287438
966,0.165053
967,0.213541
968,0.030229
969,0.001417
970,0.000603
971,0.000362
972,0.000516
973,0.000396
974,0.000333
975,0.000329
976,0.000389
977,0.000369
978,0.000358
979,0.000331
980,0.000432
981,0.000327
982,0.000664
983,0.000409
984,0.000633
985,0.000276
986,0.000323
987,0.000283
988,0.000477
989,0.000411
990,0.000677
991,0.000427
992,0.000391
993,0.000334
994,0.000448
995,0.000499
996,0.000561
997,0.000271
998,0.000401
999,0.000282
1000,0.000346
1001,0.000143
1002,0.000232
1003,0.000211
1004,0.00026
1005,0.000196
1006,0.000699
1007,0.001636
1008,0.001619
1009,0.001346
1010,0.001129
1011,0.000509
1012,0.00046
1013,0.000259
1014,0.000269
1015,0.000207
1016,0.000184
1017,0.000178
1018,0.000184
1019,0.000216
1020,0.000172
1021,0.000131
1022,0.000175
1023,0.0002
1024,0.000312
1025,0.000322
1026,0.000378
1027,0.000401
1028,0.00041
1029,0.000394
1030,0.000434
1031,0.000497
1032,0.000632
1033,0.000727
1034,0.000725
1035,0.000601
1036,0.000626
1037,0.000593
1038,0.000561
1039,0.000567
1040,0.0004
1041,0.000409
1042,0.000513
1043,0.00042
1044,0.00039
1045,0.000705
1046,0.000826
1047,0.000681
1048,0.000405
1049,0.000304
1050,0.000292
1051,0.000227
1052,0.000283
1053,0.000313
1054,0.000256
1055,0.00027
1056,0.000296
1057,0.00028
1058,0.000434
1059,0.00034
1060,0.000464
1061,0.000459
1062,0.000405
1063,0.000308
1064,0.000323
1065,0.000307
1066,0.000328
1067,0.000309
1068,0.000324
1069,0.000297
1070,0.000288
1071,0.000282
1072,0.000278
1073,0.000287
1074,0.000233
1075,0.000198
1076,0.000186
1077,0.00021
1078,0.000279
1079,0.000243
1080,0.000498
1081,0.000344
1082,0.00032
1083,0.000245
1084,0.000327
1085,0.000337
1086,0.000415
1087,0.000871
1088,0.199885
1089,0.943483
1090,0.979374
1091,0.920796
1092,0.944951
1093,0.987328
1094,0.977896
1095,0.973018
1096,0.982626
1097,0.986001
1098,0.981804
1099,0.692279
1100,0.034321
1101,0.014035
1102,0.007046
1103,0.004089
1104,0.001282
1105,0.001079
1106,0.001987
1107,0.001507
1108,0.001745
1109,0.000659
1110,0.000634
1111,0.000556
1112,0.001156
1113,0.001307
1114,0.001451
1115,0.000907
1116,0.000807
1117,0.000478
1118,0.000531
1119,0.000732
1120,0.001368
1121,0.00135
1122,0.000937
1123,0.001051
1124,0.000752
1125,0.000835
1126,0.000942
1127,0.000766
1128,0.000788
1129,0.000721
1130,0.000916
1131,0.000704
1132,0.000691
1133,0.00057
1134,0.000587
1135,0.000573
1136,0.00054
1137,0.000478
1138,0.000449
1139,0.000546
1140,0.000667
1141,0.000329
1142,0.000316
1143,0.00048
1144,0.000459
1145,0.000381
1146,0.000349
1147,0.000384
1148,0.000422
1149,0.000489
1150,0.000464
1151,0.000546
1152,0.00062
1153,0.000774
1154,0.00077
1155,0.000741
1156,0.000855
1157,0.000767
1158,0.000597
1159,0.000577
1160,0.000566
1161,0.000644
1162,0.00064
1163,0.00046
1164,0.00042
1165,0.000354
1166,0.000514
1167,0.000471
1168,0.000962
1169,0.000805
1170,0.001272
1171,0.001226
1172,0.001546
1173,0.001737
1174,0.001651
1175,0.000982
1176,0.00096
1177,0.000685
1178,0.000669
1179,0.000647
1180,0.000621
1181,0.000716
1182,0.000963
1183,0.000923
1184,0.001397
1185,0.001075
1186,0.000882
1187,0.000861
1188,0.000826
1189,0.000378
1190,0.000481
1191,0.000372
1192,0.000629
1193,0.000738
1194,0.000518
1195,0.000739
1196,0.000629
1197,0.000632
1198,0.000629
1199,0.000638
1200,0.000704
1201,0.002341
1202,0.002445
1203,0.002746
1204,0.002832
1205,0.002832
1206,0.003118
1207,0.00363
1208,0.001181
1209,0.001148
1210,0.001145
1211,0.001077
1212,0.000701
1213,0.000974
1214,0.001109
1215,0.000735
1216,0.000587
1217,0.000519
1218,0.000548
1219,0.000513
1220,0.000346
1221,0.000284
1222,0.000263
1223,0.00047
1224,0.003278
1225,0.010048
1226,0.502571
1227,0.897968
1228,0.951237
1229,0.953584
1230,0.903554
1231,0.884219
1232,0.914995
1233,0.88603
1234,0.92023
1235,0.879557
1236,0.924143
1237,0.838209
1238,0.107764
1239,0.018711
1240,0.002972
1241,0.000595
1242,0.000803
1243,0.000721
1244,0.00118
1245,0.001133
1246,0.001476
1247,0.001031
1248,0.000771
1249,0.000526
1250,0.000618
1251,0.000538
1252,0.000578
1253,0.000668
1254,0.000761
1255,0.000554
1256,0.000649
1257,0.000303
1258,0.000342
1259,0.00041
1260,0.000482
1261,0.000294
1262,0.000429
1263,0.000216
1264,0.00022
1265,0.000709
1266,0.000817
1267,0.000653
1268,0.00064
1269,0.000516
1270,0.000207
1271,0.00024
1272,0.000549
1273,0.000457
1274,0.000132
1275,0.0004
1276,0.000368
1277,0.000288
1278,0.000369
1279,0.000321
1280,0.000483
1281,0.00043
1282,0.000129
1283,0.000123
1284,0.000132
1285,0.001133
1286,0.001453
1287,0.001341
1288,0.001227
1289,0.002274
1290,0.001954
1291,0.000726
1292,0.000651
1293,0.000561
1294,0.00057
1295,0.000587
1296,0.000444
1297,0.000332
1298,0.000339
1299,0.000451
1300,0.000536
1301,0.00031
1302,0.000394
1303,0.000412
1304,0.001358
1305,0.001993
1306,0.001522
1307,0.001161
1308,0.00131
1309,0.000424
1310,0.00041
1311,0.000308
1312,0.020767
1313,0.437012
1314,0.24447
1315,0.327624
1316,0.513813
1317,0.349437
1318,0.282616
1319,0.193197
1320,0.205388
1321,0.150887
1322,0.201089
1323,0.219023
1324,0.025036
1325,0.025422
1326,0.023984
1327,0.031832
1328,0.029269
1329,0.096679
1330,0.09694
1331,0.127466
1332,0.314781
1333,0.143988
1334,0.00643
1335,0.000389
1336,0.000106
1337,0.000116
1338,0.000123
1339,9.1e-05
1340,8.4e-05
1341,3.9e-05
1342,5.7e-05
1343,6.4e-05
1344,5.9e-05
1345,6.7e-05
1346,9.5e-05
1347,8.8e-05
1348,0.00015
1349,0.000131
1350,8e-05
1351,0.000399
1352,0.000591
1353,0.000458
1354,0.001045
1355,0.000476
1356,0.000728
1357,0.000494
1358,0.000664
1359,0.000569
1360,0.000433
1361,0.00054
1362,0.000482
1363,0.000556
1364,0.000547
1365,0.000667
1366,0.000517
1367,0.000436
1368,0.00028
1369,0.00032
1370,0.000231
1371,0.000193
1372,0.000169
1373,0.000168
1374,0.000172
1375,0.000136
1376,0.000123
1377,0.000148
1378,0.000165
1379,0.000185
1380,0.000194
1381,0.000244
1382,0.000182
1383,0.000201
1384,0.000196
1385,0.000217
1386,0.000194
1387,0.00029
1388,0.000817
1389,0.139425
1390,0.959805
1391,0.984838
1392,0.980418
1393,0.98572
1394,0.9938
1395,0.99426
1396,0.990701
1397,0.991762
1398,0.990265
1399,0.990593
1400,0.992141
1401,0.993382
1402,0.99322
1403,0.993661
1404,0.993857
1405,0.993188
1406,0.994009
1407,0.992377
1408,0.993234
1409,0.991033
1410,0.990795
1411,0.991003
1412,0.9909
1413,0.986158
1414,0.986226
1415,0.982402
1416,0.982255
1417,0.95356
1418,0.940062
1419,0.932417
1420,0.914669
1421,0.929415
1422,0.876382
1423,0.904647
1424,0.05235
1425,0.002505
1426,0.00052
1427,0.000565
1428,0.000805
1429,0.001009
1430,0.000222
1431,0.000633
1432,0.000614
1433,0.000173
1434,0.000107
1435,9.1e-05
1436,0.000111
1437,9.9e-05
1438,0.000124
1439,0.00012
1440,0.000125
1441,0.00017
1442,0.000274
1443,0.000768
1444,0.000544
1445,0.000473
1446,0.000581
1447,0.000669
1448,0.000697
1449,0.000705
1450,0.00081
1451,0.000832
1452,0.000632
1453,0.000714
1454,0.000663
1455,0.000652
1456,0.000644
1457,0.000553
1458,0.000407
1459,0.000303
1460,0.00027
1461,0.000232
1462,0.000221
1463,0.000185
1464,0.000208
1465,0.000168
1466,0.000165
1467,0.000172
1468,0.000154
1469,0.00013
1470,0.000114
1471,0.000106
1472,0.000121
1473,6.5e-05
1474,7.7e-05
1475,7.1e-05
1476,0.000452
1477,0.00012
1478,0.000664
1479,0.000608
1480,0.000699
1481,0.00067
1482,0.000536
1483,0.000592
1484,0.000571
1485,0.000418
1486,0.000495
1487,0.001643
1488,0.011271
1489,0.02491
1490,0.057263
1491,0.039237
1492,0.059354
1493,0.070764
1494,0.100633
1495,0.116108
1496,0.096317
1497,0.087638
1498,0.119455
1499,0.086972
1500,0.089373
1501,0.158099
1502,0.148864
1503,0.169447
1504,0.169753
1505,0.176539
1506,0.243597
1507,0.253366
1508,0.22967
1509,0.265604
1510,0.329986
1511,0.288392
1512,0.275148
1513,0.323466
1514,0.330487
1515,0.471073
1516,0.571059
1517,0.517518
1518,0.518449
1519,0.66067
1520,0.68202
1521,0.736039
1522,0.905156
1523,0.89288
1524,0.882774
1525,0.737422
1526,0.75073
1527,0.862801
1528,0.909823
1529,0.923386
1530,0.93613
1531,0.945828
1532,0.950195
1533,0.945967
1534,0.950188
1535,0.960072
1536,0.966519
1537,0.973082
1538,0.978877
1539,0.983684
1540,0.982968
1541,0.98182
1542,0.988167
1543,0.98241
1544,0.760793
1545,0.064162
1546,0.004294
1547,0.000744
1548,0.000556
1549,0.000518
1550,0.000873
1551,0.001612
1552,0.001397
1553,0.001396
1554,0.001406
1555,0.001164
1556,0.000877
1557,0.000822
1558,0.000624
1559,0.000379
1560,0.000473
1561,0.000711
1562,0.000622
1563,0.000745
1564,0.000596
1565,0.000655
1566,0.000758
1567,0.000715
1568,0.00077
1569,0.000826
1570,0.000867
1571,0.000734
1572,0.000645
1573,0.001011
1574,0.001303
1575,0.001156
1576,0.00114
1577,0.000852
1578,0.000888
1579,0.001441
1580,0.001943
1581,0.003014
1582,0.000908
1583,0.0008
1584,0.001024
1585,0.000649
1586,0.000932
1587,0.001026
1588,0.000915
1589,0.002166
1590,0.001167
1591,0.00118
1592,0.002626
1593,0.00187
1594,0.001939
1595,0.002505
1596,0.00517
1597,0.00194
1598,0.002562
1599,0.002737
1600,0.0047
1601,0.004531
1602,0.004258
1603,0.003304
1604,0.002978
1605,0.00298
1606,0.003417
1607,0.003338
1608,0.004519
1609,0.003742
1610,0.003313
1611,0.002452
1612,0.002682
1613,0.00283
1614,0.002573
1615,0.002473
1616,0.002761
1617,0.001019
1618,0.00113
1619,0.000733
1620,0.000672
1621,0.000716
1622,0.000682
1623,0.000421
1624,0.000589
1625,0.000399
1626,0.000491
1627,0.000457
1628,0.000855
1629,0.000713
1630,0.000813
1631,0.000661
1632,0.000713
1633,0.001244
1634,0.001754
1635,0.001853
1636,0.001701
1637,0.000607
1638,0.001031
1639,0.212783
1640,0.932398
1641,0.96043
1642,0.940982
1643,0.959884
1644,0.947721
1645,0.801031
1646,0.024238
1647,0.004863
1648,0.000982
1649,0.001112
1650,0.000859
1651,0.000864
1652,0.000877
1653,0.000969
1654,0.000979
1655,0.00083
1656,0.000748
1657,0.000518
1658,0.000489
1659,0.000346
1660,0.000408
1661,0.000326
1662,0.000693
1663,0.000478
1664,0.000622
1665,0.000491
1666,0.000445
1667,0.000408
1668,0.000203
1669,0.000277
1670,0.000291
1671,0.00035
1672,0.000411
1673,0.000354
1674,0.000633
1675,0.000659
1676,0.000545
1677,0.000549
1678,0.000328
1679,0.000319
1680,0.000266
1681,0.000166
1682,0.000175
1683,0.000219
1684,0.000189
1685,0.000205
1686,0.000235
1687,0.000205
1688,0.000148
1689,0.000145
1690,0.000158
1691,0.000168
1692,0.000153
1693,0.000107
1694,8.8e-05
1695,7.9e-05
1696,6.2e-05
1697,7e-05
1698,6.2e-05
1699,0.000577
1700,0.000956
1701,0.000905
1702,0.000937
1703,0.000807
1704,0.00094
1705,0.000685
1706,0.00055
1707,0.000783
1708,0.000674
1709,0.000526
1710,0.000658
1711,0.00058
1712,0.000574
1713,0.000651
1714,0.000706
1715,0.000565
1716,0.000475
1717,0.000328
1718,0.000506
1719,0.000345
1720,0.00077
1721,0.000658
1722,0.000766
1723,0.000998
1724,0.000449
1725,0.000545
1726,0.000554
1727,0.000487
1728,0.00052
1729,0.000365
1730,0.000147
1731,0.000216
1732,0.000354
1733,0.000333
1734,0.000272
1735,0.000261
1736,0.000205
1737,0.000209
1738,0.000279
1739,0.001801
1740,0.001841
1741,0.001438
1742,0.001254
1743,0.00116
1744,0.000347
1745,0.000462
1746,0.000909
1747,0.000839
1748,0.000917
1749,0.001316
1750,0.001207
1751,0.000829
1752,0.001154
1753,0.001479
1754,0.001884
1755,0.001781
1756,0.001667
1757,0.001287
1758,0.00163
1759,0.006416
1760,0.008259
1761,0.010214
1762,0.003445
1763,0.001341
1764,0.000665
1765,0.00043
1766,0.000332
1767,0.000243
1768,0.000347
1769,0.0003
1770,0.002908
1771,0.602716
1772,0.72987
1773,0.712026
1774,0.872559
1775,0.953186
1776,0.951411
1777,0.907562
1778,0.862591
1779,0.701197
1780,0.835002
1781,0.840702
1782,0.897434
1783,0.68981
1784,0.189354
1785,0.002654
1786,7.3e-05
1787,4.5e-05
1788,0.000164
1789,6.5e-05
1790,7.4e-05
1791,4.6e-05
1792,7.3e-05
1793,2.4e-05
1794,3.6e-05
1795,3.2e-05
1796,4.7e-05
1797,5.1e-05
1798,6.4e-05
1799,5.5e-05
1800,6.9e-05
1801,0.000108
1802,9.4e-05
1803,7e-05
1804,5.8e-05
1805,6.6e-05
1806,6e-05
1807,5.2e-05
1808,5.8e-05
1809,8e-05
1810,0.000159
1811,0.000106
1812,0.000212
1813,0.00019
1814,0.000281
1815,0.000174
1816,0.000203
1817,0.000195
1818,0.000219
1819,0.000114
1820,8.3e-05
1821,5.3e-05
1822,4.7e-05
1823,2.8e-05
1824,0.000114
1825,0.000103
1826,0.000194
1827,0.000203
1828,0.000211
1829,0.000228
1830,0.000189
1831,0.000168
1832,0.000239
1833,5.3e-05
1834,0.000268
1835,0.000129
1836,6.1e-05
1837,1.6e-05
1838,1.7e-05
1839,1.8e-05
1840,1.8e-05
1841,1.4e-05
1842,2.8e-05
1843,3e-05
1844,3.7e-05
1845,4.7e-05
1846,4.5e-05
1847,2.9e-05
1848,4.1e-05
1849,2.1e-05
1850,2.4e-05
1851,2.6e-05
1852,3.1e-05
1853,2e-05
1854,2.3e-05
1855,2.7e-05
1856,0.000252
1857,0.000305
1858,0.000586
1859,0.000285
1860,0.000204
1861,0.000111
1862,0.000188
1863,0.00021
1864,0.000416
1865,0.000296
1866,0.000364
1867,0.000239
1868,0.000203
1869,0.000162
1870,0.00017
1871,0.000197
1872,0.000135
1873,7.4e-05
1874,5.9e-05
1875,0.000298
1876,0.000359
1877,0.00038
1878,0.000411
1879,0.000535
1880,0.000448
1881,0.00053
1882,0.000644
1883,0.000798
1884,0.000946
1885,0.000603
1886,0.000709
1887,0.000715
1888,0.000775
1889,0.000566
1890,0.000521
1891,0.181449
1892,0.753207
1893,0.921887
1894,0.903945
1895,0.921996
1896,0.92859
1897,0.932994
1898,0.928663
1899,0.94702
1900,0.934243
1901,0.935817
1902,0.931439
1903,0.920496
1904,0.924536
1905,0.932129
1906,0.943575
1907,0.934487
1908,0.952091
1909,0.973569
1910,0.979966
1911,0.964719
1912,0.86378
1913,0.574211
1914,0.011939
1915,0.001032
1916,0.000542
1917,0.000435
1918,0.000782
1919,0.00054
1920,0.000585
1921,0.00033
1922,0.000434
1923,0.000259
1924,0.000118
1925,7.8e-05
1926,9e-05
1927,9.5e-05
1928,7.8e-05
1929,7.9e-05
1930,0.000146
1931,0.000127
1932,0.000116
1933,5.6e-05
1934,7e-05
1935,7.5e-05
1936,7.2e-05
1937,6.1e-05
1938,7.3e-05
1939,8.2e-05
1940,7.6e-05
1941,8.9e-05
1942,8.9e-05
1943,7.8e-05
1944,8.9e-05
1945,0.000109
1946,9e-05
1947,0.000187
1948,0.000229
1949,0.000155
1950,0.000188
1951,0.000183
1952,0.000204
1953,0.000334
1954,0.000641
1955,0.000424
1956,0.000431
1957,0.00032
1958,0.000304
1959,0.000167
1960,0.000242
1961,0.000192
1962,0.00014
1963,0.000115
1964,7.1e-05
1965,5e-05
1966,6.8e-05
1967,6.8e-05
1968,5.9e-05
1969,8.7e-05
1970,0.000256
1971,9.2e-05
1972,0.000125
1973,0.00013
1974,0.00013
1975,0.000258
1976,0.000186
1977,0.000181
1978,0.000168
1979,0.00019
1980,0.000161
1981,8.4e-05
1982,9.3e-05
1983,0.00012
1984,0.000193
1985,0.000208
1986,0.000183
1987,0.000188
1988,7.2e-05
1989,4.5e-05
1990,5.1e-05
1991,5.5e-05
1992,8.4e-05
1993,0.000134
1994,0.000113
1995,0.000147
1996,0.000181
1997,0.000153
1998,0.006986
1999,0.144038
2000,0.664684
2001,0.695227
2002,0.722021
2003,0.699398
2004,0.712796
2005,0.767008
2006,0.652141
2007,0.648144
2008,0.795217
2009,0.677126
2010,0.04638
2011,0.004644
2012,0.000485
2013,0.000349
2014,0.000267
2015,0.000254
2016,0.00037
2017,0.000224
2018,0.000321
2019,0.000334
2020,0.000386
2021,0.000288
2022,0.000235
2023,0.000172
2024,0.000197
2025,0.000262
2026,0.00026
2027,0.000278
2028,0.000195
2029,0.000254
2030,0.000345
2031,0.000426
2032,0.000647
2033,0.000573
2034,0.000703
2035,0.000965
2036,0.001098
2037,0.001049
2038,0.001029
2039,0.000972
2040,0.000973
2041,0.000836
2042,0.000757
2043,0.001312
2044,0.001441
2045,0.001077
2046,0.001081
2047,0.001144
2048,0.000714
2049,0.000956
2050,0.00164
2051,0.001499
2052,0.001207
2053,0.001001
2054,0.000994
2055,0.000551
2056,0.001683
2057,0.001585
2058,0.001668
2059,0.001234
2060,0.001076
2061,0.000911
2062,0.001038
2063,0.000981
2064,0.001228
2065,0.000414
2066,0.000508
2067,0.000569
2068,0.000655
2069,0.000475
2070,0.000385
2071,0.000667
2072,0.00044
2073,0.000357
2074,0.000462
2075,0.000343
2076,0.000349
2077,0.000327
2078,0.000249
2079,0.000219
2080,0.000207
2081,0.000198
2082,0.000158
2083,0.000162
2084,0.000169
2085,0.000179
2086,0.000183
2087,0.000192
2088,0.000159
2089,7.8e-05
2090,9e-05
2091,9.6e-05
2092,9.9e-05
2093,9.8e-05
2094,0.000103
2095,0.000105
2096,8.4e-05
2097,0.000138
2098,0.000183
2099,0.000189
2100,0.000309
2101,0.000223
2102,0.000283
2103,0.000286
2104,0.000275
2105,0.000259
2106,0.000294
2107,0.000269
2108,0.000279
2109,0.00023
2110,0.000191
2111,0.000205
2112,0.000181
2113,0.000191
2114,0.000214
2115,0.000185
2116,0.000215
2117,0.000232
2118,0.000259
2119,0.000341
2120,0.000426
2121,0.000417
2122,0.000299
2123,0.000252
2124,0.000238
2125,0.000159
2126,0.000167
2127,0.000225
2128,0.000222
2129,0.000227
2130,0.000269
2131,0.000146
2132,0.000188
2133,0.00017
2134,0.000181
2135,0.000171
2136,0.000196
2137,0.000153
2138,0.000209
2139,0.000298
2140,0.000238
2141,0.000385
2142,0.000433
2143,0.000446
2144,0.000421
2145,0.000394
2146,0.000341
2147,0.000322
2148,0.000381
2149,0.000246
2150,0.000241
2151,0.00028
2152,0.000218
2153,0.00019
2154,0.000163
2155,0.000203
2156,0.000201
2157,0.000173
2158,0.000124
2159,0.000103
2160,0.000107
2161,8.5e-05
2162,9e-05
2163,8.4e-05
2164,9.6e-05
2165,0.000116
2166,0.000145
2167,0.000134
2168,0.000132
2169,0.000131
2170,0.000154
2171,0.000182
2172,0.000195
2173,0.000208
2174,0.000143
2175,0.000145
2176,0.000189
2177,0.000143
2178,0.000121
2179,0.000242
2180,0.00018
2181,0.000145
2182,0.00026
2183,0.000188
2184,0.000181
2185,0.000143
2186,0.000197
2187,0.000494
2188,0.000602
2189,0.000489
2190,0.00038
2191,0.000415
2192,0.00055
2193,0.000524
2194,0.00051
2195,0.000487
2196,0.000349
2197,0.000486
2198,0.000656
2199,0.000396
2200,0.000879
2201,0.00081
2202,0.000916
2203,0.001019
2204,0.001032
2205,0.000917
2206,0.000725
2207,0.000633
2208,0.00073
2209,0.00033
2210,0.000368
2211,0.000356
2212,0.000368
2213,0.000543
2214,0.000405
2215,0.000544
2216,0.000637
2217,0.001074
2218,0.001955
2219,0.002157
2220,0.001772
2221,0.002511
2222,0.002898
2223,0.00336
2224,0.002314
2225,0.002869
2226,0.002136
2227,0.001858
2228,0.002424
2229,0.002014
2230,0.003081
2231,0.008103
2232,0.659279
2233,0.985521
2234,0.988586
2235,0.987679
2236,0.988914
2237,0.981945
2238,0.98847
2239,0.986031
2240,0.985067
2241,0.980283
2242,0.9751
2243,0.109196
2244,0.006441
2245,0.001766
2246,0.001747
2247,0.003187
2248,0.002731
2249,0.002225
2250,0.002005
2251,0.001559
2252,0.002342
2253,0.001713
2254,0.001482
2255,0.001428
2256,0.001354
2257,0.001506
2258,0.000893
2259,0.001679
2260,0.000943
2261,0.001136
2262,0.000629
2263,0.000498
2264,0.002549
2265,0.000496
2266,0.000321
2267,0.000271
2268,0.000247
2269,7e-05
2270,9.2e-05
2271,0.000126
2272,0.000158
2273,6.8e-05
2274,7.7e-05
2275,7.6e-05
2276,0.000102
2277,0.0004
2278,0.000458
2279,0.000417
2280,0.000459
2281,0.000193
2282,0.000296
2283,0.000677
2284,0.000477
2285,0.000545
2286,0.000468
2287,0.000487
2288,0.000474
2289,0.000472
2290,0.000585
2291,0.000635
2292,0.000581
2293,0.000613
2294,0.000659
2295,0.000613
2296,0.000753
2297,0.000842
2298,0.000806
2299,0.000755
2300,0.000575
2301,0.000474
2302,0.000477
2303,0.000488
2304,0.000492
2305,0.000397
2306,0.000394
2307,0.000411
2308,0.000445
2309,0.000385
2310,0.000341
2311,0.000287
2312,0.000273
2313,0.000296
2314,0.000303
2315,0.00033
2316,0.000362
2317,0.00023
2318,0.000225
2319,0.000264
2320,0.000205
2321,0.000185
2322,0.000373
2323,0.000526
2324,0.000365
2325,0.000284
2326,0.000347
2327,0.000268
2328,0.000273
2329,0.000337
2330,0.00035
2331,0.000253
2332,0.000359
2333,0.000397
2334,0.000435
2335,0.000421
2336,0.000406
2337,0.000419
2338,0.00047
2339,0.000496
2340,0.000481
2341,0.000287
2342,0.00029
2343,0.000319
2344,0.000298
2345,0.000282
2346,0.000216
2347,0.037141
2348,0.708724
2349,0.949626
2350,0.963198
2351,0.944654
2352,0.939404
2353,0.939425
2354,0.947902
2355,0.944226
2356,0.922365
2357,0.858122
2358,0.775379
2359,0.461905
2360,0.070965
2361,0.00052
2362,0.000439
2363,0.000593
2364,0.000542
2365,0.000812
2366,0.000855
2367,0.000823
2368,0.000581
2369,0.000279
2370,0.00025
2371,0.000269
2372,0.000254
2373,0.000239
2374,0.000257
2375,0.00032
2376,0.000285
2377,0.00039
2378,0.000401
2379,0.00047
2380,0.000477
2381,0.000701
2382,0.010274
2383,0.487338
2384,0.847773
2385,0.729401
2386,0.755639
2387,0.73982
2388,0.865955
2389,0.902438
2390,0.859593
2391,0.887953
2392,0.842918
2393,0.858393
2394,0.76469
2395,0.888152
2396,0.87517
2397,0.872064
2398,0.869338
2399,0.868652
2400,0.870577
2401,0.89429
2402,0.900403
2403,0.873722
2404,0.875087
2405,0.851897
2406,0.857644
2407,0.86665
2408,0.866384
2409,0.89367
2410,0.88898
2411,0.873134
2412,0.208552
2413,0.020424
2414,0.00112
2415,0.000703
2416,0.000714
2417,0.001106
2418,0.00114
2419,0.001051
2420,0.001563
2421,0.001159
2422,0.001019
2423,0.001014
2424,0.001114
2425,0.000429
2426,0.000491
2427,0.000526
2428,0.000554
2429,0.000637
2430,0.000665
2431,0.000542
2432,0.000444
2433,0.000312
2434,0.000363
2435,0.000346
2436,0.000434
2437,0.000572
2438,0.000734
2439,0.000623
2440,0.00072
2441,0.000596
2442,0.000749
2443,0.00068
2444,0.000636
2445,0.000441
2446,0.000376
2447,0.00039
2448,0.000385
2449,0.00022
2450,0.000248
2451,0.000294
2452,0.000343
2453,0.000362
2454,0.000391
2455,0.000337
2456,0.000454
2457,0.000394
2458,0.000413
2459,0.000419
2460,0.000484
2461,0.000267
2462,0.000242
2463,0.000253
2464,0.00023
2465,0.00018
2466,0.000181
2467,0.000178
2468,0.000169
2469,0.000188
2470,0.000182
2471,0.000147
2472,0.000135
2473,0.00034
2474,0.000461
2475,0.00047
2476,0.000363
2477,0.000266
2478,0.000286
2479,0.000273
2480,0.000243
2481,0.000238
2482,0.000227
2483,0.000147
2484,0.000142
2485,0.000133
2486,0.000124
2487,0.000132
2488,0.00011
2489,9.7e-05
2490,0.000143
2491,0.000169
2492,0.000167
2493,0.00017
2494,0.000176
2495,0.000226
2496,0.000258
2497,0.00014
2498,0.000145
2499,0.000138
2500,0.000141
2501,0.000502
2502,0.00042
2503,0.000455
2504,0.000475
2505,0.000658
2506,0.000589
2507,0.000646
2508,0.000542
2509,0.000465
2510,0.000551
2511,0.00044
2512,0.000521
2513,0.000538
2514,0.000562
2515,0.000386
2516,0.000462
2517,0.000566
2518,0.000441
2519,0.000272
2520,0.00021
2521,0.000728
2522,0.000363
2523,0.000677
2524,0.001056
2525,0.001062
2526,0.000703
2527,0.000508
2528,0.00056
2529,0.000426
2530,0.000759
2531,0.00052
2532,0.000564
2533,0.000426
2534,0.000389
2535,0.00051
2536,0.000316
2537,0.000347
2538,0.000458
2539,0.000431
2540,0.000483
2541,0.000376
2542,0.000373
2543,0.000363
2544,0.000393
2545,0.000564
2546,0.000507
2547,0.000433
2548,0.000424
2549,0.000392
2550,0.000573
2551,0.000746
2552,0.000634
2553,0.000515
2554,0.000445
2555,0.000406
2556,0.000239
2557,0.000231
2558,0.000238
2559,0.000213
2560,0.000231
2561,0.00022
2562,0.000222
2563,0.000208
2564,0.000138
2565,0.000158
2566,0.000162
2567,0.000252
2568,0.000304
2569,0.000147
2570,0.000175
2571,0.000179
2572,0.000228
2573,0.000246
2574,0.000294
2575,0.000296
2576,0.00041
2577,0.000161
2578,0.00017
2579,0.000129
2580,0.000148
2581,8.4e-05
2582,9e-05
2583,9.3e-05
2584,9.7e-05
2585,9.1e-05
2586,8.4e-05
2587,0.000103
2588,0.000193
2589,8.2e-05
2590,9.5e-05
2591,0.000106
2592,0.000138
2593,0.0001
2594,9.3e-05
2595,8.9e-05
2596,7.3e-05
2597,5.7e-05
2598,7.2e-05
2599,0.000106
2600,7.5e-05
2601,5.7e-05
2602,5e-05
2603,6.5e-05
2604,6.7e-05
2605,3.2e-05
2606,4.4e-05
2607,3.9e-05
2608,3.2e-05
2609,3.3e-05
2610,4.6e-05
2611,2e-05
2612,2.6e-05
2613,2.1e-05
2614,2.1e-05
2615,3e-05
2616,3.2e-05
2617,1.8e-05
2618,2.2e-05
2619,2e-05
2620,2.7e-05
2621,3.3e-05
2622,3.1e-05
2623,2.9e-05
2624,2.5e-05
2625,2.7e-05
2626,2.6e-05
2627,2.5e-05
2628,2.8e-05
2629,5.5e-05
2630,5e-05
2631,6.3e-05
2632,7.7e-05
2633,6.1e-05
2634,5e-05
2635,5.9e-05
2636,5.8e-05
2637,8.3e-05
2638,5.3e-05
2639,5.6e-05
2640,7.4e-05
2641,5.9e-05
2642,5.8e-05
2643,7.5e-05
2644,5.7e-05
2645,7.8e-05
2646,7.8e-05
2647,8.2e-05
2648,0.000104
2649,9.8e-05
2650,0.000104
2651,8.3e-05
2652,7.5e-05
2653,0.000106
2654,0.000189
2655,0.000173
2656,0.000176
2657,0.000239
2658,0.000271
2659,0.000213
2660,0.000198
2661,0.000191
2662,0.000244
2663,0.000258
2664,0.000218
2665,0.000161
2666,0.000151
2667,0.000197
2668,0.000204
2669,0.000218
2670,0.000311
2671,0.000307
2672,0.000313
2673,0.000385
2674,0.000348
2675,0.000133
2676,0.0001
2677,8.1e-05
2678,0.00015
2679,0.000101
2680,4.7e-05
2681,0.000113
2682,0.000192
2683,0.000243
2684,0.000249
2685,0.000231
2686,0.000208
2687,0.000234
2688,0.000195
2689,0.000114
2690,6.8e-05
2691,8.8e-05
2692,9.7e-05
2693,8.7e-05
2694,0.000111
2695,0.000123
2696,0.000128
2697,0.000129
2698,0.000187
2699,0.000157
2700,0.000277
2701,0.049817
2702,0.578116
2703,0.649251
2704,0.545187
2705,0.638443
2706,0.815703
2707,0.861415
2708,0.872485
2709,0.889089
2710,0.502891
2711,0.02058
2712,0.003159
2713,0.000686
2714,0.000604
2715,0.000589
2716,0.000495
2717,0.000494
2718,0.00046
2719,0.000439
2720,0.000386
2721,0.000396
2722,0.000344
2723,0.00034
2724,0.000336
2725,0.000333
2726,0.00432
2727,0.802382
2728,0.96224
2729,0.971454
2730,0.970602
2731,0.97309
2732,0.979581
2733,0.984333
2734,0.985082
2735,0.983625
2736,0.982534
2737,0.977577
2738,0.98044
2739,0.975349
2740,0.975116
2741,0.949082
2742,0.13106
2743,0.014301
2744,0.000853
2745,0.000233
2746,0.00044
2747,0.000289
2748,0.000394
2749,0.000669
2750,0.000882
2751,0.000679
2752,0.000832
2753,0.000669
2754,0.000581
2755,0.000676
2756,0.000673
2757,0.000456
2758,0.000525
2759,0.000508
2760,0.00053
2761,0.000381
2762,0.000282
2763,0.000244
2764,0.000303
2765,0.000285
2766,0.000217
2767,0.000248
2768,0.000378
2769,0.00036
2770,0.000394
2771,0.000307
2772,0.000302
2773,0.00021
2774,0.000233
2775,0.000212
2776,0.000273
2777,0.00029
2778,0.000319
2779,0.00043
2780,0.000464
2781,0.000307
2782,0.000412
2783,0.000392
2784,0.001259
2785,0.001781
2786,0.000678
2787,0.000564
2788,0.000509
2789,0.000404
2790,0.000349
2791,0.000261
2792,0.000278
2793,0.001588
2794,0.001098
2795,0.0015
2796,0.00152
2797,0.00102
2798,0.001207
2799,0.000753
2800,0.000914
2801,0.000682
2802,0.000854
2803,0.000623
2804,0.001231
2805,0.019296
2806,0.028485
2807,0.038367
2808,0.032066
2809,0.032138
2810,0.033948
2811,0.042234
2812,0.03691
2813,0.034041
2814,0.035915
2815,0.028273
2816,0.022173
2817,0.017174
2818,0.024317
2819,0.025962
2820,0.018412
2821,0.038968
2822,0.038723
2823,0.031543
2824,0.022981
2825,0.019213
2826,0.011156
2827,0.003008
2828,0.002978
2829,0.002972
2830,0.001941
2831,0.001584
2832,0.00183
2833,0.001681
2834,0.001671
2835,0.001465
2836,0.001445
2837,0.001638
2838,0.001671
2839,0.001644
2840,0.001677
2841,0.00158
2842,0.000753
