1,0.984304
2,0.984636
3,0.983687
4,0.979314
5,0.983841
6,0.982193
7,0.961535
8,0.961009
9,0.932528
10,0.901563
11,0.880601
12,0.934138
13,0.838975
14,0.772033
15,0.744416
16,0.689545
17,0.73103
18,0.701833
19,0.854215
20,0.753482
21,0.826802
22,0.784534
23,0.655183
24,0.667159
25,0.64153
26,0.556272
27,0.532044
28,0.50268
29,0.531889
30,0.540815
31,0.51774
32,0.620284
33,0.62392
34,0.658319
35,0.740176
36,0.782614
37,0.811518
38,0.772393
39,0.776736
40,0.540359
41,0.575035
42,0.62533
43,0.623476
44,0.71336
45,0.655085
46,0.809612
47,0.863097
48,0.903039
49,0.92228
50,0.925367
51,0.947284
52,0.982082
53,0.965207
54,0.978823
55,0.9814
56,0.923248
57,0.89082
58,0.862519
59,0.722022
60,0.842001
61,0.813207
62,0.875407
63,0.814759
64,0.841729
65,0.902249
66,0.914784
67,0.925648
68,0.900507
69,0.902294
70,0.90589
71,0.899898
72,0.875559
73,0.798945
74,0.775106
75,0.820782
76,0.896164
77,0.811169
78,0.872456
79,0.865915
80,0.808088
81,0.692092
82,0.704441
83,0.673864
84,0.664458
85,0.684889
86,0.688992
87,0.602062
88,0.552658
89,0.489169
90,0.503342
91,0.554977
92,0.604762
93,0.547724
94,0.595944
95,0.612983
96,0.575516
97,0.604431
98,0.120473
99,0.630354
100,0.599021
101,0.618312
102,0.687994
103,0.67009
104,0.692897
105,0.113452
106,0.122261
107,0.115965
108,0.134076
109,0.227729
110,0.227692
111,0.230057
112,0.227036
113,0.225029
114,0.260053
115,0.231989
116,0.293179
117,0.285506
118,0.467425
119,0.407938
120,0.450654
121,0.353251
122,0.343766
123,0.442526
124,0.473617
125,0.486416
126,0.439488
127,0.950742
128,0.929206
129,0.949305
130,0.606661
131,0.627971
132,0.689019
133,0.75148
134,0.614609
135,0.600702
136,0.558307
137,0.613747
138,0.657231
139,0.669759
140,0.560025
141,0.568148
142,0.563486
143,0.698122
144,0.800128
145,0.823425
146,0.793293
147,0.823164
148,0.857063
149,0.88759
150,0.839018
151,0.818713
152,0.830756
153,0.759917
154,0.734029
155,0.698971
156,0.723261
157,0.777393
158,0.755849
159,0.748926
160,0.832752
161,0.847575
162,0.82177
163,0.881309
164,0.870515
165,0.866523
166,0.852483
167,0.875204
168,0.871403
169,0.868246
170,0.872131
171,0.870858
172,0.846782
173,0.781158
174,0.797467
175,0.827339
176,0.819992
177,0.772651
178,0.837924
179,0.848657
180,0.852058
181,0.836743
182,0.849705
183,0.844478
184,0.805599
185,0.875183
186,0.892213
187,0.859723
188,0.815654
189,0.818755
190,0.801931
191,0.795642
192,0.779747
193,0.927723
194,0.91076
195,0.913417
196,0.912225
197,0.869134
198,0.87904
199,0.874106
200,0.922865
201,0.982217
202,0.91919
203,0.732946
204,0.878261
205,0.975208
206,0.970883
207,0.962672
208,0.891225
209,0.851159
210,0.907238
211,0.885457
212,0.874314
213,0.879606
214,0.893076
215,0.872862
216,0.868349
217,0.688984
218,0.64258
219,0.61872
220,0.648608
221,0.716672
222,0.725056
223,0.652372
224,0.632458
225,0.566794
226,0.424712
227,0.392276
228,0.461413
229,0.557186
230,0.964466
231,0.963449
232,0.862476
233,0.868484
234,0.915966
235,0.979688
236,0.981863
237,0.978143
238,0.979898
239,0.969664
240,0.781086
241,0.799034
242,0.772414
243,0.83458
244,0.81146
245,0.666101
246,0.531182
247,0.55359
248,0.335639
249,0.459273
250,0.511865
251,0.765162
252,0.232311
253,0.219228
254,0.188241
255,0.803753
256,0.799624
257,0.807818
258,0.860566
259,0.896647
260,0.878162
261,0.912518
262,0.887471
263,0.885381
264,0.841722
265,0.782264
266,0.784908
267,0.7863
268,0.487529
269,0.507345
270,0.441577
271,0.425521
272,0.416518
273,0.435731
274,0.409386
275,0.399138
276,0.584818
277,0.501136
278,0.480597
279,0.814549
280,0.905258
281,0.870627
282,0.899161
283,0.879585
284,0.937588
285,0.914115
286,0.916468
287,0.897093
288,0.777377
289,0.760821
290,0.758696
291,0.800328
292,0.729189
293,0.74999
294,0.622696
295,0.574865
296,0.64674
297,0.7824
298,0.718553
299,0.816153
300,0.798148
301,0.68376
302,0.692064
303,0.67287
304,0.523561
305,0.581177
306,0.490597
307,0.539961
308,0.55499
309,0.540146
310,0.537256
311,0.500257
312,0.622352
313,0.863317
314,0.824473
315,0.818155
316,0.797991
317,0.827323
318,0.812521
319,0.822256
320,0.909505
321,0.889211
322,0.897001
323,0.91893
324,0.934545
325,0.811918
326,0.787052
327,0.804858
328,0.818983
329,0.785229
330,0.845875
331,0.863419
332,0.836771
333,0.805672
334,0.850166
335,0.838692
336,0.839549
337,0.844723
338,0.884038
339,0.894809
340,0.89258
341,0.89647
342,0.903819
343,0.926994
344,0.930672
345,0.926711
346,0.946527
347,0.932339
348,0.934613
349,0.837084
350,0.771471
351,0.846534
352,0.865045
353,0.744719
354,0.759512
355,0.784051
356,0.780052
357,0.766804
358,0.714881
359,0.758316
360,0.731421
361,0.890815
362,0.899906
363,0.860979
364,0.878014
365,0.916439
366,0.91699
367,0.911064
368,0.921455
369,0.915408
370,0.927291
371,0.926427
372,0.919204
373,0.928363
374,0.944382
375,0.947392
376,0.952582
377,0.948972
378,0.94498
379,0.954839
380,0.934011
381,0.931918
382,0.939591
383,0.90107
384,0.886762
385,0.920233
386,0.928643
387,0.942396
388,0.933936
389,0.922663
390,0.930747
391,0.919671
392,0.92733
393,0.948727
394,0.95006
395,0.953848
396,0.953408
397,0.884383
398,0.926434
399,0.93823
400,0.949674
401,0.944999
402,0.937836
403,0.923172
404,0.906623
405,0.915313
406,0.917909
407,0.900043
408,0.88834
409,0.893679
410,0.857614
411,0.957197
412,0.965205
413,0.964172
414,0.964319
415,0.95574
416,0.954636
417,0.934878
418,0.945333
419,0.946798
420,0.938846
421,0.962289
422,0.963838
423,0.964469
424,0.959159
425,0.961425
426,0.970044
427,0.964999
428,0.963167
429,0.968813
430,0.968776
431,0.968424
432,0.973816
433,0.955823
434,0.960311
435,0.959919
436,0.947072
437,0.945357
438,0.934373
439,0.938362
440,0.930152
441,0.914029
442,0.907595
443,0.886964
444,0.892274
445,0.787851
446,0.763402
447,0.768667
448,0.781592
449,0.763701
450,0.752714
451,0.773319
452,0.609059
453,0.712393
454,0.688958
455,0.603518
456,0.586423
457,0.61529
458,0.557172
459,0.378517
460,0.34362
461,0.350666
462,0.457673
463,0.460544
464,0.48698
465,0.547692
466,0.624286
467,0.6208
468,0.587766
469,0.641232
470,0.627423
471,0.571076
472,0.627243
473,0.537345
474,0.532814
475,0.56514
476,0.557941
477,0.540679
478,0.546349
479,0.535684
480,0.574384
481,0.614352
482,0.646536
483,0.632549
484,0.566166
485,0.497026
486,0.503568
487,0.47485
488,0.492558
489,0.480889
490,0.476992
491,0.441879
492,0.449818
493,0.5535
494,0.535614
495,0.449939
496,0.456038
497,0.459153
498,0.423726
499,0.438932
500,0.431937
501,0.471193
502,0.569556
503,0.46451
504,0.479157
505,0.499928
506,0.469065
507,0.514638
508,0.492986
509,0.486012
510,0.685898
511,0.692403
512,0.67058
513,0.726131
514,0.655573
515,0.588077
516,0.832336
517,0.87119
518,0.865168
519,0.888359
520,0.905442
521,0.862155
522,0.858683
523,0.893699
524,0.930939
525,0.950037
526,0.941009
527,0.928858
528,0.923953
529,0.878011
530,0.890516
531,0.889604
532,0.891414
533,0.860383
534,0.888909
535,0.860727
536,0.861669
537,0.831909
538,0.85756
539,0.875797
540,0.900354
541,0.959856
542,0.931975
543,0.941417
544,0.923027
545,0.906123
546,0.936366
547,0.93298
548,0.924967
549,0.922042
550,0.944989
551,0.941498
552,0.955716
553,0.927933
554,0.925326
555,0.927092
556,0.94372
557,0.939479
558,0.930457
559,0.892217
560,0.928994
561,0.935722
562,0.947718
563,0.943742
564,0.935715
565,0.869224
566,0.849167
567,0.88358
568,0.877668
569,0.866673
570,0.808623
571,0.762674
572,0.76734
573,0.782048
574,0.758623
575,0.753198
576,0.75253
577,0.767147
578,0.736707
579,0.695109
580,0.638682
581,0.627737
582,0.514975
583,0.489186
584,0.717052
585,0.743716
586,0.622662
587,0.602869
588,0.583618
589,0.51908
590,0.525832
591,0.518078
592,0.518652
593,0.524621
594,0.554181
595,0.48046
596,0.347663
597,0.355307
598,0.457883
599,0.459745
600,0.505659
601,0.502809
602,0.418179
603,0.428203
604,0.524423
605,0.525982
606,0.468275
607,0.550879
608,0.541611
609,0.57032
610,0.569822
611,0.642961
612,0.496826
613,0.68898
614,0.667735
615,0.78118
616,0.761402
617,0.806567
618,0.804767
619,0.796354
620,0.82227
621,0.716916
622,0.775942
623,0.859062
624,0.837823
625,0.89006
626,0.903744
627,0.886952
628,0.877398
629,0.833544
630,0.867189
631,0.892862
632,0.941339
633,0.940972
634,0.883271
635,0.904028
636,0.912329
637,0.923844
638,0.881581
639,0.866317
640,0.85329
641,0.868549
642,0.878375
643,0.86569
644,0.847973
645,0.896551
646,0.905383
647,0.921316
648,0.933636
649,0.957735
650,0.965894
651,0.961945
652,0.974165
653,0.969674
654,0.960769
655,0.96298
656,0.960747
657,0.953896
658,0.959337
659,0.958139
660,0.935789
661,0.971634
662,0.97194
663,0.977147
664,0.973712
665,0.962968
666,0.956423
667,0.938443
668,0.95126
669,0.956729
670,0.963355
671,0.954073
672,0.948455
673,0.960186
674,0.958237
675,0.94785
676,0.943687
677,0.94115
678,0.943613
679,0.951483
680,0.938237
681,0.931418
682,0.937355
683,0.95513
684,0.930614
685,0.937787
686,0.90796
687,0.906875
688,0.914641
689,0.909724
690,0.894121
691,0.891294
692,0.919853
693,0.906409
694,0.941938
695,0.944236
696,0.929905
697,0.958936
698,0.93477
699,0.917939
700,0.906681
701,0.914053
702,0.903504
703,0.819239
704,0.884561
705,0.898174
706,0.896823
707,0.868971
708,0.866765
709,0.895006
710,0.901867
711,0.889219
712,0.896199
713,0.8573
714,0.900146
715,0.881324
716,0.851187
717,0.898543
718,0.931392
719,0.899461
720,0.888605
721,0.818846
722,0.845279
723,0.847215
724,0.865769
725,0.845131
726,0.852844
727,0.835612
728,0.868244
729,0.882659
730,0.833891
731,0.821784
732,0.820819
733,0.790883
734,0.688035
735,0.704826
736,0.585432
737,0.649513
738,0.669263
739,0.590282
740,0.525801
741,0.541646
742,0.40156
743,0.356804
744,0.26077
745,0.188059
746,0.125758
747,0.135867
748,0.20147
749,0.165122
750,0.191956
751,0.370426
752,0.330376
753,0.187993
754,0.197204
755,0.195944
756,0.214937
757,0.20781
758,0.188674
759,0.134731
760,0.156397
761,0.170739
762,0.133553
763,0.122579
764,0.086715
765,0.081222
766,0.076445
767,0.087816
768,0.068151
769,0.062909
770,0.066002
771,0.079515
772,0.077421
773,0.066409
774,0.055414
775,0.05257
776,0.060444
777,0.050075
778,0.080008
779,0.06325
780,0.066041
781,0.075434
782,0.082155
783,0.078589
784,0.078767
785,0.111134
786,0.102087
787,0.084691
788,0.073112
789,0.070398
790,0.126201
791,0.085801
792,0.109857
793,0.116334
794,0.14853
795,0.117837
796,0.109263
797,0.106658
798,0.091661
799,0.125373
800,0.163026
801,0.168273
802,0.206999
803,0.217587
804,0.210956
805,0.240948
806,0.255631
807,0.228942
808,0.238962
809,0.233019
810,0.269102
811,0.334802
812,0.298674
813,0.367799
814,0.397309
815,0.414427
816,0.375151
817,0.558385
818,0.549012
819,0.609812
820,0.553489
821,0.554891
822,0.658003
823,0.720018
824,0.677094
825,0.713555
826,0.712431
827,0.713384
828,0.731817
829,0.633443
830,0.677034
831,0.734556
832,0.724813
833,0.779625
834,0.737885
835,0.779748
836,0.831038
837,0.874834
838,0.954901
839,0.934746
840,0.945211
841,0.797849
842,0.869263
843,0.923007
844,0.915486
845,0.912701
846,0.879245
847,0.85222
848,0.830743
849,0.854092
850,0.895949
851,0.891086
852,0.862653
853,0.909441
854,0.912028
855,0.904108
856,0.91759
857,0.892633
858,0.891831
859,0.883445
860,0.876003
861,0.865854
862,0.896025
863,0.919214
864,0.915915
865,0.965236
866,0.972409
867,0.968097
868,0.969902
869,0.961404
870,0.958399
871,0.94074
872,0.93156
873,0.942687
874,0.944343
875,0.937067
876,0.930682
877,0.964842
878,0.970313
879,0.957377
880,0.948499
881,0.958446
882,0.960607
883,0.964008
884,0.968318
885,0.974656
886,0.99149
887,0.892471
888,0.886345
889,0.879651
890,0.960172
891,0.96666
892,0.95283
893,0.909757
894,0.919198
895,0.908242
896,0.895485
897,0.926024
898,0.937377
899,0.950497
900,0.950762
901,0.942402
902,0.953045
903,0.968105
904,0.971734
905,0.960636
906,0.955611
907,0.96212
908,0.965369
909,0.95877
910,0.957172
911,0.938181
912,0.951871
913,0.942315
914,0.949982
915,0.921559
916,0.929784
917,0.950024
918,0.936721
919,0.927273
920,0.916498
921,0.909738
922,0.918103
923,0.902505
924,0.869726
925,0.78339
926,0.83373
927,0.822739
928,0.86636
929,0.872449
930,0.889724
931,0.856861
932,0.839386
933,0.858207
934,0.857733
935,0.849269
936,0.822094
937,0.827125
938,0.791276
939,0.806902
940,0.83659
941,0.844192
942,0.69924
943,0.736045
944,0.786112
945,0.814552
946,0.794385
947,0.807005
948,0.804081
949,0.856158
950,0.851004
951,0.835734
952,0.835358
953,0.799574
954,0.82551
955,0.836273
956,0.863223
957,0.859664
958,0.857617
959,0.873519
960,0.891007
961,0.843145
962,0.884979
963,0.854906
964,0.858851
965,0.836036
966,0.85675
967,0.84745
968,0.858903
969,0.856372
970,0.861784
971,0.866546
972,0.873988
973,0.808192
974,0.778901
975,0.780606
976,0.774687
977,0.765233
978,0.828309
979,0.759037
980,0.754468
981,0.806119
982,0.855865
983,0.870067
984,0.847919
985,0.913927
986,0.906595
987,0.902672
988,0.903698
989,0.904491
990,0.914168
991,0.910078
992,0.907933
993,0.902707
994,0.888418
995,0.885293
996,0.875691
997,0.808906
998,0.824317
999,0.870149
1000,0.866215
1001,0.893089
1002,0.897434
1003,0.899537
1004,0.898234
1005,0.910713
1006,0.944824
1007,0.929767
1008,0.922758
1009,0.872681
1010,0.88374
1011,0.888511
1012,0.864837
1013,0.850873
1014,0.838544
1015,0.880804
1016,0.875071
1017,0.860444
1018,0.842206
1019,0.814434
1020,0.856483
1021,0.967831
1022,0.965795
1023,0.966792
1024,0.96892
1025,0.972122
1026,0.960714
1027,0.965254
1028,0.963459
1029,0.950193
1030,0.949247
1031,0.949157
1032,0.944121
1033,0.922999
1034,0.924357
1035,0.924652
1036,0.937158
1037,0.937638
1038,0.943842
1039,0.946689
1040,0.983975
1041,0.895206
1042,0.879741
1043,0.821986
1044,0.979807
1045,0.97074
1046,0.980072
1047,0.981244
1048,0.973517
1049,0.975347
1050,0.972195
1051,0.965742
1052,0.961485
1053,0.967327
1054,0.957206
1055,0.95829
1056,0.957825
1057,0.967075
1058,0.963433
1059,0.959493
1060,0.943413
1061,0.933144
1062,0.93397
1063,0.94467
1064,0.946556
1065,0.944269
1066,0.935094
1067,0.931765
1068,0.922037
1069,0.900038
1070,0.90782
1071,0.914633
1072,0.917553
1073,0.918438
1074,0.923
1075,0.930948
1076,0.942724
1077,0.93379
1078,0.918706
1079,0.926057
1080,0.914373
1081,0.878745
1082,0.892567
1083,0.875658
1084,0.881447
1085,0.880316
1086,0.893494
1087,0.893856
1088,0.897717
1089,0.89161
1090,0.892336
1091,0.895534
1092,0.861584
1093,0.904015
1094,0.900431
1095,0.891162
1096,0.880976
1097,0.886206
1098,0.888025
1099,0.881912
1100,0.874445
1101,0.874775
1102,0.870017
1103,0.877036
1104,0.880034
1105,0.908234
1106,0.911606
1107,0.920416
1108,0.921912
1109,0.916052
1110,0.913738
1111,0.913897
1112,0.91411
1113,0.920732
1114,0.938949
1115,0.922352
1116,0.923263
1117,0.929859
1118,0.93872
1119,0.940177
1120,0.94509
1121,0.942279
1122,0.93577
1123,0.94457
1124,0.942728
1125,0.91795
1126,0.937269
1127,0.950921
1128,0.942562
1129,0.918552
1130,0.921521
1131,0.920842
1132,0.921034
1133,0.923478
1134,0.938191
1135,0.934586
1136,0.933896
1137,0.934577
1138,0.929113
1139,0.932009
1140,0.911767
1141,0.925729
1142,0.932036
1143,0.932422
1144,0.935975
1145,0.949262
1146,0.945612
1147,0.970438
1148,0.960332
1149,0.966967
1150,0.970379
1151,0.960872
1152,0.965297
1153,0.935647
1154,0.929108
1155,0.934099
1156,0.937193
1157,0.936729
1158,0.932293
1159,0.922244
1160,0.920176
1161,0.850765
1162,0.83022
1163,0.861623
1164,0.896092
1165,0.909675
1166,0.908093
1167,0.899573
1168,0.896999
1169,0.93388
1170,0.938733
1171,0.934163
1172,0.942098
1173,0.906756
1174,0.969351
1175,0.971504
1176,0.93262
1177,0.927295
1178,0.923771
1179,0.930484
1180,0.928916
1181,0.912278
1182,0.913649
1183,0.915886
1184,0.952591
1185,0.941383
1186,0.922786
1187,0.925305
1188,0.90208
1189,0.855039
1190,0.843924
1191,0.855739
1192,0.882601
1193,0.909365
1194,0.927246
1195,0.919862
1196,0.926357
1197,0.885628
1198,0.888195
1199,0.883497
1200,0.950457
1201,0.938137
1202,0.947924
1203,0.939393
1204,0.946525
1205,0.923536
1206,0.952857
1207,0.927113
1208,0.858754
1209,0.940708
1210,0.913792
1211,0.890121
1212,0.889317
1213,0.965629
1214,0.963629
1215,0.9656
1216,0.971337
1217,0.96963
1218,0.973365
1219,0.959257
1220,0.958522
1221,0.972495
1222,0.974845
1223,0.977422
1224,0.967785
1225,0.945816
1226,0.945811
1227,0.9185
1228,0.939881
1229,0.935032
1230,0.926541
1231,0.862119
1232,0.869971
1233,0.907159
1234,0.900579
1235,0.914515
1236,0.916719
1237,0.892937
1238,0.903741
1239,0.885727
1240,0.860954
1241,0.876893
1242,0.885903
1243,0.86988
1244,0.895701
1245,0.91709
1246,0.896216
1247,0.857601
1248,0.870981
1249,0.79335
1250,0.784629
1251,0.669058
1252,0.855626
1253,0.780658
1254,0.746602
1255,0.79688
1256,0.780356
1257,0.79526
1258,0.785118
1259,0.743023
1260,0.737347
1261,0.307754
1262,0.296506
1263,0.29817
1264,0.285344
1265,0.259199
1266,0.245532
1267,0.252083
1268,0.656176
1269,0.254732
1270,0.231035
1271,0.210004
1272,0.558742
1273,0.551541
1274,0.544993
1275,0.519306
1276,0.432433
1277,0.393567
1278,0.392317
1279,0.357399
1280,0.398333
1281,0.347627
1282,0.344597
1283,0.310415
1284,0.353147
1285,0.342104
1286,0.341722
1287,0.316152
1288,0.315943
1289,0.300968
1290,0.312062
1291,0.330488
1292,0.333853
1293,0.304342
1294,0.308654
1295,0.298358
1296,0.284608
1297,0.205424
1298,0.206237
1299,0.269801
1300,0.275847
1301,0.268932
1302,0.290411
1303,0.333647
1304,0.105934
1305,0.314394
1306,0.109638
1307,0.354872
1308,0.132993
1309,0.39269
1310,0.395745
1311,0.114424
1312,0.13053
1313,0.14342
1314,0.437421
1315,0.443875
1316,0.53432
1317,0.545716
1318,0.564986
1319,0.65093
1320,0.667334
1321,0.786878
1322,0.74182
1323,0.826167
1324,0.572231
1325,0.630563
1326,0.618504
1327,0.47912
1328,0.528533
1329,0.565757
1330,0.65971
1331,0.73693
1332,0.756754
1333,0.804718
1334,0.803451
1335,0.837677
1336,0.88502
1337,0.907046
1338,0.907417
1339,0.916423
1340,0.912153
1341,0.923266
1342,0.948088
1343,0.933935
1344,0.958903
1345,0.979506
1346,0.979327
1347,0.977154
1348,0.973275
1349,0.972359
1350,0.977207
1351,0.979597
1352,0.981254
1353,0.98454
1354,0.985394
