1,0.113061
2,0.217324
3,0.727681
4,0.455661
5,0.907525
6,0.914796
7,0.973593
8,0.992151
9,0.990822
10,0.97723
11,0.935194
12,0.984519
13,0.991184
14,0.989873
15,0.974507
16,0.951405
17,0.961997
18,0.972111
19,0.985039
20,0.966145
21,0.956939
22,0.947836
23,0.970464
24,0.98054
25,0.979572
26,0.989181
27,0.992681
28,0.988183
29,0.988802
30,0.99027
31,0.989069
32,0.990212
33,0.98959
34,0.990023
35,0.990234
36,0.988549
37,0.986203
38,0.986363
39,0.991572
40,0.985177
41,0.985696
42,0.979825
43,0.983251
44,0.98205
45,0.981879
46,0.979668
47,0.971278
48,0.96849
49,0.957352
50,0.908177
51,0.943367
52,0.870578
53,0.836658
54,0.839601
55,0.818766
56,0.806162
57,0.770628
58,0.862136
59,0.830254
60,0.898702
61,0.882673
62,0.868534
63,0.789793
64,0.783819
65,0.828
66,0.767896
67,0.581329
68,0.64198
69,0.603572
70,0.620052
71,0.558795
72,0.578044
73,0.397711
74,0.489632
75,0.455952
76,0.571401
77,0.582997
78,0.556533
79,0.550962
80,0.533171
81,0.495072
82,0.713687
83,0.705864
84,0.701771
85,0.520337
86,0.684946
87,0.690454
88,0.676463
89,0.687537
90,0.66693
91,0.658385
92,0.624253
93,0.598164
94,0.598491
95,0.590742
96,0.587591
97,0.635544
98,0.644239
99,0.655361
100,0.682955
101,0.713705
102,0.701484
103,0.698395
104,0.659584
105,0.66608
106,0.684036
107,0.682137
108,0.667117
109,0.672774
110,0.677788
111,0.696542
112,0.710941
113,0.749725
114,0.738059
115,0.765936
116,0.71875
117,0.738092
118,0.750796
119,0.751478
120,0.753674
121,0.771237
122,0.783557
123,0.795656
124,0.810454
125,0.78329
126,0.779033
127,0.801571
128,0.816807
129,0.852322
130,0.853429
131,0.807638
132,0.791956
133,0.932808
134,0.933095
135,0.941735
136,0.95473
137,0.971065
138,0.959087
139,0.959347
140,0.956636
141,0.974837
142,0.965799
143,0.912698
144,0.280165
145,0.047443
146,0.039823
147,0.03698
148,0.036885
149,0.038626
150,0.042939
151,0.040329
152,0.029811
153,0.026572
154,0.02205
155,0.021729
156,0.024512
157,0.027547
158,0.025561
159,0.023494
160,0.027341
161,0.031958
162,0.19016
163,0.947447
164,0.974502
165,0.966556
166,0.960565
167,0.979061
168,0.97722
169,0.986334
170,0.990747
171,0.993221
172,0.990514
173,0.989637
174,0.987229
175,0.98597
176,0.987479
177,0.974299
178,0.957679
179,0.960673
180,0.95684
181,0.960251
182,0.961117
183,0.963641
184,0.967496
185,0.970555
186,0.976032
187,0.974216
188,0.975638
189,0.973996
190,0.972659
191,0.976484
192,0.980412
193,0.986575
194,0.983596
195,0.978264
196,0.976055
197,0.98012
198,0.981932
199,0.981457
200,0.981151
201,0.979625
202,0.978782
203,0.984268
204,0.978785
205,0.969953
206,0.969381
207,0.973571
208,0.977389
209,0.607592
210,0.148692
211,0.13757
212,0.092428
213,0.068741
214,0.095996
215,0.073645
216,0.093256
217,0.080041
218,0.083876
219,0.088231
220,0.101959
221,0.112037
222,0.425284
223,0.898802
224,0.968195
225,0.965595
226,0.948938
227,0.916563
228,0.907962
229,0.872489
230,0.879389
231,0.818447
232,0.091953
233,0.038717
234,0.037357
235,0.040852
236,0.037356
237,0.041112
238,0.042381
239,0.039365
240,0.040659
241,0.027331
242,0.009609
243,0.010586
244,0.016895
245,0.021166
246,0.026602
247,0.021465
248,0.018698
249,0.017436
250,0.021106
251,0.017822
252,0.027864
253,0.044878
254,0.042312
255,0.040201
256,0.106335
257,0.389234
258,0.446435
259,0.394553
260,0.471213
261,0.471029
262,0.483642
263,0.604653
264,0.58458
265,0.08531
266,0.014961
267,0.015245
268,0.019346
269,0.021036
270,0.021904
271,0.020899
272,0.024371
273,0.020722
274,0.028795
275,0.028916
276,0.029828
277,0.025288
278,0.024609
279,0.024866
280,0.022823
281,0.020265
282,0.037002
283,0.031457
284,0.027799
285,0.039913
286,0.176136
287,0.495482
288,0.49863
289,0.471694
290,0.489944
291,0.483624
292,0.630592
293,0.641154
294,0.769675
295,0.801724
296,0.753736
297,0.806114
298,0.849802
299,0.839322
300,0.825605
301,0.790358
302,0.739913
303,0.775968
304,0.806613
305,0.926488
306,0.914791
307,0.928434
308,0.927986
309,0.953208
310,0.939274
311,0.95028
312,0.940485
313,0.259384
314,0.026079
315,0.024199
316,0.022123
317,0.016019
318,0.013444
319,0.015575
320,0.016492
321,0.018861
322,0.021286
323,0.021264
324,0.02022
325,0.025814
326,0.525085
327,0.943931
328,0.974315
329,0.965981
330,0.965341
331,0.954947
332,0.971379
333,0.961072
334,0.975896
335,0.971571
336,0.959404
337,0.949941
338,0.966133
339,0.971379
340,0.966262
341,0.96459
342,0.970571
343,0.962926
344,0.258593
345,0.019565
346,0.023629
347,0.020656
348,0.022084
349,0.021641
350,0.024225
351,0.025446
352,0.021032
353,0.015358
354,0.02004
355,0.01906
356,0.016923
357,0.022904
358,0.02388
359,0.021337
360,0.020087
361,0.022922
362,0.026323
363,0.025428
364,0.025688
365,0.035698
366,0.042084
367,0.151308
368,0.626561
369,0.821386
370,0.864556
371,0.873725
372,0.911576
373,0.96509
374,0.972826
375,0.97802
376,0.973315
377,0.978203
378,0.979465
379,0.96833
380,0.733305
381,0.061723
382,0.025451
383,0.02187
384,0.02781
385,0.029906
386,0.030456
387,0.026867
388,0.029619
389,0.034468
390,0.036809
391,0.040325
392,0.043186
393,0.044441
394,0.047734
395,0.045618
396,0.054434
397,0.057676
398,0.06426
399,0.060736
400,0.05063
401,0.053949
402,0.058737
403,0.059554
404,0.060934
405,0.053594
406,0.043489
407,0.037982
408,0.034697
409,0.042701
410,0.038756
411,0.03004
412,0.026562
413,0.02163
414,0.018326
415,0.020443
416,0.027553
417,0.02474
418,0.02979
419,0.031362
420,0.034957
421,0.056018
422,0.055975
423,0.055946
424,0.060571
425,0.057013
426,0.056737
427,0.05347
428,0.04799
429,0.085797
430,0.895033
431,0.961027
432,0.981912
433,0.983865
434,0.983966
435,0.989271
436,0.988512
437,0.990058
438,0.991336
439,0.985238
440,0.990135
441,0.990395
442,0.989014
443,0.98923
444,0.987357
445,0.972761
446,0.973797
447,0.968698
448,0.576183
449,0.053641
450,0.040953
451,0.039111
452,0.038481
453,0.042858
454,0.04394
455,0.050448
456,0.051249
457,0.055067
458,0.055973
459,0.05846
460,0.057081
461,0.054636
462,0.054337
463,0.061233
464,0.058901
465,0.057905
466,0.061135
467,0.060711
468,0.062874
469,0.072208
470,0.073663
471,0.059607
472,0.063785
473,0.061464
474,0.060753
475,0.05847
476,0.056257
477,0.055533
478,0.515156
479,0.933537
480,0.984139
481,0.991377
482,0.988207
483,0.986919
484,0.984994
485,0.98612
486,0.986991
487,0.986253
488,0.954634
489,0.327489
490,0.072157
491,0.059815
492,0.05898
493,0.024578
494,0.02188
495,0.023937
496,0.026477
497,0.028593
498,0.027966
499,0.028601
500,0.029154
501,0.04374
502,0.040969
503,0.04266
504,0.040943
505,0.040419
506,0.034211
507,0.033831
508,0.040724
509,0.059479
510,0.069546
511,0.069781
512,0.073773
513,0.079157
514,0.079429
515,0.101039
516,0.094896
517,0.046373
518,0.060604
519,0.063229
520,0.069674
521,0.068988
522,0.062796
523,0.038824
524,0.030334
525,0.039965
526,0.038647
527,0.041182
528,0.040014
529,0.033507
530,0.031565
531,0.036957
532,0.034348
533,0.120636
534,0.729984
535,0.949982
536,0.954749
537,0.952436
538,0.958093
539,0.953335
540,0.963606
541,0.985385
542,0.987639
543,0.988317
544,0.363782
545,0.029304
546,0.02373
547,0.024274
548,0.022553
549,0.024269
550,0.024865
551,0.02667
552,0.029087
553,0.033952
554,0.032
555,0.033948
556,0.034401
557,0.228848
558,0.68569
559,0.86018
560,0.806308
561,0.871982
562,0.856584
563,0.834781
564,0.856088
565,0.887533
566,0.885533
567,0.878677
568,0.882474
569,0.865995
570,0.82302
571,0.812679
572,0.843173
573,0.756252
574,0.746828
575,0.755992
576,0.673232
577,0.28263
578,0.027744
579,0.024857
580,0.020805
581,0.026501
582,0.026764
583,0.026181
584,0.026716
585,0.027166
586,0.029249
587,0.034447
588,0.042978
589,0.024522
590,0.021839
591,0.020106
592,0.021905
593,0.022183
594,0.025842
595,0.025101
596,0.026788
597,0.024059
598,0.024958
599,0.026585
600,0.022313
601,0.022883
602,0.021574
603,0.020633
604,0.021509
605,0.020917
606,0.020855
607,0.023757
608,0.023591
609,0.024391
610,0.02255
611,0.024957
612,0.025854
613,0.032549
614,0.029215
615,0.031498
616,0.078601
617,0.707694
618,0.83445
619,0.857415
620,0.865471
621,0.896115
622,0.901006
623,0.825825
624,0.822231
625,0.780389
626,0.809245
627,0.748781
628,0.761248
629,0.766323
630,0.829668
631,0.84988
632,0.812922
633,0.875274
634,0.836098
635,0.919327
636,0.890198
637,0.876035
638,0.922857
639,0.947388
640,0.939683
641,0.947663
642,0.946144
643,0.950711
644,0.953597
645,0.957391
646,0.951697
647,0.967782
648,0.932973
649,0.948556
650,0.92969
651,0.953527
652,0.955666
653,0.964671
654,0.968638
655,0.96246
656,0.944374
657,0.959331
658,0.944369
659,0.945751
660,0.952964
661,0.944702
662,0.944773
663,0.607469
664,0.064111
665,0.024956
666,0.018709
667,0.014438
668,0.016051
669,0.016815
670,0.017084
671,0.019607
672,0.020604
673,0.030864
674,0.361554
675,0.822111
676,0.951872
677,0.965837
678,0.97268
679,0.973897
680,0.971383
681,0.972236
682,0.976854
683,0.978978
684,0.97802
685,0.977456
686,0.978468
687,0.977437
688,0.970476
689,0.964813
690,0.950027
691,0.959241
692,0.954511
693,0.982439
694,0.983848
695,0.957714
696,0.958917
697,0.976508
698,0.925673
699,0.062111
700,0.019984
701,0.017905
702,0.019314
703,0.01748
704,0.018329
705,0.017456
706,0.017939
707,0.016544
708,0.015408
709,0.019811
710,0.020977
711,0.022653
712,0.025404
713,0.027342
714,0.026477
715,0.027368
716,0.024548
717,0.027961
718,0.02737
719,0.02962
720,0.026112
721,0.021885
722,0.019128
723,0.016926
724,0.016655
725,0.016861
726,0.017167
727,0.018987
728,0.024557
729,0.027474
730,0.029354
731,0.039965
732,0.250534
733,0.302101
734,0.295275
735,0.294838
736,0.323125
737,0.479652
738,0.724924
739,0.713005
740,0.692695
741,0.682204
742,0.656229
743,0.782712
744,0.601254
745,0.396572
746,0.366956
747,0.307742
748,0.517373
749,0.676685
750,0.730844
751,0.545084
752,0.356181
753,0.32046
754,0.362056
755,0.343132
756,0.318118
757,0.411321
758,0.403719
759,0.364583
760,0.349852
761,0.340711
762,0.26709
763,0.250471
764,0.220284
765,0.263796
766,0.237717
767,0.286402
768,0.219258
769,0.267616
770,0.199465
771,0.169674
772,0.037429
773,0.025159
774,0.02099
775,0.019607
776,0.022408
777,0.022122
778,0.027303
779,0.028982
780,0.026233
781,0.029868
782,0.029837
783,0.027424
784,0.025873
785,0.025175
786,0.022418
787,0.021768
788,0.020568
789,0.020975
790,0.023149
791,0.022175
792,0.023029
793,0.0197
794,0.019294
795,0.019302
796,0.020613
797,0.02211
798,0.017673
799,0.017141
800,0.017489
801,0.015803
802,0.017529
803,0.017501
804,0.017271
805,0.018103
806,0.016783
807,0.016513
808,0.028726
809,0.395388
810,0.870072
811,0.876878
812,0.925703
813,0.885749
814,0.892927
815,0.910266
816,0.886823
817,0.927374
818,0.936662
819,0.364749
820,0.023793
821,0.018785
822,0.013783
823,0.019577
824,0.019302
825,0.016956
826,0.015831
827,0.017444
828,0.019508
829,0.02659
830,0.026424
831,0.028662
832,0.026226
833,0.024964
834,0.021997
835,0.020587
836,0.017574
837,0.01355
838,0.017443
839,0.017023
840,0.017587
841,0.021932
842,0.02179
843,0.02085
844,0.02196
845,0.022683
846,0.026778
847,0.025543
848,0.024457
849,0.029034
850,0.080155
851,0.781252
852,0.970157
853,0.987676
854,0.989784
855,0.990998
856,0.988699
857,0.984548
858,0.971663
859,0.978292
860,0.977891
861,0.977883
862,0.975922
863,0.97737
864,0.976023
865,0.982363
866,0.978812
867,0.974843
868,0.978932
869,0.98662
870,0.982729
871,0.986171
872,0.988339
873,0.989386
874,0.991556
875,0.99156
876,0.993759
877,0.989995
878,0.989063
879,0.987358
880,0.98503
881,0.985161
882,0.98056
883,0.982995
884,0.980592
885,0.967521
886,0.199956
887,0.024534
888,0.023075
889,0.023871
890,0.025105
891,0.016975
892,0.045994
893,0.036711
894,0.017536
895,0.013593
896,0.013005
897,0.01206
898,0.01368
899,0.035098
900,0.205276
901,0.701382
902,0.911844
903,0.95571
904,0.941585
905,0.968992
906,0.976363
907,0.976081
908,0.989957
909,0.989574
910,0.987991
911,0.987967
912,0.989425
913,0.987738
914,0.981786
915,0.987211
916,0.98613
917,0.979804
918,0.97786
919,0.9771
920,0.978471
921,0.97891
922,0.976429
923,0.977243
924,0.972992
925,0.972227
926,0.98462
927,0.990224
928,0.958811
929,0.958853
930,0.951219
931,0.94969
932,0.950613
933,0.954345
934,0.953618
935,0.952509
936,0.950405
937,0.960372
938,0.961188
939,0.958237
940,0.957779
941,0.964756
942,0.961576
943,0.960817
944,0.972214
945,0.967052
946,0.96619
947,0.966275
948,0.962191
949,0.986649
950,0.962606
951,0.969532
952,0.929482
953,0.949596
954,0.958618
955,0.956282
956,0.930874
957,0.914004
958,0.918183
959,0.913081
960,0.910545
961,0.951548
962,0.947067
963,0.951867
964,0.959425
965,0.959596
966,0.950466
967,0.95449
968,0.953119
969,0.954221
970,0.953891
971,0.946556
972,0.952052
973,0.94577
974,0.94867
975,0.949083
976,0.948562
977,0.952816
978,0.950718
979,0.951219
980,0.952347
981,0.981726
982,0.328144
983,0.066305
984,0.037745
985,0.023527
986,0.022089
987,0.024777
988,0.025383
989,0.02606
990,0.027772
991,0.02431
992,0.025531
993,0.026387
994,0.029319
995,0.25766
996,0.960732
997,0.978137
998,0.982739
999,0.98459
1000,0.983517
1001,0.980028
1002,0.982057
1003,0.985707
1004,0.987707
1005,0.991149
1006,0.989565
1007,0.985636
1008,0.988036
1009,0.986477
1010,0.439022
1011,0.032169
1012,0.01408
1013,0.018701
1014,0.017227
1015,0.014541
1016,0.018196
1017,0.018212
1018,0.023412
1019,0.022954
1020,0.025305
1021,0.030922
1022,0.369628
1023,0.956165
1024,0.980485
1025,0.981109
1026,0.985362
1027,0.989555
1028,0.988578
1029,0.987427
1030,0.984857
1031,0.986436
1032,0.989047
1033,0.98342
1034,0.983049
1035,0.986441
1036,0.985587
1037,0.986214
1038,0.990324
1039,0.989979
1040,0.987444
1041,0.989791
1042,0.990181
1043,0.989258
1044,0.989985
1045,0.989989
1046,0.987702
1047,0.989658
1048,0.373513
1049,0.060195
1050,0.03415
1051,0.036418
1052,0.041592
1053,0.044194
1054,0.043021
1055,0.043194
1056,0.036897
1057,0.044236
1058,0.361498
1059,0.798406
1060,0.977911
1061,0.989245
1062,0.992638
1063,0.971705
1064,0.969791
1065,0.970933
1066,0.990527
1067,0.987774
1068,0.987033
1069,0.992266
