1,0.980128
2,0.983118
3,0.981781
4,0.979694
5,0.894881
6,0.908794
7,0.970669
8,0.972094
9,0.978525
10,0.973798
11,0.981109
12,0.982893
13,0.973471
14,0.980098
15,0.985666
16,0.983528
17,0.984603
18,0.984676
19,0.98584
20,0.985816
21,0.983772
22,0.985759
23,0.986127
24,0.986051
25,0.986207
26,0.986047
27,0.986979
28,0.987263
29,0.985627
30,0.986533
31,0.98656
32,0.986188
33,0.987143
34,0.987227
35,0.987914
36,0.986609
37,0.987681
38,0.986303
39,0.987708
40,0.988768
41,0.987893
42,0.98463
43,0.985581
44,0.98545
45,0.985304
46,0.985958
47,0.985324
48,0.98702
49,0.988349
50,0.990211
51,0.991724
52,0.989272
53,0.987556
54,0.987973
55,0.986299
56,0.988254
57,0.98392
58,0.977295
59,0.964504
60,0.974964
61,0.983153
62,0.984612
63,0.986511
64,0.982292
65,0.983904
66,0.980669
67,0.979932
68,0.980138
69,0.973606
70,0.966822
71,0.902616
72,0.907792
73,0.857242
74,0.776076
75,0.867699
76,0.989712
77,0.98875
78,0.980501
79,0.983545
80,0.980155
81,0.97919
82,0.976539
83,0.980131
84,0.981885
85,0.967057
86,0.975425
87,0.972219
88,0.971744
89,0.97081
90,0.967188
91,0.970363
92,0.977627
93,0.973883
94,0.87402
95,0.969581
96,0.969168
97,0.982699
98,0.857042
99,0.984498
100,0.983039
101,0.980241
102,0.98195
103,0.982547
104,0.981633
105,0.983636
106,0.982412
107,0.986166
108,0.987415
109,0.983503
110,0.98112
111,0.91777
112,0.880942
113,0.887557
114,0.973543
115,0.981234
116,0.980925
117,0.985175
118,0.984565
119,0.982798
120,0.98292
121,0.977819
122,0.977467
123,0.979234
124,0.978935
125,0.977615
126,0.986286
127,0.987041
128,0.988281
129,0.988491
130,0.98832
131,0.987359
132,0.987976
133,0.986692
134,0.988597
135,0.988698
136,0.988325
137,0.987961
138,0.989291
139,0.989805
140,0.989575
141,0.990356
142,0.989952
143,0.990105
144,0.989997
145,0.988311
146,0.987893
147,0.988841
148,0.988891
149,0.989448
150,0.989483
151,0.989418
152,0.988137
153,0.990493
154,0.990893
155,0.98983
156,0.989783
157,0.99182
158,0.991826
159,0.99228
160,0.992413
161,0.992653
162,0.993288
163,0.99388
164,0.993354
165,0.993811
166,0.992746
167,0.993383
168,0.993139
169,0.991667
170,0.991441
171,0.991283
172,0.991335
173,0.991198
174,0.989925
175,0.990871
176,0.99088
177,0.99031
178,0.990265
179,0.990957
180,0.989948
181,0.988854
182,0.988868
183,0.98921
184,0.991211
185,0.991109
186,0.991674
187,0.992006
188,0.992372
189,0.992231
190,0.992039
191,0.991772
192,0.991334
193,0.990359
194,0.99068
195,0.990205
196,0.990182
197,0.944356
198,0.92064
199,0.950869
200,0.97271
201,0.985158
202,0.987975
203,0.990254
204,0.991508
205,0.989726
206,0.989906
207,0.988957
208,0.988739
209,0.989203
210,0.988792
211,0.988513
212,0.98815
213,0.988876
214,0.987933
215,0.989128
216,0.989337
217,0.989999
218,0.989391
219,0.987868
220,0.98724
221,0.986245
222,0.985506
223,0.985204
224,0.983548
225,0.984105
226,0.982853
227,0.983033
228,0.984554
229,0.989211
230,0.988969
231,0.988978
232,0.989227
233,0.989365
234,0.989941
235,0.990203
236,0.989128
237,0.987114
238,0.987204
239,0.98842
240,0.986506
241,0.988129
242,0.988367
243,0.988302
244,0.987255
245,0.987401
246,0.984615
247,0.984709
248,0.980498
249,0.980661
250,0.980629
251,0.981917
252,0.981354
253,0.982899
254,0.982383
255,0.982376
256,0.977786
257,0.983365
258,0.982626
259,0.982349
260,0.983296
261,0.984207
262,0.985287
263,0.985271
264,0.985521
265,0.980596
266,0.982231
267,0.982162
268,0.978775
269,0.979971
270,0.976255
271,0.977693
272,0.979358
273,0.979574
274,0.974635
275,0.972263
276,0.97446
277,0.958389
278,0.95994
279,0.960432
280,0.965626
281,0.967773
282,0.965834
283,0.965527
284,0.966587
285,0.966768
286,0.971462
287,0.976008
288,0.97646
289,0.973386
290,0.973095
291,0.973632
292,0.972328
293,0.973625
294,0.970863
295,0.970045
296,0.975161
297,0.970527
298,0.962787
299,0.967093
300,0.970161
301,0.968615
302,0.970382
303,0.963089
304,0.96879
305,0.97048
306,0.970252
307,0.967304
308,0.970561
309,0.974303
310,0.964325
311,0.970605
312,0.968212
313,0.45724
314,0.101459
315,0.033027
316,0.027194
317,0.032001
318,0.029546
319,0.028307
320,0.017916
321,0.014322
322,0.019449
323,0.021273
324,0.023138
325,0.015492
326,0.017924
327,0.014741
328,0.014597
329,0.01915
330,0.022132
331,0.026199
332,0.393622
333,0.838777
334,0.906085
335,0.971389
336,0.970261
337,0.973588
338,0.971713
339,0.973994
340,0.974244
341,0.975191
342,0.974343
343,0.976904
344,0.979469
345,0.971512
346,0.9768
347,0.975631
348,0.968176
349,0.969424
350,0.965193
351,0.975075
352,0.963963
353,0.296243
354,0.094657
355,0.061918
356,0.04636
357,0.037951
358,0.039767
359,0.02951
360,0.034286
361,0.023497
362,0.024326
363,0.024628
364,0.029077
365,0.018589
366,0.309989
367,0.858478
368,0.946474
369,0.947965
370,0.944977
371,0.955159
372,0.954978
373,0.961004
374,0.959505
375,0.971115
376,0.971539
377,0.969353
378,0.9672
379,0.969246
380,0.969836
381,0.967828
382,0.969656
383,0.978302
384,0.983075
385,0.976001
386,0.976129
387,0.979123
388,0.97699
389,0.967936
390,0.965601
391,0.965881
392,0.964702
393,0.967247
394,0.968891
395,0.972523
396,0.975974
397,0.978195
398,0.977309
399,0.977231
400,0.976777
401,0.980224
402,0.977397
403,0.978503
404,0.978823
405,0.978218
406,0.980954
407,0.978031
408,0.979444
409,0.977486
410,0.974343
411,0.969981
412,0.967256
413,0.967291
414,0.959721
415,0.96925
416,0.971303
417,0.973203
418,0.9738
419,0.975189
420,0.975957
421,0.979022
422,0.980286
423,0.979386
424,0.978808
425,0.980891
426,0.981544
427,0.984979
428,0.977637
429,0.905565
430,0.874782
431,0.91591
432,0.95639
433,0.964501
434,0.970769
435,0.974126
436,0.971146
437,0.975645
438,0.973872
439,0.974924
440,0.975874
441,0.976293
442,0.971704
443,0.972681
444,0.973984
445,0.982371
446,0.979496
447,0.977738
448,0.979577
449,0.977051
450,0.977157
451,0.976297
452,0.97664
453,0.979142
454,0.97951
455,0.981535
456,0.978077
457,0.977567
458,0.97574
459,0.976975
460,0.98129
461,0.980522
462,0.981819
463,0.982918
464,0.983656
465,0.982857
466,0.982019
467,0.982017
468,0.983207
469,0.984156
470,0.984374
471,0.983968
472,0.984256
473,0.98373
474,0.983546
475,0.983275
476,0.982736
477,0.981389
478,0.981573
479,0.980563
480,0.979434
481,0.98093
482,0.978778
483,0.980508
484,0.979937
485,0.978722
486,0.985784
487,0.976427
488,0.976719
489,0.980113
490,0.986389
491,0.98287
492,0.982948
493,0.982915
494,0.983274
495,0.980796
496,0.982473
497,0.984128
498,0.985884
499,0.986093
500,0.969397
501,0.989044
502,0.979686
503,0.979493
504,0.980706
505,0.980641
506,0.980881
507,0.980048
508,0.981071
509,0.981094
510,0.992267
511,0.991193
512,0.976133
513,0.975577
514,0.974802
515,0.974571
516,0.973741
517,0.971129
518,0.970061
519,0.970556
520,0.97433
521,0.975286
522,0.978594
523,0.977395
524,0.978012
525,0.979589
526,0.982048
527,0.982416
528,0.982574
529,0.983061
530,0.982311
531,0.981413
532,0.980593
533,0.979996
534,0.980019
535,0.979465
536,0.979328
537,0.977929
538,0.974576
539,0.9738
540,0.972115
541,0.976858
542,0.979539
543,0.979969
544,0.979067
545,0.976751
546,0.978412
547,0.97788
548,0.97423
549,0.975857
550,0.975052
551,0.975758
552,0.970571
553,0.966999
554,0.960115
555,0.960682
556,0.965749
557,0.963879
558,0.964785
559,0.963898
560,0.961883
561,0.941458
562,0.875349
563,0.811266
564,0.826355
565,0.80343
566,0.808792
567,0.847962
568,0.885749
569,0.850603
570,0.837307
571,0.840044
572,0.846175
573,0.850563
574,0.820939
575,0.831189
576,0.832228
577,0.841023
578,0.832238
579,0.801625
580,0.795754
581,0.766374
582,0.766711
583,0.76296
584,0.797988
585,0.815159
586,0.804475
587,0.775022
588,0.766641
589,0.776484
590,0.764932
591,0.768199
592,0.77206
593,0.766899
594,0.742737
595,0.759934
596,0.761738
597,0.79305
598,0.776521
599,0.794434
600,0.795558
601,0.781737
602,0.746229
603,0.75602
604,0.787521
605,0.794434
606,0.787049
607,0.749805
608,0.768769
609,0.734883
610,0.751206
611,0.763092
612,0.743579
613,0.861962
614,0.882937
615,0.862774
616,0.855209
617,0.823799
618,0.864382
619,0.874669
620,0.866738
621,0.887635
622,0.879331
623,0.879076
624,0.88155
625,0.918862
626,0.916052
627,0.91587
628,0.917282
629,0.932458
630,0.932666
631,0.938842
632,0.946124
633,0.946886
634,0.943683
635,0.950945
636,0.951346
637,0.92717
638,0.923517
639,0.925491
640,0.930819
641,0.932284
642,0.931398
643,0.927056
644,0.929611
645,0.940895
646,0.952136
647,0.951005
648,0.947857
649,0.942598
650,0.12291
651,0.057299
652,0.019099
653,0.00558
654,0.003379
655,0.002425
656,0.005559
657,0.003848
658,0.004671
659,0.005032
660,0.005474
661,0.003604
662,0.003335
663,0.00332
664,0.0032
665,0.002969
666,0.003682
667,0.003391
668,0.0033
669,0.00297
670,0.003348
671,0.003947
672,0.007578
673,0.219884
674,0.836809
675,0.93425
676,0.957311
677,0.96708
678,0.9608
679,0.972578
680,0.972064
681,0.973234
682,0.964288
683,0.964934
684,0.966391
685,0.964628
686,0.970724
687,0.969241
688,0.967692
689,0.968264
690,0.972135
691,0.969623
692,0.973475
693,0.975234
694,0.974172
695,0.973381
696,0.97652
697,0.973976
698,0.968884
699,0.982487
700,0.984466
701,0.984453
702,0.983258
703,0.982907
704,0.98488
705,0.982871
706,0.981197
707,0.979571
708,0.976363
709,0.979138
710,0.980093
711,0.976659
712,0.976107
713,0.974722
714,0.959921
715,0.958084
716,0.957086
717,0.953701
718,0.950129
719,0.949869
720,0.961151
721,0.96075
722,0.961799
723,0.960888
724,0.957377
725,0.962454
726,0.952681
727,0.953072
728,0.950096
729,0.941304
730,0.929681
731,0.920982
732,0.928367
733,0.937474
734,0.940327
735,0.938324
736,0.927688
737,0.930548
738,0.926105
739,0.932363
740,0.940156
741,0.939912
742,0.936041
743,0.930426
744,0.920584
745,0.911827
746,0.908682
747,0.906656
748,0.908933
749,0.90988
750,0.908633
751,0.873102
752,0.864486
753,0.864369
754,0.840966
755,0.83939
756,0.832191
757,0.846173
758,0.823599
759,0.785022
760,0.697701
761,0.710004
762,0.658619
763,0.655353
764,0.663394
765,0.669117
766,0.631642
767,0.653641
768,0.653346
769,0.749405
770,0.749298
771,0.750607
772,0.81766
773,0.812405
774,0.852252
775,0.800659
776,0.734132
777,0.690214
778,0.639214
779,0.66171
780,0.65288
781,0.66138
782,0.668826
783,0.683707
784,0.700374
785,0.68601
786,0.633866
787,0.680395
788,0.71742
789,0.694407
790,0.70556
791,0.735222
792,0.735486
793,0.773602
794,0.760589
795,0.771522
796,0.790251
797,0.813911
798,0.815087
799,0.812307
800,0.811722
801,0.824654
802,0.794402
803,0.82993
804,0.845898
805,0.830836
806,0.833587
807,0.819155
808,0.830956
809,0.843341
810,0.868964
811,0.843587
812,0.851387
813,0.843962
814,0.842265
815,0.857025
816,0.831338
817,0.899496
818,0.892868
819,0.895254
820,0.897029
821,0.901422
822,0.844496
823,0.927126
824,0.933949
825,0.938272
826,0.935959
827,0.942448
828,0.939683
829,0.939587
830,0.941591
831,0.944884
832,0.951814
833,0.95762
834,0.957366
835,0.956995
836,0.96399
837,0.966182
838,0.971805
839,0.96278
840,0.969294
841,0.972731
842,0.9692
843,0.973361
844,0.97297
845,0.972633
846,0.974432
847,0.975569
848,0.977501
849,0.968167
850,0.973333
851,0.973498
852,0.971707
853,0.977136
854,0.978394
855,0.978458
856,0.979908
857,0.979335
858,0.979304
859,0.976518
860,0.973374
861,0.972199
862,0.972447
863,0.974097
864,0.973588
865,0.972106
866,0.969672
867,0.973694
868,0.975395
869,0.977882
870,0.977984
871,0.97808
872,0.975967
873,0.973531
874,0.973442
875,0.973341
876,0.973659
877,0.97747
878,0.975398
879,0.976853
880,0.921569
881,0.09169
882,0.011604
883,0.011886
884,0.012166
885,0.011604
886,0.011834
887,0.012435
888,0.012657
889,0.013859
890,0.01415
891,0.013194
892,0.011925
893,0.012716
894,0.015198
895,0.017632
896,0.017769
897,0.017582
898,0.016049
899,0.014548
900,0.110852
901,0.755714
902,0.958095
903,0.952576
904,0.9696
905,0.972083
906,0.975384
907,0.980977
908,0.981827
909,0.982445
910,0.97942
911,0.980061
912,0.981481
913,0.983368
914,0.982465
915,0.751324
916,0.024988
917,0.013142
918,0.0128
919,0.011688
920,0.012669
921,0.012204
922,0.020779
923,0.02203
924,0.019689
925,0.018514
926,0.022006
927,0.022987
928,0.026026
929,0.023095
930,0.022536
931,0.043651
932,0.749352
933,0.947021
934,0.945208
935,0.968346
936,0.963964
937,0.97097
938,0.971096
939,0.975474
940,0.976645
941,0.975787
942,0.972235
943,0.939394
944,0.046118
945,0.011858
946,0.010345
947,0.00937
948,0.010549
949,0.009674
950,0.007166
951,0.006722
952,0.003026
953,0.005186
954,0.005567
955,0.00887
956,0.105254
957,0.868469
958,0.923101
959,0.957257
960,0.948794
961,0.949169
962,0.949009
963,0.953465
964,0.93572
965,0.824615
966,0.527671
967,0.035063
968,0.009788
969,0.008755
970,0.007589
971,0.006738
972,0.006831
973,0.007604
974,0.007462
975,0.008098
976,0.005982
977,0.005758
978,0.007382
979,0.010253
980,0.010901
981,0.012089
982,0.012817
983,0.011687
984,0.014979
985,0.009988
986,0.008673
987,0.051764
988,0.770762
989,0.965139
990,0.963125
991,0.968228
992,0.962887
993,0.961495
994,0.968674
995,0.981603
996,0.978702
997,0.980803
998,0.98063
999,0.978161
1000,0.980545
1001,0.984046
1002,0.985877
1003,0.980804
1004,0.979129
1005,0.977807
1006,0.977484
1007,0.974371
1008,0.972478
1009,0.976974
1010,0.954299
1011,0.02972
1012,0.007096
1013,0.008441
1014,0.011296
1015,0.011444
1016,0.017158
1017,0.020265
1018,0.01652
1019,0.01448
1020,0.0166
1021,0.013254
1022,0.009824
1023,0.012038
1024,0.008555
1025,0.010714
1026,0.012486
1027,0.012874
1028,0.013346
1029,0.010723
1030,0.004202
1031,0.004089
1032,0.005158
1033,0.003446
1034,0.004497
1035,0.004176
1036,0.004596
1037,0.005187
1038,0.004702
1039,0.003692
1040,0.005727
1041,0.004421
1042,0.005089
1043,0.004988
1044,0.004864
1045,0.003484
1046,0.002991
1047,0.00265
1048,0.002108
1049,0.004466
1050,0.316769
1051,0.694413
1052,0.92454
1053,0.950372
1054,0.954879
1055,0.983486
1056,0.980319
1057,0.974167
1058,0.990156
1059,0.98965
1060,0.987444
1061,0.988836
1062,0.98996
1063,0.993393
1064,0.991162
1065,0.990199
1066,0.989849
1067,0.961292
1068,0.981238
1069,0.981542
1070,0.984342
1071,0.977846
1072,0.98315
1073,0.97542
1074,0.973133
1075,0.964894
1076,0.969784
1077,0.964349
1078,0.966506
1079,0.966226
1080,0.95915
1081,0.962462
1082,0.959334
1083,0.959363
1084,0.957357
1085,0.967161
1086,0.956196
1087,0.955954
1088,0.955171
1089,0.956593
1090,0.961542
1091,0.96063
1092,0.957654
1093,0.946768
1094,0.94233
1095,0.929653
1096,0.923714
1097,0.927601
1098,0.92287
1099,0.925703
1100,0.881113
1101,0.856715
1102,0.86656
1103,0.867052
1104,0.866545
1105,0.884537
1106,0.882175
1107,0.910517
1108,0.911452
1109,0.903184
1110,0.910912
1111,0.881817
1112,0.891639
1113,0.916143
1114,0.93206
1115,0.894458
1116,0.019386
1117,0.00234
1118,0.001116
1119,0.000128
1120,0.000465
1121,0.000612
1122,0.000188
1123,0.00106
1124,0.000934
1125,0.000475
1126,0.000108
1127,0.000359
1128,0.004946
1129,0.161351
1130,0.841996
1131,0.866937
1132,0.881087
1133,0.854835
1134,0.914975
1135,0.915542
1136,0.946829
1137,0.95434
1138,0.968032
1139,0.967751
1140,0.9639
1141,0.953445
1142,0.967961
1143,0.948332
1144,0.925298
1145,0.502588
1146,0.005186
1147,0.002651
1148,0.000959
1149,0.000466
1150,0.000306
1151,0.000306
1152,0.000358
1153,0.000378
1154,0.000311
1155,0.000873
1156,0.000274
1157,0.000269
1158,0.000364
1159,0.000706
1160,0.000481
1161,0.000505
1162,0.000594
1163,0.00037
1164,0.000306
1165,0.000435
1166,0.058958
1167,0.804635
1168,0.839711
1169,0.940823
1170,0.959082
1171,0.969932
1172,0.960817
1173,0.962807
1174,0.9815
1175,0.968847
1176,0.978542
1177,0.980883
1178,0.980866
1179,0.975513
1180,0.970693
1181,0.97831
1182,0.978762
1183,0.96768
1184,0.965958
1185,0.018993
1186,0.002103
1187,0.000846
1188,0.000856
1189,0.000502
1190,0.000537
1191,0.000409
1192,0.000554
1193,0.000431
1194,0.000399
1195,0.000566
1196,0.002849
1197,0.003475
1198,0.003316
1199,0.003467
1200,0.00077
1201,0.004283
1202,0.00521
1203,0.006511
1204,0.005673
1205,0.006163
1206,0.005537
1207,0.006415
1208,0.005831
1209,0.005888
1210,0.00467
1211,0.015239
1212,0.565536
1213,0.39125
1214,0.823167
1215,0.895546
1216,0.937782
1217,0.985386
1218,0.986467
1219,0.986721
1220,0.988386
1221,0.985195
1222,0.987635
1223,0.988431
1224,0.986275
1225,0.325796
1226,0.004293
1227,0.000514
1228,0.000427
1229,0.000728
1230,0.000134
1231,0.000291
1232,0.000336
1233,0.000347
1234,0.000236
1235,0.000582
1236,0.000819
1237,0.000796
1238,0.000555
1239,0.000671
1240,0.000702
1241,0.001534
1242,0.001189
1243,0.001174
1244,0.002913
1245,0.038204
1246,0.43008
1247,0.706329
1248,0.739713
1249,0.849304
1250,0.715927
1251,0.565912
1252,0.799316
1253,0.849066
1254,0.852105
1255,0.850914
1256,0.759318
1257,0.818581
1258,0.862372
1259,0.832199
1260,0.722213
1261,0.746006
1262,0.79229
1263,0.709954
1264,0.680674
1265,0.737351
1266,0.69937
1267,0.601582
1268,0.594906
1269,0.632323
1270,0.643472
1271,0.676736
1272,0.640426
1273,0.808487
1274,0.742663
1275,0.762324
1276,0.660493
1277,0.649823
1278,0.583043
1279,0.638976
1280,0.64489
1281,0.661379
1282,0.657896
1283,0.744066
1284,0.76222
1285,0.696295
1286,0.641744
1287,0.625018
1288,0.594525
1289,0.620435
1290,0.626011
1291,0.694065
1292,0.732834
1293,0.728555
1294,0.787303
1295,0.793463
1296,0.80883
1297,0.769047
1298,0.897957
1299,0.909351
1300,0.892358
1301,0.853673
1302,0.775335
1303,0.798388
1304,0.876077
1305,0.920529
1306,0.913859
1307,0.854496
1308,0.762931
1309,0.871583
1310,0.899048
1311,0.908814
1312,0.902579
1313,0.918461
1314,0.923898
1315,0.934661
1316,0.926324
1317,0.884247
1318,0.841541
1319,0.799197
1320,0.880696
1321,0.944234
1322,0.940477
1323,0.945031
1324,0.942735
1325,0.953203
1326,0.936384
1327,0.935951
1328,0.942033
1329,0.957492
1330,0.990231
1331,0.991866
1332,0.991722
1333,0.986782
1334,0.987577
1335,0.991077
1336,0.989597
1337,0.985325
1338,0.987477
1339,0.988974
1340,0.990171
1341,0.988299
1342,0.985859
1343,0.990549
1344,0.990573
1345,0.986986
1346,0.988993
1347,0.990438
1348,0.990018
1349,0.992223
1350,0.992347
1351,0.993346
1352,0.993459
1353,0.992767
1354,0.992224
1355,0.990676
1356,0.987393
1357,0.988721
1358,0.987709
1359,0.987861
1360,0.987524
1361,0.987856
1362,0.988007
1363,0.987809
1364,0.988543
1365,0.988456
1366,0.991213
1367,0.985958
1368,0.988005
1369,0.990764
1370,0.990477
1371,0.989772
1372,0.98917
1373,0.990424
1374,0.990548
1375,0.991836
1376,0.98985
1377,0.992051
1378,0.990399
1379,0.989966
1380,0.99173
1381,0.989715
1382,0.991114
1383,0.989195
1384,0.988408
1385,0.989501
1386,0.988897
1387,0.988558
1388,0.986467
1389,0.989282
1390,0.989418
1391,0.839623
1392,0.300814
1393,0.121808
1394,0.051534
1395,0.032934
1396,0.027582
1397,0.210535
1398,0.900777
1399,0.970644
1400,0.979062
1401,0.991429
1402,0.986662
1403,0.990896
1404,0.989406
1405,0.989168
1406,0.987565
1407,0.989808
1408,0.988334
1409,0.987613
1410,0.974423
1411,0.111592
1412,0.017317
1413,0.011779
1414,0.00562
1415,0.00938
1416,0.012008
1417,0.005279
1418,0.005166
1419,0.003893
1420,0.004146
1421,0.003489
1422,0.003875
1423,0.002151
1424,0.00183
1425,0.002934
1426,0.146895
1427,0.734465
1428,0.910648
1429,0.948991
1430,0.958452
1431,0.956271
1432,0.953027
1433,0.961352
1434,0.960291
1435,0.96399
1436,0.944221
1437,0.917736
1438,0.91965
1439,0.54616
1440,0.023187
1441,0.004075
1442,0.00352
1443,0.002485
1444,0.003201
1445,0.002131
1446,0.000337
1447,0.000355
1448,0.000281
1449,0.000266
1450,0.002439
1451,0.001638
1452,0.002911
1453,0.000224
1454,0.000173
1455,0.000184
1456,0.00028
1457,0.000165
1458,0.001169
1459,0.001143
1460,0.00119
1461,0.114007
1462,0.292149
1463,0.497949
1464,0.585935
1465,0.797725
1466,0.817697
1467,0.842699
1468,0.806919
1469,0.826004
1470,0.799154
1471,0.824583
1472,0.812781
1473,0.836759
1474,0.811186
1475,0.818167
1476,0.808735
1477,0.812997
1478,0.809967
1479,0.794994
1480,0.798117
1481,0.735833
1482,0.775669
1483,0.777011
1484,0.741004
1485,0.731088
1486,0.648997
1487,0.701703
1488,0.698553
1489,0.79
1490,0.83272
1491,0.824545
1492,0.832838
1493,0.838465
1494,0.815655
1495,0.842507
1496,0.865326
1497,0.868195
1498,0.756348
1499,0.544996
1500,0.461065
1501,0.621404
1502,0.853392
1503,0.860049
1504,0.858984
1505,0.867481
1506,0.884709
1507,0.870214
1508,0.890982
1509,0.894296
1510,0.902112
1511,0.913816
1512,0.906924
1513,0.927579
1514,0.927696
1515,0.930523
1516,0.92711
1517,0.935785
1518,0.834802
1519,0.828147
1520,0.827565
1521,0.862951
1522,0.864872
1523,0.876485
1524,0.886553
1525,0.912692
1526,0.951571
1527,0.963744
1528,0.973591
1529,0.968284
1530,0.966379
1531,0.967645
1532,0.968585
1533,0.974229
1534,0.9785
1535,0.983508
1536,0.986841
1537,0.987466
1538,0.985199
1539,0.986063
1540,0.988284
1541,0.988482
1542,0.988473
1543,0.989895
1544,0.989461
1545,0.982748
1546,0.987417
1547,0.988906
1548,0.989154
1549,0.987666
1550,0.988348
1551,0.988019
1552,0.988886
1553,0.989032
1554,0.988863
1555,0.988906
1556,0.986909
1557,0.98717
1558,0.987552
1559,0.987204
1560,0.986567
1561,0.983988
1562,0.985427
1563,0.985975
1564,0.986159
1565,0.986489
1566,0.98789
1567,0.987489
1568,0.986486
1569,0.987515
1570,0.987872
1571,0.988502
1572,0.988353
1573,0.987047
1574,0.978556
1575,0.349247
1576,0.030508
1577,0.01467
1578,0.014943
1579,0.016388
1580,0.014297
1581,0.012706
1582,0.011022
1583,0.010557
1584,0.004052
1585,0.009495
1586,0.009535
1587,0.009787
1588,0.008413
1589,0.00834
1590,0.010204
1591,0.010008
1592,0.009459
1593,0.009268
1594,0.00923
1595,0.009341
1596,0.010157
1597,0.01177
1598,0.01245
1599,0.023325
1600,0.168262
1601,0.691456
1602,0.931806
1603,0.957731
1604,0.980661
1605,0.981651
1606,0.982587
1607,0.982072
1608,0.984197
1609,0.986787
1610,0.984926
1611,0.987249
1612,0.981024
1613,0.202042
1614,0.026722
1615,0.009304
1616,0.008582
1617,0.009825
1618,0.007259
1619,0.007058
1620,0.006163
1621,0.004469
1622,0.004998
1623,0.003134
1624,0.003558
1625,0.006023
1626,0.006157
1627,0.005562
1628,0.006364
1629,0.006821
1630,0.008004
1631,0.006389
1632,0.006868
1633,0.010621
1634,0.01088
1635,0.012272
1636,0.011825
1637,0.235859
1638,0.827654
1639,0.930385
1640,0.973461
1641,0.987655
1642,0.990144
1643,0.992954
1644,0.99219
1645,0.992265
1646,0.992162
1647,0.99226
1648,0.992019
1649,0.993757
1650,0.988795
1651,0.987656
1652,0.989709
1653,0.990417
1654,0.586161
1655,0.072489
1656,0.037417
1657,0.030111
1658,0.023848
1659,0.019527
1660,0.009053
1661,0.005672
1662,0.007698
1663,0.006945
1664,0.008217
1665,0.008368
1666,0.012684
1667,0.013184
1668,0.021205
1669,0.059464
1670,0.85845
1671,0.957136
1672,0.975536
1673,0.983776
1674,0.986246
1675,0.987026
1676,0.98958
1677,0.988796
1678,0.986654
1679,0.985649
1680,0.853092
1681,0.026976
1682,0.005973
1683,0.004173
1684,0.005015
1685,0.004922
1686,0.003744
1687,0.003666
1688,0.004144
1689,0.003856
1690,0.000154
1691,0.00224
1692,0.000108
1693,0.000258
1694,0.000454
1695,0.00034
1696,0.000271
1697,0.000247
1698,0.000201
1699,0.00023
1700,0.000371
1701,0.000294
1702,0.00028
1703,0.00023
1704,0.00025
1705,0.000404
1706,0.000477
1707,0.000605
1708,0.000411
1709,0.000342
1710,0.000478
1711,0.003374
1712,0.044883
1713,0.390815
1714,0.955394
1715,0.984225
1716,0.986186
1717,0.985197
1718,0.98735
1719,0.989242
1720,0.990299
1721,0.991386
1722,0.98829
1723,0.987008
1724,0.989935
1725,0.990133
1726,0.990549
1727,0.990035
1728,0.988505
1729,0.987871
1730,0.989336
1731,0.987588
1732,0.98702
1733,0.98567
1734,0.98898
1735,0.986764
1736,0.985033
1737,0.987101
1738,0.987684
1739,0.986969
1740,0.987521
1741,0.980998
1742,0.981238
1743,0.980826
1744,0.985233
1745,0.981354
1746,0.979331
1747,0.979774
1748,0.979696
1749,0.976481
1750,0.97678
1751,0.969822
1752,0.971049
1753,0.964471
1754,0.965523
1755,0.968411
1756,0.966924
1757,0.968647
1758,0.969194
1759,0.970538
1760,0.969721
1761,0.962828
1762,0.954362
1763,0.953499
1764,0.951487
1765,0.952074
1766,0.953549
1767,0.941938
1768,0.93759
1769,0.93141
1770,0.94156
1771,0.942007
1772,0.939994
1773,0.949878
1774,0.953005
1775,0.943742
1776,0.943591
1777,0.940888
1778,0.940313
1779,0.895316
1780,0.920947
1781,0.902756
1782,0.910446
1783,0.86821
1784,0.864954
1785,0.869562
1786,0.878977
1787,0.879022
1788,0.87437
1789,0.914827
1790,0.913276
1791,0.90932
1792,0.902385
1793,0.909965
1794,0.902961
1795,0.847321
1796,0.833593
1797,0.833856
1798,0.889673
1799,0.910894
1800,0.898055
1801,0.885046
1802,0.911067
1803,0.919648
1804,0.91357
1805,0.902398
1806,0.904617
1807,0.90299
1808,0.900539
1809,0.897528
1810,0.893165
1811,0.896042
1812,0.891447
1813,0.905904
1814,0.904913
1815,0.898343
1816,0.902072
1817,0.899781
1818,0.898097
1819,0.898692
1820,0.92078
1821,0.918934
1822,0.920848
1823,0.921105
1824,0.927561
1825,0.906389
1826,0.914221
1827,0.918212
1828,0.935698
1829,0.920319
1830,0.91362
1831,0.91668
1832,0.918002
1833,0.929342
1834,0.92516
1835,0.921084
1836,0.908386
1837,0.922711
1838,0.928296
1839,0.932172
1840,0.931386
1841,0.933429
1842,0.931825
1843,0.935139
1844,0.935157
1845,0.93747
1846,0.937817
1847,0.937541
1848,0.940913
1849,0.923073
1850,0.926809
1851,0.90901
1852,0.913915
1853,0.909852
1854,0.931666
1855,0.942736
1856,0.9435
1857,0.934821
1858,0.938593
1859,0.938202
1860,0.938097
1861,0.932728
1862,0.938499
1863,0.948171
1864,0.952552
1865,0.961909
1866,0.956226
1867,0.942977
1868,0.9624
1869,0.966393
1870,0.964498
1871,0.967402
1872,0.963139
1873,0.973987
1874,0.974976
1875,0.975405
1876,0.974907
1877,0.975198
1878,0.971532
1879,0.972365
1880,0.972677
1881,0.973529
1882,0.973978
1883,0.975544
1884,0.9756
1885,0.969682
1886,0.968833
1887,0.969374
1888,0.968435
1889,0.968418
1890,0.97108
1891,0.981168
1892,0.975693
1893,0.97663
1894,0.976029
1895,0.975311
1896,0.975603
1897,0.980103
1898,0.980128
1899,0.979736
1900,0.979511
1901,0.979153
1902,0.98022
1903,0.980625
1904,0.981047
1905,0.982528
1906,0.979802
1907,0.977956
1908,0.978068
1909,0.975153
1910,0.974858
1911,0.973468
1912,0.975708
1913,0.973946
1914,0.972948
1915,0.968919
1916,0.966574
1917,0.968409
1918,0.961665
1919,0.958201
1920,0.958255
1921,0.911531
1922,0.913303
1923,0.920059
1924,0.919417
1925,0.921598
1926,0.919668
1927,0.916699
1928,0.918229
1929,0.924169
1930,0.929247
1931,0.93382
1932,0.926251
1933,0.896254
1934,0.891938
1935,0.89411
1936,0.899516
1937,0.881818
1938,0.875792
1939,0.853721
1940,0.835996
1941,0.823846
1942,0.811293
1943,0.810587
1944,0.836692
1945,0.82948
1946,0.811946
1947,0.819011
1948,0.815286
1949,0.802713
1950,0.785807
1951,0.79001
1952,0.76848
1953,0.705874
1954,0.641929
1955,0.647658
1956,0.660714
1957,0.672375
1958,0.710596
1959,0.674099
1960,0.688165
1961,0.666626
1962,0.691896
1963,0.697349
1964,0.708796
1965,0.730269
1966,0.715499
1967,0.707417
1968,0.70936
1969,0.599104
1970,0.486262
1971,0.500505
1972,0.509722
1973,0.508774
1974,0.522963
1975,0.532086
1976,0.532242
1977,0.475779
1978,0.444193
1979,0.480402
1980,0.504133
1981,0.555193
1982,0.517801
1983,0.717071
1984,0.842791
1985,0.785136
1986,0.617865
1987,0.630147
1988,0.633511
1989,0.618306
1990,0.619102
1991,0.629603
1992,0.598374
1993,0.618102
1994,0.645763
1995,0.695744
1996,0.708246
1997,0.688398
1998,0.676953
1999,0.668531
2000,0.66535
2001,0.637099
2002,0.634526
2003,0.626098
2004,0.559024
2005,0.605237
2006,0.59312
2007,0.594299
2008,0.589178
2009,0.589904
2010,0.658397
2011,0.617427
2012,0.637398
2013,0.71048
2014,0.745604
2015,0.732921
2016,0.739372
2017,0.645305
2018,0.686806
2019,0.732666
2020,0.742182
2021,0.68382
2022,0.729196
2023,0.741567
2024,0.767013
2025,0.828039
2026,0.854361
2027,0.850791
2028,0.845182
2029,0.793188
2030,0.809193
2031,0.822357
2032,0.82729
2033,0.87445
2034,0.905666
2035,0.915534
2036,0.902251
2037,0.944686
2038,0.945891
2039,0.929383
2040,0.937437
2041,0.946163
2042,0.938787
2043,0.942726
2044,0.943783
2045,0.942133
2046,0.947935
2047,0.945689
2048,0.952428
2049,0.954725
2050,0.960286
2051,0.963338
2052,0.965292
2053,0.961322
2054,0.962158
2055,0.974329
2056,0.964445
2057,0.968896
2058,0.975924
2059,0.97977
2060,0.980976
2061,0.980808
2062,0.974777
2063,0.97905
2064,0.972015
2065,0.961842
2066,0.955111
2067,0.967815
2068,0.955699
2069,0.919587
2070,0.927037
2071,0.899671
2072,0.902883
2073,0.910721
2074,0.926594
2075,0.970855
2076,0.96899
2077,0.965619
2078,0.971198
2079,0.982631
2080,0.97328
2081,0.961065
2082,0.977053
2083,0.982247
2084,0.977271
2085,0.957982
2086,0.946688
2087,0.953594
2088,0.959062
2089,0.967121
2090,0.953039
2091,0.93373
2092,0.945248
2093,0.884079
2094,0.904081
2095,0.78058
2096,0.819521
2097,0.777531
2098,0.83321
2099,0.803678
2100,0.799125
2101,0.786659
2102,0.786094
2103,0.775947
2104,0.764887
2105,0.803246
2106,0.81341
2107,0.785108
2108,0.77083
2109,0.790911
2110,0.781282
2111,0.795787
2112,0.823402
2113,0.824719
2114,0.827161
2115,0.783266
2116,0.83135
2117,0.706929
2118,0.756909
2119,0.818179
2120,0.847669
2121,0.81965
2122,0.776142
2123,0.786559
2124,0.760328
2125,0.780864
2126,0.78091
2127,0.774283
2128,0.78206
2129,0.769947
2130,0.756305
2131,0.743858
2132,0.743616
2133,0.743947
2134,0.776674
2135,0.791718
2136,0.755962
2137,0.806674
2138,0.813794
2139,0.794332
2140,0.826404
2141,0.803732
2142,0.813298
2143,0.828871
2144,0.849128
2145,0.812858
2146,0.788152
2147,0.769436
2148,0.742867
2149,0.76838
2150,0.784896
2151,0.824417
2152,0.816132
2153,0.788542
2154,0.813323
2155,0.812981
2156,0.840542
2157,0.839614
2158,0.802888
2159,0.809696
2160,0.822767
2161,0.804157
2162,0.825797
2163,0.813403
2164,0.807228
2165,0.800842
2166,0.809861
2167,0.79862
2168,0.789392
2169,0.77879
2170,0.800059
2171,0.814857
2172,0.821466
2173,0.821465
2174,0.825355
2175,0.791934
2176,0.791304
2177,0.804688
2178,0.814392
2179,0.81692
2180,0.810736
2181,0.816489
2182,0.835392
2183,0.812667
2184,0.366235
2185,0.016232
2186,0.012747
2187,0.010026
2188,0.012077
2189,0.369415
2190,0.795553
2191,0.83175
2192,0.786515
2193,0.827772
2194,0.790514
2195,0.791756
2196,0.75032
2197,0.871901
2198,0.851593
2199,0.855407
2200,0.841619
2201,0.840071
2202,0.843568
2203,0.846602
2204,0.849326
2205,0.845231
2206,0.829754
2207,0.831032
2208,0.843791
2209,0.867455
2210,0.862194
2211,0.840595
2212,0.799565
2213,0.841812
2214,0.877928
2215,0.871855
2216,0.87443
2217,0.866457
2218,0.86978
2219,0.874461
2220,0.827543
2221,0.879807
2222,0.881275
2223,0.888748
2224,0.895147
2225,0.888153
2226,0.891262
2227,0.892632
2228,0.894492
2229,0.892217
2230,0.896451
2231,0.901761
2232,0.894043
2233,0.904333
2234,0.90356
2235,0.908257
2236,0.894831
2237,0.903066
2238,0.917663
2239,0.921595
2240,0.918959
2241,0.615277
2242,0.00233
2243,0.00124
2244,0.000838
2245,0.00069
2246,0.000688
2247,0.000675
2248,0.000712
2249,0.000594
2250,0.000812
2251,0.000762
2252,0.000652
2253,0.000714
2254,0.001192
2255,0.00108
2256,0.001633
2257,0.031001
2258,0.736544
2259,0.945518
2260,0.98083
2261,0.978434
2262,0.96707
2263,0.978242
2264,0.972864
2265,0.984805
2266,0.97908
2267,0.98384
2268,0.984453
2269,0.989536
2270,0.988137
2271,0.986481
2272,0.988472
2273,0.98799
2274,0.988372
2275,0.987806
2276,0.987177
2277,0.987242
2278,0.986493
2279,0.989082
2280,0.988927
2281,0.983802
2282,0.983436
2283,0.978978
2284,0.97805
2285,0.97998
2286,0.979236
2287,0.978736
2288,0.980282
2289,0.977411
2290,0.978323
2291,0.975752
2292,0.974836
2293,0.979807
2294,0.981125
2295,0.982361
2296,0.982077
2297,0.981661
2298,0.981152
2299,0.982018
2300,0.983165
2301,0.980772
2302,0.778116
2303,0.019013
2304,0.004117
2305,0.004029
2306,0.003346
2307,0.00207
2308,0.001027
2309,0.003666
2310,0.005632
2311,0.001772
2312,0.001068
2313,0.001046
2314,0.001391
2315,0.002196
2316,0.001899
2317,0.002772
2318,0.171493
2319,0.86495
2320,0.952774
2321,0.937066
2322,0.932969
2323,0.919869
2324,0.950364
2325,0.913684
2326,0.905694
2327,0.915864
2328,0.930368
2329,0.873706
2330,0.863476
2331,0.879552
2332,0.914089
2333,0.911926
2334,0.702403
2335,0.013966
2336,0.003463
2337,0.000929
2338,0.000833
2339,0.000365
2340,0.001536
2341,0.000796
2342,0.000335
2343,0.00049
2344,0.000405
2345,0.000286
2346,0.000369
2347,0.000403
2348,0.000873
2349,0.000855
2350,0.02484
2351,0.714441
2352,0.787336
2353,0.910936
2354,0.828656
2355,0.954095
2356,0.959767
2357,0.973609
2358,0.982571
2359,0.980895
2360,0.936685
2361,0.924576
2362,0.917068
2363,0.892087
2364,0.886023
2365,0.880604
2366,0.873282
2367,0.902647
2368,0.971415
2369,0.951721
2370,0.959607
2371,0.944788
2372,0.947683
2373,0.955127
2374,0.966113
2375,0.948915
2376,0.849485
2377,0.819413
2378,0.83419
2379,0.957766
2380,0.880503
2381,0.903964
2382,0.920768
2383,0.86617
2384,0.813149
2385,0.895623
2386,0.86193
2387,0.739626
2388,0.770773
2389,0.870461
2390,0.827017
2391,0.841562
2392,0.854364
2393,0.82737
2394,0.817914
2395,0.824158
2396,0.820917
2397,0.934243
2398,0.797358
2399,0.818786
2400,0.828875
2401,0.85984
2402,0.860255
2403,0.865836
2404,0.847943
2405,0.800914
2406,0.80239
2407,0.818209
2408,0.827901
2409,0.827442
2410,0.843744
2411,0.851754
2412,0.858788
2413,0.868114
2414,0.883074
2415,0.808366
2416,0.801408
2417,0.785561
2418,0.792377
2419,0.800907
2420,0.78748
2421,0.805327
2422,0.804632
2423,0.851573
2424,0.200471
2425,0.004661
2426,0.002624
2427,0.002267
2428,0.002134
2429,0.00216
2430,0.002138
2431,0.002151
2432,0.002322
2433,0.002086
2434,0.002617
2435,0.002438
2436,0.012768
2437,0.175468
2438,0.431822
2439,0.510467
2440,0.537147
2441,0.582514
2442,0.664082
2443,0.776278
2444,0.761255
2445,0.752696
2446,0.771632
2447,0.771971
2448,0.81773
2449,0.891056
2450,0.882651
2451,0.594383
2452,0.365665
2453,0.02255
2454,0.008273
2455,0.003455
2456,0.004658
2457,0.003428
2458,0.002841
2459,0.001925
2460,0.002173
2461,0.002575
2462,0.002798
2463,0.002811
2464,0.002935
2465,0.002825
2466,0.002378
2467,0.002011
2468,0.002176
2469,0.002028
2470,0.00165
2471,0.002484
2472,0.005563
2473,0.006971
2474,0.008267
2475,0.008594
2476,0.011736
2477,0.011372
2478,0.009025
2479,0.009147
2480,0.011273
2481,0.006459
2482,0.005935
2483,0.002939
2484,0.002388
2485,0.001501
2486,0.001553
2487,0.001469
2488,0.001292
2489,0.001703
2490,0.001234
2491,0.005817
2492,0.403434
2493,0.366872
2494,0.35652
2495,0.351624
2496,0.304734
2497,0.44744
2498,0.428979
2499,0.365231
2500,0.338618
2501,0.6476
2502,0.653563
2503,0.686688
2504,0.677859
2505,0.658577
2506,0.744896
2507,0.744643
2508,0.706252
2509,0.826102
2510,0.809889
2511,0.69182
2512,0.746034
2513,0.75222
2514,0.772317
2515,0.762611
2516,0.806121
2517,0.770007
2518,0.654516
2519,0.830912
2520,0.676289
2521,0.74377
2522,0.749483
2523,0.710275
2524,0.713243
2525,0.765703
2526,0.549641
2527,0.027919
2528,0.005596
2529,0.003667
2530,0.003447
2531,0.002787
2532,0.001828
2533,0.001484
2534,0.002897
2535,0.003378
2536,0.003785
2537,0.003021
2538,0.004618
2539,0.003661
2540,0.003995
2541,0.003999
2542,0.004204
2543,0.002937
2544,0.00402
2545,0.009276
2546,0.012547
2547,0.140975
2548,0.82554
2549,0.931525
2550,0.970261
2551,0.979048
2552,0.978232
2553,0.979315
2554,0.980191
2555,0.978718
2556,0.98215
2557,0.977246
2558,0.975163
2559,0.985171
2560,0.985054
2561,0.990682
2562,0.990036
2563,0.989271
2564,0.990327
2565,0.989804
2566,0.989479
2567,0.987201
2568,0.982876
2569,0.975093
2570,0.95463
2571,0.963414
2572,0.950736
2573,0.943208
2574,0.94773
2575,0.946017
2576,0.958641
2577,0.917782
2578,0.965004
2579,0.979926
2580,0.964544
2581,0.968234
2582,0.949884
2583,0.979264
2584,0.975148
2585,0.980864
2586,0.988515
2587,0.983694
2588,0.988257
2589,0.988466
2590,0.986417
2591,0.985562
2592,0.98631
2593,0.988111
2594,0.970627
2595,0.985567
2596,0.984257
2597,0.982688
2598,0.983402
2599,0.982646
2600,0.983928
2601,0.983934
2602,0.984143
2603,0.982139
2604,0.982691
2605,0.983861
2606,0.983644
2607,0.983224
2608,0.983054
2609,0.983082
2610,0.984994
2611,0.984957
2612,0.984926
2613,0.983934
2614,0.983752
2615,0.982389
2616,0.981752
2617,0.988007
2618,0.986494
2619,0.985845
2620,0.984674
2621,0.981148
2622,0.981637
2623,0.982488
2624,0.981713
2625,0.97825
2626,0.979025
2627,0.978492
2628,0.979632
2629,0.975711
2630,0.978625
2631,0.974143
2632,0.974718
2633,0.975446
2634,0.977189
2635,0.976609
2636,0.977872
2637,0.97761
2638,0.975857
2639,0.976361
2640,0.978254
2641,0.97917
2642,0.978994
2643,0.979371
2644,0.980383
2645,0.976352
2646,0.979415
2647,0.979193
2648,0.979804
2649,0.984806
2650,0.986867
2651,0.992763
2652,0.990709
2653,0.974618
2654,0.959258
2655,0.962124
2656,0.978394
2657,0.982913
2658,0.986288
2659,0.986133
2660,0.98707
2661,0.983517
2662,0.982491
2663,0.981575
2664,0.981238
2665,0.989505
2666,0.980313
2667,0.988802
2668,0.985816
2669,0.985801
2670,0.988339
2671,0.970215
2672,0.959751
2673,0.979265
2674,0.958327
2675,0.983769
2676,0.964623
2677,0.98242
2678,0.982999
2679,0.976658
2680,0.982629
2681,0.984291
2682,0.977866
2683,0.974022
2684,0.975887
2685,0.973994
2686,0.971595
2687,0.975951
2688,0.979211
2689,0.977607
2690,0.978654
2691,0.982362
2692,0.979644
2693,0.979243
2694,0.979809
2695,0.975667
2696,0.973888
2697,0.971904
2698,0.972891
2699,0.9781
2700,0.980467
2701,0.964615
2702,0.96925
2703,0.964191
2704,0.96895
2705,0.962155
2706,0.966605
2707,0.964871
2708,0.96522
2709,0.979989
2710,0.982105
2711,0.968742
2712,0.967079
2713,0.970394
2714,0.969126
2715,0.959987
2716,0.967083
2717,0.963972
2718,0.975767
2719,0.967456
2720,0.967932
2721,0.96689
2722,0.970157
2723,0.973951
2724,0.974958
2725,0.97789
2726,0.978394
2727,0.981194
2728,0.985666
2729,0.989286
2730,0.984638
2731,0.98934
2732,0.9883
2733,0.986665
2734,0.986482
2735,0.984409
2736,0.985085
2737,0.983115
2738,0.976428
2739,0.979254
2740,0.979967
2741,0.980014
2742,0.982605
2743,0.982525
2744,0.981174
2745,0.981146
2746,0.979464
2747,0.977248
2748,0.975914
2749,0.977446
2750,0.977049
2751,0.967266
2752,0.967116
2753,0.967398
2754,0.95854
2755,0.96145
2756,0.960436
2757,0.954223
2758,0.958182
2759,0.958068
2760,0.95818
2761,0.959421
2762,0.958574
2763,0.962126
2764,0.959575
2765,0.957377
2766,0.954281
2767,0.954644
2768,0.951772
2769,0.947922
2770,0.947872
2771,0.947022
2772,0.953178
2773,0.950981
2774,0.951618
2775,0.943184
2776,0.955114
2777,0.951585
2778,0.961883
2779,0.961406
2780,0.957906
2781,0.956162
2782,0.956065
2783,0.959195
2784,0.959976
2785,0.958581
2786,0.956466
2787,0.960564
2788,0.964312
2789,0.961745
2790,0.96457
2791,0.964453
2792,0.963502
2793,0.965096
2794,0.965073
2795,0.96975
2796,0.956093
2797,0.951667
2798,0.954308
2799,0.949609
2800,0.963088
2801,0.962374
2802,0.963521
2803,0.963182
2804,0.965511
2805,0.958404
2806,0.953579
2807,0.934438
2808,0.951996
2809,0.938219
2810,0.957039
2811,0.96315
2812,0.978172
2813,0.976573
2814,0.967563
2815,0.964388
2816,0.963784
2817,0.712692
2818,0.118858
2819,0.007188
2820,0.007211
2821,0.001181
2822,0.000953
2823,0.000676
2824,0.000933
2825,0.00047
2826,0.000447
2827,0.000679
2828,0.000663
2829,0.000888
2830,0.000626
2831,0.001239
2832,0.001648
2833,0.001385
2834,0.000408
2835,0.000513
2836,0.000409
2837,0.000453
2838,0.000635
2839,0.00035
2840,0.000313
2841,0.000365
2842,0.000405
2843,0.000207
2844,0.000203
2845,0.000345
2846,0.000354
2847,0.000217
2848,0.000219
2849,0.000292
2850,0.00027
2851,0.000198
2852,0.000287
2853,0.000205
2854,0.000175
2855,0.000161
2856,0.000178
2857,0.000197
2858,0.000259
2859,0.000321
2860,0.000745
2861,0.00064
2862,0.000746
2863,0.00239
2864,0.004772
2865,0.002529
2866,0.001871
2867,0.000935
2868,0.001128
2869,0.001062
2870,0.001056
2871,0.041026
2872,0.552472
2873,0.544514
2874,0.607675
2875,0.513794
2876,0.463828
2877,0.71764
2878,0.796618
2879,0.871065
2880,0.885194
2881,0.87388
2882,0.881018
2883,0.868445
2884,0.865263
2885,0.863681
2886,0.864707
2887,0.861948
2888,0.847205
2889,0.891628
2890,0.894634
2891,0.767996
2892,0.00283
2893,0.000904
2894,0.000865
2895,0.000465
2896,0.000302
2897,0.000264
2898,0.000333
2899,0.000373
2900,0.000418
2901,0.000532
2902,0.000523
2903,0.000484
2904,0.00064
2905,0.000698
2906,0.000789
2907,0.000698
2908,0.000819
2909,0.001103
2910,0.0015
2911,0.515622
2912,0.598104
2913,0.564348
2914,0.697292
2915,0.503606
2916,0.71396
2917,0.595246
2918,0.699667
2919,0.801403
2920,0.803109
2921,0.774778
2922,0.765575
2923,0.166325
2924,0.001859
2925,0.001001
2926,0.000989
2927,0.000992
2928,0.000348
2929,0.00032
2930,0.000572
2931,0.001082
2932,0.090518
2933,0.095168
2934,0.029279
2935,0.040898
2936,0.011857
2937,0.007698
2938,0.000717
2939,0.000814
2940,0.000393
2941,0.000186
2942,0.000116
2943,0.00013
2944,6.7e-05
2945,5.3e-05
2946,3.3e-05
2947,3.3e-05
2948,2.8e-05
2949,3.6e-05
2950,0.015446
2951,0.516057
2952,0.746619
2953,0.914736
2954,0.847872
2955,0.91052
2956,0.955574
2957,0.864282
2958,0.861513
2959,0.481388
2960,0.009038
2961,0.000747
2962,0.000612
2963,0.000826
2964,0.000661
2965,0.000679
2966,0.000606
2967,0.000488
2968,0.000272
2969,0.000179
2970,0.00027
2971,0.000332
2972,0.0002
2973,0.000165
2974,0.000142
2975,7.3e-05
2976,0.000278
2977,0.000599
2978,0.000641
2979,0.000178
2980,3.1e-05
2981,1e-05
2982,3e-05
2983,3e-05
2984,3.5e-05
2985,5e-05
2986,5.3e-05
2987,6e-06
2988,7e-06
2989,1.1e-05
2990,2.1e-05
2991,2e-05
2992,1.5e-05
2993,5.7e-05
2994,6.2e-05
2995,0.000276
2996,0.000135
2997,0.000116
2998,0.000161
2999,0.000185
3000,0.000132
3001,0.000144
3002,0.000111
3003,0.00011
3004,0.000131
3005,0.000106
3006,0.000147
3007,0.004383
3008,0.216926
3009,0.353078
3010,0.433779
3011,0.421975
3012,0.587286
3013,0.656495
3014,0.747203
3015,0.831728
3016,0.854723
3017,0.811133
3018,0.847522
3019,0.874761
3020,0.903796
3021,0.872821
3022,0.930846
3023,0.944733
3024,0.923489
3025,0.893427
3026,0.136628
3027,0.004036
3028,0.000582
3029,0.001015
3030,0.000483
3031,0.000302
3032,0.000285
3033,0.000374
3034,0.000329
3035,0.000305
3036,0.00036
3037,0.000413
3038,0.000486
3039,0.000581
3040,0.00048
3041,0.000474
3042,0.000736
3043,0.003146
3044,0.309234
3045,0.601659
3046,0.481446
3047,0.808776
3048,0.766446
3049,0.937031
3050,0.942161
3051,0.782095
3052,0.851741
3053,0.802217
3054,0.811907
3055,0.895782
3056,0.929528
3057,0.948811
3058,0.951041
3059,0.969557
3060,0.957682
3061,0.968071
3062,0.966098
3063,0.958915
3064,0.933276
3065,0.957952
3066,0.968501
3067,0.973002
3068,0.966903
3069,0.980894
3070,0.969136
3071,0.971341
3072,0.959736
3073,0.943662
3074,0.933728
3075,0.961379
3076,0.979894
3077,0.979567
3078,0.981785
3079,0.981724
3080,0.98072
3081,0.983864
3082,0.978812
3083,0.980235
3084,0.983067
3085,0.982083
3086,0.979175
3087,0.976054
3088,0.989434
3089,0.983857
3090,0.255727
3091,0.03
3092,0.021662
3093,0.002609
3094,0.002273
3095,0.001482
3096,0.001623
3097,0.006496
3098,0.004957
3099,0.001069
3100,0.001321
3101,0.001064
3102,0.146825
3103,0.848064
3104,0.932314
3105,0.951487
3106,0.959376
3107,0.967769
3108,0.970828
3109,0.939777
3110,0.928869
3111,0.927236
3112,0.914542
3113,0.009341
3114,0.004068
3115,0.00243
3116,0.002417
3117,0.001518
3118,0.00147
3119,0.001675
3120,0.001492
3121,0.000572
3122,0.000546
3123,0.000749
3124,0.000756
3125,0.000552
3126,0.000779
3127,0.000961
3128,0.001016
3129,0.000356
3130,0.000406
3131,0.000503
3132,0.000379
3133,0.000687
3134,0.000614
3135,0.000648
3136,0.000697
3137,0.000553
3138,0.000455
3139,0.000476
3140,0.000553
3141,0.000621
3142,0.000689
3143,0.000648
3144,0.000516
3145,0.000474
3146,0.002291
3147,0.103635
3148,0.749864
3149,0.562407
3150,0.858257
3151,0.906041
3152,0.866631
3153,0.790596
3154,0.008536
3155,0.000585
3156,0.000395
3157,0.000321
3158,0.000524
3159,0.000742
3160,0.000805
3161,0.00046
3162,0.000706
3163,0.000867
3164,0.000642
3165,0.000667
3166,0.000632
3167,0.000529
3168,0.000565
3169,0.000692
3170,0.000691
3171,0.000928
3172,0.000643
3173,0.000554
3174,0.000527
3175,0.000435
3176,0.000487
3177,0.000577
3178,0.000439
3179,0.0006
3180,0.000623
3181,0.002096
3182,0.1812
3183,0.871613
3184,0.928816
3185,0.849607
3186,0.93252
3187,0.926825
3188,0.927027
3189,0.899932
3190,0.879368
3191,0.900702
3192,0.882616
3193,0.793519
3194,0.056561
3195,0.001445
3196,0.000809
3197,0.001341
3198,0.001043
3199,0.001209
3200,0.001131
3201,0.00131
3202,0.00133
3203,0.001415
3204,0.00149
3205,0.002248
3206,0.001868
3207,0.00192
3208,0.001504
3209,0.001238
3210,0.001338
3211,0.001654
3212,0.001464
3213,0.001368
3214,0.002175
3215,0.00221
3216,0.002173
3217,0.001175
3218,0.001613
3219,0.002463
3220,0.003017
3221,0.005338
3222,0.005779
3223,0.003078
3224,0.00578
3225,0.419199
3226,0.85531
3227,0.851371
3228,0.903665
3229,0.936367
3230,0.853141
3231,0.867688
3232,0.871754
3233,0.92254
3234,0.926369
3235,0.865826
3236,0.900953
3237,0.946319
3238,0.969865
3239,0.95383
3240,0.952785
3241,0.94527
3242,0.944037
3243,0.955642
3244,0.964368
3245,0.953175
3246,0.950617
3247,0.960426
3248,0.959035
3249,0.965494
3250,0.97174
3251,0.981574
3252,0.984504
3253,0.98255
3254,0.979768
3255,0.977271
3256,0.971197
3257,0.954606
3258,0.966919
3259,0.969543
3260,0.968913
3261,0.976713
3262,0.949858
3263,0.957878
3264,0.970139
3265,0.968708
3266,0.967784
3267,0.963955
3268,0.969626
3269,0.98602
3270,0.981172
3271,0.979841
3272,0.982285
3273,0.982808
3274,0.982801
3275,0.984181
3276,0.984966
3277,0.984259
3278,0.984099
3279,0.984467
3280,0.984728
3281,0.984908
3282,0.984155
3283,0.983573
3284,0.984717
3285,0.981001
3286,0.982307
3287,0.983745
3288,0.983643
3289,0.987106
3290,0.986336
3291,0.987183
3292,0.987045
3293,0.987167
3294,0.986139
3295,0.986089
3296,0.985004
3297,0.987232
3298,0.985124
3299,0.982666
3300,0.983493
3301,0.984485
3302,0.984135
3303,0.984393
3304,0.984819
3305,0.985033
3306,0.986161
3307,0.985396
3308,0.984945
3309,0.984463
3310,0.986757
3311,0.986886
3312,0.98646
3313,0.976331
3314,0.975177
3315,0.975286
3316,0.974855
3317,0.976259
3318,0.97758
3319,0.978914
3320,0.980661
3321,0.980774
3322,0.979668
3323,0.978839
3324,0.980736
3325,0.97926
3326,0.978842
3327,0.976481
3328,0.977432
3329,0.976257
3330,0.977054
3331,0.978346
3332,0.982995
3333,0.98355
3334,0.981754
3335,0.983087
3336,0.982281
3337,0.976923
3338,0.973345
3339,0.974051
3340,0.973682
3341,0.970845
3342,0.965602
3343,0.969505
3344,0.963563
3345,0.968701
3346,0.968216
3347,0.965812
3348,0.959834
3349,0.960438
3350,0.960934
3351,0.965504
3352,0.965276
3353,0.96658
3354,0.966715
3355,0.974106
3356,0.97249
3357,0.963205
3358,0.976501
3359,0.975895
3360,0.969338
3361,0.962773
3362,0.968091
3363,0.959743
3364,0.973509
3365,0.958282
3366,0.9559
3367,0.957897
3368,0.956707
3369,0.943946
3370,0.93727
3371,0.936252
3372,0.929558
3373,0.953146
3374,0.954549
3375,0.96288
3376,0.960836
3377,0.962738
3378,0.96351
3379,0.964028
3380,0.967426
3381,0.966514
3382,0.968453
3383,0.968233
3384,0.967736
3385,0.97259
3386,0.972951
3387,0.962094
3388,0.795298
3389,0.119633
3390,0.058659
3391,0.011784
3392,0.003717
3393,0.003911
3394,0.003781
3395,0.002019
3396,0.00063
3397,0.000375
3398,0.005647
3399,0.004479
3400,0.003905
3401,0.004384
3402,0.003964
3403,0.003921
3404,0.003832
3405,0.001682
3406,0.235818
3407,0.890347
3408,0.955591
3409,0.905409
3410,0.89076
3411,0.93918
3412,0.940409
3413,0.926301
3414,0.896737
3415,0.93725
3416,0.913603
3417,0.952837
3418,0.821471
3419,0.735441
3420,0.833366
3421,0.927944
3422,0.865762
3423,0.887558
3424,0.864639
3425,0.778352
3426,0.794191
3427,0.801627
3428,0.850767
3429,0.799779
3430,0.525034
3431,0.24505
3432,0.052385
3433,0.013716
3434,0.011037
3435,0.009265
3436,0.008064
3437,0.008913
3438,0.00857
3439,0.010307
3440,0.009144
3441,0.095782
3442,0.804128
3443,0.913995
3444,0.947196
3445,0.93562
3446,0.945968
3447,0.960312
3448,0.936263
3449,0.944662
3450,0.955303
3451,0.951057
3452,0.952595
3453,0.981375
3454,0.981704
3455,0.98525
3456,0.982412
3457,0.981273
3458,0.982278
3459,0.988901
3460,0.988351
3461,0.986892
3462,0.986204
3463,0.985956
3464,0.986049
3465,0.988683
3466,0.991491
3467,0.991529
3468,0.9923
3469,0.99299
3470,0.992583
3471,0.991871
3472,0.989282
3473,0.96985
3474,0.946184
3475,0.951298
3476,0.943957
3477,0.953031
3478,0.952968
3479,0.912745
3480,0.919294
3481,0.93285
3482,0.94183
3483,0.931449
3484,0.961889
3485,0.962236
3486,0.967325
3487,0.964633
3488,0.966192
3489,0.960445
3490,0.960449
3491,0.954398
3492,0.961473
3493,0.965321
3494,0.960548
3495,0.955776
3496,0.966899
3497,0.961334
3498,0.960777
3499,0.972869
3500,0.969247
3501,0.975121
3502,0.974899
3503,0.974531
3504,0.972204
3505,0.974789
3506,0.979932
3507,0.97901
3508,0.977519
3509,0.976514
3510,0.977624
3511,0.974888
3512,0.971748
3513,0.976234
3514,0.978673
3515,0.963168
3516,0.963969
3517,0.94142
3518,0.953491
3519,0.970378
3520,0.965521
3521,0.959307
3522,0.963176
3523,0.947577
3524,0.913889
3525,0.918242
3526,0.902043
3527,0.901209
3528,0.942796
3529,0.778473
3530,0.0143
3531,0.002901
3532,0.00263
3533,0.002906
3534,0.004168
3535,0.003519
3536,0.004627
3537,0.004677
3538,0.004303
3539,0.005554
3540,0.005668
3541,0.004174
3542,0.005933
3543,0.005198
3544,0.008997
3545,0.008554
3546,0.007332
3547,0.003886
3548,0.00489
3549,0.004526
3550,0.002882
3551,0.002822
3552,0.003226
3553,0.00301
3554,0.003789
3555,0.003832
3556,0.004301
3557,0.003886
3558,0.004084
3559,0.008597
3560,0.174291
3561,0.588015
3562,0.688689
3563,0.674596
3564,0.554398
3565,0.446909
3566,0.401396
3567,0.465874
3568,0.414407
3569,0.367904
3570,0.50594
3571,0.59859
3572,0.603401
3573,0.736693
3574,0.607151
3575,0.728226
3576,0.759018
3577,0.65798
3578,0.485627
3579,0.545405
3580,0.558743
3581,0.043651
3582,0.002178
3583,0.001181
3584,0.001228
3585,0.002343
3586,0.003723
3587,0.00393
3588,0.004385
3589,0.00264
3590,0.004182
3591,0.002975
3592,0.003226
3593,0.004662
3594,0.007373
3595,0.015873
3596,0.500095
3597,0.674701
3598,0.768936
3599,0.733048
3600,0.896502
3601,0.959448
3602,0.957073
3603,0.948191
3604,0.952661
3605,0.950445
3606,0.91666
3607,0.943467
3608,0.951233
3609,0.957349
3610,0.975397
3611,0.971139
3612,0.968654
3613,0.971538
3614,0.814411
3615,0.987152
3616,0.983201
3617,0.984267
3618,0.944046
3619,0.942815
3620,0.94718
3621,0.94282
3622,0.904808
3623,0.871586
3624,0.764987
3625,0.246991
3626,0.352225
3627,0.210819
3628,0.445783
3629,0.497298
3630,0.32483
3631,0.375379
3632,0.271516
3633,0.210801
3634,0.591948
3635,0.557629
3636,0.572048
3637,0.546862
3638,0.423949
3639,0.272214
3640,0.348621
3641,0.581078
3642,0.575535
3643,0.54123
3644,0.507837
3645,0.663481
3646,0.700788
3647,0.955105
3648,0.768945
3649,0.968341
3650,0.947776
3651,0.949598
3652,0.934448
3653,0.905714
3654,0.91687
3655,0.799923
3656,0.567764
3657,0.238361
3658,0.249352
3659,0.487619
3660,0.637736
3661,0.348045
3662,0.40552
3663,0.389986
3664,0.145906
3665,0.120919
3666,0.506906
3667,0.473804
3668,0.765285
3669,0.827103
3670,0.914782
3671,0.901739
3672,0.872164
3673,0.898068
3674,0.866559
3675,0.863331
3676,0.85954
3677,0.862317
3678,0.854744
3679,0.86092
3680,0.849647
3681,0.877877
3682,0.881164
3683,0.895111
3684,0.902169
3685,0.874775
3686,0.877686
3687,0.883579
3688,0.880815
3689,0.8788
3690,0.888413
3691,0.882683
3692,0.862231
3693,0.89452
3694,0.87502
3695,0.881567
3696,0.860829
3697,0.850998
3698,0.846969
3699,0.845284
3700,0.315836
3701,0.072804
3702,0.033611
3703,0.113043
3704,0.107534
3705,0.096215
3706,0.075391
3707,0.15388
3708,0.170822
3709,0.193028
3710,0.188571
3711,0.216093
3712,0.216159
3713,0.123324
3714,0.340031
3715,0.312767
3716,0.709061
3717,0.651322
3718,0.868758
3719,0.639253
3720,0.60419
3721,0.732819
3722,0.689224
3723,0.641498
3724,0.602539
3725,0.626796
3726,0.495628
3727,0.667971
3728,0.541505
3729,0.754269
3730,0.767188
3731,0.784976
3732,0.654813
3733,0.732143
3734,0.733067
3735,0.731681
3736,0.769593
3737,0.733919
3738,0.790564
3739,0.789685
3740,0.786831
3741,0.721591
3742,0.691052
3743,0.624089
3744,0.729628
3745,0.809022
3746,0.731422
3747,0.747813
3748,0.751941
3749,0.758198
3750,0.739721
3751,0.83704
3752,0.865717
3753,0.917133
3754,0.886379
3755,0.882852
3756,0.902924
3757,0.923351
3758,0.9137
3759,0.917695
3760,0.918251
3761,0.921855
3762,0.936159
3763,0.937686
3764,0.942052
3765,0.939626
3766,0.941259
3767,0.945728
3768,0.942421
3769,0.950384
3770,0.948084
3771,0.952095
3772,0.94863
3773,0.953088
3774,0.952402
3775,0.953469
3776,0.954025
3777,0.952396
3778,0.952679
3779,0.951634
3780,0.948356
3781,0.959791
3782,0.95996
3783,0.960495
3784,0.959808
3785,0.958908
3786,0.953097
3787,0.955742
3788,0.956279
3789,0.954107
3790,0.952838
3791,0.956565
3792,0.954394
3793,0.952647
3794,0.954927
3795,0.95492
3796,0.940326
3797,0.289929
3798,0.019102
3799,0.02267
3800,0.01489
3801,0.015604
3802,0.019113
3803,0.020962
3804,0.017296
3805,0.014031
3806,0.01019
3807,0.011525
3808,0.01513
3809,0.018496
3810,0.016436
3811,0.337772
3812,0.73874
3813,0.880455
3814,0.925975
3815,0.932656
3816,0.935127
3817,0.939984
3818,0.985617
3819,0.984189
3820,0.982149
3821,0.979607
3822,0.975832
3823,0.96341
3824,0.966623
3825,0.836678
3826,0.870529
3827,0.90967
3828,0.910914
3829,0.914298
3830,0.913564
3831,0.901524
3832,0.852075
3833,0.831783
3834,0.878833
3835,0.888427
3836,0.903279
3837,0.844877
3838,0.77232
3839,0.675185
3840,0.257665
3841,0.016746
3842,0.003891
3843,0.00935
3844,0.009627
3845,0.005668
3846,0.005591
3847,0.007353
3848,0.00419
3849,0.005336
3850,0.52675
3851,0.740326
3852,0.864917
3853,0.876513
3854,0.893133
3855,0.975441
3856,0.979542
3857,0.981006
3858,0.979707
3859,0.980416
3860,0.979809
3861,0.97989
3862,0.977955
3863,0.974587
3864,0.976648
3865,0.983576
3866,0.982524
3867,0.978264
3868,0.978877
3869,0.967726
3870,0.976005
3871,0.973272
3872,0.973817
3873,0.968014
3874,0.967304
3875,0.957817
3876,0.947113
3877,0.942374
3878,0.953059
3879,0.935469
3880,0.964676
3881,0.967425
3882,0.954769
3883,0.966002
3884,0.969384
3885,0.968157
3886,0.957542
3887,0.884536
3888,0.962257
3889,0.967372
3890,0.988355
3891,0.963288
3892,0.970878
3893,0.972473
3894,0.965619
3895,0.956126
3896,0.961104
3897,0.979049
3898,0.972554
3899,0.970618
3900,0.980168
3901,0.990887
3902,0.991535
3903,0.986677
3904,0.958685
3905,0.962092
3906,0.969961
3907,0.979099
3908,0.901381
3909,0.833139
3910,0.952518
3911,0.972493
3912,0.967674
3913,0.975301
3914,0.975203
3915,0.983549
3916,0.981352
3917,0.970898
3918,0.972255
3919,0.967882
3920,0.964776
3921,0.966192
3922,0.966367
3923,0.972651
3924,0.968297
3925,0.97538
3926,0.972401
3927,0.961262
3928,0.955229
3929,0.971223
3930,0.971008
3931,0.974636
3932,0.971754
3933,0.976429
3934,0.978451
3935,0.982045
3936,0.982167
3937,0.979101
3938,0.985396
3939,0.986489
3940,0.964566
3941,0.94256
3942,0.95016
3943,0.960635
3944,0.964608
3945,0.961277
3946,0.954088
3947,0.965315
3948,0.987195
3949,0.988172
3950,0.991388
3951,0.969359
3952,0.969014
3953,0.949485
3954,0.962379
3955,0.95704
3956,0.974087
3957,0.974231
3958,0.973271
3959,0.974186
3960,0.975876
3961,0.982132
3962,0.973563
3963,0.973004
3964,0.961945
3965,0.955745
3966,0.954923
3967,0.963034
3968,0.964728
3969,0.96867
3970,0.965916
3971,0.959498
3972,0.961792
3973,0.97027
3974,0.969705
3975,0.970047
3976,0.967959
3977,0.962548
3978,0.965626
3979,0.972761
3980,0.971727
3981,0.855991
3982,0.097423
3983,0.01665
3984,0.00812
3985,0.005187
3986,0.006597
3987,0.008937
3988,0.01056
3989,0.010302
3990,0.008938
3991,0.008551
3992,0.009154
3993,0.006945
3994,0.002698
3995,0.002018
3996,0.00239
3997,0.002833
3998,0.002752
3999,0.002388
4000,0.002044
4001,0.002614
4002,0.003193
4003,0.014648
4004,0.01854
4005,0.003123
4006,0.35956
4007,0.929954
4008,0.87277
4009,0.965972
4010,0.972352
4011,0.968486
4012,0.975796
4013,0.971589
4014,0.955071
4015,0.964041
4016,0.973766
4017,0.965968
4018,0.962225
4019,0.96568
4020,0.96466
4021,0.975897
4022,0.970551
4023,0.959632
4024,0.95604
4025,0.940186
4026,0.917375
4027,0.925033
4028,0.914234
4029,0.931035
4030,0.947599
4031,0.95771
4032,0.952986
4033,0.953506
4034,0.954926
4035,0.947729
4036,0.938858
4037,0.940897
4038,0.925286
4039,0.948501
4040,0.932499
4041,0.90476
4042,0.919089
4043,0.879718
4044,0.819004
4045,0.869624
4046,0.888555
4047,0.872934
4048,0.903338
4049,0.887617
4050,0.889498
4051,0.900611
4052,0.826086
4053,0.677757
4054,0.851215
4055,0.821402
4056,0.800096
4057,0.802177
4058,0.710279
4059,0.639764
4060,0.8544
4061,0.864492
4062,0.935019
4063,0.924491
4064,0.864541
4065,0.970501
4066,0.930164
4067,0.813398
4068,0.727308
4069,0.981736
4070,0.9739
4071,0.884056
4072,0.869144
4073,0.865289
4074,0.932606
4075,0.96556
4076,0.791065
4077,0.68926
4078,0.96367
4079,0.970358
4080,0.980914
4081,0.967472
4082,0.963453
4083,0.835325
4084,0.01892
4085,0.020333
4086,0.026609
4087,0.016617
4088,0.018532
4089,0.018254
4090,0.021916
4091,0.019113
4092,0.020136
4093,0.013746
4094,0.014918
4095,0.016524
4096,0.013226
4097,0.018787
4098,0.016649
4099,0.012391
4100,0.081199
4101,0.433211
4102,0.842325
4103,0.785648
4104,0.687542
4105,0.319294
4106,0.237455
4107,0.286906
4108,0.205042
4109,0.236237
4110,0.044694
4111,0.00462
4112,0.001541
4113,0.001903
4114,0.001329
4115,0.001855
4116,0.002164
4117,0.003711
4118,0.003274
4119,0.003288
4120,0.003397
4121,0.003773
4122,0.003429
4123,0.004155
4124,0.004167
4125,0.060906
4126,0.514284
4127,0.869852
4128,0.864942
4129,0.847415
4130,0.853049
4131,0.836599
4132,0.834981
4133,0.881946
4134,0.860367
4135,0.84328
4136,0.837054
4137,0.860019
4138,0.773608
4139,0.82091
4140,0.840126
4141,0.87821
4142,0.099076
4143,0.01318
4144,0.00271
4145,0.003025
4146,0.000736
4147,0.00079
4148,0.000916
4149,0.000842
4150,0.000946
4151,0.000836
4152,0.001009
4153,0.00108
4154,0.003101
4155,0.002451
4156,0.001882
4157,0.002241
4158,0.052884
4159,0.60838
4160,0.804279
4161,0.89677
4162,0.936377
4163,0.970307
4164,0.96592
4165,0.980434
4166,0.979274
4167,0.96562
4168,0.138471
4169,0.01755
4170,0.011664
4171,0.007498
4172,0.003785
4173,0.004622
4174,0.000154
4175,0.000176
4176,0.000274
4177,0.000375
4178,0.000296
4179,0.00031
4180,0.000961
4181,0.001212
4182,0.000763
4183,0.000844
4184,0.001156
4185,0.001505
4186,0.001551
4187,0.039071
4188,0.843248
4189,0.949594
4190,0.952949
4191,0.961008
4192,0.960568
4193,0.946132
4194,0.913821
4195,0.922324
4196,0.920292
4197,0.897054
4198,0.926123
4199,0.928452
4200,0.929857
4201,0.944199
4202,0.947357
4203,0.900092
4204,0.93449
4205,0.91068
4206,0.938769
4207,0.957618
4208,0.966214
4209,0.963898
4210,0.968405
4211,0.954486
4212,0.945096
4213,0.898246
4214,0.906226
4215,0.883628
4216,0.884349
4217,0.867077
4218,0.850571
4219,0.884916
4220,0.162006
4221,0.008407
4222,0.004751
4223,0.003671
4224,0.003147
4225,0.003661
4226,0.004432
4227,0.007092
4228,0.007032
4229,0.006953
4230,0.007088
4231,0.006589
4232,0.007269
4233,0.029348
4234,0.460878
4235,0.886271
4236,0.846666
4237,0.963474
4238,0.954889
4239,0.964874
4240,0.952562
4241,0.948708
4242,0.948956
4243,0.942561
4244,0.899494
4245,0.918608
4246,0.913796
4247,0.936186
4248,0.894693
4249,0.788581
4250,0.797448
4251,0.828561
4252,0.856436
4253,0.833335
4254,0.803795
4255,0.702373
4256,0.39936
4257,0.355536
4258,0.551333
4259,0.653664
4260,0.642599
4261,0.695567
4262,0.423273
4263,0.015504
4264,0.003509
4265,0.003568
4266,0.004228
4267,0.004029
4268,0.00469
4269,0.004368
4270,0.004346
4271,0.003785
4272,0.00444
4273,0.005174
4274,0.005226
4275,0.005591
4276,0.005222
4277,0.005228
4278,0.005121
4279,0.008323
4280,0.033839
4281,0.429851
4282,0.644375
4283,0.715973
4284,0.803904
4285,0.657772
4286,0.735013
4287,0.698962
4288,0.782939
4289,0.757885
4290,0.013753
4291,0.003195
4292,0.003052
4293,0.002392
4294,0.001223
4295,0.000916
4296,0.001196
4297,0.001526
4298,0.00144
4299,0.002686
4300,0.001444
4301,0.001646
4302,0.001742
4303,0.001714
4304,0.002299
4305,0.002366
4306,0.002588
4307,0.002507
4308,0.003362
4309,0.005127
4310,0.00535
4311,0.004871
4312,0.006346
4313,0.008609
4314,0.007766
4315,0.006641
4316,0.006166
4317,0.006618
4318,0.005713
4319,0.004861
4320,0.005662
4321,0.005058
4322,0.005649
4323,0.004112
4324,0.003831
4325,0.003672
4326,0.003627
4327,0.003581
4328,0.0038
4329,0.003871
4330,0.00358
4331,0.003857
4332,0.003756
4333,0.003097
4334,0.002643
4335,0.00292
4336,0.002081
4337,0.001894
4338,0.002673
4339,0.002808
4340,0.00236
4341,0.002582
4342,0.001952
4343,0.001959
4344,0.00219
4345,0.002749
4346,0.002536
4347,0.002476
4348,0.002356
4349,0.002531
4350,0.003172
4351,0.003833
4352,0.003933
4353,0.00481
4354,0.03938
4355,0.341747
4356,0.951994
4357,0.918937
4358,0.937714
4359,0.9618
4360,0.97108
4361,0.95449
4362,0.960392
4363,0.963767
4364,0.962599
4365,0.955556
4366,0.968999
4367,0.956453
4368,0.972351
4369,0.974473
4370,0.975841
4371,0.964585
4372,0.969613
4373,0.966759
4374,0.961495
4375,0.965288
4376,0.960682
4377,0.539545
4378,0.011037
4379,0.005771
4380,0.005283
4381,0.005608
4382,0.007499
4383,0.00768
4384,0.006609
4385,0.007475
4386,0.00643
4387,0.003691
4388,0.003458
4389,0.004197
4390,0.004059
4391,0.003597
4392,0.002058
4393,0.000784
4394,0.001378
4395,0.001706
4396,0.004172
4397,0.004008
4398,0.004892
4399,0.007899
4400,0.011694
4401,0.281672
4402,0.926741
4403,0.895294
4404,0.900186
4405,0.920786
4406,0.928505
4407,0.94984
4408,0.956824
4409,0.961397
4410,0.954007
4411,0.946473
4412,0.953613
4413,0.965767
4414,0.967857
4415,0.963146
4416,0.963514
4417,0.950468
4418,0.975716
4419,0.944272
4420,0.976501
4421,0.976298
4422,0.975827
4423,0.974451
4424,0.975292
4425,0.260436
4426,0.016911
4427,0.011311
4428,0.002857
4429,0.011096
4430,0.008427
4431,0.007869
4432,0.00877
4433,0.010197
4434,0.007164
4435,0.003442
4436,0.002942
4437,0.003368
4438,0.003916
4439,0.003751
4440,0.004974
4441,0.010448
4442,0.004704
4443,0.003582
4444,0.003572
4445,0.004068
4446,0.040378
4447,0.550782
4448,0.887428
4449,0.940973
4450,0.96203
4451,0.953658
4452,0.986564
4453,0.98261
4454,0.983191
4455,0.984412
4456,0.983009
4457,0.986308
4458,0.98601
4459,0.986697
4460,0.98659
4461,0.984787
4462,0.93555
4463,0.040565
4464,0.006523
4465,0.002854
4466,0.005124
4467,0.002837
4468,0.003049
4469,0.001357
4470,0.001317
4471,0.001543
4472,0.000368
4473,0.000346
4474,0.000288
4475,0.000249
4476,0.000445
4477,0.000594
4478,0.000632
4479,0.000553
4480,0.000412
4481,0.000426
4482,0.000917
4483,0.000429
4484,0.000312
4485,0.000308
4486,0.000361
4487,0.001319
4488,0.003755
4489,0.309161
4490,0.774444
4491,0.770885
4492,0.748126
4493,0.971874
4494,0.972989
4495,0.936029
4496,0.94304
4497,0.974938
4498,0.943338
4499,0.928865
4500,0.941735
4501,0.974706
4502,0.959419
4503,0.952059
4504,0.946443
4505,0.966851
4506,0.966063
4507,0.971267
4508,0.984125
4509,0.983017
4510,0.978868
4511,0.978548
4512,0.979449
4513,0.982334
4514,0.983393
4515,0.983537
4516,0.983259
4517,0.98122
4518,0.981019
4519,0.980362
4520,0.982856
4521,0.981018
4522,0.980735
4523,0.978684
4524,0.98037
4525,0.983355
4526,0.982757
4527,0.981582
4528,0.977637
4529,0.980177
4530,0.973452
4531,0.970275
4532,0.96666
4533,0.963361
4534,0.968888
4535,0.963916
4536,0.966992
4537,0.941135
4538,0.949959
4539,0.947004
4540,0.946551
4541,0.945221
4542,0.939936
4543,0.919373
4544,0.899977
4545,0.904251
4546,0.884347
4547,0.915894
4548,0.900801
4549,0.836086
4550,0.74042
4551,0.633433
4552,0.611969
4553,0.695519
4554,0.788094
4555,0.79324
4556,0.80908
4557,0.808813
4558,0.843356
4559,0.868036
4560,0.890597
4561,0.921253
4562,0.917104
4563,0.916163
4564,0.910607
4565,0.922881
4566,0.926632
4567,0.915366
4568,0.936679
4569,0.939207
4570,0.935812
4571,0.937729
4572,0.885429
4573,0.739019
4574,0.687183
4575,0.525247
4576,0.669343
4577,0.565855
4578,0.653736
4579,0.515738
4580,0.572433
4581,0.818537
4582,0.83301
4583,0.865003
4584,0.912336
4585,0.924075
4586,0.934526
4587,0.935821
4588,0.969583
4589,0.967662
4590,0.95815
4591,0.931768
4592,0.938498
4593,0.951412
4594,0.942227
4595,0.939939
4596,0.937482
4597,0.934139
4598,0.933972
4599,0.945161
4600,0.945183
4601,0.940561
4602,0.817111
4603,0.820144
4604,0.843845
4605,0.817592
4606,0.956424
4607,0.83023
4608,0.706134
4609,0.508111
4610,0.360638
4611,0.354034
4612,0.397868
4613,0.528353
4614,0.507652
4615,0.34875
4616,0.479539
4617,0.420273
4618,0.319498
4619,0.688938
4620,0.885112
4621,0.954911
4622,0.912062
4623,0.953243
4624,0.943319
4625,0.879866
4626,0.884044
4627,0.894457
4628,0.896133
4629,0.899081
4630,0.915629
4631,0.804987
4632,0.822201
4633,0.845367
4634,0.851353
4635,0.81245
4636,0.794686
4637,0.938496
4638,0.947531
4639,0.946212
4640,0.947298
4641,0.947299
4642,0.952145
4643,0.955247
4644,0.955663
4645,0.962923
4646,0.965478
4647,0.965946
4648,0.965094
4649,0.967006
4650,0.966029
4651,0.96562
4652,0.974497
4653,0.977086
4654,0.977466
4655,0.979314
4656,0.980129
4657,0.965685
4658,0.973065
4659,0.978914
4660,0.981547
4661,0.976536
4662,0.980397
4663,0.980974
4664,0.979856
4665,0.978015
4666,0.979218
4667,0.980127
4668,0.935509
4669,0.921911
4670,0.922256
4671,0.979355
4672,0.986369
4673,0.983527
4674,0.985038
4675,0.985963
4676,0.987287
4677,0.986802
4678,0.98635
4679,0.987759
4680,0.988491
4681,0.980499
4682,0.971854
4683,0.970738
4684,0.978508
4685,0.97914
4686,0.98325
4687,0.983018
4688,0.981737
4689,0.98374
4690,0.985857
4691,0.984847
4692,0.985
4693,0.983256
4694,0.983071
4695,0.98202
4696,0.982599
4697,0.980366
4698,0.97962
4699,0.980451
4700,0.976227
4701,0.975446
4702,0.9714
4703,0.973446
4704,0.97358
4705,0.977259
4706,0.976921
4707,0.974476
4708,0.974496
4709,0.975264
4710,0.976034
4711,0.971967
4712,0.972052
4713,0.967207
4714,0.962569
4715,0.962211
4716,0.961181
4717,0.964223
4718,0.95911
4719,0.957047
4720,0.961564
4721,0.965198
4722,0.969805
4723,0.97665
4724,0.9623
4725,0.963949
4726,0.953689
4727,0.955743
4728,0.947208
4729,0.950723
4730,0.951331
4731,0.957688
4732,0.9635
4733,0.963642
4734,0.963392
4735,0.955128
4736,0.953933
4737,0.945905
4738,0.946172
4739,0.942941
4740,0.952715
4741,0.949722
4742,0.946757
4743,0.95952
4744,0.959797
4745,0.95903
4746,0.953268
4747,0.950121
4748,0.95117
4749,0.946803
4750,0.942024
4751,0.955216
4752,0.963844
4753,0.955708
4754,0.93759
4755,0.914417
4756,0.868477
4757,0.855597
4758,0.83747
4759,0.457141
4760,0.027682
4761,0.014354
4762,0.007855
4763,0.435446
4764,0.447492
4765,0.48234
4766,0.013712
4767,0.013149
4768,0.012664
4769,0.009486
4770,0.009162
4771,0.008571
4772,0.010144
4773,0.009217
4774,0.059755
4775,0.809709
4776,0.827697
4777,0.626828
4778,0.702882
4779,0.707741
4780,0.666099
4781,0.451029
4782,0.515387
4783,0.597389
4784,0.550924
4785,0.587609
4786,0.56824
4787,0.560312
4788,0.483855
4789,0.486487
4790,0.551045
4791,0.758742
4792,0.842931
4793,0.745263
4794,0.814482
4795,0.682044
4796,0.860123
4797,0.760994
4798,0.921629
4799,0.92619
4800,0.97021
4801,0.976277
4802,0.957824
4803,0.985479
4804,0.987361
4805,0.988536
4806,0.988789
4807,0.98893
4808,0.989698
4809,0.990792
4810,0.989274
4811,0.986047
4812,0.992925
4813,0.991803
4814,0.993231
4815,0.994283
4816,0.995155
4817,0.995614
4818,0.992804
4819,0.992176
4820,0.988901
4821,0.991623
4822,0.991296
4823,0.99167
4824,0.992796
4825,0.994147
4826,0.992766
4827,0.993799
4828,0.99662
4829,0.994989
4830,0.962214
4831,0.959109
4832,0.976104
4833,0.985324
4834,0.986661
4835,0.985457
4836,0.985522
4837,0.989573
4838,0.987414
4839,0.988221
4840,0.990082
4841,0.990283
4842,0.99157
4843,0.991349
4844,0.992953
4845,0.992242
4846,0.992211
4847,0.992021
4848,0.989994
4849,0.988131
4850,0.989446
4851,0.988592
4852,0.989633
4853,0.989836
4854,0.990491
4855,0.988799
4856,0.989599
4857,0.99047
4858,0.990395
4859,0.99099
4860,0.990234
4861,0.991008
4862,0.99005
4863,0.989958
4864,0.989139
4865,0.984951
4866,0.985496
4867,0.984097
4868,0.981667
4869,0.981941
4870,0.981889
4871,0.986619
4872,0.986331
4873,0.992384
4874,0.991673
4875,0.991883
4876,0.993686
4877,0.991973
4878,0.991943
4879,0.992974
4880,0.993281
4881,0.992934
4882,0.992743
4883,0.993241
4884,0.994526
4885,0.994534
4886,0.994438
4887,0.993753
4888,0.994485
4889,0.993977
4890,0.993408
4891,0.982258
4892,0.657977
4893,0.664291
4894,0.301754
4895,0.032345
4896,0.021068
4897,0.004565
4898,0.006325
4899,0.005137
4900,0.001183
4901,0.001559
4902,0.000332
4903,0.000505
4904,0.00034
4905,0.000279
4906,0.000233
4907,9.3e-05
4908,4.9e-05
4909,7.4e-05
4910,6.4e-05
4911,7.6e-05
4912,0.000114
4913,0.000296
4914,0.000304
4915,0.000251
4916,0.000211
4917,0.034358
4918,0.543161
4919,0.765529
4920,0.724679
4921,0.679197
4922,0.882998
4923,0.91486
4924,0.871551
4925,0.898461
4926,0.914798
4927,0.888278
4928,0.87102
4929,0.929479
4930,0.742712
4931,0.011495
4932,0.00073
4933,0.000323
4934,0.000311
4935,0.000297
4936,0.000398
4937,0.000439
4938,0.000315
4939,0.000161
4940,0.00011
4941,0.000111
4942,0.000188
4943,0.000186
4944,0.000259
4945,0.000608
4946,0.000642
4947,0.000672
4948,0.000662
4949,0.000719
4950,0.000663
4951,0.000688
4952,0.00071
4953,0.000762
4954,0.000575
4955,0.000572
4956,0.00053
4957,0.000497
4958,0.000519
4959,0.000504
4960,0.000583
4961,0.000596
4962,0.000575
4963,0.000116
4964,0.000105
4965,0.000361
4966,0.000214
4967,0.000203
4968,0.0002
4969,0.000418
4970,0.000388
4971,0.000315
4972,0.000333
4973,0.000384
4974,0.000231
4975,0.00017
4976,0.000189
4977,0.000197
4978,0.000157
4979,0.000134
4980,0.000147
4981,0.000213
4982,0.000151
4983,0.000206
4984,0.00044
4985,0.411191
4986,0.908461
4987,0.906201
4988,0.889723
4989,0.908154
4990,0.91495
4991,0.932491
4992,0.908027
4993,0.914942
4994,0.884222
4995,0.91566
4996,0.945277
4997,0.946446
4998,0.935908
4999,0.923704
5000,0.899182
5001,0.917017
5002,0.927577
5003,0.019764
5004,0.001386
5005,0.000747
5006,0.000854
5007,0.000705
5008,0.001056
5009,0.001489
5010,0.002764
5011,0.002297
5012,0.002452
5013,0.002319
5014,0.001992
5015,0.001303
5016,0.001251
5017,0.000507
5018,0.00057
5019,0.000508
5020,0.000458
5021,0.000355
5022,0.00036
5023,0.000648
5024,0.000879
5025,0.006855
5026,0.61676
5027,0.696559
5028,0.920411
5029,0.910754
5030,0.923518
5031,0.855016
5032,0.936817
5033,0.933571
5034,0.965575
5035,0.966705
5036,0.96883
5037,0.962494
5038,0.940798
5039,0.912459
5040,0.066582
5041,0.018314
5042,0.00813
5043,0.001175
5044,0.001793
5045,0.002091
5046,0.00136
5047,0.001017
5048,0.001213
5049,0.000565
5050,0.000683
5051,0.001071
5052,0.001262
5053,0.000727
5054,0.000959
5055,0.001156
5056,0.00081
5057,0.000772
5058,0.000737
5059,0.001027
5060,0.000657
5061,0.000856
5062,0.000981
5063,0.001025
5064,0.000685
5065,0.000716
5066,0.002382
5067,0.648242
5068,0.882652
5069,0.936233
5070,0.933374
5071,0.876985
5072,0.913528
5073,0.905692
5074,0.86619
5075,0.841217
5076,0.020752
5077,0.002673
5078,0.00122
5079,0.000372
5080,0.000181
5081,0.000638
5082,0.00047
5083,0.000236
5084,0.000188
5085,0.000199
5086,0.000191
5087,0.000192
5088,0.000183
5089,0.000226
5090,0.000124
5091,0.000125
5092,0.000188
5093,0.000327
5094,0.000379
5095,0.000246
5096,0.001612
5097,0.072078
5098,0.957192
5099,0.964962
5100,0.962797
5101,0.942029
5102,0.939197
5103,0.950387
5104,0.629275
5105,0.030458
5106,0.000743
5107,0.000343
5108,0.000204
5109,0.000784
5110,0.000811
5111,0.000996
5112,0.000831
5113,0.001142
5114,0.001075
5115,0.001006
5116,0.001149
5117,0.00106
5118,0.000814
5119,0.001227
5120,0.000721
5121,0.00055
5122,0.000971
5123,0.012309
5124,0.86658
5125,0.883221
5126,0.801557
5127,0.749477
5128,0.870496
5129,0.875131
5130,0.963235
5131,0.961959
5132,0.964539
5133,0.929202
5134,0.937325
5135,0.959284
5136,0.970485
5137,0.968692
5138,0.964316
5139,0.959476
5140,0.982445
5141,0.982484
5142,0.982925
5143,0.981076
5144,0.980966
5145,0.26878
5146,0.017135
5147,0.007485
5148,0.005507
5149,0.007555
5150,0.008827
5151,0.005692
5152,0.00487
5153,0.004324
5154,0.005121
5155,0.006032
5156,0.005068
5157,0.004576
5158,0.00492
5159,0.004966
5160,0.005607
5161,0.004062
5162,0.004341
5163,0.00393
5164,0.004437
5165,0.004392
5166,0.004866
5167,0.005378
5168,0.027827
5169,0.690552
5170,0.956473
5171,0.981656
5172,0.988038
5173,0.982033
5174,0.982261
5175,0.977199
5176,0.961332
5177,0.957137
5178,0.022684
5179,0.005919
5180,0.004608
5181,0.006621
5182,0.007343
5183,0.005508
5184,0.005308
5185,0.005062
5186,0.005965
5187,0.006561
5188,0.00631
5189,0.006885
5190,0.006955
5191,0.006507
5192,0.006549
5193,0.006176
5194,0.006005
5195,0.005864
5196,0.005474
5197,0.005515
5198,0.006129
5199,0.006166
5200,0.006063
5201,0.005783
5202,0.006697
5203,0.006876
5204,0.007701
5205,0.033452
5206,0.659897
5207,0.823582
5208,0.964568
5209,0.951128
5210,0.958518
5211,0.960834
5212,0.927209
5213,0.935283
5214,0.951813
5215,0.979594
5216,0.954086
5217,0.96153
5218,0.978139
5219,0.975052
5220,0.970952
5221,0.973883
5222,0.967989
5223,0.961224
5224,0.930492
5225,0.871901
5226,0.915653
5227,0.928784
5228,0.951596
5229,0.959076
5230,0.952455
5231,0.949851
5232,0.930414
5233,0.906417
5234,0.015808
5235,0.001611
5236,0.000733
5237,0.000334
5238,0.000594
5239,0.000627
5240,0.000417
5241,0.000619
5242,0.000287
5243,0.000448
5244,0.002582
5245,0.077141
5246,0.386965
5247,0.503116
5248,0.56957
5249,0.757612
5250,0.764926
5251,0.883748
5252,0.906683
5253,0.847938
5254,0.844708
5255,0.803423
5256,0.73922
5257,0.763402
5258,0.859005
5259,0.774782
5260,0.39443
5261,0.002448
5262,0.000685
5263,0.000648
5264,0.000613
5265,0.000274
5266,0.000167
5267,0.000203
5268,0.000188
5269,0.000123
5270,0.000191
5271,0.000166
5272,0.000158
5273,0.000168
5274,0.000161
5275,0.000166
5276,0.000159
5277,0.000132
5278,0.000161
5279,0.000136
5280,0.000105
5281,0.000117
5282,0.000169
5283,0.000549
5284,0.000795
5285,0.001079
5286,0.000711
5287,0.001002
5288,0.004004
5289,0.275411
5290,0.174384
5291,0.209795
5292,0.10004
5293,0.143893
5294,0.073659
5295,0.098371
5296,0.096259
5297,0.160863
5298,0.001257
5299,0.000299
5300,0.000152
5301,0.000452
5302,0.000502
5303,0.000404
5304,0.000436
5305,0.000269
5306,0.000316
5307,0.000297
5308,0.001148
5309,0.007288
5310,0.243542
5311,0.190254
5312,0.321502
5313,0.302174
5314,0.362009
5315,0.256047
5316,0.472906
5317,0.400168
5318,0.34348
5319,0.510768
5320,0.633147
5321,0.760747
5322,0.636809
5323,0.770029
5324,0.692326
5325,0.631104
5326,0.559537
5327,0.663281
5328,0.608617
5329,0.410232
5330,0.414548
5331,0.335142
5332,0.390355
5333,0.328626
5334,0.3448
5335,0.005471
5336,0.000438
5337,0.00034
5338,0.000462
5339,0.000433
5340,0.00036
5341,0.000328
5342,0.000323
5343,0.000377
5344,0.000358
5345,0.00033
5346,0.000279
5347,0.01018
5348,0.447891
5349,0.83983
5350,0.687844
5351,0.543788
5352,0.624268
5353,0.883296
5354,0.84706
5355,0.898414
5356,0.873781
5357,0.880512
5358,0.898687
5359,0.876227
5360,0.877643
5361,0.952669
5362,0.960518
5363,0.958956
5364,0.968066
5365,0.962097
5366,0.956267
5367,0.958113
5368,0.959595
5369,0.960124
5370,0.959282
5371,0.963961
5372,0.953402
5373,0.451349
5374,0.001748
5375,0.000378
5376,0.000347
5377,0.000673
5378,0.0008
5379,0.00075
5380,0.000657
5381,0.000152
5382,0.000202
5383,0.000253
5384,0.000218
5385,0.000254
5386,0.000359
5387,0.000462
5388,0.000448
5389,0.000361
5390,0.000316
5391,0.000438
5392,0.000311
5393,0.000247
5394,0.000638
5395,0.000636
5396,0.000523
5397,0.000502
5398,0.001264
5399,0.001903
5400,0.000995
5401,0.001166
5402,0.001167
5403,0.00117
5404,0.001185
5405,0.001246
5406,0.00096
5407,0.001255
5408,0.00122
5409,0.001271
5410,0.001581
5411,0.001719
5412,0.001757
5413,0.001676
5414,0.00176
5415,0.001822
5416,0.00149
5417,0.001692
5418,0.009681
5419,0.415882
5420,0.913947
5421,0.893568
5422,0.8843
5423,0.908529
5424,0.902537
5425,0.942203
5426,0.950591
5427,0.946383
5428,0.95228
5429,0.952564
5430,0.936817
5431,0.942362
5432,0.949977
5433,0.936868
5434,0.950906
5435,0.939418
5436,0.939177
5437,0.939564
5438,0.921215
5439,0.923995
5440,0.914912
5441,0.904862
5442,0.959094
5443,0.964028
5444,0.960754
5445,0.952827
5446,0.957172
5447,0.957281
5448,0.947068
5449,0.032633
5450,0.001408
5451,0.000787
5452,0.000886
5453,0.000914
5454,0.001049
5455,0.000935
5456,0.001277
5457,0.000844
5458,0.000894
5459,0.001377
5460,0.196465
5461,0.730329
5462,0.832124
5463,0.849694
5464,0.845918
5465,0.82691
5466,0.871263
5467,0.811577
5468,0.14543
5469,0.002338
5470,0.000831
5471,0.000844
5472,0.000821
5473,0.000599
5474,0.000766
5475,0.000526
5476,0.000624
5477,0.000778
5478,0.000815
5479,0.000678
5480,0.000577
5481,0.000572
5482,0.000671
5483,0.000998
5484,0.065905
5485,0.459308
5486,0.450329
5487,0.495365
5488,0.493166
5489,0.442127
5490,0.444246
5491,0.419065
5492,0.420768
5493,0.412981
5494,0.698016
5495,0.698662
5496,0.696383
5497,0.605298
5498,0.697157
5499,0.714365
5500,0.755165
5501,0.855802
5502,0.914863
5503,0.928176
5504,0.910118
5505,0.841576
5506,0.008095
5507,0.00088
5508,0.000841
5509,0.001568
5510,0.001421
5511,0.001664
5512,0.001228
5513,0.001331
5514,0.001043
5515,0.000925
5516,0.000902
5517,0.000847
5518,0.000916
5519,0.000936
5520,0.000842
5521,0.000555
5522,0.000536
5523,0.000557
5524,0.000514
5525,0.000552
5526,0.000944
5527,0.230378
5528,0.853101
5529,0.906546
5530,0.952743
5531,0.950076
5532,0.96885
5533,0.975686
5534,0.968457
5535,0.966876
5536,0.977197
5537,0.970457
5538,0.974094
5539,0.973062
5540,0.973112
5541,0.968877
5542,0.972379
5543,0.964103
5544,0.964941
5545,0.974487
5546,0.970323
5547,0.970628
5548,0.973306
5549,0.97254
5550,0.974009
5551,0.975484
5552,0.976418
5553,0.977024
5554,0.979936
5555,0.978509
5556,0.979545
5557,0.979809
5558,0.978299
5559,0.11392
5560,0.001136
5561,0.000542
5562,0.000421
5563,0.000506
5564,0.000361
5565,0.000522
5566,0.000354
5567,0.000316
5568,0.000265
5569,0.000125
5570,0.000174
5571,0.000255
5572,0.000576
5573,0.000311
5574,0.000307
5575,0.00028
5576,0.00018
5577,0.000194
5578,0.000233
5579,0.000158
5580,0.000154
5581,0.000176
5582,0.000233
5583,0.00022
5584,0.000272
5585,0.000204
5586,0.000286
5587,0.00026
5588,0.000318
5589,0.000398
5590,0.000344
5591,0.000389
5592,0.000216
5593,0.000326
5594,0.000344
5595,0.000302
5596,0.000521
5597,0.000319
5598,0.000576
5599,0.000642
5600,0.001261
5601,0.004057
5602,0.442754
5603,0.950078
5604,0.943937
5605,0.972189
5606,0.972586
5607,0.974247
5608,0.970665
5609,0.976615
5610,0.974361
5611,0.975735
5612,0.971856
5613,0.977768
5614,0.975142
5615,0.981579
5616,0.916781
5617,0.010945
5618,0.005349
5619,0.001563
5620,0.001838
5621,0.000839
5622,0.000989
5623,0.001088
5624,0.00096
5625,0.000757
5626,0.000559
5627,0.000491
5628,0.000484
5629,0.000638
5630,0.000639
5631,0.000638
5632,0.004311
5633,0.726584
5634,0.962742
5635,0.984063
5636,0.982531
5637,0.975945
5638,0.977498
5639,0.975525
5640,0.969044
5641,0.977678
5642,0.980035
5643,0.978921
5644,0.978732
5645,0.973739
5646,0.975951
5647,0.975419
5648,0.978836
5649,0.977705
5650,0.977962
5651,0.976905
5652,0.97696
5653,0.977665
5654,0.978521
5655,0.976133
5656,0.960535
5657,0.968992
5658,0.936171
5659,0.886193
5660,0.873125
5661,0.903731
5662,0.920963
5663,0.938654
5664,0.942511
5665,0.960382
5666,0.960234
5667,0.961263
5668,0.958987
5669,0.957841
5670,0.962738
5671,0.680021
5672,0.003897
5673,0.001761
5674,0.00203
5675,0.002026
5676,0.001494
5677,0.001779
5678,0.001891
5679,0.001925
5680,0.003062
5681,0.002759
5682,0.002436
5683,0.002591
5684,0.000717
5685,0.00096
5686,0.000956
5687,0.000869
5688,0.001032
5689,0.001065
5690,0.001149
5691,0.001066
5692,0.000959
5693,0.000943
5694,0.000854
5695,0.00071
5696,0.000868
5697,0.000901
5698,0.001018
5699,0.000715
5700,0.000854
5701,0.001093
5702,0.001079
5703,0.000996
5704,0.001272
5705,0.000859
5706,0.00079
5707,0.000798
5708,0.000857
5709,0.000755
5710,0.00107
5711,0.001099
5712,0.00628
5713,0.840338
5714,0.952179
5715,0.972484
5716,0.9766
5717,0.975546
5718,0.980419
5719,0.982393
5720,0.980722
5721,0.982454
5722,0.982396
5723,0.981589
5724,0.980853
5725,0.981099
5726,0.98387
5727,0.982889
5728,0.981398
5729,0.981087
5730,0.979234
5731,0.978366
5732,0.978362
5733,0.981189
5734,0.976366
5735,0.028909
5736,0.004017
5737,0.002202
5738,0.002905
5739,0.004396
5740,0.006006
5741,0.005795
5742,0.006939
5743,0.005731
5744,0.005397
5745,0.006542
5746,0.005661
5747,0.006695
5748,0.004742
5749,0.003347
5750,0.003151
5751,0.003204
5752,0.004512
5753,0.003922
5754,0.003597
5755,0.003213
5756,0.002247
5757,0.003187
5758,0.00203
5759,0.001932
5760,0.003192
5761,0.005249
5762,0.005761
5763,0.006518
5764,0.007303
5765,0.007084
5766,0.005724
5767,0.004086
5768,0.003883
5769,0.00351
5770,0.003482
5771,0.003647
5772,0.003494
5773,0.003221
5774,0.004234
5775,0.005
5776,0.114544
5777,0.867811
5778,0.978596
5779,0.97598
5780,0.969611
5781,0.958675
5782,0.970395
5783,0.979547
5784,0.927482
5785,0.944033
5786,0.902622
5787,0.882582
5788,0.635904
5789,0.725644
5790,0.705501
5791,0.836897
5792,0.899508
5793,0.813899
5794,0.902691
5795,0.978207
5796,0.965976
5797,0.92665
5798,0.991494
5799,0.993076
5800,0.992219
5801,0.992275
5802,0.991645
5803,0.984563
5804,0.983167
5805,0.97714
5806,0.987998
5807,0.962744
5808,0.971834
5809,0.657123
5810,0.408393
5811,0.357991
5812,0.768189
5813,0.68432
5814,0.77411
5815,0.716752
5816,0.764575
5817,0.891892
5818,0.939425
5819,0.926546
5820,0.954859
5821,0.975665
5822,0.982344
5823,0.976624
5824,0.805625
5825,0.049996
5826,0.040818
5827,0.025938
5828,0.022444
5829,0.027275
5830,0.022661
5831,0.017264
5832,0.011536
5833,0.009843
5834,0.008626
5835,0.005432
5836,0.005527
5837,0.015356
5838,0.099966
5839,0.715557
5840,0.952755
5841,0.980945
5842,0.980358
5843,0.97461
5844,0.980156
5845,0.975188
5846,0.973902
5847,0.980536
5848,0.587778
5849,0.022437
5850,0.011779
5851,0.009354
5852,0.012282
5853,0.01951
5854,0.022453
5855,0.022841
5856,0.046035
5857,0.578262
5858,0.750358
5859,0.813706
5860,0.888305
5861,0.858504
5862,0.767592
5863,0.798173
5864,0.902093
5865,0.944364
5866,0.961841
5867,0.973779
5868,0.972341
5869,0.9477
5870,0.966961
5871,0.957211
5872,0.972037
5873,0.974436
5874,0.973081
5875,0.964386
5876,0.967879
5877,0.961204
5878,0.969059
5879,0.972788
5880,0.974765
5881,0.979528
5882,0.979245
5883,0.9758
5884,0.979901
5885,0.98214
5886,0.98278
5887,0.98105
5888,0.980177
5889,0.981013
5890,0.980167
5891,0.979149
5892,0.977427
5893,0.975467
5894,0.976379
5895,0.974836
5896,0.973815
5897,0.974406
5898,0.977218
5899,0.982153
5900,0.981173
5901,0.983041
5902,0.981005
5903,0.982519
5904,0.980036
5905,0.979285
5906,0.978241
5907,0.978123
5908,0.97389
5909,0.965745
5910,0.974863
5911,0.976487
5912,0.977157
5913,0.976866
5914,0.980861
5915,0.972208
5916,0.965782
5917,0.9463
5918,0.959851
5919,0.95666
5920,0.945025
5921,0.951231
5922,0.967293
5923,0.97509
5924,0.974223
5925,0.971042
5926,0.980815
5927,0.963136
5928,0.942063
5929,0.90793
5930,0.886791
5931,0.933698
5932,0.937097
5933,0.961494
5934,0.961161
5935,0.968741
5936,0.975608
5937,0.973656
5938,0.972803
5939,0.977407
5940,0.977888
5941,0.98969
5942,0.989262
5943,0.990581
5944,0.992259
5945,0.991974
5946,0.991623
5947,0.992122
5948,0.991901
5949,0.991806
5950,0.992624
5951,0.99316
5952,0.993046
5953,0.992035
5954,0.991476
5955,0.989328
5956,0.988296
5957,0.988643
5958,0.986006
5959,0.986468
5960,0.987887
5961,0.987331
5962,0.987701
5963,0.986357
5964,0.988559
5965,0.979513
5966,0.980717
5967,0.980972
5968,0.975386
5969,0.982093
5970,0.980734
5971,0.983131
5972,0.978562
5973,0.979128
5974,0.96684
5975,0.932988
5976,0.87696
5977,0.838345
5978,0.727522
5979,0.710158
5980,0.718022
5981,0.73159
5982,0.689977
5983,0.690545
5984,0.615105
5985,0.625794
5986,0.588272
5987,0.616726
5988,0.659492
5989,0.704802
5990,0.952773
5991,0.966334
5992,0.960715
5993,0.975217
5994,0.974342
5995,0.979176
5996,0.976696
5997,0.976216
5998,0.981293
5999,0.980003
6000,0.979351
6001,0.980116
6002,0.977478
6003,0.973773
6004,0.977451
6005,0.977079
6006,0.978344
6007,0.972161
6008,0.968755
6009,0.969117
6010,0.968943
6011,0.973551
6012,0.976115
6013,0.983314
6014,0.986345
6015,0.986856
6016,0.98798
6017,0.977066
6018,0.474509
6019,0.222493
6020,0.235632
6021,0.199865
6022,0.163185
6023,0.171636
6024,0.135138
6025,0.063271
6026,0.046508
6027,0.059757
6028,0.064231
6029,0.050025
6030,0.33621
6031,0.882164
6032,0.941657
6033,0.962213
6034,0.987879
6035,0.990594
6036,0.992835
6037,0.98151
6038,0.971059
6039,0.973817
6040,0.980489
6041,0.976786
6042,0.986293
6043,0.985529
6044,0.973108
6045,0.97747
6046,0.984132
6047,0.984838
6048,0.984979
6049,0.99221
6050,0.992329
6051,0.992119
6052,0.992444
6053,0.992904
6054,0.991553
6055,0.989527
6056,0.98874
6057,0.97225
6058,0.971329
6059,0.949242
6060,0.888627
6061,0.889872
6062,0.946259
6063,0.868542
6064,0.973458
6065,0.938806
6066,0.975249
6067,0.955475
6068,0.976321
6069,0.967023
6070,0.969385
6071,0.965903
6072,0.967858
6073,0.978525
6074,0.95818
6075,0.964339
6076,0.95376
6077,0.971061
6078,0.951588
6079,0.965142
6080,0.967071
6081,0.940345
6082,0.938029
6083,0.94776
6084,0.948011
6085,0.968474
6086,0.958863
6087,0.960556
6088,0.943914
6089,0.947863
6090,0.949841
6091,0.96171
6092,0.981364
6093,0.893308
6094,0.871541
6095,0.886732
6096,0.897754
6097,0.915151
6098,0.894897
6099,0.89481
6100,0.888036
6101,0.90514
6102,0.887513
6103,0.909208
6104,0.91096
6105,0.883748
6106,0.878027
6107,0.858175
6108,0.950166
6109,0.959727
6110,0.953043
6111,0.964769
6112,0.888826
6113,0.916655
6114,0.904027
6115,0.899456
6116,0.894487
6117,0.903768
6118,0.909979
6119,0.902802
6120,0.915048
6121,0.940128
6122,0.940915
6123,0.984436
6124,0.214356
6125,0.051424
6126,0.081266
6127,0.095981
6128,0.050414
6129,0.027657
6130,0.082623
6131,0.04161
6132,0.022851
6133,0.028389
6134,0.097632
6135,0.09179
6136,0.279836
6137,0.881206
6138,0.965536
6139,0.981593
6140,0.981128
6141,0.990969
6142,0.995488
6143,0.992502
6144,0.992393
6145,0.985385
6146,0.989771
6147,0.990035
6148,0.990482
6149,0.990892
6150,0.993841
6151,0.995093
6152,0.994113
6153,0.995262
6154,0.991642
6155,0.987338
6156,0.988832
6157,0.993844
6158,0.994068
6159,0.993946
6160,0.99486
6161,0.9939
6162,0.993686
6163,0.994141
6164,0.993854
6165,0.991249
6166,0.979507
6167,0.970762
6168,0.983314
