1,0.94406
2,0.957879
3,0.956691
4,0.969064
5,0.964102
6,0.964285
7,0.973616
8,0.973803
9,0.97414
10,0.971001
11,0.971071
12,0.967833
13,0.982626
14,0.978919
15,0.978904
16,0.977133
17,0.975418
18,0.956501
19,0.94868
20,0.936542
21,0.943701
22,0.967595
23,0.965765
24,0.952815
25,0.977772
26,0.975965
27,0.975691
28,0.978308
29,0.979715
30,0.981618
31,0.983683
32,0.985276
33,0.985398
34,0.944871
35,0.953411
36,0.95134
37,0.943006
38,0.926235
39,0.929057
40,0.929657
41,0.947749
42,0.941808
43,0.935111
44,0.943489
45,0.926965
46,0.929536
47,0.925525
48,0.928779
49,0.930284
50,0.905337
51,0.921963
52,0.904164
53,0.895375
54,0.827159
55,0.819676
56,0.817017
57,0.808417
58,0.799
59,0.793234
60,0.778419
61,0.799465
62,0.79248
63,0.749844
64,0.793686
65,0.962071
66,0.966166
67,0.969094
68,0.766697
69,0.761232
70,0.651342
71,0.649881
72,0.509481
73,0.542085
74,0.608323
75,0.789356
76,0.500467
77,0.07504
78,0.053196
79,0.029442
80,0.011153
81,0.018213
82,0.021301
83,0.018619
84,0.020648
85,0.015962
86,0.009768
87,0.010463
88,0.00978
89,0.00937
90,0.009133
91,0.010847
92,0.010793
93,0.01166
94,0.016315
95,0.012982
96,0.009385
97,0.006201
98,0.008855
99,0.474408
100,0.874743
101,0.875913
102,0.870694
103,0.892842
104,0.890362
105,0.877005
106,0.711274
107,0.903985
108,0.932155
109,0.912274
110,0.913581
111,0.726367
112,0.932828
113,0.793712
114,0.758467
115,0.77205
116,0.94637
117,0.769977
118,0.68144
119,0.95051
120,0.951315
121,0.871905
122,0.940311
123,0.951069
124,0.955673
125,0.965919
126,0.962491
127,0.962082
128,0.961948
129,0.958564
130,0.927157
131,0.049446
132,0.014355
133,0.017845
134,0.016134
135,0.018876
136,0.019079
137,0.027395
138,0.01509
139,0.020926
140,0.024964
141,0.023302
142,0.023996
143,0.06762
144,0.851507
145,0.952531
146,0.976213
147,0.97895
148,0.977413
149,0.978775
150,0.9794
151,0.987342
152,0.992067
153,0.990774
154,0.988266
155,0.984302
156,0.98787
157,0.98779
158,0.985844
159,0.986153
160,0.985471
161,0.987283
162,0.985765
163,0.989349
164,0.986515
165,0.987436
166,0.987136
167,0.970465
168,0.078213
169,0.023671
170,0.033909
171,0.023192
172,0.018509
173,0.015638
174,0.008087
175,0.008025
176,0.013145
177,0.013465
178,0.014036
179,0.015234
180,0.012703
181,0.014207
182,0.015826
183,0.014481
184,0.017123
185,0.017352
186,0.016909
187,0.018908
188,0.025914
189,0.029005
190,0.023754
191,0.031539
192,0.069231
193,0.550675
194,0.954979
195,0.975358
196,0.981989
197,0.986042
198,0.985959
199,0.989008
200,0.989352
201,0.958384
202,0.964035
203,0.968417
204,0.971451
205,0.993962
206,0.993636
207,0.979109
208,0.046985
209,0.0132
210,0.016861
211,0.010279
212,0.009664
213,0.009162
214,0.011635
215,0.008477
216,0.012443
217,0.004151
218,0.00538
219,0.005283
220,0.005484
221,0.00538
222,0.015863
223,0.030098
224,0.85846
225,0.953731
226,0.956586
227,0.960999
228,0.957784
229,0.938665
230,0.937798
231,0.982917
232,0.987045
233,0.986268
234,0.987243
235,0.988391
236,0.984793
237,0.987793
238,0.942805
239,0.955523
240,0.964127
241,0.957651
242,0.959283
243,0.9678
244,0.935233
245,0.936524
246,0.88362
247,0.903381
248,0.899924
249,0.897315
250,0.899463
251,0.992676
252,0.935753
253,0.906699
254,0.993653
255,0.993736
256,0.993502
257,0.993116
258,0.988973
259,0.78479
260,0.044266
261,0.014312
262,0.013472
263,0.008763
264,0.008992
265,0.013753
266,0.016698
267,0.015465
268,0.015258
269,0.016432
270,0.019545
271,0.018494
272,0.045454
273,0.803815
274,0.967108
275,0.951002
276,0.974103
277,0.914999
278,0.964676
279,0.91203
280,0.91197
281,0.98181
282,0.984116
283,0.984485
284,0.978087
285,0.974241
286,0.970413
287,0.966027
288,0.973811
289,0.974679
290,0.968624
291,0.889427
292,0.026798
293,0.008597
294,0.007035
295,0.005597
296,0.006424
297,0.007297
298,0.008358
299,0.007244
300,0.006991
301,0.005418
302,0.004642
303,0.00812
304,0.021579
305,0.016527
306,0.019463
307,0.018059
308,0.01857
309,0.020003
310,0.018233
311,0.01902
312,0.019962
313,0.008693
314,0.011626
315,0.014253
316,0.023418
317,0.021561
318,0.025077
319,0.01499
320,0.017647
321,0.013235
322,0.018665
323,0.017385
324,0.020869
325,0.020196
326,0.024837
327,0.028058
328,0.025343
329,0.019877
330,0.026505
331,0.109088
332,0.862412
333,0.958221
334,0.969551
335,0.988911
336,0.974061
337,0.967744
338,0.965373
339,0.981325
340,0.977292
341,0.285718
342,0.018828
343,0.008762
344,0.004568
345,0.00569
346,0.005099
347,0.010658
348,0.011124
349,0.005263
350,0.004539
351,0.004819
352,0.0035
353,0.002931
354,0.002529
355,0.002528
356,0.002418
357,0.002112
358,0.002905
359,0.002774
360,0.002998
361,0.003748
362,0.003807
363,0.003631
364,0.003455
365,0.002935
366,0.00293
367,0.006151
368,0.065587
369,0.902999
370,0.984774
371,0.984574
372,0.990672
373,0.991199
374,0.992548
375,0.993177
376,0.970962
377,0.444019
378,0.034006
379,0.009066
380,0.006068
381,0.004191
382,0.007654
383,0.003316
384,0.003773
385,0.002511
386,0.002469
387,0.002889
388,0.001861
389,0.001925
390,0.00257
391,0.002714
392,0.003602
393,0.004268
394,0.006458
395,0.087521
396,0.890057
397,0.962142
398,0.979916
399,0.985694
400,0.987169
401,0.987353
402,0.987576
403,0.987203
404,0.986809
405,0.989655
406,0.98646
407,0.98641
408,0.980288
409,0.085414
410,0.013895
411,0.009164
412,0.007755
413,0.006701
414,0.009605
415,0.005981
416,0.006774
417,0.003986
418,0.003634
419,0.004901
420,0.591106
421,0.962785
422,0.977441
423,0.986004
424,0.982853
425,0.988293
426,0.986265
427,0.988007
428,0.986984
429,0.985702
430,0.687883
431,0.011138
432,0.005994
433,0.00454
434,0.004628
435,0.005308
436,0.008289
437,0.009672
438,0.012595
439,0.011922
440,0.011001
441,0.010751
442,0.007226
443,0.007311
444,0.004718
445,0.006911
446,0.008078
447,0.009723
448,0.009999
449,0.008591
450,0.007666
451,0.007498
452,0.007382
453,0.024555
454,0.839208
455,0.984194
456,0.991376
457,0.991054
458,0.991816
459,0.992205
460,0.990728
461,0.991739
462,0.992516
463,0.990085
464,0.990253
465,0.989813
466,0.936077
467,0.074586
468,0.004292
469,0.003097
470,0.00259
471,0.00307
472,0.002922
473,0.002411
474,0.002284
475,0.002735
476,0.002828
477,0.002909
478,0.002649
479,0.00264
480,0.002065
481,0.00166
482,0.001441
483,0.001863
484,0.00275
485,0.0033
486,0.003068
487,0.002726
488,0.002445
489,0.002628
490,0.002758
491,0.003373
492,0.004911
493,0.003262
494,0.002805
495,0.002823
496,0.002522
497,0.003238
498,0.00473
499,0.004333
500,0.00344
501,0.006956
502,0.007298
503,0.009758
504,0.008101
505,0.010035
506,0.005397
507,0.006138
508,0.006252
509,0.005911
510,0.007753
511,0.005462
512,0.004704
513,0.002778
514,0.004482
515,0.001957
516,0.002205
517,0.001376
518,0.001177
519,0.001207
520,0.001021
521,0.000816
522,0.000781
523,0.00216
524,0.003977
525,0.00404
526,0.002953
527,0.006237
528,0.159185
529,0.948715
530,0.981568
531,0.987401
532,0.986462
533,0.960524
534,0.967774
535,0.972908
536,0.977848
537,0.976854
538,0.973013
539,0.975049
540,0.97432
541,0.968977
542,0.965882
543,0.963407
544,0.970806
545,0.968761
546,0.99126
547,0.994945
548,0.992577
549,0.989174
550,0.915345
551,0.290392
552,0.025544
553,0.013066
554,0.010008
555,0.012127
556,0.015303
557,0.015123
558,0.011697
559,0.009832
560,0.010142
561,0.054713
562,0.254127
563,0.28332
564,0.35651
565,0.819098
566,0.651036
567,0.77064
568,0.884744
569,0.886006
570,0.828903
571,0.719342
572,0.660703
573,0.720791
574,0.816507
575,0.827405
576,0.87716
577,0.882249
578,0.894101
579,0.896528
580,0.911798
581,0.882543
582,0.910275
583,0.905623
584,0.903252
585,0.928946
586,0.917366
587,0.887251
588,0.907029
589,0.886441
590,0.160983
591,0.02011
592,0.00919
593,0.008083
594,0.00636
595,0.005581
596,0.005974
597,0.00656
598,0.007812
599,0.009657
600,0.008485
601,0.008455
602,0.008753
603,0.008298
604,0.007909
605,0.007918
606,0.007804
607,0.007145
608,0.005722
609,0.004864
610,0.004145
611,0.004933
612,0.005249
613,0.007859
614,0.005869
615,0.005946
616,0.003665
617,0.004408
618,0.004709
619,0.004298
620,0.005071
621,0.00534
622,0.005623
623,0.004012
624,0.004128
625,0.003307
626,0.029688
627,0.702252
628,0.874937
629,0.726942
630,0.946011
631,0.909223
632,0.92188
633,0.911655
634,0.929262
635,0.948425
636,0.951781
637,0.926711
638,0.919617
639,0.913523
640,0.941792
641,0.954664
642,0.953192
643,0.966347
644,0.947736
645,0.952173
646,0.954886
647,0.333002
648,0.014487
649,0.003616
650,0.002135
651,0.002242
652,0.001481
653,0.003678
654,0.005515
655,0.003126
656,0.002875
657,0.004171
658,0.003586
659,0.003048
660,0.102057
661,0.800405
662,0.843799
663,0.880747
664,0.859414
665,0.89065
666,0.883694
667,0.89324
668,0.905665
669,0.931935
670,0.923553
671,0.965521
672,0.966018
673,0.978775
674,0.976991
675,0.975267
676,0.973537
677,0.969653
678,0.977986
679,0.978958
680,0.977877
681,0.978554
682,0.974742
683,0.972836
684,0.971729
685,0.975958
686,0.973096
687,0.976235
688,0.973006
689,0.979501
690,0.977742
691,0.979018
692,0.979967
693,0.977956
694,0.978456
695,0.978961
696,0.975078
697,0.977413
698,0.975182
699,0.973307
700,0.973912
701,0.975767
702,0.977069
703,0.977397
704,0.97938
705,0.981652
706,0.981216
707,0.977858
708,0.976393
709,0.973474
710,0.973042
711,0.97609
712,0.976336
713,0.971147
714,0.967591
715,0.965721
716,0.963662
717,0.962785
718,0.960452
719,0.961374
720,0.956276
721,0.962006
722,0.954444
723,0.964057
724,0.962345
725,0.94803
726,0.715699
727,0.872797
728,0.890072
729,0.814143
730,0.823012
731,0.85531
732,0.851968
733,0.826061
734,0.819892
735,0.76014
736,0.771896
737,0.727623
738,0.754324
739,0.780418
740,0.758549
741,0.615446
742,0.679195
743,0.581372
744,0.571762
745,0.574938
746,0.476536
747,0.594524
748,0.61284
749,0.600302
750,0.53477
751,0.5102
752,0.525891
753,0.492627
754,0.530436
755,0.518049
756,0.53655
757,0.521642
758,0.561648
759,0.459469
760,0.466983
761,0.185021
762,0.017632
763,0.015036
764,0.0074
765,0.004766
766,0.003309
767,0.004265
768,0.004405
769,0.003528
770,0.003287
771,0.00422
772,0.004015
773,0.00507
774,0.004591
775,0.004568
776,0.003965
777,0.004472
778,0.004989
779,0.005013
780,0.004792
781,0.007107
782,0.007364
783,0.007338
784,0.00693
785,0.007251
786,0.009877
787,0.009859
788,0.011309
789,0.010635
790,0.011364
791,0.012078
792,0.012915
793,0.007994
794,0.008526
795,0.058977
796,0.883833
797,0.640648
798,0.303064
799,0.219651
800,0.213767
801,0.198837
802,0.210794
803,0.165946
804,0.025201
805,0.002977
806,0.002128
807,0.00185
808,0.00125
809,0.002524
810,0.002555
811,0.002021
812,0.00211
813,0.002733
814,0.002162
815,0.002367
816,0.002411
817,0.00226
818,0.00199
819,0.001655
820,0.002017
821,0.002265
822,0.002107
823,0.002163
824,0.002162
825,0.002213
826,0.00193
827,0.002044
828,0.001786
829,0.001415
830,0.00152
831,0.00153
832,0.001456
833,0.001482
834,0.001482
835,0.001275
836,0.000671
837,0.000659
838,0.000718
839,0.001593
840,0.001701
841,0.001251
842,0.001473
843,0.00144
844,0.001549
845,0.001435
846,0.001252
847,0.001326
848,0.001287
849,0.001441
850,0.000916
851,0.001596
852,0.00162
853,0.001718
854,0.001659
855,0.002102
856,0.002024
857,0.001923
858,0.001965
859,0.001954
860,0.002054
861,0.002946
862,0.109581
863,0.80163
864,0.595479
865,0.82306
866,0.854464
867,0.953953
868,0.957559
869,0.958889
870,0.958473
871,0.958213
872,0.960373
873,0.955037
874,0.9714
875,0.969503
876,0.966361
877,0.974959
878,0.974109
879,0.969397
880,0.953385
881,0.193867
882,0.004155
883,0.006292
884,0.003199
885,0.0024
886,0.001564
887,0.002159
888,0.008273
889,0.003774
890,0.002192
891,0.005522
892,0.006568
893,0.004282
894,0.001625
895,0.001154
896,0.001747
897,0.002791
898,0.002018
899,0.00278
900,0.00294
901,0.003773
902,0.002928
903,0.002877
904,0.001864
905,0.001459
906,0.001768
907,0.001864
908,0.002109
909,0.002656
910,0.002124
911,0.002385
912,0.002741
913,0.002927
914,0.002662
915,0.003349
916,0.003482
917,0.003405
918,0.005091
919,0.005829
920,0.008524
921,0.00882
922,0.010473
923,0.013314
924,0.016181
925,0.009362
926,0.007469
927,0.006604
928,0.00553
929,0.007392
930,0.01014
931,0.009034
932,0.00936
933,0.010301
934,0.010439
935,0.006493
936,0.003705
937,0.000974
938,0.001167
939,0.001343
940,0.012255
941,0.393433
942,0.900842
943,0.930501
944,0.959116
945,0.966428
946,0.977823
947,0.977316
948,0.931384
949,0.983176
950,0.983283
951,0.984124
952,0.977157
953,0.97254
954,0.97333
955,0.970231
956,0.972069
957,0.972562
958,0.970016
959,0.961488
960,0.967434
961,0.923179
962,0.181474
963,0.003826
964,0.001849
965,0.001461
966,0.001009
967,0.001863
968,0.002512
969,0.001138
970,0.000839
971,0.001011
972,0.000648
973,0.000874
974,0.000871
975,0.000151
976,0.000771
977,0.00101
978,0.001245
979,0.001769
980,0.001579
981,0.002265
982,0.004589
983,0.001021
984,0.000856
985,0.004028
986,0.020428
987,0.020431
988,0.010002
989,0.003122
990,0.003284
991,0.001228
992,0.001479
993,0.001435
994,0.00136
995,0.001999
996,0.001232
997,0.001665
998,0.001247
999,0.001738
1000,0.003309
1001,0.003139
1002,0.002808
1003,0.002939
1004,0.011662
1005,0.008506
1006,0.008161
1007,0.002143
1008,0.005267
1009,0.010029
1010,0.01031
1011,0.012371
1012,0.014909
1013,0.016481
1014,0.013398
1015,0.012136
1016,0.012098
1017,0.014292
1018,0.004867
1019,0.021487
1020,0.012842
1021,0.03671
1022,0.022551
1023,0.132206
1024,0.132802
1025,0.13417
1026,0.078429
1027,0.076624
1028,0.079053
1029,0.063643
1030,0.050888
1031,0.057935
1032,0.034028
1033,0.107969
1034,0.08404
1035,0.62825
1036,0.521929
1037,0.609046
1038,0.789985
1039,0.889422
1040,0.920909
1041,0.898146
1042,0.957475
1043,0.979955
1044,0.979782
1045,0.977399
1046,0.969777
1047,0.478857
1048,0.007719
1049,0.002276
1050,0.00188
1051,0.002173
1052,0.001141
1053,0.00148
1054,0.001947
1055,0.00299
1056,0.002789
1057,0.001159
1058,0.001119
1059,0.000638
1060,0.000392
1061,0.000285
1062,0.000451
1063,0.000449
1064,0.00065
1065,0.000564
1066,0.000998
1067,0.001006
1068,0.000846
1069,0.001472
1070,0.001445
1071,0.000959
1072,0.000565
1073,0.000774
1074,0.000346
1075,0.000282
1076,0.000253
1077,0.000196
1078,0.000269
1079,0.000339
1080,0.000708
1081,0.000823
1082,0.00063
1083,0.000761
1084,0.000638
1085,0.000879
1086,0.000687
1087,0.000809
1088,0.000851
1089,0.000898
1090,0.000867
1091,0.000903
1092,0.001105
1093,0.000728
1094,0.000825
1095,0.000488
1096,0.000558
1097,0.0006
1098,0.000688
1099,0.000405
1100,0.000265
1101,0.000298
1102,0.000236
1103,0.000215
1104,0.00025
1105,0.000207
1106,0.000221
1107,0.000356
1108,0.000343
1109,0.000402
1110,0.000419
1111,0.000467
1112,0.000617
1113,0.000623
1114,0.00073
1115,0.0007
1116,0.000773
1117,0.001376
1118,0.001602
1119,0.002494
1120,0.003548
1121,0.003444
1122,0.001399
1123,0.002324
1124,0.002861
1125,0.002427
1126,0.002306
1127,0.002226
1128,0.002252
1129,0.001058
1130,0.000858
1131,0.000709
1132,0.000567
1133,0.000443
1134,0.000366
1135,0.000258
1136,0.000239
1137,0.00031
1138,0.000284
1139,0.000246
1140,0.000522
1141,0.641356
1142,0.793087
1143,0.783072
1144,0.839614
1145,0.772965
1146,0.775342
1147,0.963168
1148,0.98152
1149,0.969135
1150,0.984302
1151,0.982093
1152,0.964947
1153,0.98248
1154,0.950267
1155,0.866985
1156,0.967342
1157,0.989937
1158,0.994819
1159,0.973646
1160,0.983875
1161,0.982696
1162,0.976717
1163,0.976604
1164,0.970691
1165,0.965046
1166,0.983733
1167,0.983279
1168,0.986303
1169,0.971118
1170,0.967957
1171,0.865008
1172,0.783165
1173,0.770532
1174,0.913092
1175,0.951527
1176,0.958215
1177,0.98508
1178,0.971673
1179,0.972301
1180,0.97801
1181,0.971477
1182,0.979431
1183,0.909491
1184,0.966243
1185,0.960474
1186,0.96559
1187,0.97245
1188,0.96938
1189,0.979414
1190,0.981997
1191,0.983832
1192,0.981802
1193,0.98505
1194,0.97624
1195,0.977329
1196,0.96394
1197,0.963067
1198,0.958941
1199,0.939102
1200,0.956694
1201,0.981125
1202,0.977858
1203,0.976117
1204,0.979856
1205,0.973757
1206,0.962618
1207,0.944327
1208,0.983509
1209,0.984791
1210,0.981486
1211,0.993598
1212,0.993813
1213,0.988862
1214,0.988437
1215,0.98875
1216,0.990076
1217,0.989253
1218,0.989353
1219,0.992237
1220,0.991589
1221,0.992986
1222,0.99336
1223,0.990745
1224,0.991796
1225,0.969876
1226,0.97786
1227,0.985159
1228,0.988174
1229,0.98844
1230,0.987813
1231,0.985603
1232,0.983045
1233,0.957998
1234,0.961473
1235,0.957289
1236,0.952636
1237,0.938939
1238,0.924562
1239,0.931122
1240,0.567911
1241,0.026452
1242,0.004043
1243,0.003582
1244,0.007929
1245,0.005914
1246,0.018725
1247,0.005919
1248,0.006718
1249,0.008562
1250,0.007012
1251,0.008597
1252,0.007249
1253,0.008669
1254,0.006212
1255,0.009788
1256,0.013118
1257,0.013177
1258,0.009353
1259,0.009767
1260,0.008965
1261,0.009628
1262,0.01039
1263,0.007484
1264,0.006179
1265,0.00574
1266,0.006873
1267,0.006344
1268,0.007958
1269,0.007096
1270,0.007222
1271,0.007255
1272,0.010838
1273,0.008893
1274,0.008917
1275,0.009317
1276,0.007133
1277,0.00556
1278,0.005806
1279,0.007147
1280,0.00829
1281,0.008192
1282,0.006097
1283,0.005512
1284,0.005301
1285,0.007879
1286,0.007255
1287,0.007974
1288,0.005894
1289,0.004761
1290,0.005502
1291,0.007732
1292,0.012841
1293,0.010113
1294,0.008971
1295,0.007461
1296,0.00731
1297,0.009266
1298,0.007861
1299,0.00637
1300,0.007331
1301,0.00779
1302,0.007633
1303,0.006027
1304,0.007344
1305,0.007641
1306,0.007421
1307,0.007264
1308,0.007416
1309,0.015007
1310,0.01195
1311,0.012528
1312,0.011127
1313,0.010814
1314,0.013946
1315,0.010944
1316,0.010011
1317,0.009023
1318,0.00823
1319,0.00906
1320,0.007885
1321,0.020063
1322,0.254618
1323,0.822596
1324,0.925104
1325,0.971748
1326,0.979681
1327,0.979039
1328,0.976886
1329,0.969836
1330,0.994697
1331,0.994766
1332,0.982438
1333,0.972871
1334,0.980851
1335,0.981056
1336,0.992942
1337,0.991324
1338,0.99278
1339,0.991356
1340,0.987619
1341,0.969828
1342,0.950648
1343,0.930884
1344,0.925993
1345,0.978524
1346,0.922921
1347,0.905767
1348,0.943482
1349,0.95922
1350,0.968366
1351,0.954641
1352,0.900006
1353,0.913374
1354,0.939713
1355,0.964537
1356,0.938055
1357,0.943253
1358,0.881746
1359,0.906575
1360,0.782562
1361,0.731837
1362,0.820323
1363,0.821849
1364,0.63362
1365,0.619102
1366,0.619894
1367,0.565593
1368,0.546916
1369,0.646925
1370,0.734622
1371,0.822802
1372,0.844872
1373,0.815037
1374,0.741193
1375,0.709684
1376,0.711191
1377,0.759349
1378,0.766212
1379,0.755044
1380,0.756973
1381,0.678581
1382,0.71001
1383,0.687719
1384,0.33041
1385,0.00666
1386,0.003044
1387,0.002387
1388,0.00269
1389,0.002235
1390,0.003603
1391,0.002361
1392,0.001987
1393,0.006623
1394,0.003283
1395,0.002125
1396,0.00221
1397,0.002144
1398,0.002167
1399,0.002575
1400,0.003052
1401,0.001381
1402,0.001552
1403,0.00162
1404,0.001926
1405,0.002045
1406,0.001631
1407,0.001354
1408,0.000978
1409,0.001757
1410,0.002651
1411,0.002679
1412,0.007275
1413,0.510393
1414,0.954762
1415,0.945447
1416,0.968891
1417,0.977655
1418,0.975923
1419,0.984496
1420,0.990824
1421,0.984403
1422,0.974228
1423,0.978147
1424,0.975656
1425,0.989666
1426,0.990131
1427,0.991837
1428,0.991735
1429,0.994129
1430,0.991921
1431,0.991934
1432,0.990751
1433,0.98701
1434,0.989803
1435,0.985968
1436,0.988429
1437,0.98544
1438,0.987757
1439,0.967297
1440,0.969542
1441,0.946225
1442,0.517597
1443,0.026618
1444,0.0088
1445,0.004918
1446,0.002614
1447,0.007464
1448,0.008802
1449,0.003956
1450,0.00277
1451,0.002074
1452,0.00229
1453,0.003521
1454,0.003597
1455,0.00221
1456,0.002416
1457,0.001624
1458,0.00425
1459,0.004282
1460,0.00495
1461,0.005299
1462,0.005684
1463,0.002949
1464,0.003154
1465,0.003564
1466,0.002466
1467,0.007764
1468,0.003677
1469,0.003788
1470,0.004994
1471,0.007039
1472,0.010304
1473,0.008143
1474,0.010818
1475,0.014314
1476,0.010348
1477,0.014159
1478,0.011442
1479,0.009673
1480,0.00728
1481,0.008553
1482,0.008764
1483,0.008727
1484,0.008795
1485,0.006261
1486,0.006134
1487,0.005209
1488,0.005866
1489,0.008257
1490,0.006686
1491,0.005179
1492,0.005679
1493,0.006696
1494,0.007473
1495,0.006594
1496,0.0071
1497,0.007311
1498,0.007082
1499,0.007616
1500,0.008166
1501,0.005986
1502,0.007101
1503,0.008886
1504,0.007296
1505,0.009888
1506,0.008871
1507,0.00815
1508,0.015292
1509,0.015599
1510,0.01627
1511,0.013034
1512,0.012583
1513,0.010736
1514,0.01271
1515,0.011813
1516,0.007321
1517,0.007542
1518,0.007662
1519,0.009541
1520,0.012629
1521,0.011217
1522,0.009794
1523,0.011945
1524,0.012742
1525,0.00919
1526,0.008513
1527,0.007675
1528,0.007406
1529,0.008478
1530,0.00865
1531,0.009386
1532,0.007908
1533,0.008358
1534,0.009341
1535,0.007658
1536,0.008914
1537,0.006488
1538,0.007747
1539,0.006552
1540,0.006789
1541,0.041711
1542,0.673037
1543,0.089972
1544,0.023113
1545,0.012966
1546,0.013873
1547,0.686674
1548,0.742558
1549,0.049518
1550,0.019752
1551,0.018903
1552,0.012588
1553,0.011961
1554,0.008567
1555,0.00839
1556,0.008288
1557,0.008246
1558,0.007802
1559,0.008189
1560,0.008195
1561,0.012083
1562,0.014685
1563,0.013578
1564,0.012561
1565,0.013117
1566,0.014924
1567,0.017859
1568,0.015388
1569,0.014199
1570,0.013412
1571,0.025332
1572,0.854724
1573,0.886736
1574,0.928237
1575,0.973523
1576,0.988503
1577,0.983538
1578,0.987681
1579,0.989223
1580,0.988398
1581,0.987098
1582,0.973287
1583,0.138823
1584,0.016046
1585,0.004188
1586,0.004105
1587,0.005749
1588,0.009985
1589,0.005585
1590,0.004706
1591,0.005883
1592,0.013642
1593,0.011991
1594,0.026623
1595,0.021724
1596,0.023533
1597,0.005088
1598,0.002844
1599,0.00285
1600,0.003223
1601,0.002574
1602,0.001851
1603,0.004083
1604,0.003317
1605,0.003133
1606,0.002142
1607,0.004532
1608,0.004162
1609,0.00884
1610,0.027344
1611,0.236859
1612,0.938865
1613,0.973311
1614,0.970912
1615,0.98114
1616,0.981354
1617,0.979361
1618,0.98267
1619,0.985482
1620,0.995739
1621,0.995184
1622,0.987208
1623,0.992054
1624,0.992947
1625,0.994374
1626,0.984809
1627,0.98642
1628,0.985058
1629,0.981421
1630,0.97968
1631,0.979208
1632,0.982438
1633,0.949319
1634,0.136198
1635,0.009118
1636,0.00535
1637,0.004239
1638,0.008331
1639,0.003684
1640,0.004139
1641,0.003283
1642,0.003278
1643,0.002788
1644,0.003517
1645,0.002265
1646,0.003565
1647,0.003205
1648,0.003603
1649,0.002855
1650,0.002955
1651,0.004136
1652,0.003503
1653,0.002882
1654,0.002961
1655,0.002983
1656,0.003023
1657,0.002881
1658,0.002525
1659,0.002718
1660,0.003078
1661,0.003715
1662,0.004663
1663,0.004029
1664,0.003872
1665,0.003572
1666,0.003447
1667,0.003182
1668,0.003192
1669,0.004427
1670,0.004191
1671,0.003587
1672,0.00383
1673,0.003238
1674,0.002163
1675,0.001815
1676,0.001883
1677,0.001803
1678,0.002052
1679,0.001724
1680,0.00224
1681,0.002448
1682,0.002527
1683,0.001998
1684,0.002141
1685,0.028611
1686,0.691489
1687,0.940968
1688,0.966094
1689,0.975574
1690,0.98469
1691,0.978822
1692,0.97455
1693,0.965015
1694,0.873878
1695,0.017468
1696,0.003147
1697,0.000971
1698,0.001298
1699,0.001247
1700,0.001167
1701,0.00167
1702,0.002091
1703,0.001767
1704,0.002632
1705,0.004134
1706,0.003039
1707,0.002465
1708,0.003209
1709,0.00355
1710,0.003319
1711,0.003568
1712,0.004083
1713,0.003539
1714,0.003919
1715,0.004499
1716,0.004231
1717,0.002903
1718,0.002766
1719,0.003646
1720,0.00249
1721,0.002101
1722,0.003115
1723,0.003158
1724,0.002814
1725,0.002385
1726,0.002668
1727,0.002972
1728,0.002479
1729,0.002859
1730,0.0049
1731,0.436296
1732,0.634085
1733,0.93155
1734,0.975046
1735,0.973506
1736,0.956986
1737,0.967845
1738,0.970633
1739,0.983536
1740,0.990589
1741,0.986537
1742,0.993345
1743,0.99327
1744,0.981445
1745,0.980589
1746,0.970835
1747,0.972469
1748,0.94003
1749,0.910953
1750,0.875993
1751,0.957456
1752,0.945972
1753,0.961275
1754,0.954043
1755,0.937614
1756,0.929362
1757,0.967552
1758,0.971949
1759,0.931938
1760,0.97374
1761,0.943655
1762,0.933771
1763,0.970666
1764,0.970375
1765,0.965407
1766,0.967155
1767,0.981432
1768,0.978629
1769,0.985121
1770,0.984194
1771,0.979813
1772,0.975927
1773,0.972254
1774,0.976405
1775,0.981696
1776,0.982182
1777,0.98322
1778,0.980916
1779,0.990821
1780,0.978418
1781,0.975645
1782,0.96972
1783,0.930848
1784,0.781821
1785,0.78141
1786,0.811591
1787,0.835849
1788,0.444946
1789,0.650364
1790,0.901039
1791,0.821531
1792,0.966613
1793,0.967547
1794,0.988248
1795,0.987624
1796,0.987638
1797,0.936741
1798,0.986408
1799,0.990043
1800,0.983012
1801,0.956343
1802,0.697491
1803,0.158849
1804,0.343492
1805,0.050207
1806,0.044847
1807,0.019627
1808,0.006894
1809,0.048839
1810,0.048097
1811,0.040875
1812,0.053378
1813,0.049819
1814,0.03818
1815,0.02083
1816,0.011199
1817,0.022358
1818,0.033634
1819,0.034475
1820,0.024338
1821,0.050856
1822,0.174689
1823,0.126738
1824,0.097857
1825,0.037037
1826,0.028872
1827,0.020029
1828,0.020105
1829,0.011363
1830,0.011166
1831,0.009986
1832,0.024998
1833,0.027531
1834,0.031148
1835,0.036323
1836,0.018815
1837,0.014578
1838,0.021934
1839,0.024508
1840,0.755475
1841,0.924997
1842,0.960345
1843,0.952479
1844,0.959363
1845,0.956702
1846,0.966902
1847,0.981975
1848,0.985734
1849,0.988925
1850,0.980164
1851,0.973179
1852,0.979763
1853,0.968116
1854,0.937771
1855,0.913037
1856,0.904314
1857,0.874083
1858,0.881376
1859,0.933443
1860,0.859956
1861,0.885988
1862,0.918138
1863,0.94837
1864,0.935339
1865,0.973361
1866,0.980981
1867,0.810768
1868,0.696517
1869,0.164498
1870,0.024175
1871,0.01671
1872,0.008308
1873,0.023426
1874,0.094971
1875,0.144768
1876,0.135316
1877,0.316891
1878,0.086016
1879,0.778773
1880,0.767431
1881,0.844963
1882,0.946669
1883,0.948182
1884,0.935598
1885,0.944661
1886,0.944307
1887,0.951649
1888,0.926258
1889,0.973556
1890,0.981393
1891,0.966553
1892,0.968971
1893,0.968133
1894,0.961253
1895,0.943653
1896,0.961621
1897,0.959146
1898,0.941623
1899,0.918979
1900,0.962176
1901,0.959604
1902,0.975151
1903,0.974007
1904,0.972091
1905,0.969327
1906,0.88265
1907,0.279243
1908,0.480861
1909,0.041048
1910,0.099362
1911,0.17063
1912,0.454026
1913,0.371131
1914,0.321379
1915,0.26557
1916,0.207316
1917,0.259343
1918,0.300223
1919,0.384164
1920,0.57208
1921,0.717818
1922,0.852096
1923,0.942916
1924,0.907079
1925,0.963096
1926,0.964737
1927,0.959211
1928,0.961666
1929,0.929955
1930,0.920895
1931,0.904239
1932,0.933395
1933,0.957602
1934,0.960156
1935,0.966458
1936,0.974086
1937,0.973816
1938,0.97391
1939,0.971758
1940,0.974496
1941,0.96697
1942,0.964913
1943,0.960201
1944,0.962324
1945,0.969834
1946,0.964154
1947,0.94092
1948,0.934597
1949,0.950197
1950,0.832243
1951,0.509059
1952,0.705431
1953,0.175612
1954,0.214238
1955,0.398795
1956,0.567865
1957,0.53299
1958,0.486383
1959,0.420447
1960,0.402543
1961,0.312105
1962,0.346052
1963,0.554323
1964,0.783283
1965,0.690221
1966,0.831297
1967,0.898487
1968,0.936697
1969,0.935069
1970,0.92187
1971,0.94151
1972,0.941336
1973,0.931039
1974,0.909376
1975,0.86796
1976,0.877227
1977,0.909469
1978,0.922195
1979,0.946718
1980,0.964693
1981,0.965028
1982,0.963233
1983,0.961687
1984,0.957978
1985,0.962041
1986,0.967247
1987,0.958299
1988,0.957264
1989,0.942828
1990,0.924561
1991,0.927861
1992,0.931481
1993,0.913228
1994,0.916476
1995,0.927291
1996,0.926043
1997,0.917238
1998,0.909457
1999,0.921169
2000,0.909381
2001,0.87454
2002,0.874751
2003,0.885614
2004,0.861759
2005,0.866096
2006,0.874238
2007,0.86533
2008,0.874815
2009,0.894102
2010,0.892301
2011,0.891908
2012,0.902063
2013,0.918375
2014,0.918308
2015,0.912015
2016,0.895755
2017,0.892327
2018,0.90388
2019,0.905187
2020,0.887973
2021,0.868665
2022,0.873276
2023,0.86122
2024,0.840568
2025,0.850063
2026,0.827353
2027,0.809303
2028,0.865201
2029,0.85831
2030,0.811937
2031,0.755208
2032,0.733712
2033,0.590975
2034,0.559728
2035,0.412592
2036,0.405219
2037,0.467891
2038,0.469293
2039,0.371865
2040,0.3624
2041,0.277814
2042,0.279802
2043,0.286222
2044,0.257389
2045,0.309742
2046,0.343887
2047,0.41241
2048,0.374471
2049,0.320311
2050,0.263837
2051,0.257886
2052,0.255667
2053,0.334735
2054,0.3505
2055,0.375587
2056,0.327535
2057,0.300845
2058,0.323787
2059,0.35037
2060,0.395135
2061,0.403323
2062,0.441516
2063,0.435431
2064,0.468004
2065,0.452756
2066,0.413976
2067,0.331285
2068,0.309312
2069,0.305155
2070,0.304771
2071,0.270359
2072,0.285727
2073,0.245495
2074,0.336055
2075,0.311703
2076,0.395441
2077,0.53293
2078,0.503457
2079,0.554171
2080,0.449219
2081,0.538458
2082,0.606859
2083,0.639449
2084,0.555692
2085,0.544198
2086,0.507183
2087,0.550684
2088,0.565303
2089,0.632737
2090,0.609846
2091,0.609135
2092,0.596826
2093,0.584575
2094,0.652044
2095,0.667496
2096,0.654259
2097,0.662178
2098,0.656253
2099,0.67002
2100,0.685724
2101,0.718563
2102,0.716235
2103,0.708138
2104,0.698672
2105,0.698128
2106,0.716012
2107,0.73396
2108,0.705342
2109,0.717095
2110,0.732051
2111,0.712944
2112,0.709961
2113,0.729436
2114,0.732847
2115,0.718931
2116,0.726142
2117,0.741688
2118,0.752563
2119,0.746163
2120,0.741125
2121,0.728674
2122,0.703168
2123,0.673109
2124,0.673032
2125,0.615771
2126,0.593955
2127,0.602731
2128,0.702469
2129,0.762683
2130,0.745924
2131,0.73156
2132,0.737422
2133,0.740785
2134,0.73619
2135,0.738411
2136,0.72323
2137,0.736724
2138,0.729573
2139,0.690625
2140,0.714525
2141,0.753779
2142,0.74783
2143,0.702202
2144,0.779491
2145,0.770399
2146,0.819258
2147,0.764198
2148,0.745161
2149,0.752564
2150,0.780018
2151,0.723449
2152,0.059991
2153,0.00821
2154,0.004253
2155,0.002048
2156,0.002329
2157,0.001622
2158,0.00206
2159,0.002054
2160,0.000792
2161,0.00108
2162,0.001368
2163,0.001871
2164,0.002834
2165,0.002573
2166,0.004375
2167,0.00286
2168,0.003517
2169,0.004814
2170,0.13543
2171,0.196289
2172,0.642718
2173,0.940236
2174,0.918198
2175,0.924762
2176,0.893864
2177,0.901417
2178,0.932387
2179,0.932979
2180,0.898841
2181,0.854494
2182,0.89659
2183,0.889598
2184,0.939049
2185,0.92791
2186,0.834746
2187,0.706204
2188,0.03353
2189,0.009362
2190,0.005404
2191,0.001943
2192,0.000957
2193,0.001152
2194,0.001357
2195,0.001864
2196,0.002078
2197,0.001438
2198,0.002362
2199,0.003462
2200,0.002985
2201,0.002894
2202,0.002663
2203,0.003549
2204,0.002715
2205,0.002753
2206,0.002943
2207,0.003287
2208,0.005057
2209,0.002681
2210,0.003348
2211,0.002174
2212,0.0014
2213,0.001121
2214,0.000986
2215,0.0017
2216,0.003488
2217,0.005274
2218,0.008029
2219,0.00742
2220,0.00613
2221,0.009132
2222,0.006898
2223,0.006913
2224,0.00559
2225,0.009355
2226,0.007613
2227,0.005089
2228,0.685444
2229,0.977302
2230,0.985377
2231,0.984803
2232,0.986315
2233,0.984718
2234,0.992275
2235,0.992788
2236,0.991558
2237,0.992332
2238,0.989774
2239,0.98022
2240,0.980265
2241,0.980789
2242,0.98054
2243,0.980681
2244,0.978751
2245,0.982096
2246,0.984912
2247,0.987325
2248,0.283041
2249,0.024229
2250,0.0116
2251,0.012946
2252,0.002214
2253,0.0017
2254,0.002688
2255,0.002733
2256,0.001347
2257,0.001069
2258,0.000735
2259,0.000876
2260,0.001085
2261,0.000786
2262,0.000737
2263,0.000761
2264,0.00097
2265,0.000555
2266,0.000686
2267,0.000554
2268,0.00068
2269,0.000356
2270,0.00034
2271,0.000307
2272,0.000232
2273,0.000245
2274,0.000305
2275,0.00028
2276,0.000872
2277,0.000633
2278,0.000874
2279,0.00095
2280,0.000235
2281,0.000208
2282,0.00055
2283,0.000564
2284,0.013649
2285,0.860387
2286,0.980423
2287,0.980525
2288,0.9774
2289,0.97313
2290,0.973163
2291,0.980725
2292,0.93823
2293,0.978211
2294,0.981142
2295,0.985963
2296,0.984836
2297,0.977613
2298,0.974336
2299,0.966007
2300,0.968285
2301,0.966325
2302,0.971355
2303,0.971224
2304,0.974721
2305,0.944968
2306,0.328634
2307,0.015167
2308,0.00984
2309,0.008187
2310,0.008767
2311,0.009809
2312,0.013718
2313,0.01092
2314,0.009538
2315,0.008102
2316,0.008058
2317,0.0054
2318,0.005456
2319,0.00609
2320,0.007366
2321,0.040926
2322,0.421904
2323,0.741822
2324,0.935441
2325,0.970053
2326,0.962798
2327,0.979183
2328,0.974212
2329,0.97019
2330,0.980611
2331,0.978975
2332,0.197628
2333,0.014005
2334,0.006239
2335,0.004051
2336,0.001512
2337,0.001545
2338,0.001304
2339,0.0016
2340,0.001592
2341,0.002178
2342,0.001888
2343,0.002089
2344,0.001928
2345,0.001732
2346,0.002069
2347,0.001457
2348,0.001412
2349,0.001881
2350,0.002078
2351,0.002051
2352,0.001574
2353,0.002272
2354,0.003786
2355,0.003874
2356,0.005212
2357,0.007586
2358,0.009608
2359,0.015415
2360,0.01295
2361,0.00952
2362,0.007578
2363,0.005849
2364,0.005701
2365,0.003995
2366,0.005518
2367,0.037998
2368,0.845122
2369,0.858278
2370,0.918902
2371,0.947761
2372,0.829235
2373,0.937838
2374,0.928305
2375,0.921355
2376,0.923354
2377,0.934881
2378,0.940515
2379,0.905822
2380,0.898368
2381,0.936334
2382,0.908516
2383,0.902792
2384,0.892621
2385,0.871364
2386,0.858962
2387,0.837047
2388,0.813861
2389,0.118858
2390,0.005697
2391,0.001831
2392,0.001567
2393,0.001785
2394,0.001789
2395,0.002137
2396,0.00216
2397,0.001665
2398,0.001944
2399,0.001661
2400,0.001696
2401,0.002841
2402,0.002743
2403,0.002958
2404,0.002801
2405,0.008842
2406,0.004866
2407,0.005121
2408,0.006023
2409,0.004921
2410,0.006992
2411,0.006554
2412,0.005238
2413,0.003524
2414,0.003153
2415,0.003137
2416,0.002602
2417,0.001143
2418,0.00112
2419,0.000811
2420,0.000979
2421,0.000801
2422,0.000972
2423,0.00094
2424,0.001463
2425,0.000367
2426,0.000295
2427,0.000235
2428,0.000249
2429,0.000303
2430,0.000257
2431,0.00028
2432,0.000301
2433,0.000273
2434,0.000288
2435,0.000175
2436,0.000194
2437,0.000184
2438,0.000198
2439,0.00026
2440,0.000721
2441,0.005525
2442,0.012222
2443,0.002495
2444,0.000757
2445,0.000729
2446,0.000466
2447,0.000469
2448,0.000415
2449,0.000584
2450,0.000549
2451,0.000418
2452,0.000406
2453,0.000426
2454,0.000481
2455,0.000385
2456,0.000393
2457,0.000337
2458,0.000285
2459,0.000225
2460,0.045626
2461,0.303089
2462,0.37665
2463,0.303947
2464,0.414345
2465,0.347662
2466,0.002877
2467,0.000593
2468,0.000986
2469,0.00051
2470,0.000339
2471,0.000259
2472,0.000344
2473,0.000455
2474,0.000477
2475,0.000493
2476,0.00039
2477,0.00027
2478,0.000273
2479,0.000183
2480,0.000175
2481,0.000126
2482,0.00013
2483,0.000158
2484,0.000148
2485,0.000267
2486,0.000284
2487,0.00025
2488,0.000229
2489,0.000214
2490,0.000154
2491,0.000203
2492,0.000334
2493,0.000403
2494,0.000507
2495,0.000692
2496,0.000501
2497,0.00075
2498,0.000693
2499,0.000851
2500,0.001132
2501,0.00104
2502,0.000963
2503,0.000749
2504,0.00048
2505,0.000316
2506,0.028851
2507,0.282508
2508,0.358821
2509,0.790713
2510,0.9506
2511,0.977893
2512,0.962836
2513,0.963689
2514,0.963967
2515,0.884085
2516,0.898835
2517,0.903559
2518,0.898919
2519,0.903908
2520,0.913947
2521,0.897384
2522,0.907495
2523,0.849966
2524,0.898659
2525,0.913361
2526,0.494949
2527,0.464859
2528,0.259802
2529,0.00637
2530,0.002345
2531,0.002422
2532,0.002172
2533,0.003921
2534,0.003312
2535,0.003034
2536,0.004444
2537,0.005423
2538,0.003915
2539,0.002898
2540,0.003859
2541,0.002767
2542,0.012077
2543,0.410112
2544,0.840933
2545,0.853761
2546,0.887322
2547,0.891658
2548,0.840934
2549,0.868199
2550,0.205419
2551,0.006241
2552,0.002596
2553,0.001659
2554,0.002705
2555,0.00234
2556,0.002545
2557,0.00267
2558,0.002863
2559,0.002729
2560,0.002812
2561,0.004042
2562,0.026317
2563,0.586481
2564,0.853571
2565,0.924127
2566,0.936635
2567,0.946433
