1,0.928943
2,0.89783
3,0.902621
4,0.932024
5,0.894699
6,0.910969
7,0.819231
8,0.805396
9,0.800661
10,0.830593
11,0.848323
12,0.844344
13,0.903853
14,0.934693
15,0.934718
16,0.918668
17,0.8571
18,0.819976
19,0.865699
20,0.800224
21,0.846162
22,0.832471
23,0.82981
24,0.871411
25,0.918781
26,0.933534
27,0.960689
28,0.958422
29,0.968341
30,0.966587
31,0.954104
32,0.942681
33,0.943964
34,0.949849
35,0.941798
36,0.937752
37,0.920762
38,0.915463
39,0.908063
40,0.874664
41,0.892752
42,0.863414
43,0.866567
44,0.890393
45,0.882598
46,0.88747
47,0.858876
48,0.7765
49,0.789178
50,0.803876
51,0.962754
52,0.957548
53,0.922665
54,0.943581
55,0.950823
56,0.916556
57,0.920871
58,0.92034
59,0.854952
60,0.845369
61,0.875673
62,0.914213
63,0.780086
64,0.938648
65,0.929624
66,0.974939
67,0.781959
68,0.901757
69,0.913759
70,0.872234
71,0.881711
72,0.858688
73,0.880875
74,0.796576
75,0.965901
76,0.965891
77,0.941707
78,0.952532
79,0.93936
80,0.941102
81,0.945818
82,0.952056
83,0.939518
84,0.928169
85,0.861801
86,0.847723
87,0.842408
88,0.812509
89,0.811579
90,0.822773
91,0.821832
92,0.845622
93,0.855486
94,0.885168
95,0.893517
96,0.890281
97,0.804095
98,0.805054
99,0.780505
100,0.798746
101,0.809035
102,0.80335
103,0.786083
104,0.804544
105,0.863992
106,0.879427
107,0.884411
108,0.897078
109,0.884353
110,0.885259
111,0.865568
112,0.854731
113,0.858529
114,0.854205
115,0.878214
116,0.875873
117,0.883559
118,0.879023
119,0.881226
120,0.888878
121,0.894219
122,0.89671
123,0.913603
124,0.939302
125,0.93304
126,0.94225
127,0.940819
128,0.943756
129,0.89724
130,0.925374
131,0.948662
132,0.955034
133,0.938666
134,0.927866
135,0.933358
136,0.921305
137,0.927999
138,0.920115
139,0.927065
140,0.938468
141,0.94209
142,0.934551
143,0.938548
144,0.934828
145,0.953473
146,0.952478
147,0.947078
148,0.94877
149,0.952884
150,0.953169
151,0.957099
152,0.961058
153,0.962569
154,0.964982
155,0.96455
156,0.966266
157,0.952591
158,0.953618
159,0.95421
160,0.960283
161,0.964264
162,0.964596
163,0.964463
164,0.966751
165,0.973994
166,0.977116
167,0.976659
168,0.976367
169,0.974236
170,0.974066
171,0.974609
172,0.973998
173,0.973163
174,0.973165
175,0.972045
176,0.969268
177,0.966979
178,0.967272
179,0.970317
180,0.969623
181,0.968295
182,0.968782
183,0.967036
184,0.967996
185,0.970614
186,0.991367
187,0.973171
188,0.973416
189,0.971917
190,0.971852
191,0.971908
192,0.97361
193,0.971967
194,0.974474
195,0.968586
196,0.968799
197,0.968868
198,0.971558
199,0.979826
200,0.975318
201,0.975379
202,0.976844
203,0.962403
204,0.9593
205,0.967058
206,0.966429
207,0.964657
208,0.964758
209,0.961233
210,0.961701
211,0.95977
212,0.953901
213,0.95969
214,0.957272
215,0.961467
216,0.962787
217,0.960919
218,0.959515
219,0.959211
220,0.956843
221,0.957715
222,0.95245
223,0.949322
224,0.937201
225,0.930483
226,0.932233
227,0.932573
228,0.932005
229,0.934287
230,0.920683
231,0.919364
232,0.92379
233,0.925276
234,0.922668
235,0.920121
236,0.91574
237,0.913918
238,0.900918
239,0.89273
240,0.873265
241,0.925682
242,0.839797
243,0.126977
244,0.013097
245,0.02911
246,0.063089
247,0.026877
248,0.048746
249,0.050018
250,0.047507
251,0.040113
252,0.027378
253,0.018269
254,0.023345
255,0.01962
256,0.024163
257,0.024118
258,0.031975
259,0.039454
260,0.037186
261,0.040506
262,0.022215
263,0.043699
264,0.249953
265,0.662916
266,0.597457
267,0.487216
268,0.52096
269,0.628103
270,0.629742
271,0.62361
272,0.42103
273,0.031153
274,0.021381
275,0.020696
276,0.027928
277,0.023467
278,0.024454
279,0.024699
280,0.026469
281,0.02914
282,0.041377
283,0.039469
284,0.041965
285,0.039292
286,0.03737
287,0.03382
288,0.026736
289,0.027358
290,0.024919
291,0.154992
292,0.838295
293,0.674793
294,0.721949
295,0.766682
296,0.766749
297,0.773416
298,0.767179
299,0.745575
300,0.728723
301,0.769519
302,0.859223
303,0.791101
304,0.782016
305,0.844087
306,0.820797
307,0.847806
308,0.840569
309,0.82856
310,0.833264
311,0.859561
312,0.858544
313,0.873792
314,0.807476
315,0.847651
316,0.904012
317,0.922411
318,0.938429
319,0.554613
320,0.029684
321,0.022078
322,0.028788
323,0.01821
324,0.02662
325,0.018621
326,0.023674
327,0.030553
328,0.078186
329,0.79374
330,0.970165
331,0.963805
332,0.969986
333,0.962655
334,0.973273
335,0.97013
336,0.951775
337,0.854109
338,0.043265
339,0.019165
340,0.011083
341,0.010848
342,0.013953
343,0.013393
344,0.015721
345,0.016063
346,0.018104
347,0.016381
348,0.014314
349,0.01206
350,0.010867
351,0.013197
352,0.012277
353,0.014333
354,0.017129
355,0.01618
356,0.023735
357,0.014493
358,0.021844
359,0.023205
360,0.019297
361,0.023658
362,0.020238
363,0.022677
364,0.061143
365,0.235458
366,0.924001
367,0.97279
368,0.983605
369,0.990419
370,0.991811
371,0.991672
372,0.99119
373,0.986327
374,0.986183
375,0.989498
376,0.987715
377,0.989268
378,0.986956
379,0.988883
380,0.989204
381,0.972138
382,0.055345
383,0.00866
384,0.008895
385,0.007552
386,0.014253
387,0.013797
388,0.011094
389,0.010575
390,0.010721
391,0.009896
392,0.009432
393,0.009364
394,0.009117
395,0.009805
396,0.009532
397,0.007886
398,0.006912
399,0.007096
400,0.058674
401,0.73344
402,0.980462
403,0.983218
404,0.986651
405,0.975983
406,0.979995
407,0.987034
408,0.986113
409,0.989411
410,0.989288
411,0.989416
412,0.98868
413,0.989576
414,0.984746
415,0.171787
416,0.011159
417,0.0088
418,0.016857
419,0.014797
420,0.014478
421,0.008973
422,0.01001
423,0.008331
424,0.008677
425,0.009773
426,0.013705
427,0.014609
428,0.020358
429,0.02424
430,0.031111
431,0.029856
432,0.028997
433,0.020398
434,0.011432
435,0.022998
436,0.016684
437,0.013146
438,0.03024
439,0.040313
440,0.065494
441,0.091969
442,0.103737
443,0.122517
444,0.719976
445,0.875239
446,0.915428
447,0.930781
448,0.915527
449,0.923864
450,0.922882
451,0.904403
452,0.938416
453,0.963824
454,0.963713
455,0.967342
456,0.96161
457,0.959739
458,0.968008
459,0.972777
460,0.977226
461,0.982226
462,0.575661
463,0.059348
464,0.041584
465,0.046831
466,0.041366
467,0.037823
468,0.037408
469,0.017177
470,0.017178
471,0.016798
472,0.016206
473,0.013692
474,0.019567
475,0.01985
476,0.018963
477,0.016987
478,0.029085
479,0.024235
480,0.023351
481,0.039715
482,0.041989
483,0.048525
484,0.042805
485,0.040135
486,0.039397
487,0.053044
488,0.052434
489,0.045868
490,0.047743
491,0.040257
492,0.28939
493,0.909304
494,0.960686
495,0.983002
496,0.98253
497,0.988608
498,0.989276
499,0.989463
500,0.986472
501,0.989234
502,0.989623
503,0.990778
504,0.990224
505,0.992172
506,0.992575
507,0.992227
508,0.990579
509,0.992392
510,0.992244
511,0.991791
512,0.991126
513,0.991904
514,0.991788
515,0.990317
516,0.990978
517,0.991171
518,0.991124
519,0.990584
520,0.990111
521,0.990124
522,0.990012
523,0.989825
524,0.989179
525,0.988162
526,0.989581
527,0.989409
528,0.989865
529,0.987885
530,0.98335
531,0.984374
532,0.985624
533,0.984739
534,0.982534
535,0.982845
536,0.9696
537,0.073092
538,0.021512
539,0.018419
540,0.020348
541,0.021267
542,0.019824
543,0.024752
544,0.023807
545,0.019647
546,0.024463
547,0.016467
548,0.025491
549,0.021636
550,0.02036
551,0.019871
552,0.022943
553,0.03557
554,0.13635
555,0.715833
556,0.785231
557,0.764282
558,0.702656
559,0.701972
560,0.657791
561,0.653116
562,0.7006
563,0.740119
564,0.644813
565,0.807149
566,0.086347
567,0.020049
568,0.016893
569,0.017231
570,0.01402
571,0.013324
572,0.018258
573,0.020642
574,0.024189
575,0.022618
576,0.024233
577,0.019818
578,0.019344
579,0.221774
580,0.828598
581,0.658646
582,0.499315
583,0.606716
584,0.42727
585,0.569106
586,0.566228
587,0.564072
588,0.56994
589,0.625706
590,0.627502
591,0.593236
592,0.611114
593,0.68849
594,0.613747
595,0.624394
596,0.601174
597,0.67801
598,0.645028
599,0.659302
600,0.622968
601,0.565756
602,0.532819
603,0.520305
604,0.504869
605,0.482336
606,0.485338
607,0.579676
608,0.63401
609,0.638885
610,0.495046
611,0.454248
612,0.422285
613,0.437345
614,0.515934
615,0.572942
616,0.643427
617,0.668873
