1,0.972285
2,0.963623
3,0.960639
4,0.941416
5,0.944963
6,0.951383
7,0.955541
8,0.950159
9,0.919505
10,0.92812
11,0.919154
12,0.951788
13,0.92657
14,0.95375
15,0.956222
16,0.941923
17,0.955077
18,0.942109
19,0.949924
20,0.939258
21,0.916824
22,0.900855
23,0.923804
24,0.90902
25,0.935226
26,0.928522
27,0.921127
28,0.92192
29,0.933412
30,0.939637
31,0.935673
32,0.922676
33,0.920053
34,0.907494
35,0.906842
36,0.904687
37,0.930546
38,0.926543
39,0.922846
40,0.909736
41,0.909947
42,0.899297
43,0.867483
44,0.793314
45,0.743509
46,0.691712
47,0.6709
48,0.800797
49,0.821968
50,0.823221
51,0.803664
52,0.666401
53,0.024262
54,0.012136
55,0.01052
56,0.009194
57,0.005693
58,0.003992
59,0.002795
60,0.003633
61,0.003389
62,0.004364
63,0.004515
64,0.004507
65,0.003877
66,0.00354
67,0.003853
68,0.00366
69,0.003473
70,0.002126
71,0.002576
72,0.05406
73,0.424869
74,0.315245
75,0.113552
76,0.167106
77,0.239394
78,0.215368
79,0.231851
80,0.219104
81,0.216319
82,0.164273
83,0.13812
84,0.146024
85,0.133799
86,0.190859
87,0.177641
88,0.159597
89,0.148893
90,0.145595
91,0.148646
92,0.238817
93,0.266317
94,0.259226
95,0.327225
96,0.322543
97,0.156667
98,0.116774
99,0.134687
100,0.124252
101,0.222078
102,0.184146
103,0.22371
104,0.206669
105,0.151433
106,0.253349
107,0.146202
108,0.181847
109,0.43655
110,0.149954
111,0.067985
112,0.114414
113,0.39579
114,0.480371
115,0.270478
116,0.304885
117,0.304586
118,0.336578
119,0.351729
120,0.396603
121,0.365833
122,0.548729
123,0.544152
124,0.638775
125,0.673109
126,0.692433
127,0.673665
128,0.689844
129,0.725388
130,0.735213
131,0.725433
132,0.702346
133,0.675316
134,0.6399
135,0.425063
136,0.009859
137,0.002337
138,0.002741
139,0.002868
140,0.00297
141,0.001757
142,0.002953
143,0.00292
144,0.002827
145,0.003586
146,0.004073
147,0.003839
148,0.004733
149,0.003996
150,0.004509
151,0.004805
152,0.005887
153,0.012159
154,0.059645
155,0.955975
156,0.97195
157,0.943675
158,0.952254
159,0.951825
160,0.955142
161,0.969913
162,0.978904
163,0.983113
164,0.979346
165,0.983781
166,0.980937
167,0.972418
168,0.980223
169,0.960035
170,0.037292
171,0.016479
172,0.011822
173,0.013837
174,0.015303
175,0.01316
176,0.016319
177,0.015389
178,0.014411
179,0.011516
180,0.016508
181,0.010282
182,0.014246
183,0.010093
184,0.008123
185,0.008476
186,0.007833
187,0.005742
188,0.005236
189,0.004769
190,0.00586
191,0.004957
192,0.005336
193,0.007128
194,0.007407
195,0.015533
196,0.015792
197,0.014735
198,0.011207
199,0.015002
200,0.017844
201,0.431834
202,0.831145
203,0.95593
204,0.959533
205,0.916171
206,0.885645
207,0.93827
208,0.965186
209,0.960789
210,0.96552
211,0.955461
212,0.850921
213,0.012935
214,0.005204
215,0.004556
216,0.00523
217,0.006726
218,0.006843
219,0.007845
220,0.00909
221,0.008392
222,0.009489
223,0.009547
224,0.009866
225,0.008371
226,0.013748
227,0.013301
228,0.013691
229,0.010778
230,0.008263
231,0.012879
232,0.01325
233,0.013476
234,0.014833
235,0.014355
236,0.031553
237,0.335535
238,0.623303
239,0.826583
240,0.949094
241,0.972383
242,0.966193
243,0.917911
244,0.938325
245,0.890189
246,0.846329
247,0.847769
248,0.823521
249,0.83107
250,0.783267
251,0.674594
252,0.679418
253,0.451105
254,0.398989
255,0.429625
256,0.291058
257,0.036943
258,0.02403
259,0.024431
260,0.008274
261,0.005737
262,0.005446
263,0.003263
264,0.003017
265,0.003088
266,0.008406
267,0.219634
268,0.331785
269,0.316596
270,0.339527
271,0.316509
272,0.380351
273,0.479202
274,0.442683
275,0.354027
276,0.015545
277,0.001018
278,0.001979
279,0.001934
280,0.003912
281,0.004023
282,0.003667
283,0.003075
284,0.00376
285,0.003273
286,0.002357
287,0.002443
288,0.00285
289,0.003269
290,0.00321
291,0.003704
292,0.004202
293,0.004143
294,0.003358
295,0.129881
296,0.946896
297,0.906
298,0.878061
299,0.885701
300,0.869035
301,0.930306
302,0.806735
303,0.030377
304,0.003159
305,0.002841
306,0.00476
307,0.003676
308,0.005266
309,0.005246
310,0.004405
311,0.004206
312,0.003772
313,0.002135
314,0.002035
315,0.002099
316,0.001861
317,0.002033
318,0.002055
319,0.001968
320,0.002333
321,0.002233
322,0.004042
323,0.082634
324,0.819719
325,0.939007
326,0.937319
327,0.941735
328,0.943827
329,0.894057
330,0.831086
331,0.850758
332,0.43189
333,0.010397
334,0.007251
335,0.006352
336,0.009082
337,0.004393
338,0.004403
339,0.004204
340,0.005283
341,0.005854
342,0.007137
343,0.007886
344,0.004919
345,0.004276
346,0.003577
347,0.003824
348,0.006502
349,0.005095
350,0.006233
351,0.005613
352,0.007146
353,0.006119
354,0.007669
355,0.004806
356,0.006578
357,0.00592
358,0.005471
359,0.004778
360,0.005382
361,0.004596
362,0.004569
363,0.00441
364,0.004793
365,0.004345
366,0.004294
367,0.003686
368,0.004692
369,0.004929
370,0.005291
371,0.005524
372,0.006608
373,0.007868
374,0.009694
375,0.008206
376,0.007961
377,0.00816
378,0.007772
379,0.024463
380,0.528445
381,0.885363
382,0.969028
383,0.937605
384,0.947673
385,0.955981
386,0.954737
387,0.938357
388,0.967914
389,0.972009
390,0.948103
391,0.955092
392,0.976674
393,0.987236
394,0.981637
395,0.966713
396,0.972431
397,0.970364
398,0.956189
399,0.932611
400,0.941555
401,0.945709
402,0.943081
403,0.979734
404,0.98294
405,0.975099
406,0.978218
407,0.975981
408,0.97907
409,0.985919
410,0.989594
411,0.987997
412,0.986467
413,0.986394
414,0.980979
415,0.978232
416,0.970843
417,0.974038
418,0.969417
419,0.95614
420,0.95856
421,0.95602
422,0.963872
423,0.960555
424,0.963627
425,0.970432
426,0.977502
427,0.977358
428,0.98949
429,0.230206
430,0.016362
431,0.009851
432,0.014224
433,0.013754
434,0.017733
435,0.051966
436,0.598952
437,0.874153
438,0.983461
439,0.984144
440,0.981632
441,0.975317
442,0.971385
443,0.975905
444,0.968656
445,0.969709
446,0.970236
447,0.969188
448,0.96959
449,0.966737
450,0.972275
451,0.975033
452,0.974343
453,0.980395
454,0.97958
455,0.991804
456,0.991044
457,0.990953
458,0.978021
459,0.982608
460,0.860755
461,0.924333
462,0.873465
463,0.735044
464,0.821109
465,0.274136
466,0.814952
467,0.904721
468,0.866195
469,0.886696
470,0.823814
471,0.919901
472,0.738909
473,0.800198
474,0.971444
475,0.989298
476,0.989566
477,0.990091
478,0.987398
479,0.985885
480,0.988417
481,0.989654
482,0.990007
483,0.989957
484,0.989314
485,0.990571
486,0.991717
487,0.989917
488,0.989355
489,0.989366
490,0.989266
491,0.988874
492,0.989765
493,0.990474
494,0.990091
495,0.989687
496,0.988373
497,0.987226
498,0.988469
499,0.987756
500,0.985891
501,0.988916
502,0.987713
503,0.987121
504,0.987779
505,0.991154
506,0.991314
507,0.9921
508,0.990783
509,0.990179
510,0.991793
511,0.992275
512,0.992627
513,0.9927
514,0.99235
515,0.99181
516,0.991184
517,0.991285
518,0.990986
519,0.991205
520,0.990893
521,0.990456
522,0.988965
523,0.987343
524,0.987683
525,0.973585
526,0.983472
527,0.98547
528,0.986255
529,0.974238
530,0.975041
531,0.973803
532,0.988886
533,0.988744
534,0.989234
535,0.986474
536,0.987317
537,0.941764
538,0.938663
539,0.932752
540,0.930082
541,0.931471
542,0.924042
543,0.922139
544,0.887309
545,0.88835
546,0.897174
547,0.864777
548,0.883067
549,0.894649
550,0.918032
551,0.886901
552,0.896486
553,0.897081
554,0.885587
555,0.865171
556,0.830863
557,0.865167
558,0.858506
559,0.890445
560,0.840801
561,0.820048
562,0.839469
563,0.828432
564,0.825643
565,0.792372
566,0.798325
567,0.784002
568,0.763241
569,0.748092
570,0.740903
571,0.724099
572,0.695166
573,0.661417
574,0.62458
575,0.586575
576,0.611996
577,0.151259
578,0.013874
579,0.008799
580,0.004684
581,0.004937
582,0.00595
583,0.005112
584,0.00511
585,0.007049
586,0.007428
587,0.008263
588,0.009032
589,0.009636
590,0.008578
591,0.017846
592,0.338527
593,0.579102
594,0.848002
595,0.834473
596,0.827918
597,0.819808
598,0.806853
599,0.824441
600,0.835113
601,0.763809
602,0.680546
603,0.79661
604,0.800348
605,0.782714
606,0.769695
607,0.709437
608,0.734888
609,0.756932
610,0.721443
611,0.736851
612,0.729384
613,0.743397
614,0.735079
615,0.672589
616,0.66164
617,0.754205
618,0.713362
619,0.734785
620,0.776712
621,0.702187
622,0.739133
623,0.742961
624,0.836151
625,0.020963
626,0.00451
627,0.003589
628,0.002897
629,0.003525
630,0.003451
631,0.005939
632,0.006582
633,0.005804
634,0.006531
635,0.005809
636,0.00472
637,0.003274
638,0.003228
639,0.002671
640,0.003179
641,0.002844
642,0.00639
643,0.098732
644,0.725855
645,0.904986
646,0.906683
647,0.908293
648,0.907181
649,0.950588
650,0.94168
651,0.158844
652,0.007873
653,0.005492
654,0.004372
655,0.004589
656,0.004708
657,0.004287
658,0.004884
659,0.004543
660,0.005245
661,0.006017
662,0.006529
663,0.00679
664,0.007055
665,0.007058
666,0.007801
667,0.008342
668,0.008431
669,0.011984
670,0.012594
671,0.012199
672,0.013532
673,0.013626
674,0.012081
675,0.007359
676,0.008157
677,0.015175
678,0.006912
679,0.006864
680,0.012999
681,0.014081
682,0.006834
683,0.00639
684,0.005933
685,0.008393
686,0.006715
687,0.005497
688,0.006159
689,0.011606
690,0.010695
691,0.010694
692,0.010617
693,0.01032
694,0.01076
695,0.010581
696,0.010721
697,0.048804
698,0.51189
699,0.947468
700,0.981309
701,0.989633
702,0.99065
703,0.988311
704,0.989185
705,0.990341
706,0.990755
707,0.986161
708,0.985613
709,0.987764
710,0.984841
711,0.985273
712,0.242641
713,0.008269
714,0.00634
715,0.009465
716,0.00302
717,0.002397
718,0.00221
719,0.001929
720,0.002191
721,0.002322
722,0.002146
723,0.002681
724,0.002205
725,0.002444
726,0.002859
727,0.008308
728,0.003034
729,0.003368
730,0.004505
731,0.005086
732,0.005715
733,0.004992
734,0.006044
735,0.005579
736,0.005447
737,0.005821
738,0.004965
739,0.003769
740,0.00434
741,0.00462
742,0.00424
743,0.005444
744,0.005945
745,0.005076
746,0.006818
747,0.005352
748,0.005025
749,0.005393
750,0.005943
751,0.004508
752,0.01231
753,0.183546
754,0.725676
755,0.599247
756,0.575988
757,0.708942
758,0.640198
759,0.84165
760,0.894459
761,0.871861
762,0.851414
763,0.906743
764,0.900401
765,0.866295
766,0.555722
767,0.438034
768,0.451608
769,0.413086
770,0.732246
771,0.686657
772,0.830462
773,0.928831
774,0.961598
775,0.891536
776,0.884075
777,0.784084
778,0.935211
779,0.943189
780,0.963231
781,0.973663
782,0.980373
783,0.980302
784,0.979321
785,0.985152
786,0.980948
787,0.738952
788,0.94189
789,0.791301
790,0.518549
791,0.421275
792,0.319809
793,0.399055
794,0.503176
795,0.541262
796,0.195972
797,0.297202
798,0.242238
799,0.520317
800,0.138636
801,0.21784
802,0.451023
803,0.670662
804,0.461661
805,0.258127
806,0.455363
807,0.641846
808,0.446484
809,0.434489
810,0.613813
811,0.623878
812,0.376335
813,0.504826
814,0.387362
815,0.456782
816,0.406593
817,0.658727
818,0.867938
819,0.654828
820,0.768331
821,0.882765
822,0.845563
823,0.912135
824,0.949874
825,0.939169
826,0.923571
827,0.90471
828,0.862075
829,0.593328
830,0.629595
831,0.694233
832,0.762932
833,0.791383
834,0.549628
835,0.713536
836,0.727266
837,0.918382
838,0.93042
839,0.932823
840,0.927375
841,0.973836
842,0.967227
843,0.945822
844,0.935333
845,0.942855
846,0.934322
847,0.940836
848,0.952267
849,0.961393
850,0.977915
851,0.980351
852,0.981987
853,0.974661
854,0.9719
855,0.974375
856,0.971994
857,0.969949
858,0.970264
859,0.979626
860,0.974091
861,0.974109
862,0.97628
863,0.982713
864,0.981503
865,0.982726
866,0.979899
867,0.976313
868,0.976994
869,0.972583
870,0.971596
871,0.96485
872,0.969437
873,0.977504
874,0.922614
875,0.530488
876,0.043043
877,0.025901
878,0.009701
879,0.009419
880,0.008942
881,0.011898
882,0.005579
883,0.002647
884,0.001293
885,0.001022
886,0.000923
887,0.000986
888,0.000819
889,0.001385
890,0.001285
891,0.002048
892,0.002047
893,0.001979
894,0.002383
895,0.002322
896,0.002378
897,0.004034
898,0.165736
899,0.465037
900,0.854626
901,0.948851
902,0.954479
903,0.963321
904,0.977039
905,0.981557
906,0.979815
907,0.975696
908,0.977865
909,0.975287
910,0.979099
911,0.977454
912,0.974055
913,0.983764
914,0.9814
915,0.980772
916,0.983785
917,0.980615
918,0.984657
919,0.985481
920,0.984283
921,0.983935
922,0.983872
923,0.984385
924,0.900068
925,0.025204
926,0.00788
927,0.003581
928,0.002573
929,0.0022
930,0.002922
931,0.002538
932,0.002401
933,0.002137
934,0.002414
935,0.002188
936,0.002706
937,0.003009
938,0.005639
939,0.004405
940,0.006118
941,0.006308
942,0.007215
943,0.007299
944,0.009791
945,0.00688
946,0.005749
947,0.008345
948,0.007991
949,0.005856
950,0.006228
951,0.00615
952,0.006132
953,0.005294
954,0.00678
955,0.006291
956,0.006019
957,0.018604
958,0.584697
959,0.979473
960,0.991884
961,0.987416
962,0.983795
963,0.98791
964,0.980889
965,0.983515
966,0.977824
967,0.037605
968,0.012859
969,0.011549
970,0.01016
971,0.010295
972,0.009218
973,0.005544
974,0.004724
975,0.004713
976,0.005204
977,0.004119
978,0.005335
979,0.003857
980,0.004808
981,0.004541
982,0.005334
983,0.005187
984,0.00536
985,0.006858
986,0.006703
987,0.006328
988,0.006356
989,0.006338
990,0.010195
991,0.126982
992,0.92214
993,0.976586
994,0.986832
995,0.98658
996,0.988435
997,0.990759
998,0.989696
999,0.993248
1000,0.993461
1001,0.992418
1002,0.990496
1003,0.993119
1004,0.991208
1005,0.992426
1006,0.992596
1007,0.992933
1008,0.992996
1009,0.992605
1010,0.597517
1011,0.017027
1012,0.012947
1013,0.018219
1014,0.004153
1015,0.003467
1016,0.00407
1017,0.003614
1018,0.003754
1019,0.00418
1020,0.004199
1021,0.003174
1022,0.003027
1023,0.003094
1024,0.00315
1025,0.002777
1026,0.002856
1027,0.002719
1028,0.002119
1029,0.002193
1030,0.002156
1031,0.00207
1032,0.003114
1033,0.030026
1034,0.650613
1035,0.783851
1036,0.95296
1037,0.948449
1038,0.932637
1039,0.97897
1040,0.981321
1041,0.985297
1042,0.987214
1043,0.989015
1044,0.794215
1045,0.020325
1046,0.016142
1047,0.003001
1048,0.004021
1049,0.003596
1050,0.001943
1051,0.006236
1052,0.008627
1053,0.009614
1054,0.009279
1055,0.007347
1056,0.008124
1057,0.005878
1058,0.006396
1059,0.004771
1060,0.003954
1061,0.004573
1062,0.004473
1063,0.003786
1064,0.004051
1065,0.004649
1066,0.00521
1067,0.005381
1068,0.004757
1069,0.004644
1070,0.006015
1071,0.040574
1072,0.652023
1073,0.598158
1074,0.706823
1075,0.798052
1076,0.825715
1077,0.962632
1078,0.960299
1079,0.964706
1080,0.969226
1081,0.894927
1082,0.021101
1083,0.008452
1084,0.007763
1085,0.006638
1086,0.006162
1087,0.007192
1088,0.007496
1089,0.007974
1090,0.00865
1091,0.008528
1092,0.00817
1093,0.004993
1094,0.004465
1095,0.003317
1096,0.003333
1097,0.003346
1098,0.003987
1099,0.003846
1100,0.004166
1101,0.005918
1102,0.00542
1103,0.00572
1104,0.004867
1105,0.003161
1106,0.003429
1107,0.004132
1108,0.003856
1109,0.004111
1110,0.004629
1111,0.004733
1112,0.003981
1113,0.003147
1114,0.003331
1115,0.003279
1116,0.003798
1117,0.003652
1118,0.003314
1119,0.003502
1120,0.003664
1121,0.004085
1122,0.003964
1123,0.004622
1124,0.003641
1125,0.003549
1126,0.003303
1127,0.002628
1128,0.002678
1129,0.001874
1130,0.002716
1131,0.002851
1132,0.002871
1133,0.002048
1134,0.002671
1135,0.002438
1136,0.00284
1137,0.002737
1138,0.002668
1139,0.002609
1140,0.00262
1141,0.003949
1142,0.016673
1143,0.375393
1144,0.937027
1145,0.961214
1146,0.96939
1147,0.984784
1148,0.975143
1149,0.980649
1150,0.98571
1151,0.954109
1152,0.948149
1153,0.985539
1154,0.991956
1155,0.99352
1156,0.993608
1157,0.983162
1158,0.603622
1159,0.255162
1160,0.046689
1161,0.047134
1162,0.006089
1163,0.021199
1164,0.01135
1165,0.018969
1166,0.008757
1167,0.005337
1168,0.003794
1169,0.020946
1170,0.191307
1171,0.723234
1172,0.874185
1173,0.900937
1174,0.900289
1175,0.958748
1176,0.931774
1177,0.986646
1178,0.982335
1179,0.977083
1180,0.978425
1181,0.940097
1182,0.066124
1183,0.010179
1184,0.002586
1185,0.006897
1186,0.011089
1187,0.004551
1188,0.005143
1189,0.004256
1190,0.005451
1191,0.002808
1192,0.002415
1193,0.004095
1194,0.001748
1195,0.000714
1196,0.000957
1197,0.001198
1198,0.001623
1199,0.001663
1200,0.002169
1201,0.000432
1202,0.000528
1203,0.000576
1204,0.00067
1205,0.000537
1206,0.000606
1207,0.000513
1208,0.000426
1209,0.000698
1210,0.001565
1211,0.015377
1212,0.325768
1213,0.90487
1214,0.942366
1215,0.95662
1216,0.970076
1217,0.982863
1218,0.9879
1219,0.986158
1220,0.986179
1221,0.990756
1222,0.97823
1223,0.979759
1224,0.98338
1225,0.98544
1226,0.987729
1227,0.980867
1228,0.057184
1229,0.006635
1230,0.005508
1231,0.003278
1232,0.006642
1233,0.003835
1234,0.005294
1235,0.004446
1236,0.005529
1237,0.00467
1238,0.005253
1239,0.004367
1240,0.004409
1241,0.041855
1242,0.359635
1243,0.932284
1244,0.944184
1245,0.953613
1246,0.76287
1247,0.80485
1248,0.816357
1249,0.958738
1250,0.960826
1251,0.95507
1252,0.914152
1253,0.857715
1254,0.918539
1255,0.036706
1256,0.018185
1257,0.012552
1258,0.008973
1259,0.009083
1260,0.009529
1261,0.007053
1262,0.00846
1263,0.008706
1264,0.009031
1265,0.008427
1266,0.008289
1267,0.007153
1268,0.007375
1269,0.008606
1270,0.007873
1271,0.010079
1272,0.00882
1273,0.010654
1274,0.006103
1275,0.006202
1276,0.004912
1277,0.00598
1278,0.005465
1279,0.004596
1280,0.016295
1281,0.11575
1282,0.356574
1283,0.580152
1284,0.192393
1285,0.251149
1286,0.207546
1287,0.251276
1288,0.206469
1289,0.173295
1290,0.146356
1291,0.104741
1292,0.080109
1293,0.074191
1294,0.101475
1295,0.099566
1296,0.108759
1297,0.114351
1298,0.200502
1299,0.265206
1300,0.067019
1301,0.005943
1302,0.00883
1303,0.008082
1304,0.015335
1305,0.014796
1306,0.02336
1307,0.004619
1308,0.011297
1309,0.008139
1310,0.009484
1311,0.009793
1312,0.005583
1313,0.00614
1314,0.047636
1315,0.468105
1316,0.36357
1317,0.435912
1318,0.424978
1319,0.507943
1320,0.486166
1321,0.475448
1322,0.064369
1323,0.011358
1324,0.010646
1325,0.011299
1326,0.008736
1327,0.00785
1328,0.00663
1329,0.007257
1330,0.007716
1331,0.007596
1332,0.008003
1333,0.007483
1334,0.007359
1335,0.002991
1336,0.003037
1337,0.00304
1338,0.005257
1339,0.006233
1340,0.007982
1341,0.006609
1342,0.00769
1343,0.006895
1344,0.00791
1345,0.006806
1346,0.016369
1347,0.235214
1348,0.8147
1349,0.880435
1350,0.958253
1351,0.989881
1352,0.988071
1353,0.985478
1354,0.980474
1355,0.968326
1356,0.967735
1357,0.975856
1358,0.961461
1359,0.978127
1360,0.972648
1361,0.978678
1362,0.974402
1363,0.980352
1364,0.985723
1365,0.983811
1366,0.978471
1367,0.976626
1368,0.975759
1369,0.974255
1370,0.983155
1371,0.98179
1372,0.981547
1373,0.982791
1374,0.982256
1375,0.981253
1376,0.98337
1377,0.98152
1378,0.981294
1379,0.980671
1380,0.980963
1381,0.983303
1382,0.979732
1383,0.981811
1384,0.984399
1385,0.984298
1386,0.983516
1387,0.981855
1388,0.887445
1389,0.100202
1390,0.013328
1391,0.011504
1392,0.013641
1393,0.018514
1394,0.020056
1395,0.181518
1396,0.736754
1397,0.983176
1398,0.98773
1399,0.988967
1400,0.988853
1401,0.988943
1402,0.98987
1403,0.989321
1404,0.990153
1405,0.98939
1406,0.98767
1407,0.986001
1408,0.981151
1409,0.982637
1410,0.984441
1411,0.985547
1412,0.986544
1413,0.98729
1414,0.986603
1415,0.985849
1416,0.987838
1417,0.988429
1418,0.986524
1419,0.984155
1420,0.982871
1421,0.982312
1422,0.977738
1423,0.980189
1424,0.975113
1425,0.9724
1426,0.968793
1427,0.977005
1428,0.976403
1429,0.978342
1430,0.97778
1431,0.978323
1432,0.97982
1433,0.938814
1434,0.13748
1435,0.034551
1436,0.042723
1437,0.044799
1438,0.056564
1439,0.044949
1440,0.042545
1441,0.020865
1442,0.021047
1443,0.02165
1444,0.022562
1445,0.025483
1446,0.023038
1447,0.03403
1448,0.024918
1449,0.022054
1450,0.021024
1451,0.021463
1452,0.020571
1453,0.02557
1454,0.025191
1455,0.072647
1456,0.274413
1457,0.893865
1458,0.943273
1459,0.929108
1460,0.920557
1461,0.929908
1462,0.928625
1463,0.892109
1464,0.648031
1465,0.59083
1466,0.563599
1467,0.547963
1468,0.568398
1469,0.571129
1470,0.585062
1471,0.2482
1472,0.036366
1473,0.02467
1474,0.023047
1475,0.020856
1476,0.031174
1477,0.026701
1478,0.025483
1479,0.028361
1480,0.029556
1481,0.029639
1482,0.031455
1483,0.031415
1484,0.032735
1485,0.035363
1486,0.037674
1487,0.039293
1488,0.045604
1489,0.046288
1490,0.104409
1491,0.351539
1492,0.190152
1493,0.227465
1494,0.279258
1495,0.447271
1496,0.217744
1497,0.0607
1498,0.034085
1499,0.030628
1500,0.041218
1501,0.029646
1502,0.029581
1503,0.029311
1504,0.033792
1505,0.027586
1506,0.014203
1507,0.011985
1508,0.087607
1509,0.875
1510,0.892172
1511,0.856321
1512,0.911561
1513,0.954486
1514,0.954397
1515,0.925779
1516,0.982091
1517,0.961232
1518,0.955724
1519,0.944923
1520,0.661456
1521,0.025772
1522,0.013275
1523,0.012913
1524,0.016644
1525,0.016186
1526,0.016261
1527,0.015025
1528,0.168307
1529,0.92719
1530,0.973027
1531,0.974808
1532,0.980397
1533,0.982409
1534,0.978008
1535,0.978112
1536,0.980598
1537,0.987391
1538,0.982396
1539,0.98391
1540,0.984686
1541,0.985887
1542,0.982279
1543,0.982445
1544,0.981438
1545,0.98393
1546,0.988258
1547,0.98476
1548,0.984961
1549,0.983719
1550,0.984141
1551,0.983962
1552,0.984394
1553,0.984704
1554,0.98338
1555,0.981208
1556,0.981378
1557,0.982328
1558,0.98157
1559,0.980401
1560,0.985838
1561,0.986436
1562,0.985225
1563,0.986373
1564,0.984549
1565,0.983249
1566,0.983473
1567,0.984547
1568,0.986184
1569,0.9857
1570,0.984657
1571,0.986029
1572,0.985806
1573,0.984472
1574,0.985318
1575,0.986183
1576,0.971684
1577,0.987889
1578,0.973854
1579,0.990331
1580,0.970844
1581,0.991154
1582,0.990932
1583,0.990807
1584,0.990181
1585,0.98675
1586,0.985641
1587,0.986622
1588,0.986691
1589,0.961349
1590,0.963061
1591,0.988824
1592,0.987919
1593,0.987583
1594,0.988095
1595,0.987757
1596,0.987155
1597,0.985258
1598,0.985701
1599,0.985124
1600,0.986958
1601,0.9865
1602,0.986595
1603,0.983622
1604,0.98408
1605,0.983786
1606,0.987916
1607,0.986774
1608,0.985765
1609,0.986606
1610,0.986027
1611,0.985051
1612,0.983937
1613,0.984943
1614,0.985662
1615,0.985681
1616,0.985941
1617,0.982263
1618,0.983139
1619,0.982347
1620,0.98242
1621,0.976796
1622,0.976518
1623,0.976338
1624,0.977939
1625,0.979571
1626,0.980038
1627,0.977277
1628,0.974777
1629,0.976252
1630,0.977367
1631,0.974755
1632,0.975417
1633,0.977762
1634,0.977244
1635,0.978143
1636,0.975956
1637,0.977165
1638,0.977906
1639,0.979129
1640,0.977716
1641,0.3684
1642,0.037212
1643,0.01907
1644,0.016643
1645,0.019284
1646,0.020591
1647,0.016902
1648,0.017979
1649,0.018699
1650,0.018425
1651,0.030886
1652,0.388773
1653,0.950736
1654,0.973034
1655,0.974523
1656,0.971114
1657,0.988271
1658,0.989162
1659,0.989626
1660,0.990999
1661,0.991223
1662,0.990748
1663,0.99076
1664,0.991696
1665,0.988516
1666,0.990057
1667,0.986636
1668,0.985642
1669,0.990242
1670,0.990042
1671,0.989453
1672,0.99052
1673,0.979633
1674,0.981471
1675,0.979535
1676,0.984012
1677,0.977834
1678,0.977947
1679,0.958559
1680,0.964501
1681,0.981772
1682,0.98649
1683,0.983874
1684,0.982677
1685,0.98035
1686,0.985776
1687,0.978307
1688,0.981908
1689,0.974002
