1,0.955621
2,0.963436
3,0.963256
4,0.965115
5,0.96562
6,0.953652
7,0.94299
8,0.945426
9,0.958758
10,0.934855
11,0.941686
12,0.936319
13,0.949754
14,0.947789
15,0.938359
16,0.95044
17,0.952707
18,0.951858
19,0.95962
20,0.973899
21,0.964333
22,0.965899
23,0.968665
24,0.966122
25,0.9726
26,0.975525
27,0.973442
28,0.970641
29,0.967044
30,0.965654
31,0.958684
32,0.957354
33,0.952736
34,0.935738
35,0.931112
36,0.931754
37,0.927951
38,0.929139
39,0.922401
40,0.929477
41,0.919357
42,0.919324
43,0.913654
44,0.917872
45,0.886974
46,0.874686
47,0.808621
48,0.856777
49,0.919855
50,0.907151
51,0.910374
52,0.82328
53,0.741353
54,0.816977
55,0.868475
56,0.819689
57,0.812745
58,0.565013
59,0.552105
60,0.502712
61,0.595318
62,0.672561
63,0.660422
64,0.793773
65,0.502378
66,0.653977
67,0.569568
68,0.67578
69,0.71333
70,0.76457
71,0.758586
72,0.809651
73,0.672564
74,0.421778
75,0.432631
76,0.596231
77,0.499227
78,0.314381
79,0.33293
80,0.465484
81,0.546511
82,0.56735
83,0.630071
84,0.662923
85,0.568815
86,0.386391
87,0.451441
88,0.300411
89,0.402945
90,0.260512
91,0.406401
92,0.297107
93,0.401294
94,0.49702
95,0.424246
96,0.589296
97,0.479759
98,0.329719
99,0.278663
100,0.354149
101,0.376796
102,0.26991
103,0.29698
104,0.308204
105,0.326495
106,0.338406
107,0.356791
108,0.35589
109,0.451167
110,0.418945
111,0.408122
112,0.348112
113,0.40057
114,0.486067
115,0.469857
116,0.5454
117,0.528848
118,0.510653
119,0.482653
120,0.507203
121,0.558688
122,0.55009
123,0.574793
124,0.605748
125,0.607389
126,0.594909
127,0.552726
128,0.583994
129,0.579863
130,0.582962
131,0.61742
132,0.636961
133,0.578769
134,0.556954
135,0.554377
136,0.58201
137,0.497553
138,0.566663
139,0.572946
140,0.581064
141,0.631971
142,0.657723
143,0.660822
144,0.699846
145,0.740837
146,0.782812
147,0.777775
148,0.807642
149,0.815129
150,0.829213
151,0.821615
152,0.839196
153,0.81085
154,0.819133
155,0.836119
156,0.852984
157,0.853882
158,0.854489
159,0.886819
160,0.910149
161,0.898799
162,0.912711
163,0.919432
164,0.919455
165,0.924809
166,0.911496
167,0.886041
168,0.926649
169,0.924812
170,0.913652
171,0.912277
172,0.880307
173,0.888179
174,0.882682
175,0.90735
176,0.901825
177,0.90786
178,0.891521
179,0.891943
180,0.893672
181,0.933788
182,0.905735
183,0.773603
184,0.744599
185,0.818975
186,0.779802
187,0.905334
188,0.905922
189,0.900565
190,0.908974
191,0.898824
192,0.911099
193,0.949269
194,0.956988
195,0.958897
196,0.957479
197,0.956501
198,0.954223
199,0.948534
200,0.944218
201,0.94434
202,0.94146
203,0.947943
204,0.955707
205,0.954452
206,0.95801
207,0.952034
208,0.953088
209,0.946339
210,0.94415
211,0.937641
212,0.917387
213,0.915024
214,0.911499
215,0.913192
216,0.910218
217,0.951533
218,0.951356
219,0.944471
220,0.929888
221,0.923591
222,0.90207
223,0.894637
224,0.906478
225,0.922117
226,0.933855
227,0.903982
228,0.878203
229,0.89844
230,0.904753
231,0.912317
232,0.899158
233,0.886882
234,0.885048
235,0.883047
236,0.889477
237,0.86652
238,0.857007
239,0.855692
240,0.848726
241,0.882004
242,0.871835
243,0.865897
244,0.863032
245,0.859666
246,0.858015
247,0.887358
248,0.881453
249,0.883032
250,0.878887
251,0.893315
252,0.859333
253,0.832516
254,0.824119
255,0.831656
256,0.827053
257,0.830885
258,0.826709
259,0.844542
260,0.844935
261,0.847868
262,0.887381
263,0.880994
264,0.888721
265,0.527647
266,0.589354
267,0.820104
268,0.704701
269,0.824499
270,0.801102
271,0.770902
272,0.770522
273,0.782361
274,0.688864
275,0.736287
276,0.728214
277,0.742087
278,0.752424
279,0.757523
280,0.768087
281,0.74746
282,0.696976
283,0.71579
284,0.721485
285,0.762701
286,0.836767
287,0.833159
288,0.79639
289,0.780074
290,0.783215
291,0.796795
292,0.771211
293,0.787924
294,0.770972
295,0.754778
296,0.756237
297,0.772617
298,0.773001
299,0.786793
300,0.778609
301,0.798532
302,0.819629
303,0.819932
304,0.808525
305,0.757655
306,0.761686
307,0.757998
308,0.813791
309,0.80969
310,0.830789
311,0.81133
312,0.82621
313,0.839336
314,0.838459
315,0.84503
316,0.835464
317,0.840349
318,0.868172
319,0.864513
320,0.867666
321,0.868479
322,0.90006
323,0.927733
324,0.930775
325,0.901241
326,0.894586
327,0.892952
328,0.894624
329,0.894674
330,0.896993
331,0.882477
332,0.8816
333,0.884104
334,0.888718
335,0.894067
336,0.890815
337,0.911804
338,0.923484
339,0.922652
340,0.937087
341,0.93483
342,0.932464
343,0.933654
344,0.940063
345,0.941059
346,0.94157
347,0.945669
348,0.939367
349,0.946836
350,0.948396
351,0.947435
352,0.948171
353,0.944314
354,0.938764
355,0.937296
356,0.939047
357,0.94199
358,0.947755
359,0.945712
360,0.949379
361,0.957672
362,0.959482
363,0.959551
364,0.961705
365,0.959609
366,0.96167
367,0.959928
368,0.957846
369,0.957651
370,0.960427
371,0.962125
372,0.963873
373,0.954804
374,0.948726
375,0.943969
376,0.945475
377,0.944023
378,0.950058
379,0.949919
380,0.94869
381,0.951183
382,0.95294
383,0.959833
384,0.968826
385,0.961638
386,0.963385
387,0.967575
388,0.963954
389,0.967274
390,0.966708
391,0.966179
392,0.959611
393,0.967063
394,0.962771
395,0.959304
396,0.962761
397,0.965631
398,0.961357
399,0.9562
400,0.960346
401,0.958215
402,0.962655
403,0.963752
404,0.963702
405,0.967871
406,0.968394
407,0.96629
408,0.966165
409,0.967883
410,0.963845
411,0.963779
412,0.966765
413,0.960805
414,0.966576
415,0.963577
416,0.963856
417,0.963389
418,0.963327
419,0.964062
420,0.963578
421,0.9644
422,0.963553
423,0.963193
424,0.965791
425,0.973001
426,0.973508
427,0.973088
428,0.977237
429,0.978437
430,0.975406
431,0.977515
432,0.9767
433,0.96538
434,0.964554
435,0.961209
436,0.962268
437,0.963354
438,0.962227
439,0.96505
440,0.967843
441,0.970039
442,0.970071
443,0.968377
444,0.967072
445,0.971609
446,0.969916
447,0.972252
448,0.973404
449,0.975751
450,0.97413
451,0.973268
452,0.974566
453,0.974153
454,0.974227
455,0.976428
456,0.973953
457,0.975984
458,0.975312
459,0.973596
460,0.974868
461,0.975606
462,0.973981
463,0.973795
464,0.977391
465,0.973586
466,0.968127
467,0.968123
468,0.969973
469,0.970325
470,0.970468
471,0.97146
472,0.969798
473,0.968553
474,0.964939
475,0.933688
476,0.933984
477,0.930982
478,0.911211
479,0.962913
480,0.963629
481,0.967322
482,0.966301
483,0.966994
484,0.969003
485,0.974963
486,0.972147
487,0.971538
488,0.969395
489,0.969311
490,0.968564
491,0.970883
492,0.970429
493,0.95955
494,0.959454
495,0.962093
496,0.960899
497,0.9597
498,0.954116
499,0.953321
500,0.95098
501,0.965657
502,0.966717
503,0.966882
504,0.971217
505,0.979521
506,0.97608
507,0.974365
508,0.972825
509,0.97292
510,0.974977
511,0.97589
512,0.977182
513,0.97903
514,0.979461
515,0.981318
516,0.981396
517,0.985237
518,0.986438
519,0.984253
520,0.984331
521,0.98155
522,0.980666
523,0.980888
524,0.977974
525,0.972786
526,0.969631
527,0.966077
528,0.964951
529,0.980694
530,0.980565
531,0.98318
532,0.983853
533,0.980595
534,0.981222
535,0.982538
536,0.984418
537,0.984613
538,0.984239
539,0.984456
540,0.98321
541,0.972387
542,0.972701
543,0.972341
544,0.971507
545,0.969512
546,0.966827
547,0.964989
548,0.964154
549,0.96508
550,0.963859
551,0.96197
552,0.960786
553,0.971299
554,0.969571
555,0.970945
556,0.969533
557,0.966666
558,0.969112
559,0.967156
560,0.960692
561,0.96061
562,0.959216
563,0.95781
564,0.958628
565,0.964817
566,0.965416
567,0.966144
568,0.77074
569,0.633026
570,0.658491
571,0.767297
572,0.77374
573,0.772112
574,0.837425
575,0.792811
576,0.770765
577,0.563315
578,0.564871
579,0.546556
580,0.430613
581,0.564873
582,0.553457
583,0.76343
584,0.756816
585,0.787437
586,0.805594
587,0.820585
588,0.818279
589,0.871902
590,0.873002
591,0.871696
592,0.857887
593,0.746157
594,0.735171
595,0.747712
596,0.783688
597,0.871899
598,0.901549
599,0.901463
600,0.86196
601,0.923524
602,0.8952
603,0.852337
604,0.830286
605,0.853359
606,0.879809
607,0.894388
608,0.924696
609,0.934626
610,0.916801
611,0.92616
612,0.92039
613,0.713024
614,0.854107
615,0.913186
616,0.963761
617,0.953604
618,0.954549
619,0.964752
620,0.936671
621,0.93571
622,0.899739
623,0.910876
624,0.959785
625,0.97597
626,0.975444
627,0.983432
628,0.981364
629,0.979559
630,0.981279
631,0.978277
632,0.980483
633,0.979908
634,0.97432
635,0.975153
636,0.980437
637,0.982622
638,0.980446
639,0.978178
640,0.983045
641,0.983276
642,0.983332
643,0.984342
644,0.986169
645,0.987534
646,0.988197
647,0.982116
648,0.936766
649,0.951161
650,0.961279
651,0.963309
652,0.970387
653,0.973918
654,0.971395
655,0.967999
656,0.975306
657,0.972907
658,0.977727
659,0.980395
660,0.983149
661,0.967742
662,0.971776
663,0.97839
664,0.977563
665,0.974918
666,0.973953
667,0.973689
668,0.973769
669,0.976863
670,0.978138
671,0.977159
672,0.97707
673,0.982029
674,0.982422
675,0.987671
676,0.985832
677,0.987799
678,0.983316
679,0.983486
680,0.983573
681,0.982971
682,0.985845
683,0.987005
684,0.983934
685,0.989209
686,0.988923
687,0.989648
688,0.989169
689,0.989344
690,0.989927
691,0.988842
692,0.988895
693,0.989682
694,0.989127
695,0.989475
696,0.989283
697,0.990559
698,0.990857
699,0.990495
700,0.989232
701,0.985393
702,0.982523
703,0.989374
704,0.98972
705,0.980074
706,0.978966
707,0.979659
708,0.978425
709,0.974392
710,0.972558
711,0.972038
712,0.972531
713,0.969409
714,0.971475
715,0.983515
716,0.974078
717,0.975536
718,0.974521
719,0.973704
720,0.971395
721,0.978043
722,0.975505
723,0.974983
724,0.976299
725,0.976439
726,0.977828
727,0.974051
728,0.972432
729,0.964827
730,0.96269
731,0.962952
732,0.961579
733,0.960202
734,0.946148
735,0.936856
736,0.932923
737,0.94007
738,0.932666
739,0.927007
740,0.911683
741,0.902529
742,0.886106
743,0.874819
744,0.876884
745,0.780687
746,0.763098
747,0.755718
748,0.781778
749,0.793114
750,0.801833
751,0.659737
752,0.682031
753,0.650292
754,0.581433
755,0.503123
756,0.444417
757,0.458954
758,0.358957
759,0.377784
760,0.338986
761,0.335789
762,0.364102
763,0.377894
764,0.348037
765,0.42596
766,0.539875
767,0.51176
768,0.461908
769,0.348531
770,0.345582
771,0.336632
772,0.296075
773,0.265914
774,0.337535
775,0.268618
776,0.27689
777,0.36294
778,0.257708
779,0.404628
780,0.41741
781,0.489139
782,0.519683
783,0.441669
784,0.446308
785,0.350476
786,0.373897
787,0.374323
788,0.359712
789,0.371814
790,0.411664
791,0.406258
792,0.370165
793,0.503567
794,0.516433
795,0.45166
796,0.450473
797,0.567339
798,0.549891
799,0.31452
800,0.248976
801,0.266823
802,0.435259
803,0.482708
804,0.46974
805,0.591259
806,0.6348
807,0.669974
808,0.673
809,0.660094
810,0.685787
811,0.663061
812,0.712736
813,0.703273
814,0.69713
815,0.704163
816,0.669606
817,0.776974
818,0.770892
819,0.794839
820,0.844619
821,0.848521
822,0.870904
823,0.873926
824,0.900622
825,0.899477
826,0.898079
827,0.923612
828,0.921804
829,0.889916
830,0.919755
831,0.933091
832,0.937888
833,0.943333
834,0.938893
835,0.941201
836,0.943696
837,0.941444
838,0.938505
839,0.943878
840,0.929871
841,0.923881
842,0.928408
843,0.907945
844,0.898595
845,0.938886
846,0.940521
847,0.951651
848,0.944554
849,0.946488
850,0.947083
851,0.95871
852,0.95124
853,0.965011
854,0.966842
855,0.964949
856,0.965439
857,0.968481
858,0.969549
859,0.971685
860,0.973333
861,0.971797
862,0.972845
863,0.972195
864,0.971547
865,0.953879
866,0.95468
867,0.955464
868,0.956995
869,0.957027
870,0.961537
871,0.960513
872,0.957634
873,0.957799
874,0.955186
875,0.960722
876,0.957814
877,0.966486
878,0.963423
879,0.963846
880,0.962379
881,0.961663
882,0.963435
883,0.967965
884,0.971975
885,0.970526
886,0.969062
887,0.975017
888,0.974088
889,0.978479
890,0.976555
891,0.971725
892,0.98022
893,0.983891
894,0.983919
895,0.980869
896,0.976187
897,0.97408
898,0.977017
899,0.974877
900,0.976003
901,0.983007
902,0.977912
903,0.979839
904,0.977555
905,0.976703
906,0.96974
907,0.983922
908,0.984669
909,0.974211
910,0.976219
911,0.985347
912,0.984685
913,0.986897
914,0.986324
915,0.986724
916,0.988666
917,0.987779
918,0.989357
919,0.988593
920,0.98871
921,0.988705
922,0.987731
923,0.972101
924,0.972169
925,0.962156
926,0.967865
927,0.964996
928,0.95992
929,0.955372
930,0.955586
931,0.959724
932,0.971043
933,0.970206
934,0.968532
935,0.967326
936,0.979009
937,0.988764
938,0.986199
939,0.988037
940,0.989705
941,0.988663
942,0.891755
943,0.880885
944,0.877646
945,0.971058
946,0.973259
947,0.971394
948,0.973428
949,0.969467
950,0.969144
951,0.968368
952,0.964398
953,0.962633
954,0.969275
955,0.972109
956,0.972707
957,0.972731
958,0.972978
959,0.973419
960,0.975262
961,0.978864
962,0.979299
963,0.979334
964,0.978697
965,0.97876
966,0.980342
967,0.978036
968,0.980025
969,0.976224
970,0.978958
971,0.984447
972,0.984147
973,0.981464
974,0.979674
975,0.975104
976,0.978325
977,0.979479
978,0.980809
979,0.980387
980,0.985444
981,0.984318
982,0.989234
983,0.990122
984,0.990167
985,0.987678
986,0.988687
987,0.989001
988,0.989738
989,0.990208
990,0.991655
991,0.991109
992,0.990985
993,0.99167
994,0.990684
995,0.990063
996,0.988778
997,0.988564
998,0.989947
999,0.98967
1000,0.98975
1001,0.991194
1002,0.991771
1003,0.991476
1004,0.991162
1005,0.991167
1006,0.991244
1007,0.991262
1008,0.991171
1009,0.991332
1010,0.991109
1011,0.992102
1012,0.992654
1013,0.99382
1014,0.994222
1015,0.994709
1016,0.994966
1017,0.994797
1018,0.994938
1019,0.994916
1020,0.995064
1021,0.995306
1022,0.994839
1023,0.99458
1024,0.994291
1025,0.994278
1026,0.994536
1027,0.993983
1028,0.99377
1029,0.993266
1030,0.99339
1031,0.993685
1032,0.993585
1033,0.994312
1034,0.994216
1035,0.994135
1036,0.993961
1037,0.993911
1038,0.993272
1039,0.993551
1040,0.994348
1041,0.994412
1042,0.99455
1043,0.994328
1044,0.994409
1045,0.994042
1046,0.993406
1047,0.993174
1048,0.993271
1049,0.993363
1050,0.993689
1051,0.993319
1052,0.993177
1053,0.993466
1054,0.993289
1055,0.993517
1056,0.993594
1057,0.993116
1058,0.993771
1059,0.993582
1060,0.992987
1061,0.992953
1062,0.993495
1063,0.993221
1064,0.992979
1065,0.993595
1066,0.99401
1067,0.993816
1068,0.993414
1069,0.992295
1070,0.992221
1071,0.992227
1072,0.991925
1073,0.991917
1074,0.992369
1075,0.991872
1076,0.992391
1077,0.992644
1078,0.992247
1079,0.992944
1080,0.992541
1081,0.991256
1082,0.991053
1083,0.991223
1084,0.991536
1085,0.990401
1086,0.990191
1087,0.989873
1088,0.989824
1089,0.989747
1090,0.990578
1091,0.990328
1092,0.991252
1093,0.991847
1094,0.991346
1095,0.991623
1096,0.991395
1097,0.991546
1098,0.991109
1099,0.990373
1100,0.990302
1101,0.989535
1102,0.990315
1103,0.990074
1104,0.989852
1105,0.985838
1106,0.986652
1107,0.98751
1108,0.987765
1109,0.987663
1110,0.98845
1111,0.989586
1112,0.988242
1113,0.987555
1114,0.9836
1115,0.985846
1116,0.98547
1117,0.981306
1118,0.980296
1119,0.979141
1120,0.980616
1121,0.983534
1122,0.983241
1123,0.983327
1124,0.983175
1125,0.980305
1126,0.975917
1127,0.974348
1128,0.970655
1129,0.975377
1130,0.97508
1131,0.969785
1132,0.962066
1133,0.95874
1134,0.957647
1135,0.95201
1136,0.951355
1137,0.952794
1138,0.953836
1139,0.953177
1140,0.946994
1141,0.953542
1142,0.956948
1143,0.957778
1144,0.957043
1145,0.958495
1146,0.960951
1147,0.965517
1148,0.965321
1149,0.963951
1150,0.965136
1151,0.976547
1152,0.978136
1153,0.973369
1154,0.973326
1155,0.972153
1156,0.966492
1157,0.974365
1158,0.975682
1159,0.975426
1160,0.97694
1161,0.980255
1162,0.977613
1163,0.977578
1164,0.980577
1165,0.966888
1166,0.957789
1167,0.972896
1168,0.966962
1169,0.962809
1170,0.972989
1171,0.972365
1172,0.979801
1173,0.98044
1174,0.980963
1175,0.980861
1176,0.980715
1177,0.974083
1178,0.973621
1179,0.971811
1180,0.963551
1181,0.97451
1182,0.968717
1183,0.971307
1184,0.974883
1185,0.974436
1186,0.974013
1187,0.974227
1188,0.974323
1189,0.97656
1190,0.977821
1191,0.978807
1192,0.975478
1193,0.980933
1194,0.982268
1195,0.979113
1196,0.979384
1197,0.981291
1198,0.981736
1199,0.978972
1200,0.978485
1201,0.970194
1202,0.9693
1203,0.970749
1204,0.970772
1205,0.970635
1206,0.969914
1207,0.967578
1208,0.966021
1209,0.953032
1210,0.980731
1211,0.983669
1212,0.984818
1213,0.980339
1214,0.979067
1215,0.977323
1216,0.980835
1217,0.980324
1218,0.967188
1219,0.966725
1220,0.972505
1221,0.942466
1222,0.934786
1223,0.939567
1224,0.924764
1225,0.946776
1226,0.942581
1227,0.939556
1228,0.951619
1229,0.942083
1230,0.933463
1231,0.940328
1232,0.939243
1233,0.938555
1234,0.937994
1235,0.901714
1236,0.91016
1237,0.933541
1238,0.935138
1239,0.931232
1240,0.953036
1241,0.931594
1242,0.941563
1243,0.939914
1244,0.950959
1245,0.930226
1246,0.927021
1247,0.93163
1248,0.937184
1249,0.895016
1250,0.900965
1251,0.853493
1252,0.851356
1253,0.853248
1254,0.850295
1255,0.84874
1256,0.85597
1257,0.83082
1258,0.839597
1259,0.840594
1260,0.820842
1261,0.812428
1262,0.780681
1263,0.773338
1264,0.734697
1265,0.724272
1266,0.714685
1267,0.658666
1268,0.652298
1269,0.716407
1270,0.688474
1271,0.62657
1272,0.562256
1273,0.613694
1274,0.608214
1275,0.588555
1276,0.562618
1277,0.577175
1278,0.550076
1279,0.552243
1280,0.517228
1281,0.515837
1282,0.525898
1283,0.422245
1284,0.42593
1285,0.429484
1286,0.41294
1287,0.43927
1288,0.41218
1289,0.325757
1290,0.339118
1291,0.412381
1292,0.235002
1293,0.249347
1294,0.256187
1295,0.233164
1296,0.26313
1297,0.332832
1298,0.311782
1299,0.305391
1300,0.338547
1301,0.371521
1302,0.374468
1303,0.349627
1304,0.401279
1305,0.448365
1306,0.482255
1307,0.505975
1308,0.538172
1309,0.526655
1310,0.532084
1311,0.526719
1312,0.546833
1313,0.497875
1314,0.520374
1315,0.497167
1316,0.572632
1317,0.558175
1318,0.56708
1319,0.535837
1320,0.567281
1321,0.705388
1322,0.693534
1323,0.664581
1324,0.676914
1325,0.693768
1326,0.685163
1327,0.720417
1328,0.76609
1329,0.859718
1330,0.899812
1331,0.882836
1332,0.890168
1333,0.915418
1334,0.893174
1335,0.915392
1336,0.899618
1337,0.846242
1338,0.874136
1339,0.867071
1340,0.874027
1341,0.875007
1342,0.902181
1343,0.890692
1344,0.896295
1345,0.901708
1346,0.899855
1347,0.90732
1348,0.91857
1349,0.926032
1350,0.928127
1351,0.947365
1352,0.944219
1353,0.944037
