1,0.924514
2,0.928579
3,0.939563
4,0.945532
5,0.947097
6,0.945714
7,0.932603
8,0.931645
9,0.929877
10,0.930802
11,0.919809
12,0.925071
13,0.942522
14,0.93878
15,0.935769
16,0.934307
17,0.924897
18,0.940934
19,0.929798
20,0.940997
21,0.954015
22,0.952845
23,0.953573
24,0.95059
25,0.959939
26,0.960067
27,0.960497
28,0.963489
29,0.964167
30,0.969344
31,0.969433
32,0.969023
33,0.968923
34,0.966711
35,0.963484
36,0.96576
37,0.965967
38,0.959493
39,0.962657
40,0.964949
41,0.964554
42,0.965869
43,0.9658
44,0.964029
45,0.966059
46,0.966912
47,0.963246
48,0.966503
49,0.961671
50,0.960102
51,0.949541
52,0.916247
53,0.910575
54,0.919718
55,0.906641
56,0.907759
57,0.917132
58,0.916577
59,0.90814
60,0.90466
61,0.873699
62,0.872897
63,0.884181
64,0.878138
65,0.850308
66,0.93086
67,0.936761
68,0.949908
69,0.958749
70,0.967574
71,0.956184
72,0.950151
73,0.934327
74,0.944718
75,0.938403
76,0.929477
77,0.924726
78,0.922241
79,0.922137
80,0.922142
81,0.8664
82,0.869762
83,0.862432
84,0.867744
85,0.853035
86,0.835423
87,0.848207
88,0.880005
89,0.878145
90,0.875982
91,0.872476
92,0.797533
93,0.791324
94,0.881052
95,0.892746
96,0.850792
97,0.814408
98,0.869485
99,0.854351
100,0.969309
101,0.957578
102,0.959538
103,0.948431
104,0.860899
105,0.878468
106,0.907148
107,0.890783
108,0.97102
109,0.864981
110,0.897683
111,0.892371
112,0.897687
113,0.906051
114,0.925151
115,0.939916
116,0.933275
117,0.967015
118,0.94438
119,0.942651
120,0.928449
121,0.928955
122,0.922477
123,0.911637
124,0.883973
125,0.88467
126,0.813242
127,0.87626
128,0.889739
129,0.897293
130,0.958403
131,0.973514
132,0.949643
133,0.966913
134,0.914128
135,0.930932
136,0.899884
137,0.901002
138,0.936265
139,0.94084
140,0.93885
141,0.933329
142,0.922244
143,0.928416
144,0.929064
145,0.927863
146,0.944107
147,0.928513
148,0.92867
149,0.910185
150,0.900237
151,0.901246
152,0.856184
153,0.849539
154,0.872176
155,0.877622
156,0.872153
157,0.863264
158,0.873501
159,0.88948
160,0.894997
161,0.896297
162,0.885539
163,0.893862
164,0.888704
165,0.89003
166,0.906746
167,0.896336
168,0.908714
169,0.884813
170,0.884942
171,0.879946
172,0.849558
173,0.832699
174,0.834406
175,0.851446
176,0.816958
177,0.464259
178,0.443891
179,0.500448
180,0.510282
181,0.449434
182,0.59322
183,0.649562
184,0.464428
185,0.430424
186,0.405992
187,0.331189
188,0.217754
189,0.694436
190,0.58792
191,0.680282
192,0.868786
193,0.940965
194,0.913603
195,0.882568
196,0.87974
197,0.883754
198,0.856463
199,0.886918
200,0.935197
201,0.956144
202,0.960223
203,0.925483
204,0.93398
205,0.941948
206,0.940571
207,0.919894
208,0.909817
209,0.91312
210,0.926689
211,0.90358
212,0.904355
213,0.924843
214,0.924837
215,0.915363
216,0.914138
217,0.89201
218,0.861956
219,0.875691
220,0.876653
221,0.891349
222,0.887632
223,0.912302
224,0.908683
225,0.909425
226,0.889552
227,0.88258
228,0.873766
229,0.913295
230,0.915181
231,0.916083
232,0.915198
233,0.569576
234,0.314825
235,0.172434
236,0.225478
237,0.092249
238,0.281491
239,0.035079
240,0.047554
241,0.243943
242,0.235782
243,0.115119
244,0.117004
245,0.122803
246,0.196344
247,0.172154
248,0.301402
249,0.381881
250,0.210872
251,0.354328
252,0.330267
253,0.36161
254,0.290176
255,0.289075
256,0.325288
257,0.28171
258,0.319272
259,0.21407
260,0.177052
261,0.762605
262,0.918177
263,0.91682
264,0.926852
265,0.923551
266,0.954074
267,0.958437
268,0.951031
269,0.945364
270,0.95006
271,0.956915
272,0.957638
273,0.96161
274,0.966981
275,0.966712
276,0.962821
277,0.953388
278,0.942641
279,0.959834
280,0.966917
281,0.967387
282,0.971395
283,0.967027
284,0.966685
285,0.951631
286,0.957003
287,0.966887
288,0.965519
289,0.965136
290,0.949831
291,0.953199
292,0.920533
293,0.925081
294,0.927643
295,0.936513
296,0.922928
297,0.928347
298,0.955956
299,0.947527
300,0.938267
301,0.95154
302,0.960447
303,0.96225
304,0.947504
305,0.957485
306,0.951509
307,0.942213
308,0.940605
309,0.946162
310,0.945914
311,0.945006
312,0.935712
313,0.952629
314,0.952484
315,0.95181
316,0.948715
317,0.953408
318,0.950005
319,0.942665
320,0.955252
321,0.964453
322,0.951152
323,0.954701
324,0.861982
325,0.902992
326,0.879587
327,0.877989
328,0.880065
329,0.872161
330,0.903879
331,0.922947
332,0.930677
333,0.940276
334,0.940829
335,0.939468
336,0.938909
337,0.865395
338,0.861253
339,0.979843
340,0.976762
341,0.780527
342,0.975921
343,0.976922
344,0.97594
345,0.835514
346,0.909325
347,0.589526
348,0.828905
349,0.629522
350,0.825286
351,0.697487
352,0.662758
353,0.774086
354,0.75886
355,0.600771
356,0.707674
357,0.653623
358,0.418398
359,0.371918
360,0.441098
361,0.810424
362,0.822401
363,0.643336
364,0.582595
365,0.642894
366,0.558926
367,0.872173
368,0.821439
369,0.772478
370,0.772344
371,0.804404
372,0.808754
373,0.877756
374,0.886934
375,0.866969
376,0.834871
377,0.866906
378,0.878191
379,0.883874
380,0.896184
381,0.880326
382,0.890211
383,0.898542
384,0.907628
385,0.91153
386,0.908498
387,0.906442
388,0.894972
389,0.899209
390,0.889858
391,0.914109
392,0.920648
393,0.890249
394,0.882366
395,0.88823
396,0.881437
397,0.879191
398,0.89162
399,0.907657
400,0.906631
401,0.916206
402,0.899801
403,0.905392
404,0.911223
405,0.92409
406,0.913675
407,0.91058
408,0.911273
409,0.908332
410,0.919638
411,0.909593
412,0.889917
413,0.898986
414,0.897242
415,0.888691
416,0.902373
417,0.887014
418,0.900942
419,0.907807
420,0.934642
421,0.93052
422,0.913366
423,0.911786
424,0.920417
425,0.973489
426,0.96496
427,0.828927
428,0.800519
429,0.835896
430,0.822512
431,0.833407
432,0.829973
433,0.74933
434,0.806103
435,0.880077
436,0.832712
437,0.97841
438,0.704241
439,0.740908
440,0.755694
441,0.758401
442,0.688712
443,0.813642
444,0.718167
445,0.704206
446,0.759838
447,0.712601
448,0.772601
449,0.802054
450,0.787427
451,0.981539
452,0.98299
453,0.983799
454,0.978658
455,0.981425
456,0.829705
457,0.868032
458,0.36274
459,0.25899
460,0.060209
461,0.005311
462,0.004619
463,0.00571
464,0.004813
465,0.005695
466,0.008197
467,0.015596
468,0.417186
469,0.394789
470,0.44705
471,0.432078
472,0.55
473,0.654942
474,0.645126
475,0.668592
476,0.523816
477,0.581261
478,0.472345
479,0.72287
480,0.490836
481,0.505662
482,0.4982
483,0.542573
484,0.524975
485,0.391908
486,0.241137
487,0.89199
488,0.904841
489,0.791643
490,0.754597
491,0.331363
492,0.847769
493,0.851876
494,0.806008
495,0.830766
496,0.801641
497,0.914648
498,0.898643
499,0.697253
500,0.87724
501,0.803985
502,0.629494
503,0.689148
504,0.815009
505,0.712559
506,0.794651
507,0.730665
508,0.743118
509,0.773276
510,0.75076
511,0.702045
512,0.705275
513,0.632144
514,0.714095
515,0.712564
516,0.836432
517,0.809052
518,0.798894
519,0.835808
520,0.626641
521,0.716834
522,0.757563
523,0.803289
524,0.808482
525,0.651034
526,0.608023
527,0.475302
528,0.557092
529,0.556511
530,0.563293
531,0.815448
532,0.675907
533,0.759367
534,0.75421
535,0.813494
536,0.924808
537,0.865646
538,0.870672
539,0.891653
540,0.868366
541,0.847314
542,0.861207
543,0.89118
544,0.914376
545,0.920421
546,0.93193
547,0.933614
548,0.937686
549,0.852548
550,0.169803
551,0.719084
552,0.800111
553,0.565388
554,0.746606
555,0.783819
556,0.860502
557,0.851985
558,0.84366
559,0.821784
560,0.782882
561,0.78959
562,0.767595
563,0.676545
564,0.678909
565,0.467967
566,0.460498
567,0.297854
568,0.596449
569,0.932396
570,0.962401
571,0.933195
572,0.927978
573,0.940946
574,0.943586
575,0.953844
576,0.954043
577,0.955415
578,0.968691
579,0.967797
580,0.96011
581,0.964883
582,0.964113
583,0.965202
584,0.960165
585,0.956707
586,0.946482
587,0.943174
588,0.946265
589,0.950949
590,0.845515
591,0.909866
592,0.945639
593,0.952138
594,0.966263
595,0.964714
596,0.961354
597,0.961971
598,0.963845
599,0.964012
600,0.963997
601,0.951285
602,0.952505
603,0.962181
604,0.962367
605,0.95962
606,0.958057
607,0.966531
608,0.970005
609,0.957033
610,0.962914
611,0.958892
612,0.958475
613,0.959397
614,0.664128
615,0.463759
616,0.355341
617,0.893408
618,0.666806
619,0.702408
620,0.749178
621,0.628846
622,0.720917
623,0.695542
624,0.719498
625,0.716463
626,0.656807
627,0.704894
628,0.728559
629,0.707925
630,0.814599
631,0.772138
632,0.733714
633,0.750842
634,0.583753
635,0.619518
636,0.660266
637,0.679585
638,0.721073
639,0.738969
640,0.721157
641,0.760227
642,0.551635
643,0.616348
644,0.493139
645,0.476315
646,0.51727
647,0.521161
648,0.500239
649,0.51888
650,0.507647
651,0.533557
652,0.572234
653,0.551932
654,0.495326
655,0.550288
656,0.519464
657,0.666395
658,0.633173
659,0.559577
660,0.700107
661,0.295542
662,0.299891
663,0.521583
664,0.945192
665,0.825421
666,0.836794
667,0.867879
668,0.833869
669,0.883989
670,0.836172
671,0.677404
672,0.72459
673,0.663038
674,0.602838
675,0.650955
676,0.669758
677,0.737073
678,0.776321
679,0.717787
680,0.930753
681,0.34304
682,0.120403
683,0.32634
684,0.349007
685,0.539243
686,0.391715
687,0.428227
688,0.420939
689,0.450531
690,0.372513
691,0.502394
692,0.504169
693,0.685025
694,0.340848
695,0.775881
696,0.787062
697,0.615634
698,0.619738
699,0.578729
700,0.610552
701,0.528055
702,0.516468
703,0.477545
704,0.410619
705,0.337913
706,0.274508
707,0.219075
708,0.935529
709,0.911238
710,0.920653
711,0.792316
712,0.811494
713,0.795114
714,0.790322
715,0.870677
716,0.904531
717,0.9157
718,0.920251
719,0.926881
720,0.933993
721,0.921716
722,0.895076
723,0.901492
724,0.911488
725,0.898922
726,0.901966
727,0.902105
728,0.904155
729,0.891876
730,0.914575
731,0.861126
732,0.874375
733,0.874707
734,0.849568
735,0.69493
736,0.767288
737,0.738602
738,0.810038
739,0.903144
740,0.629628
741,0.70553
742,0.773435
743,0.914833
744,0.929669
745,0.907593
746,0.912826
747,0.913654
748,0.921803
749,0.900052
750,0.905199
751,0.922398
752,0.902976
753,0.901337
754,0.897614
755,0.893511
756,0.906786
757,0.825342
758,0.888403
759,0.898566
760,0.883837
761,0.876448
762,0.933019
763,0.926014
764,0.905476
765,0.795347
766,0.512
767,0.828904
768,0.412275
769,0.841154
770,0.833139
771,0.844772
772,0.852541
773,0.887178
774,0.813924
775,0.372414
776,0.076421
777,0.117393
778,0.105395
779,0.106469
780,0.092563
781,0.264588
782,0.395282
783,0.259501
784,0.389449
785,0.197959
786,0.26107
787,0.216219
788,0.218843
789,0.184065
790,0.456808
791,0.524011
792,0.65209
793,0.953101
794,0.920056
795,0.928101
796,0.974368
797,0.975921
798,0.97396
799,0.970586
800,0.971036
801,0.972654
802,0.974642
803,0.974151
804,0.977561
805,0.975729
806,0.973508
807,0.872424
808,0.872506
809,0.913561
810,0.869321
811,0.955813
812,0.961003
813,0.966953
814,0.942081
815,0.925634
816,0.888922
817,0.935822
818,0.916736
819,0.950755
820,0.823086
821,0.913647
822,0.872755
823,0.851892
824,0.883482
825,0.846411
826,0.877909
827,0.971716
828,0.936292
829,0.591892
830,0.479514
831,0.539096
832,0.907936
833,0.914503
834,0.892693
835,0.848545
836,0.673593
837,0.730609
838,0.7977
839,0.840126
840,0.557385
841,0.205033
842,0.194955
843,0.391689
844,0.368208
845,0.277201
846,0.147524
847,0.170795
848,0.265986
849,0.538831
850,0.492712
851,0.472534
852,0.449378
853,0.435624
854,0.567803
855,0.761359
856,0.566359
857,0.051885
858,0.294896
859,0.169528
860,0.282622
861,0.170562
862,0.467957
863,0.505595
864,0.663904
865,0.294491
866,0.357343
867,0.642945
868,0.652973
869,0.360018
870,0.164971
871,0.625031
872,0.75232
873,0.704735
874,0.690186
875,0.731351
876,0.543503
877,0.434148
878,0.55967
879,0.423807
880,0.227038
881,0.232881
882,0.108865
883,0.070946
884,0.058653
885,0.055207
886,0.078723
887,0.075715
888,0.161299
889,0.13043
890,0.224468
891,0.091213
892,0.236438
893,0.311463
894,0.229043
895,0.104105
896,0.103688
897,0.069206
898,0.252185
899,0.268331
900,0.514022
901,0.334597
902,0.163091
903,0.127599
904,0.272268
905,0.37305
906,0.581883
907,0.284518
908,0.000281
909,0.039483
910,0.018122
911,0.004292
912,0.012397
913,0.002225
914,0.199039
915,0.098147
916,0.042755
917,0.021682
918,0.017396
919,0.040705
920,0.029815
921,0.035965
922,0.011706
923,0.013221
924,0.009785
925,0.013237
926,0.015947
927,0.267457
928,0.407354
929,0.614402
930,0.892075
931,0.847994
932,0.88189
933,0.820386
934,0.813875
935,0.803082
936,0.818632
937,0.921867
938,0.930347
939,0.94776
940,0.937827
941,0.937529
942,0.968987
943,0.96653
944,0.931526
945,0.89158
946,0.969121
947,0.970331
948,0.967492
949,0.96369
950,0.955983
951,0.962701
952,0.962889
953,0.960449
954,0.950643
955,0.891815
956,0.915354
957,0.535732
958,0.205024
959,0.250136
960,0.533805
961,0.486956
962,0.412262
963,0.242094
964,0.538609
965,0.532156
966,0.565757
967,0.53742
968,0.500577
969,0.410705
970,0.29407
971,0.309168
972,0.376447
973,0.346147
974,0.2137
975,0.170792
976,0.152247
977,0.345962
978,0.263548
979,0.389195
980,0.530074
981,0.665344
982,0.940311
983,0.955737
984,0.893712
985,0.926307
986,0.933912
987,0.932281
988,0.93076
989,0.943263
990,0.960524
991,0.966583
992,0.970013
993,0.909335
994,0.906799
995,0.972796
996,0.972724
997,0.977529
998,0.979103
999,0.977615
1000,0.977861
1001,0.98087
1002,0.893403
1003,0.980113
1004,0.894367
1005,0.88103
1006,0.796331
1007,0.21527
1008,0.121284
1009,0.200448
1010,0.257293
1011,0.203124
1012,0.207225
1013,0.228015
1014,0.201067
1015,0.247765
1016,0.255545
1017,0.231734
1018,0.193369
1019,0.189916
1020,0.342324
1021,0.919833
1022,0.959858
1023,0.958519
1024,0.968309
1025,0.965731
1026,0.965444
1027,0.911789
1028,0.887096
1029,0.958116
1030,0.965902
1031,0.966538
1032,0.965888
1033,0.966038
1034,0.959367
1035,0.957667
1036,0.960091
1037,0.960324
1038,0.961445
1039,0.971449
1040,0.972281
1041,0.975117
1042,0.970028
1043,0.970138
1044,0.96849
1045,0.945021
1046,0.591804
1047,0.013545
1048,0.038085
1049,0.002033
1050,0.028576
1051,0.018646
1052,0.022235
1053,0.034188
1054,0.004982
1055,0.005407
1056,0.002219
1057,0.002804
1058,0.003319
1059,0.002466
1060,0.003081
1061,0.003226
1062,0.002643
1063,0.031243
1064,0.003641
1065,0.003686
1066,0.004911
1067,0.006368
1068,0.007501
1069,0.006404
1070,0.006412
1071,0.010128
1072,0.010953
1073,0.016397
1074,0.019792
1075,0.01557
1076,0.011543
1077,0.017194
1078,0.002586
1079,0.002029
1080,0.001961
1081,0.002462
1082,0.004156
1083,0.003403
1084,0.017112
1085,0.046276
1086,0.814822
1087,0.858204
1088,0.94415
1089,0.911213
1090,0.906868
1091,0.937549
1092,0.952074
1093,0.953072
1094,0.956829
1095,0.931233
1096,0.9407
1097,0.887795
1098,0.923524
1099,0.961014
1100,0.962275
1101,0.924092
1102,0.934085
1103,0.917673
1104,0.883084
1105,0.815075
1106,0.915157
1107,0.841855
1108,0.787794
1109,0.886095
1110,0.887471
1111,0.896811
1112,0.910805
1113,0.902077
1114,0.898845
1115,0.891965
1116,0.895773
1117,0.851024
1118,0.836773
1119,0.810637
1120,0.806163
1121,0.807448
1122,0.808441
1123,0.846083
1124,0.844131
1125,0.850345
1126,0.829381
1127,0.892386
1128,0.943309
1129,0.938116
1130,0.93022
1131,0.895302
1132,0.306225
1133,0.161281
1134,0.039674
1135,0.209075
1136,0.094184
1137,0.112431
1138,0.125515
1139,0.182115
1140,0.237198
1141,0.177265
1142,0.200874
1143,0.244335
1144,0.234295
1145,0.190713
1146,0.236065
1147,0.790468
1148,0.90545
1149,0.740379
1150,0.779147
1151,0.827401
1152,0.847299
1153,0.855545
1154,0.942456
1155,0.96304
1156,0.957537
1157,0.968903
1158,0.952877
1159,0.950128
1160,0.939444
1161,0.953238
1162,0.947603
1163,0.955604
