1,0.90543
2,0.922555
3,0.918076
4,0.926046
5,0.90494
6,0.932267
7,0.929666
8,0.885602
9,0.918659
10,0.915629
11,0.896596
12,0.885026
13,0.897659
14,0.905802
15,0.874829
16,0.940343
17,0.923617
18,0.915565
19,0.89156
20,0.886217
21,0.880434
22,0.879797
23,0.902285
24,0.895938
25,0.940147
26,0.965794
27,0.966182
28,0.965685
29,0.96279
30,0.963562
31,0.960944
32,0.964193
33,0.909591
34,0.917142
35,0.905412
36,0.896735
37,0.968483
38,0.967146
39,0.965136
40,0.966476
41,0.967362
42,0.958998
43,0.959023
44,0.955208
45,0.974832
46,0.957716
47,0.926585
48,0.955906
49,0.972372
50,0.973282
51,0.974849
52,0.971116
53,0.969604
54,0.934018
55,0.960846
56,0.948912
57,0.944072
58,0.950554
59,0.945671
60,0.951945
61,0.951604
62,0.959365
63,0.943827
64,0.91433
65,0.911352
66,0.892348
67,0.884111
68,0.898128
69,0.906432
70,0.892789
71,0.900086
72,0.863979
73,0.841259
74,0.820942
75,0.805363
76,0.801986
77,0.820245
78,0.853593
79,0.870523
80,0.841528
81,0.861402
82,0.868642
83,0.821129
84,0.813712
85,0.702577
86,0.711324
87,0.79627
88,0.787254
89,0.761408
90,0.746161
91,0.758583
92,0.886034
93,0.897313
94,0.875772
95,0.879058
96,0.854703
97,0.812065
98,0.836392
99,0.810445
100,0.772261
101,0.833598
102,0.841874
103,0.864948
104,0.854676
105,0.846568
106,0.845183
107,0.835472
108,0.886547
109,0.869236
110,0.878064
111,0.846663
112,0.840764
113,0.881449
114,0.887485
115,0.885851
116,0.876735
117,0.873541
118,0.86821
119,0.846571
120,0.860608
121,0.879379
122,0.869716
123,0.841502
124,0.809892
125,0.855894
126,0.887814
127,0.819913
128,0.901275
129,0.901154
130,0.799734
131,0.794961
132,0.769963
133,0.684836
134,0.869022
135,0.830096
136,0.937722
137,0.914376
138,0.935417
139,0.951017
140,0.959238
141,0.969223
142,0.958448
143,0.947362
144,0.947424
145,0.974979
146,0.965297
147,0.966817
148,0.970056
149,0.962109
150,0.968755
151,0.971718
152,0.972925
153,0.977323
154,0.971706
155,0.972723
156,0.972975
157,0.971381
158,0.962754
159,0.959872
160,0.970909
161,0.964739
162,0.973047
163,0.95989
164,0.950754
165,0.954209
166,0.956435
167,0.950174
168,0.897093
169,0.897666
170,0.898723
171,0.910724
172,0.915433
173,0.917647
174,0.923218
175,0.931623
176,0.917639
177,0.917981
178,0.919133
179,0.893929
180,0.402966
181,0.160461
182,0.247891
183,0.344326
184,0.624164
185,0.800144
186,0.436472
187,0.24978
188,0.364558
189,0.412423
190,0.519986
191,0.609808
192,0.599735
193,0.699221
194,0.635334
195,0.522605
196,0.391994
197,0.381614
198,0.356717
199,0.318402
200,0.41653
201,0.316624
202,0.272168
203,0.360468
204,0.368064
205,0.524253
206,0.660928
207,0.681773
208,0.619048
209,0.584823
210,0.566544
211,0.598238
212,0.626637
213,0.605288
214,0.651271
215,0.539814
216,0.529608
217,0.301068
218,0.391419
219,0.437746
220,0.49285
221,0.555742
222,0.866645
223,0.93172
224,0.97119
225,0.972713
226,0.971306
227,0.976959
228,0.976604
229,0.975427
230,0.981644
231,0.981428
232,0.980623
233,0.982894
234,0.979868
235,0.954474
236,0.96652
237,0.969403
238,0.976473
239,0.973191
240,0.968205
241,0.980716
242,0.956838
243,0.984394
244,0.984847
245,0.983786
246,0.985809
247,0.987138
248,0.987721
249,0.978594
250,0.98682
251,0.985947
252,0.986332
253,0.986097
254,0.988755
255,0.98328
256,0.983696
257,0.989538
258,0.983693
259,0.990393
260,0.985279
261,0.9838
262,0.981303
263,0.981924
264,0.980342
265,0.984157
266,0.981975
267,0.98108
268,0.978008
269,0.978955
270,0.978
271,0.986162
272,0.986982
273,0.988861
274,0.988653
275,0.987322
276,0.986681
277,0.987289
278,0.986521
279,0.981435
280,0.809831
281,0.789771
282,0.714317
283,0.675567
284,0.495946
285,0.568915
286,0.565697
287,0.573541
288,0.591366
289,0.551668
290,0.447913
291,0.517954
292,0.587641
293,0.807947
294,0.735664
295,0.432467
296,0.442107
297,0.484376
298,0.538661
299,0.496835
300,0.436638
301,0.502157
302,0.515189
303,0.496343
304,0.379249
305,0.369378
306,0.38067
307,0.884603
308,0.763113
309,0.791753
310,0.965933
311,0.899343
312,0.980932
313,0.981641
314,0.982906
315,0.977131
316,0.976578
317,0.971152
318,0.972214
319,0.969322
320,0.959377
321,0.959028
322,0.941954
323,0.950395
324,0.937047
325,0.944844
326,0.923707
327,0.930061
328,0.967033
329,0.930617
330,0.362483
331,0.266401
332,0.130092
333,0.05748
334,0.035027
335,0.374605
336,0.297981
337,0.196686
338,0.14338
339,0.095869
340,0.098674
341,0.107836
342,0.090654
343,0.073635
344,0.056769
345,0.069414
346,0.10786
347,0.02841
348,0.021312
349,0.185752
350,0.188623
351,0.289876
352,0.457824
353,0.532507
354,0.436486
355,0.593136
356,0.63466
357,0.68748
358,0.40602
359,0.606075
360,0.877917
361,0.852678
362,0.77368
363,0.665738
364,0.624832
365,0.440094
366,0.726332
367,0.886874
368,0.638576
369,0.587763
370,0.729652
371,0.815794
372,0.850643
373,0.869267
374,0.91378
375,0.93887
376,0.947802
377,0.951171
378,0.956117
379,0.967939
380,0.968965
381,0.963074
382,0.958067
383,0.983399
384,0.981783
385,0.986277
386,0.984928
387,0.985858
388,0.985331
389,0.98298
390,0.981
391,0.961989
392,0.958837
393,0.961982
394,0.960303
395,0.962339
396,0.967858
397,0.972626
398,0.974419
399,0.970018
400,0.940614
401,0.949263
402,0.925687
403,0.939564
404,0.944001
405,0.933736
406,0.947864
407,0.923382
408,0.938196
409,0.924579
410,0.929613
411,0.972251
412,0.974242
413,0.974654
414,0.970257
415,0.95466
416,0.953801
417,0.879043
418,0.85785
419,0.792115
420,0.278199
421,0.059896
422,0.005579
423,0.008205
424,0.011244
425,0.007701
426,0.005943
427,0.007146
428,0.00984
429,0.007432
430,0.013415
431,0.017064
432,0.183407
433,0.377501
434,0.388004
435,0.342092
436,0.32909
437,0.321374
438,0.331079
439,0.242499
440,0.406314
441,0.322158
442,0.456502
443,0.500228
444,0.365962
445,0.484184
446,0.579621
447,0.744736
448,0.912611
449,0.770309
450,0.569892
451,0.906715
452,0.795594
453,0.743359
454,0.815275
455,0.809635
456,0.788705
457,0.84516
458,0.815875
459,0.84643
460,0.807593
461,0.860488
462,0.831624
463,0.844612
464,0.842967
465,0.953975
466,0.951442
467,0.95121
468,0.768891
469,0.70814
470,0.645261
471,0.617842
472,0.555419
473,0.721394
474,0.702424
475,0.70652
476,0.518606
477,0.57751
478,0.553586
479,0.534968
480,0.453632
481,0.552799
482,0.539671
483,0.469446
484,0.529853
485,0.591045
486,0.595007
487,0.494759
488,0.613137
489,0.662658
490,0.570598
491,0.674864
492,0.685928
493,0.577941
494,0.577151
495,0.655761
496,0.678664
497,0.406901
498,0.541998
499,0.593072
500,0.450082
501,0.517542
502,0.78084
503,0.942685
504,0.694469
505,0.799995
506,0.812754
507,0.846595
508,0.785191
509,0.852884
510,0.776975
511,0.811989
512,0.811658
513,0.811977
514,0.852945
515,0.869394
516,0.90533
517,0.948562
518,0.938513
519,0.809283
520,0.878829
521,0.832958
522,0.109874
523,0.056389
524,0.242028
525,0.462685
526,0.664112
527,0.659303
528,0.638898
529,0.637287
530,0.400146
531,0.357085
532,0.20888
533,0.137238
534,0.096511
535,0.301696
536,0.728345
537,0.601708
538,0.733016
539,0.492286
540,0.843899
541,0.888141
542,0.930729
543,0.871771
544,0.945818
545,0.962386
546,0.961094
547,0.975547
548,0.973161
549,0.976167
550,0.969319
551,0.904047
552,0.158166
553,0.192879
554,0.05298
555,0.477295
556,0.667697
557,0.655953
558,0.66428
559,0.901975
560,0.889355
561,0.734578
562,0.743222
563,0.721104
564,0.660008
565,0.420317
566,0.643108
567,0.674822
568,0.783389
569,0.474448
570,0.529069
571,0.539644
572,0.531096
573,0.609796
574,0.395013
575,0.41888
576,0.397453
577,0.605599
578,0.621356
579,0.704465
580,0.987635
581,0.876949
582,0.86925
583,0.810187
584,0.807241
585,0.792611
586,0.821111
587,0.779325
588,0.721804
589,0.616517
590,0.610196
591,0.462125
592,0.415827
593,0.477104
594,0.577454
595,0.58527
596,0.627575
597,0.583131
598,0.570645
599,0.631152
600,0.517061
601,0.484263
602,0.457828
603,0.45828
604,0.510745
605,0.57063
606,0.483329
607,0.628508
608,0.734289
609,0.652176
610,0.687337
611,0.661581
612,0.711484
613,0.740435
614,0.781888
615,0.850716
616,0.748815
617,0.925896
618,0.951261
619,0.94842
620,0.983595
621,0.979765
622,0.976706
623,0.979263
624,0.982359
625,0.979498
626,0.978506
627,0.978842
628,0.978937
629,0.983756
630,0.981266
631,0.979281
632,0.98016
633,0.980129
634,0.981652
635,0.97881
636,0.915625
637,0.403402
638,0.355906
639,0.274681
640,0.560546
641,0.593561
642,0.432093
643,0.486898
644,0.462462
645,0.920852
646,0.963756
647,0.941551
648,0.945809
649,0.959465
650,0.966458
651,0.953214
652,0.974773
653,0.976128
654,0.959044
655,0.957622
656,0.962311
657,0.962452
658,0.963158
659,0.961855
660,0.955094
661,0.948337
662,0.965091
663,0.96106
664,0.963301
665,0.930499
666,0.961798
667,0.933065
668,0.923656
669,0.944046
670,0.841475
671,0.856796
672,0.689411
673,0.870717
674,0.889834
675,0.900322
676,0.896499
677,0.926911
678,0.941009
679,0.928576
680,0.925344
681,0.931709
682,0.952775
683,0.953319
684,0.947643
685,0.848251
686,0.856109
687,0.867655
688,0.838126
689,0.809015
690,0.865459
691,0.833863
692,0.903817
693,0.913465
694,0.911075
695,0.889862
696,0.863373
697,0.852277
698,0.954463
699,0.474934
700,0.359164
701,0.379301
702,0.524384
703,0.361266
704,0.426619
705,0.572327
706,0.776276
707,0.817694
708,0.793105
709,0.763891
710,0.662846
711,0.688433
712,0.937715
713,0.924818
714,0.725526
715,0.825195
716,0.847114
717,0.847589
718,0.840413
719,0.86868
720,0.765003
721,0.764803
722,0.78358
723,0.822775
724,0.830321
725,0.79996
726,0.823786
727,0.826365
728,0.91514
729,0.813746
730,0.927323
731,0.877275
732,0.892997
733,0.913232
734,0.949399
735,0.958298
736,0.97151
737,0.973348
738,0.971443
739,0.93255
740,0.968652
741,0.962232
742,0.965111
743,0.937789
744,0.934388
745,0.950908
746,0.972761
747,0.970293
748,0.981884
749,0.979619
750,0.975342
751,0.977562
752,0.980777
753,0.98362
754,0.983906
755,0.975281
756,0.965129
757,0.988956
758,0.989836
759,0.98799
760,0.986545
761,0.950085
762,0.950505
763,0.948593
764,0.950158
765,0.952061
766,0.988555
767,0.956853
768,0.978892
769,0.980874
770,0.981697
771,0.982127
772,0.98226
773,0.983631
774,0.9825
775,0.980407
776,0.97754
777,0.973953
778,0.978141
779,0.974257
780,0.975566
781,0.975041
782,0.974277
783,0.972416
784,0.972869
785,0.933773
786,0.469495
787,0.31897
788,0.303472
789,0.220244
790,0.34868
791,0.367273
792,0.377492
793,0.642923
794,0.76257
795,0.771863
796,0.703507
797,0.712586
798,0.703538
799,0.751557
800,0.551405
801,0.520552
802,0.528405
803,0.576962
804,0.539592
805,0.636594
806,0.65189
807,0.713969
808,0.658815
809,0.606403
810,0.513781
811,0.581571
812,0.550718
813,0.634431
814,0.674046
815,0.872484
816,0.955452
817,0.967813
818,0.960823
819,0.975508
820,0.980425
821,0.976432
822,0.976518
823,0.976002
824,0.973189
825,0.969299
826,0.971281
827,0.963363
828,0.975252
829,0.971132
830,0.971997
831,0.971143
832,0.969693
833,0.962398
834,0.97115
835,0.972482
836,0.965976
837,0.969015
838,0.971117
839,0.968526
840,0.969868
841,0.973625
842,0.974589
843,0.975309
844,0.973877
845,0.971332
846,0.974725
847,0.974554
848,0.969151
849,0.957621
850,0.961507
851,0.962282
852,0.975876
853,0.972224
854,0.967452
855,0.966331
856,0.961429
857,0.964015
858,0.967689
859,0.962436
860,0.969317
861,0.967847
