1,0.949146
2,0.957588
3,0.959004
4,0.947566
5,0.954286
6,0.943734
7,0.950003
8,0.952222
9,0.96611
10,0.939462
11,0.965158
12,0.966306
13,0.973723
14,0.97212
15,0.953725
16,0.945137
17,0.917686
18,0.900343
19,0.869064
20,0.903938
21,0.831381
22,0.848411
23,0.866931
24,0.922103
25,0.906514
26,0.896719
27,0.917878
28,0.946072
29,0.952426
30,0.956295
31,0.758164
32,0.739099
33,0.713119
34,0.693212
35,0.662998
36,0.690403
37,0.706217
38,0.826665
39,0.854193
40,0.831621
41,0.895022
42,0.908067
43,0.895132
44,0.886478
45,0.827317
46,0.848121
47,0.845422
48,0.767773
49,0.675518
50,0.526441
51,0.629578
52,0.678608
53,0.690801
54,0.936264
55,0.907967
56,0.557671
57,0.708162
58,0.743495
59,0.822968
60,0.859498
61,0.900001
62,0.912549
63,0.923661
64,0.934137
65,0.935993
66,0.946419
67,0.921607
68,0.780484
69,0.843239
70,0.862043
71,0.853896
72,0.89179
73,0.928876
74,0.75981
75,0.813434
76,0.854096
77,0.841465
78,0.842891
79,0.792491
80,0.754111
81,0.793334
82,0.734293
83,0.688763
84,0.62555
85,0.431794
86,0.388707
87,0.479873
88,0.464506
89,0.483544
90,0.561464
91,0.532979
92,0.520413
93,0.604453
94,0.57008
95,0.622043
96,0.595868
97,0.786598
98,0.77976
99,0.762943
100,0.779841
101,0.808416
102,0.92322
103,0.833074
104,0.828521
105,0.853946
106,0.899332
107,0.826887
108,0.862818
109,0.885139
110,0.889666
111,0.882885
112,0.879948
113,0.853481
114,0.785904
115,0.844613
116,0.879527
117,0.877125
118,0.883503
119,0.890043
120,0.897611
121,0.834049
122,0.800315
123,0.835346
124,0.876095
125,0.890373
126,0.894469
127,0.90771
128,0.9102
129,0.900863
130,0.910664
131,0.910272
132,0.920426
133,0.874888
134,0.882843
135,0.887575
136,0.887414
137,0.883177
138,0.95984
139,0.964503
140,0.96009
141,0.961747
142,0.958126
143,0.952715
144,0.944899
145,0.943463
146,0.941585
147,0.942205
148,0.943274
149,0.942349
150,0.939856
151,0.933758
152,0.925718
153,0.925713
154,0.910772
155,0.914884
156,0.658942
157,0.916074
158,0.928612
159,0.892683
160,0.917496
161,0.869675
162,0.917652
163,0.927912
164,0.927609
165,0.934597
166,0.930203
167,0.946366
168,0.938539
169,0.936504
170,0.741582
171,0.748269
172,0.209184
173,0.311051
174,0.231703
175,0.154255
176,0.471341
177,0.621204
178,0.742842
179,0.853455
180,0.789405
181,0.58198
182,0.429672
183,0.36942
184,0.343921
185,0.271514
186,0.283437
187,0.320639
188,0.417535
189,0.43039
190,0.825107
191,0.96357
192,0.923615
193,0.699365
194,0.773304
195,0.710932
196,0.951819
197,0.940542
198,0.9503
199,0.944777
200,0.954548
201,0.955745
202,0.964183
203,0.965826
204,0.95125
205,0.936868
206,0.94982
207,0.933231
208,0.952642
209,0.877234
210,0.849259
211,0.818979
212,0.778625
213,0.796232
214,0.747144
215,0.786574
216,0.773639
217,0.789295
218,0.765283
219,0.69923
220,0.752467
221,0.749202
222,0.836459
223,0.843444
224,0.85019
225,0.855009
226,0.865397
227,0.896641
228,0.864586
229,0.878068
230,0.890198
231,0.872796
232,0.895572
233,0.943728
234,0.830539
235,0.823183
236,0.923123
237,0.886042
238,0.303149
239,0.190662
240,0.654652
241,0.862833
242,0.771716
243,0.711953
244,0.805763
245,0.829843
246,0.844244
247,0.7864
248,0.759629
249,0.734602
250,0.826182
251,0.846954
252,0.773696
253,0.911626
254,0.914627
255,0.911696
256,0.805331
257,0.542211
258,0.338114
259,0.376703
260,0.288924
261,0.267491
262,0.204086
263,0.248039
264,0.20223
265,0.930543
266,0.859765
267,0.876756
268,0.865181
269,0.913851
270,0.933327
271,0.938435
272,0.952935
273,0.960145
274,0.960295
275,0.95946
276,0.965472
277,0.870263
278,0.87246
279,0.950312
280,0.952054
281,0.942507
282,0.952575
283,0.95423
284,0.944958
285,0.875331
286,0.223062
287,0.31021
288,0.295471
289,0.297645
290,0.334828
291,0.32319
292,0.374405
293,0.339499
294,0.33516
295,0.349488
296,0.30512
297,0.261588
298,0.245351
299,0.188449
300,0.203645
301,0.258334
302,0.246031
303,0.458602
304,0.373193
305,0.311857
306,0.198958
307,0.307603
308,0.461066
309,0.593122
310,0.431118
311,0.515166
312,0.356464
313,0.330537
314,0.667277
315,0.900458
316,0.904954
317,0.898473
318,0.908089
319,0.90096
320,0.880298
321,0.837164
322,0.835162
323,0.86928
324,0.863867
325,0.906349
326,0.893951
327,0.898022
328,0.884271
329,0.883329
330,0.887246
331,0.878261
332,0.810806
333,0.85102
334,0.878461
335,0.872084
336,0.868161
337,0.864604
338,0.846921
339,0.8488
340,0.845901
341,0.827572
342,0.846386
343,0.842893
344,0.839412
345,0.823204
346,0.811608
347,0.782208
348,0.779942
349,0.799328
350,0.831507
351,0.848925
352,0.862899
353,0.778608
354,0.768239
355,0.330844
356,0.47169
357,0.792048
358,0.776923
359,0.659283
360,0.672459
361,0.878707
362,0.861663
363,0.79831
364,0.735391
365,0.710937
366,0.797012
367,0.824363
368,0.872132
369,0.828654
370,0.740627
371,0.938296
372,0.927253
373,0.910102
374,0.93748
375,0.945793
376,0.947963
377,0.965653
378,0.968321
379,0.963084
380,0.961111
381,0.966983
382,0.964504
383,0.965807
384,0.961355
385,0.95769
386,0.961136
387,0.965983
388,0.966137
389,0.96858
390,0.961214
391,0.964716
392,0.95872
393,0.94594
394,0.952639
395,0.945069
396,0.948881
397,0.806439
398,0.814903
399,0.817768
400,0.824314
401,0.810793
402,0.800136
403,0.956296
404,0.776542
405,0.811668
406,0.792701
407,0.834938
408,0.810863
409,0.821263
410,0.827438
411,0.842434
412,0.846873
413,0.854888
414,0.803303
415,0.784006
416,0.786808
417,0.764222
418,0.762997
419,0.785496
420,0.787816
421,0.843017
422,0.535237
423,0.442964
424,0.151092
425,0.294791
426,0.445605
427,0.394432
428,0.323704
429,0.219383
430,0.214685
431,0.250926
432,0.292162
433,0.216191
434,0.251468
435,0.303221
436,0.225424
437,0.178847
438,0.318496
439,0.32447
440,0.320506
441,0.386832
442,0.320298
443,0.153457
444,0.210292
445,0.238973
446,0.282412
447,0.237755
448,0.185039
449,0.181253
450,0.266405
451,0.254053
452,0.236477
453,0.341809
454,0.323754
455,0.463138
456,0.472251
457,0.487127
458,0.459776
459,0.489066
460,0.397601
461,0.63989
462,0.908915
463,0.772424
464,0.887427
465,0.862407
466,0.833669
467,0.844051
468,0.809829
469,0.853587
470,0.838932
471,0.851534
472,0.849299
473,0.891235
474,0.864378
475,0.869872
476,0.856596
477,0.846584
478,0.837417
479,0.858055
480,0.865604
481,0.805116
482,0.815533
483,0.821973
484,0.792761
485,0.839937
486,0.831625
487,0.751674
488,0.764824
489,0.757825
490,0.759357
491,0.754345
492,0.785306
493,0.713045
494,0.709497
495,0.731273
496,0.74784
497,0.695383
498,0.699346
499,0.679099
500,0.689202
501,0.635184
502,0.665487
503,0.721128
504,0.768937
505,0.627807
506,0.696169
507,0.623416
508,0.650831
509,0.661032
510,0.657158
511,0.663089
512,0.691739
513,0.690252
514,0.230579
515,0.051581
516,0.149933
517,0.232717
518,0.517615
519,0.527227
520,0.623092
521,0.648833
522,0.675395
523,0.643296
524,0.65009
525,0.627265
526,0.450678
527,0.554698
528,0.383545
529,0.423604
530,0.550732
531,0.535674
532,0.605648
533,0.649562
534,0.617746
535,0.628399
536,0.703765
537,0.713321
538,0.783214
539,0.735142
540,0.686558
541,0.664911
542,0.629097
543,0.672788
544,0.782722
545,0.955815
546,0.864983
547,0.891634
548,0.930442
549,0.928057
550,0.948086
551,0.94084
552,0.934253
553,0.955103
554,0.957063
555,0.949999
556,0.948113
557,0.954765
558,0.954885
559,0.95538
560,0.957989
561,0.952597
562,0.812314
563,0.757169
564,0.745115
565,0.758335
566,0.758827
567,0.791373
568,0.755149
569,0.82917
570,0.940134
571,0.931663
572,0.929723
573,0.936697
574,0.933965
575,0.953427
576,0.966823
577,0.962195
578,0.9631
579,0.949871
580,0.949686
581,0.945552
582,0.94878
583,0.94149
584,0.940269
585,0.946859
586,0.955076
587,0.9568
588,0.961034
589,0.954807
590,0.948712
591,0.939533
592,0.946409
593,0.94369
594,0.940735
595,0.931799
596,0.939645
597,0.945438
598,0.950205
599,0.950406
600,0.952174
601,0.960637
602,0.966467
603,0.963186
604,0.964976
605,0.965192
606,0.961677
607,0.958973
608,0.962354
609,0.964263
610,0.963465
611,0.96486
612,0.953992
613,0.954405
614,0.960333
615,0.965665
616,0.967975
617,0.96382
618,0.9645
619,0.966819
620,0.967412
621,0.971534
622,0.969054
623,0.973806
624,0.974671
625,0.975731
626,0.973384
627,0.97548
628,0.97268
629,0.975038
630,0.977337
631,0.966233
632,0.967341
633,0.965715
634,0.96865
635,0.955376
636,0.950539
637,0.946092
638,0.946002
639,0.93757
640,0.945627
641,0.935041
642,0.918224
643,0.914114
644,0.913318
645,0.906771
646,0.934903
647,0.930434
648,0.923143
649,0.894087
650,0.907432
651,0.884572
652,0.90585
653,0.875432
654,0.898842
655,0.906291
656,0.89914
657,0.915388
658,0.912385
659,0.909853
660,0.899398
661,0.863278
662,0.848643
663,0.850387
664,0.854575
665,0.760148
666,0.79767
667,0.802683
668,0.811949
669,0.808106
670,0.828829
671,0.774081
672,0.69548
673,0.798892
674,0.796152
675,0.800391
676,0.786857
677,0.797236
678,0.692967
679,0.729834
680,0.918825
681,0.672459
682,0.572168
683,0.373291
684,0.499636
685,0.464518
686,0.310661
687,0.174168
688,0.121732
689,0.107353
690,0.146262
691,0.142402
692,0.075935
693,0.137578
694,0.084524
695,0.115371
696,0.122554
697,0.144046
698,0.069892
699,0.140578
700,0.074053
701,0.031834
702,0.025402
703,0.020918
704,0.025999
705,0.022592
706,0.022578
707,0.020635
708,0.021645
709,0.026224
710,0.022525
711,0.031446
712,0.021143
713,0.021321
714,0.024507
715,0.022081
716,0.018762
717,0.022853
718,0.02442
719,0.022148
720,0.032893
721,0.06535
722,0.063513
723,0.02216
724,0.022911
725,0.085128
726,0.184372
727,0.198586
728,0.211902
729,0.292466
730,0.352078
731,0.273325
732,0.285031
733,0.055009
734,0.052766
735,0.054069
736,0.03704
737,0.051948
738,0.039307
739,0.035418
740,0.025034
741,0.016393
742,0.024691
743,0.297279
744,0.787654
745,0.896593
746,0.925485
747,0.978955
748,0.968155
749,0.965029
750,0.965012
751,0.980179
752,0.98035
753,0.97953
754,0.982165
755,0.984061
756,0.985427
757,0.956043
758,0.956046
759,0.961308
760,0.96187
761,0.943651
762,0.90795
763,0.897711
764,0.963469
765,0.947784
766,0.937182
767,0.933555
768,0.928717
769,0.924904
770,0.925657
771,0.917406
772,0.910799
773,0.915581
774,0.890859
775,0.924572
776,0.934476
777,0.942973
778,0.940694
779,0.934025
780,0.934794
781,0.904404
782,0.909883
783,0.915986
784,0.9276
785,0.933472
786,0.926639
787,0.922937
788,0.928489
789,0.918346
790,0.720222
791,0.920013
792,0.906478
793,0.830202
794,0.823406
795,0.817452
796,0.758991
797,0.676548
798,0.648367
799,0.626695
800,0.736098
801,0.141077
802,0.714511
803,0.659217
804,0.697529
805,0.76604
806,0.746455
807,0.758994
808,0.75726
809,0.69085
810,0.663644
811,0.449473
812,0.397083
813,0.630654
814,0.883716
815,0.945787
816,0.953653
817,0.970583
818,0.978398
819,0.981475
820,0.976187
821,0.968036
822,0.967714
823,0.965943
824,0.971248
825,0.975296
826,0.974719
827,0.975309
828,0.977236
829,0.935492
830,0.94364
831,0.896896
832,0.92754
833,0.954605
834,0.961941
835,0.961607
836,0.949836
837,0.965097
838,0.969427
839,0.967815
840,0.952951
841,0.952583
842,0.934319
843,0.945023
844,0.931527
845,0.940964
846,0.936894
847,0.938644
848,0.939738
849,0.942538
850,0.936271
851,0.88874
852,0.430831
853,0.243931
854,0.509431
855,0.131149
856,0.316094
857,0.115509
858,0.111517
859,0.183376
860,0.167133
861,0.129268
862,0.102572
863,0.110708
864,0.157822
865,0.075959
866,0.082343
867,0.093346
868,0.100015
869,0.116365
870,0.068
871,0.06543
872,0.048026
873,0.057128
874,0.052446
875,0.068519
876,0.090603
877,0.086569
878,0.214579
879,0.340373
880,0.21883
881,0.099393
882,0.055545
883,0.077788
884,0.108427
885,0.250246
886,0.199761
887,0.361069
888,0.191376
889,0.486522
890,0.488366
891,0.474107
892,0.463057
893,0.53345
894,0.331346
895,0.266325
896,0.296484
897,0.363086
898,0.521223
899,0.631641
900,0.602597
901,0.369705
902,0.878985
903,0.852929
904,0.799418
905,0.857977
906,0.933345
907,0.92214
908,0.940937
909,0.939353
910,0.892937
911,0.914169
912,0.922144
913,0.870674
914,0.81654
915,0.875822
916,0.930691
917,0.918824
918,0.935123
919,0.888272
920,0.891216
921,0.896246
922,0.905535
923,0.892509
924,0.886061
925,0.843386
926,0.768429
927,0.973962
928,0.947855
929,0.940956
930,0.959151
931,0.949247
932,0.870267
933,0.813598
934,0.915233
935,0.886389
936,0.942434
937,0.88481
938,0.929052
939,0.935934
940,0.941373
941,0.940601
942,0.949282
943,0.952761
944,0.964759
945,0.963704
946,0.962003
947,0.967237
948,0.964401
949,0.951001
950,0.961904
951,0.960892
952,0.960322
953,0.958965
954,0.938656
955,0.937993
956,0.874765
957,0.223398
958,0.640561
959,0.581835
960,0.18414
961,0.807984
962,0.789216
963,0.314059
964,0.813476
965,0.761465
966,0.762725
967,0.742525
968,0.642858
969,0.599729
970,0.557888
971,0.581253
972,0.635658
973,0.556521
974,0.558673
975,0.545256
976,0.488912
977,0.624429
978,0.595975
979,0.648984
980,0.708595
981,0.736832
982,0.752344
983,0.776873
984,0.72281
985,0.711224
986,0.691748
987,0.91382
988,0.843929
989,0.663187
990,0.857823
991,0.60762
992,0.915925
993,0.909402
994,0.926794
995,0.929519
996,0.93604
997,0.903437
998,0.917196
999,0.934083
1000,0.93357
1001,0.953319
1002,0.953496
1003,0.959149
1004,0.959213
1005,0.959811
1006,0.936211
1007,0.926814
1008,0.926426
1009,0.944072
1010,0.240786
1011,0.751093
1012,0.273372
1013,0.310453
1014,0.340143
1015,0.295803
1016,0.292416
1017,0.219594
1018,0.21545
1019,0.279009
1020,0.27468
1021,0.267181
1022,0.251338
1023,0.203329
1024,0.200936
1025,0.170708
1026,0.172587
1027,0.189435
1028,0.193524
1029,0.192061
1030,0.209592
1031,0.222409
1032,0.307585
1033,0.321485
1034,0.358125
1035,0.417286
1036,0.332463
1037,0.420506
1038,0.482158
1039,0.318215
1040,0.353201
1041,0.353375
1042,0.292513
1043,0.318497
1044,0.321959
1045,0.408918
1046,0.420755
1047,0.411132
1048,0.503759
1049,0.472642
1050,0.576758
1051,0.952849
1052,0.914406
1053,0.694254
1054,0.710721
1055,0.702754
1056,0.715429
1057,0.887565
1058,0.885826
1059,0.864173
1060,0.907398
1061,0.895475
1062,0.84899
1063,0.847681
1064,0.853167
1065,0.876541
1066,0.917037
1067,0.932055
1068,0.94121
1069,0.96429
1070,0.512538
1071,0.726321
1072,0.766673
1073,0.600116
1074,0.270468
1075,0.334759
1076,0.375385
1077,0.480945
1078,0.460977
1079,0.406476
1080,0.469771
1081,0.657489
1082,0.683587
1083,0.641556
1084,0.668831
1085,0.702269
1086,0.6517
1087,0.651221
1088,0.546799
1089,0.538897
1090,0.536745
1091,0.561131
1092,0.488172
1093,0.441962
1094,0.45589
1095,0.448824
1096,0.441862
1097,0.358044
1098,0.324116
1099,0.39219
1100,0.418388
1101,0.377605
1102,0.356678
1103,0.338332
1104,0.328879
1105,0.389629
1106,0.464918
1107,0.420444
1108,0.440611
1109,0.502112
1110,0.575824
1111,0.602804
1112,0.598073
1113,0.585532
1114,0.642063
1115,0.662128
1116,0.76646
1117,0.835344
1118,0.881036
1119,0.942005
1120,0.917233
1121,0.914599
1122,0.920945
1123,0.926375
1124,0.919484
1125,0.934247
1126,0.613891
1127,0.943209
1128,0.90969
1129,0.909579
1130,0.906149
1131,0.932726
1132,0.927188
1133,0.936297
1134,0.747117
1135,0.83125
1136,0.840057
1137,0.844974
1138,0.86759
1139,0.90433
1140,0.899039
1141,0.894954
1142,0.904957
1143,0.875678
1144,0.791769
1145,0.783135
1146,0.762563
1147,0.78489
1148,0.891682
1149,0.87057
1150,0.838871
1151,0.903222
1152,0.663452
1153,0.526505
1154,0.534055
1155,0.479618
1156,0.513835
1157,0.433244
1158,0.410887
1159,0.117701
1160,0.132041
1161,0.139355
1162,0.147795
1163,0.150042
1164,0.148098
1165,0.146412
1166,0.138942
1167,0.10574
1168,0.074046
1169,0.063589
1170,0.062732
1171,0.046337
1172,0.062418
1173,0.063337
1174,0.074669
1175,0.057898
1176,0.055606
1177,0.0467
1178,0.084778
1179,0.262109
1180,0.252548
1181,0.236428
1182,0.240654
1183,0.684252
1184,0.868361
1185,0.960202
1186,0.801112
1187,0.800192
1188,0.872029
1189,0.875517
1190,0.830908
1191,0.841229
1192,0.904851
1193,0.634488
1194,0.162666
1195,0.045658
1196,0.040698
1197,0.154488
1198,0.492137
1199,0.408145
1200,0.849672
1201,0.706668
1202,0.556328
1203,0.505082
1204,0.600543
1205,0.522783
1206,0.526327
1207,0.536413
1208,0.589079
1209,0.543598
1210,0.604597
1211,0.58593
1212,0.456962
1213,0.571465
1214,0.593845
1215,0.552789
1216,0.568756
1217,0.542038
1218,0.700295
1219,0.468563
1220,0.080595
1221,0.091828
1222,0.082197
1223,0.084021
1224,0.095491
1225,0.429391
1226,0.397553
1227,0.361424
1228,0.309291
1229,0.295388
1230,0.281925
1231,0.863589
1232,0.909467
1233,0.882362
1234,0.86849
1235,0.888641
1236,0.893666
1237,0.917135
1238,0.914126
1239,0.911597
1240,0.900463
1241,0.898559
1242,0.77522
1243,0.86814
1244,0.909246
1245,0.912255
1246,0.948126
1247,0.935674
1248,0.814757
1249,0.734062
1250,0.591771
1251,0.680457
1252,0.655716
1253,0.898244
1254,0.885779
1255,0.891621
1256,0.907686
1257,0.899046
1258,0.830344
1259,0.834265
1260,0.862085
1261,0.885744
1262,0.869204
1263,0.865208
1264,0.877181
1265,0.865468
1266,0.868806
1267,0.908876
1268,0.857974
1269,0.777389
1270,0.694606
1271,0.73565
1272,0.789175
1273,0.849019
1274,0.791478
1275,0.771609
1276,0.735087
1277,0.743103
1278,0.768807
1279,0.775005
1280,0.825209
1281,0.771849
1282,0.772674
1283,0.79522
1284,0.784155
1285,0.775083
1286,0.775182
1287,0.710421
1288,0.768873
1289,0.811253
1290,0.779252
1291,0.813445
1292,0.787675
1293,0.5589
1294,0.565391
1295,0.617439
1296,0.655866
1297,0.607115
1298,0.615904
1299,0.566618
1300,0.556552
1301,0.486756
1302,0.511034
1303,0.530698
1304,0.544164
1305,0.544846
1306,0.475077
1307,0.367309
1308,0.464663
1309,0.612621
1310,0.537087
1311,0.504825
1312,0.458485
1313,0.398565
1314,0.46297
1315,0.516089
1316,0.48011
1317,0.484407
1318,0.582142
1319,0.529951
1320,0.311254
1321,0.164542
1322,0.250641
1323,0.225857
1324,0.172269
1325,0.122132
1326,0.119088
1327,0.098763
1328,0.109379
1329,0.113675
1330,0.111647
1331,0.157827
1332,0.180218
1333,0.116366
1334,0.132739
1335,0.202109
1336,0.260842
1337,0.267626
1338,0.27132
1339,0.261585
1340,0.663165
1341,0.866133
1342,0.851618
1343,0.878412
1344,0.843149
1345,0.657628
1346,0.688785
1347,0.73235
1348,0.785145
1349,0.676904
1350,0.892274
1351,0.907632
1352,0.912798
1353,0.87787
1354,0.856409
1355,0.875381
1356,0.865687
1357,0.898822
1358,0.899479
1359,0.894341
1360,0.889399
1361,0.929587
1362,0.926445
1363,0.9238
1364,0.887283
1365,0.853234
1366,0.884898
1367,0.834571
1368,0.837516
1369,0.796556
1370,0.845136
1371,0.851391
1372,0.885999
1373,0.572858
1374,0.173643
1375,0.137431
1376,0.278612
1377,0.520145
1378,0.302944
1379,0.405325
1380,0.346747
1381,0.362618
1382,0.338015
1383,0.259437
1384,0.3063
1385,0.30954
1386,0.304008
1387,0.374934
1388,0.302705
1389,0.287245
1390,0.238628
1391,0.289535
1392,0.269652
1393,0.31889
1394,0.307087
1395,0.283067
1396,0.402729
1397,0.49149
1398,0.441993
1399,0.497899
1400,0.558596
1401,0.778332
1402,0.956444
1403,0.912275
1404,0.908357
1405,0.798572
1406,0.817303
1407,0.842828
1408,0.906095
1409,0.855654
1410,0.838471
1411,0.87252
1412,0.86687
1413,0.878797
1414,0.780138
1415,0.869457
1416,0.910945
1417,0.424774
1418,0.222828
1419,0.266945
1420,0.275654
1421,0.281756
1422,0.660016
1423,0.481977
1424,0.368307
1425,0.566299
1426,0.68156
1427,0.691949
1428,0.730969
1429,0.746409
1430,0.766038
1431,0.791412
1432,0.736247
1433,0.715499
1434,0.640376
1435,0.572757
1436,0.835326
1437,0.726573
1438,0.7904
1439,0.83968
1440,0.940191
1441,0.924378
1442,0.862457
1443,0.892816
1444,0.931417
1445,0.947075
1446,0.902226
1447,0.949318
1448,0.956369
1449,0.96781
1450,0.958113
1451,0.9655
1452,0.96207
1453,0.968781
1454,0.969072
1455,0.971127
1456,0.970746
1457,0.967903
1458,0.958046
1459,0.956801
1460,0.95655
1461,0.951436
1462,0.956506
1463,0.958711
1464,0.956402
1465,0.965876
1466,0.965222
1467,0.960063
1468,0.969539
1469,0.971392
1470,0.958928
1471,0.958285
1472,0.956968
1473,0.958895
1474,0.454868
1475,0.656529
1476,0.79014
1477,0.816657
1478,0.591072
1479,0.822214
1480,0.825395
1481,0.887995
1482,0.903118
1483,0.899761
1484,0.887753
1485,0.904482
1486,0.903094
1487,0.919642
1488,0.915938
1489,0.761609
1490,0.753015
1491,0.757069
1492,0.780806
1493,0.776231
1494,0.799272
1495,0.822255
1496,0.621863
1497,0.55313
1498,0.531641
1499,0.556032
1500,0.612841
1501,0.402285
1502,0.407482
1503,0.400205
1504,0.390015
1505,0.437355
1506,0.57905
1507,0.546705
1508,0.45077
1509,0.316697
1510,0.26946
1511,0.383789
1512,0.311208
1513,0.356309
1514,0.348429
1515,0.403693
1516,0.411129
1517,0.725433
1518,0.737329
1519,0.81786
1520,0.755623
1521,0.801872
1522,0.928637
1523,0.920482
1524,0.909393
1525,0.853881
1526,0.794035
1527,0.646023
1528,0.670015
1529,0.684744
1530,0.624126
1531,0.558113
1532,0.869232
1533,0.830027
1534,0.647266
1535,0.410231
1536,0.280073
1537,0.207949
1538,0.215724
1539,0.223088
1540,0.171966
1541,0.282472
1542,0.431963
1543,0.677239
1544,0.818495
1545,0.790778
1546,0.857312
1547,0.866661
1548,0.848647
1549,0.826597
1550,0.841138
1551,0.856317
1552,0.790381
1553,0.782346
1554,0.83906
1555,0.715387
1556,0.636552
1557,0.449021
1558,0.414465
1559,0.919889
1560,0.884396
1561,0.451556
1562,0.751469
1563,0.792351
1564,0.872653
1565,0.834112
1566,0.793751
1567,0.739534
1568,0.726047
1569,0.69737
1570,0.70055
1571,0.644002
1572,0.54696
1573,0.61672
1574,0.624485
1575,0.658726
1576,0.690141
1577,0.6225
1578,0.635055
1579,0.588665
1580,0.609877
1581,0.584808
1582,0.535406
1583,0.627989
1584,0.79934
1585,0.767952
1586,0.271755
1587,0.048594
1588,0.127618
1589,0.448883
1590,0.584174
1591,0.481473
1592,0.527211
1593,0.455076
1594,0.575216
1595,0.483218
1596,0.386073
1597,0.417852
1598,0.439234
1599,0.446359
1600,0.499174
1601,0.39594
1602,0.367343
1603,0.315002
1604,0.246429
1605,0.277961
1606,0.374647
1607,0.261592
1608,0.247832
1609,0.177754
1610,0.154192
1611,0.13933
1612,0.1557
1613,0.155829
1614,0.135904
1615,0.161085
1616,0.14683
1617,0.162651
1618,0.148475
1619,0.170003
1620,0.168731
1621,0.166827
1622,0.169422
1623,0.199981
1624,0.206602
1625,0.192446
1626,0.188615
1627,0.150219
1628,0.255065
1629,0.200089
1630,0.193286
1631,0.174405
1632,0.17277
1633,0.129726
1634,0.184863
1635,0.418777
1636,0.156661
1637,0.506284
1638,0.206407
1639,0.2695
1640,0.36201
1641,0.530506
1642,0.567955
1643,0.702804
1644,0.556587
1645,0.961196
1646,0.925785
1647,0.923632
1648,0.930413
1649,0.940027
1650,0.944568
1651,0.941356
1652,0.928921
1653,0.936144
1654,0.913336
1655,0.907447
1656,0.888608
1657,0.915558
1658,0.90811
1659,0.913461
1660,0.887618
1661,0.886676
1662,0.89196
1663,0.907272
1664,0.924916
1665,0.922344
1666,0.908617
1667,0.905154
1668,0.860185
1669,0.846271
1670,0.874067
1671,0.891816
1672,0.897686
1673,0.899464
1674,0.928521
1675,0.941663
1676,0.933935
1677,0.924804
1678,0.914622
1679,0.923342
1680,0.900885
1681,0.500144
1682,0.152492
1683,0.271428
1684,0.291757
1685,0.375908
1686,0.647766
1687,0.577085
1688,0.580542
1689,0.783401
1690,0.82209
1691,0.702033
1692,0.74186
1693,0.635241
1694,0.636462
1695,0.666481
1696,0.65948
1697,0.561773
1698,0.743247
1699,0.799792
1700,0.792765
1701,0.839082
1702,0.794321
1703,0.805002
1704,0.843638
1705,0.863875
1706,0.865747
1707,0.865665
1708,0.884298
1709,0.876238
1710,0.886129
1711,0.778507
1712,0.850708
1713,0.902433
1714,0.955532
1715,0.974189
1716,0.928093
1717,0.940477
1718,0.910707
1719,0.918121
1720,0.923571
1721,0.926823
1722,0.939
1723,0.951088
1724,0.958722
1725,0.953758
1726,0.97152
1727,0.956433
1728,0.976423
1729,0.972031
1730,0.970688
1731,0.963573
1732,0.950978
1733,0.935638
1734,0.940324
1735,0.92325
1736,0.926236
1737,0.916427
1738,0.931404
1739,0.929778
1740,0.932418
1741,0.857705
1742,0.742321
1743,0.411095
1744,0.806501
1745,0.700332
1746,0.862109
1747,0.854278
1748,0.805896
1749,0.730137
1750,0.752621
1751,0.900764
1752,0.898713
1753,0.928835
1754,0.908612
1755,0.967007
1756,0.938045
1757,0.902778
1758,0.938451
1759,0.93235
1760,0.947054
1761,0.973924
1762,0.977432
1763,0.972441
1764,0.970512
1765,0.976478
1766,0.975379
1767,0.966137
1768,0.961372
1769,0.96675
1770,0.966161
1771,0.950789
1772,0.947603
1773,0.896531
1774,0.881299
1775,0.87155
1776,0.855201
1777,0.660569
1778,0.595565
1779,0.785069
1780,0.901387
1781,0.925762
1782,0.849937
1783,0.754165
1784,0.719726
1785,0.607679
1786,0.593904
1787,0.667911
1788,0.487512
1789,0.777266
1790,0.753326
1791,0.79669
1792,0.870682
1793,0.84959
1794,0.900581
1795,0.915475
1796,0.884894
1797,0.900249
1798,0.900007
1799,0.893982
1800,0.885963
1801,0.905099
1802,0.735161
1803,0.777108
1804,0.818781
1805,0.555662
1806,0.691704
1807,0.839105
1808,0.830699
1809,0.829732
1810,0.696009
1811,0.70739
1812,0.754157
1813,0.712919
1814,0.733597
1815,0.804568
1816,0.800797
1817,0.768951
1818,0.642497
1819,0.653293
1820,0.702487
1821,0.740215
1822,0.846004
1823,0.852794
1824,0.737365
1825,0.638437
1826,0.522173
1827,0.672032
1828,0.661258
1829,0.638156
1830,0.556605
1831,0.543545
1832,0.491241
1833,0.538309
1834,0.634386
1835,0.684859
1836,0.579323
1837,0.513698
1838,0.612447
1839,0.797346
1840,0.888813
1841,0.922238
1842,0.931308
1843,0.95889
1844,0.941709
1845,0.72377
1846,0.73496
1847,0.619191
1848,0.677601
1849,0.940755
1850,0.965119
1851,0.96741
1852,0.964206
1853,0.959778
1854,0.905829
1855,0.919301
1856,0.973049
1857,0.969271
1858,0.971554
1859,0.980066
1860,0.982001
1861,0.981676
1862,0.980628
1863,0.982477
1864,0.96756
1865,0.982284
1866,0.982868
1867,0.945594
1868,0.960338
1869,0.981059
1870,0.98287
1871,0.914898
1872,0.943067
1873,0.935392
1874,0.93217
1875,0.812532
1876,0.815045
1877,0.787924
1878,0.904485
1879,0.96323
1880,0.895592
1881,0.892243
1882,0.881188
1883,0.849087
1884,0.841765
1885,0.745729
1886,0.702069
1887,0.645682
1888,0.743845
1889,0.664236
1890,0.549677
1891,0.50522
1892,0.598372
1893,0.539491
1894,0.519699
1895,0.616534
1896,0.576051
1897,0.788786
1898,0.720422
1899,0.727035
1900,0.617372
1901,0.608573
1902,0.579512
1903,0.535395
1904,0.531285
1905,0.451835
1906,0.579915
1907,0.670833
1908,0.462168
1909,0.561408
1910,0.735687
1911,0.771799
1912,0.808992
1913,0.769203
1914,0.705032
1915,0.610539
1916,0.690683
1917,0.952004
1918,0.963964
1919,0.963149
1920,0.956346
1921,0.920555
1922,0.924124
1923,0.942917
1924,0.949643
1925,0.946528
1926,0.946789
1927,0.974259
1928,0.973934
1929,0.972935
1930,0.968292
1931,0.967936
1932,0.971745
1933,0.968564
1934,0.970146
1935,0.971403
1936,0.971494
1937,0.969073
1938,0.967742
1939,0.963159
1940,0.962161
1941,0.968043
1942,0.965729
1943,0.968845
1944,0.967276
1945,0.962297
1946,0.965761
1947,0.922336
1948,0.897674
1949,0.938949
1950,0.931516
1951,0.936612
1952,0.955161
1953,0.959087
1954,0.955532
1955,0.95741
1956,0.954875
1957,0.95891
1958,0.964347
1959,0.95326
1960,0.952467
1961,0.955014
1962,0.942139
1963,0.950222
1964,0.949709
1965,0.950832
1966,0.94311
1967,0.944775
1968,0.935112
1969,0.918856
1970,0.931028
1971,0.926754
1972,0.908307
1973,0.920732
1974,0.875062
1975,0.91296
1976,0.892666
1977,0.867735
1978,0.888672
1979,0.878881
1980,0.889116
1981,0.938676
1982,0.92673
1983,0.934645
1984,0.934171
1985,0.931995
1986,0.923707
1987,0.922333
1988,0.936931
1989,0.906052
1990,0.749451
1991,0.462102
1992,0.51851
1993,0.685631
1994,0.691441
1995,0.551219
1996,0.265894
1997,0.415083
1998,0.258601
1999,0.131837
2000,0.140673
2001,0.169419
2002,0.124602
2003,0.071236
2004,0.102652
2005,0.168135
2006,0.145022
2007,0.02196
2008,0.034559
2009,0.023312
2010,0.015488
2011,0.017328
2012,0.102033
2013,0.06169
2014,0.074716
2015,0.082522
2016,0.077966
2017,0.113355
2018,0.085759
2019,0.077617
2020,0.089349
2021,0.131898
2022,0.164516
2023,0.168567
2024,0.163486
2025,0.124721
2026,0.022418
2027,0.156486
2028,0.192318
2029,0.097401
2030,0.117149
2031,0.188179
2032,0.174712
2033,0.141519
2034,0.136587
2035,0.127968
2036,0.130292
2037,0.083204
2038,0.084649
2039,0.075868
2040,0.090262
2041,0.116126
2042,0.143774
2043,0.142493
2044,0.166082
2045,0.178737
2046,0.130265
2047,0.090226
2048,0.085512
2049,0.130561
2050,0.623511
2051,0.913468
2052,0.911425
2053,0.750057
2054,0.924287
2055,0.964078
2056,0.947397
2057,0.940694
2058,0.820405
2059,0.70196
2060,0.705359
2061,0.758013
2062,0.685739
2063,0.7404
2064,0.701135
2065,0.791919
2066,0.820841
2067,0.80691
2068,0.860449
2069,0.883039
2070,0.889448
2071,0.888036
2072,0.858589
2073,0.865168
2074,0.871562
2075,0.863425
2076,0.842837
2077,0.885727
2078,0.85263
2079,0.844242
2080,0.840911
2081,0.797303
2082,0.788924
2083,0.748491
2084,0.826237
2085,0.906472
2086,0.909693
2087,0.825956
2088,0.246825
2089,0.115817
2090,0.175946
2091,0.123248
2092,0.203336
2093,0.132867
2094,0.05182
2095,0.031395
2096,0.084354
2097,0.034113
2098,0.034043
2099,0.02008
2100,0.019105
2101,0.017158
2102,0.016631
2103,0.01795
2104,0.013905
2105,0.016307
2106,0.020208
2107,0.022432
2108,0.015097
2109,0.011581
2110,0.0104
2111,0.028539
2112,0.135363
2113,0.114626
2114,0.090213
2115,0.084081
2116,0.172488
2117,0.153373
2118,0.167082
2119,0.291168
2120,0.173942
2121,0.325006
2122,0.191862
2123,0.171331
2124,0.133342
2125,0.130638
2126,0.142835
2127,0.085772
2128,0.066033
2129,0.179956
2130,0.168328
2131,0.321575
2132,0.274381
2133,0.330439
2134,0.351247
2135,0.363806
2136,0.340502
2137,0.434268
2138,0.299773
2139,0.311491
2140,0.28206
2141,0.315265
2142,0.284394
2143,0.3087
2144,0.381352
2145,0.411545
2146,0.719719
2147,0.346996
2148,0.606787
2149,0.781715
2150,0.6354
2151,0.848131
2152,0.937705
2153,0.977344
2154,0.841613
2155,0.971282
2156,0.861592
2157,0.976934
2158,0.867191
2159,0.938917
2160,0.854703
2161,0.769999
2162,0.525393
2163,0.678246
2164,0.54153
2165,0.287868
2166,0.083321
2167,0.182233
2168,0.094122
2169,0.069714
2170,0.18775
2171,0.159731
2172,0.180659
2173,0.291933
2174,0.333869
2175,0.378508
2176,0.311234
2177,0.315812
2178,0.345412
2179,0.416313
2180,0.32189
2181,0.326549
2182,0.152121
2183,0.300695
2184,0.088721
2185,0.091436
2186,0.062396
2187,0.259361
2188,0.195357
2189,0.03247
2190,0.042559
2191,0.080663
2192,0.121548
2193,0.153063
2194,0.080306
2195,0.213086
2196,0.33403
2197,0.883987
2198,0.722287
2199,0.893951
2200,0.945581
2201,0.952094
2202,0.969327
2203,0.954459
2204,0.957357
2205,0.955119
2206,0.955458
2207,0.956624
2208,0.950329
2209,0.945201
2210,0.897282
2211,0.888338
2212,0.801109
2213,0.765869
2214,0.702798
2215,0.708191
2216,0.552585
2217,0.825431
2218,0.910228
2219,0.533888
2220,0.17369
2221,0.118735
2222,0.199098
2223,0.424363
2224,0.076488
2225,0.072181
2226,0.089086
2227,0.107437
2228,0.111492
2229,0.11696
2230,0.209546
2231,0.203461
2232,0.229632
2233,0.079209
2234,0.08813
2235,0.083459
2236,0.128869
2237,0.141624
2238,0.124584
2239,0.124255
2240,0.089823
2241,0.319433
2242,0.347899
2243,0.308327
2244,0.332036
2245,0.211046
2246,0.237371
2247,0.138572
2248,0.089114
2249,0.606246
2250,0.609103
2251,0.667966
2252,0.594505
2253,0.501886
2254,0.686553
2255,0.885874
2256,0.811269
2257,0.753832
2258,0.248789
2259,0.823342
2260,0.894399
2261,0.917715
2262,0.907703
2263,0.902687
2264,0.896079
2265,0.905265
2266,0.92017
2267,0.925359
2268,0.920758
2269,0.901321
2270,0.909107
2271,0.936519
2272,0.931621
2273,0.934223
2274,0.941735
2275,0.927205
2276,0.574698
2277,0.575996
2278,0.290353
2279,0.492725
2280,0.657599
2281,0.818594
2282,0.638606
2283,0.649517
2284,0.806325
2285,0.89552
2286,0.935096
2287,0.93303
2288,0.868279
2289,0.868598
2290,0.894683
2291,0.893534
2292,0.897646
2293,0.761688
2294,0.808261
2295,0.749722
2296,0.746435
2297,0.722937
2298,0.850562
2299,0.834238
2300,0.778446
2301,0.420759
2302,0.882302
2303,0.935681
2304,0.846922
2305,0.747679
2306,0.848155
2307,0.873941
2308,0.795574
2309,0.661606
2310,0.830673
2311,0.934268
2312,0.938125
2313,0.917703
2314,0.90014
2315,0.654552
2316,0.882632
2317,0.912734
2318,0.912781
2319,0.914332
2320,0.886291
2321,0.931248
2322,0.935321
2323,0.930613
2324,0.935782
2325,0.927321
2326,0.936293
2327,0.926689
2328,0.931852
2329,0.598345
2330,0.63853
2331,0.677185
2332,0.6199
2333,0.872724
2334,0.876458
2335,0.886778
2336,0.887865
2337,0.8876
2338,0.901716
2339,0.874177
2340,0.795508
2341,0.925448
2342,0.922265
2343,0.48523
2344,0.4436
2345,0.393734
2346,0.65159
2347,0.762535
2348,0.880016
2349,0.714283
2350,0.751523
2351,0.722364
2352,0.763588
2353,0.89485
2354,0.890108
2355,0.918382
2356,0.940164
2357,0.93418
2358,0.93863
2359,0.933457
2360,0.938508
2361,0.927354
2362,0.923804
2363,0.924102
2364,0.917277
2365,0.928184
2366,0.925095
2367,0.919847
2368,0.944729
2369,0.962857
2370,0.968319
2371,0.97604
2372,0.964587
2373,0.973574
2374,0.966798
2375,0.966745
2376,0.966808
2377,0.956529
2378,0.934394
2379,0.933104
2380,0.931648
2381,0.909683
2382,0.934022
2383,0.93791
2384,0.838846
2385,0.67985
2386,0.641632
2387,0.57737
2388,0.611527
2389,0.791942
2390,0.806713
2391,0.717178
2392,0.684921
2393,0.604595
2394,0.753037
2395,0.703806
2396,0.695933
2397,0.678104
2398,0.717737
2399,0.697721
2400,0.721334
2401,0.799727
2402,0.817504
2403,0.771255
2404,0.819476
2405,0.948706
2406,0.886264
2407,0.873157
2408,0.928037
2409,0.904398
2410,0.911383
2411,0.84173
2412,0.84212
2413,0.794902
2414,0.829623
2415,0.806985
2416,0.763311
2417,0.765346
2418,0.742649
2419,0.680613
2420,0.729123
2421,0.722761
2422,0.85604
2423,0.90272
2424,0.900585
2425,0.857691
2426,0.879276
2427,0.870921
2428,0.839162
2429,0.863162
2430,0.68812
2431,0.543857
2432,0.766876
2433,0.872209
2434,0.913325
2435,0.806269
2436,0.840053
2437,0.884539
2438,0.895803
2439,0.906275
2440,0.912394
2441,0.919417
2442,0.922409
2443,0.920426
2444,0.907016
2445,0.929193
2446,0.937811
2447,0.921816
2448,0.916721
2449,0.944674
2450,0.942483
2451,0.94213
2452,0.939641
2453,0.929896
2454,0.939093
2455,0.947875
2456,0.947363
2457,0.941116
2458,0.958683
2459,0.89872
2460,0.453935
2461,0.818432
2462,0.916943
2463,0.959555
2464,0.940963
2465,0.888388
2466,0.944099
2467,0.958129
2468,0.840109
2469,0.81257
2470,0.849051
2471,0.855207
2472,0.848273
2473,0.658224
2474,0.642916
2475,0.639268
2476,0.630181
2477,0.635532
2478,0.618808
2479,0.724629
2480,0.6259
2481,0.649088
2482,0.622119
2483,0.706215
2484,0.763155
2485,0.765808
2486,0.81468
2487,0.830006
2488,0.84755
2489,0.805366
2490,0.791377
2491,0.76091
2492,0.7317
2493,0.799097
2494,0.809246
2495,0.841245
2496,0.808269
2497,0.837751
2498,0.881908
2499,0.862546
2500,0.864042
2501,0.790719
2502,0.795471
2503,0.741937
2504,0.832074
2505,0.832057
2506,0.90435
2507,0.926947
2508,0.93719
2509,0.961187
2510,0.962242
2511,0.918828
2512,0.917239
2513,0.92682
2514,0.92879
2515,0.894197
2516,0.919564
2517,0.919125
2518,0.885182
2519,0.944526
2520,0.949634
2521,0.972537
2522,0.959056
2523,0.949256
2524,0.938065
2525,0.950489
2526,0.939075
2527,0.888137
2528,0.919319
2529,0.894507
2530,0.907649
2531,0.901882
2532,0.730344
2533,0.63083
2534,0.779054
2535,0.810035
2536,0.832954
2537,0.85482
2538,0.843046
2539,0.891772
2540,0.840405
2541,0.806101
2542,0.841717
2543,0.867127
2544,0.923174
2545,0.780327
2546,0.946155
2547,0.922484
2548,0.871216
2549,0.883792
2550,0.888483
2551,0.883878
2552,0.907605
2553,0.898058
2554,0.900875
2555,0.889629
2556,0.900906
2557,0.942199
2558,0.949697
2559,0.942592
2560,0.94084
2561,0.908043
2562,0.904979
2563,0.909204
2564,0.911924
2565,0.91785
2566,0.932358
2567,0.935413
2568,0.936109
2569,0.951429
2570,0.950645
2571,0.948936
2572,0.946265
2573,0.944698
2574,0.78295
2575,0.32096
2576,0.364399
2577,0.382374
2578,0.794093
2579,0.818224
2580,0.85058
2581,0.938749
2582,0.931007
2583,0.930965
2584,0.924587
2585,0.93058
2586,0.939067
2587,0.931476
2588,0.907419
2589,0.916505
2590,0.900631
2591,0.908325
2592,0.906933
2593,0.948549
2594,0.937236
2595,0.939456
2596,0.940509
2597,0.941318
2598,0.954923
2599,0.947463
2600,0.945952
2601,0.933228
2602,0.935232
2603,0.933979
2604,0.900606
2605,0.922603
2606,0.915914
2607,0.949106
2608,0.949236
2609,0.972764
2610,0.938968
2611,0.916649
2612,0.925708
2613,0.915228
2614,0.916463
2615,0.931537
2616,0.928613
2617,0.923281
2618,0.924919
2619,0.921734
2620,0.915813
2621,0.811941
2622,0.855166
2623,0.861556
2624,0.87322
2625,0.815578
2626,0.738381
2627,0.734275
2628,0.821748
2629,0.857823
2630,0.848321
2631,0.86367
2632,0.832158
2633,0.838537
2634,0.958693
2635,0.969489
2636,0.971307
2637,0.971395
2638,0.970581
2639,0.96041
2640,0.95801
2641,0.949655
2642,0.953436
2643,0.963805
2644,0.963224
2645,0.96198
2646,0.962901
2647,0.960827
2648,0.944639
2649,0.900701
2650,0.359505
2651,0.380497
2652,0.616744
2653,0.770309
2654,0.748065
2655,0.786676
2656,0.833055
2657,0.827469
2658,0.816988
2659,0.792982
2660,0.77787
2661,0.635049
2662,0.74134
2663,0.847817
2664,0.776942
2665,0.783581
2666,0.78547
2667,0.849148
2668,0.82416
2669,0.812056
2670,0.753642
2671,0.797643
2672,0.763229
2673,0.784541
2674,0.85447
2675,0.854231
2676,0.842037
2677,0.807838
2678,0.816169
2679,0.80625
2680,0.808815
2681,0.834316
2682,0.820134
2683,0.900439
2684,0.910899
2685,0.955475
2686,0.961885
2687,0.957562
2688,0.97356
2689,0.975079
2690,0.97775
2691,0.973725
2692,0.97377
2693,0.975852
2694,0.982143
2695,0.982667
2696,0.984147
2697,0.986693
2698,0.983646
2699,0.983306
2700,0.971589
2701,0.983195
2702,0.959488
2703,0.964691
2704,0.955064
2705,0.962344
2706,0.952842
2707,0.861168
2708,0.85972
2709,0.975656
2710,0.980777
2711,0.9816
2712,0.954947
2713,0.968386
2714,0.960284
2715,0.965034
2716,0.972996
2717,0.954817
2718,0.893574
2719,0.869464
2720,0.830591
2721,0.892653
2722,0.903724
2723,0.918397
2724,0.915115
2725,0.977164
2726,0.976074
2727,0.957036
2728,0.970585
2729,0.972653
