1,0.941059
2,0.950579
3,0.954915
4,0.954359
5,0.957917
6,0.966314
7,0.959551
8,0.959264
9,0.968789
10,0.963672
11,0.961542
12,0.955966
13,0.956683
14,0.969225
15,0.966219
16,0.968823
17,0.970693
18,0.973622
19,0.972623
20,0.970496
21,0.971305
22,0.961324
23,0.965945
24,0.939938
25,0.958461
26,0.955087
27,0.95796
28,0.964846
29,0.965012
30,0.965031
31,0.961549
32,0.955099
33,0.955736
34,0.954101
35,0.949237
36,0.955485
37,0.947773
38,0.951321
39,0.953067
40,0.957281
41,0.953241
42,0.939821
43,0.955246
44,0.945747
45,0.943622
46,0.936572
47,0.929846
48,0.931985
49,0.900081
50,0.904852
51,0.902098
52,0.899892
53,0.898343
54,0.902747
55,0.89592
56,0.84978
57,0.814455
58,0.860403
59,0.886914
60,0.89439
61,0.878444
62,0.843739
63,0.850603
64,0.784799
65,0.788258
66,0.752217
67,0.674404
68,0.646756
69,0.555715
70,0.562773
71,0.620598
72,0.492948
73,0.685307
74,0.669043
75,0.712506
76,0.639888
77,0.62541
78,0.690213
79,0.689017
80,0.611987
81,0.580954
82,0.521621
83,0.517637
84,0.490589
85,0.619598
86,0.637245
87,0.571538
88,0.504722
89,0.580965
90,0.681027
91,0.648233
92,0.615776
93,0.608951
94,0.635022
95,0.644599
96,0.550361
97,0.398778
98,0.41919
99,0.459444
100,0.365989
101,0.446737
102,0.412535
103,0.497554
104,0.45395
105,0.43281
106,0.402703
107,0.396917
108,0.325438
109,0.495274
110,0.509797
111,0.542719
112,0.661648
113,0.663869
114,0.667051
115,0.800033
116,0.890951
117,0.90658
118,0.885265
119,0.894994
120,0.905848
121,0.610332
122,0.920599
123,0.937344
124,0.943376
125,0.926224
126,0.924337
127,0.906857
128,0.941575
129,0.770047
130,0.945514
131,0.940419
132,0.959526
133,0.972712
134,0.982353
135,0.948544
136,0.924405
137,0.889355
138,0.856876
139,0.864383
140,0.714166
141,0.775874
142,0.84589
143,0.871842
144,0.889974
145,0.915878
146,0.91122
147,0.881311
148,0.866663
149,0.873852
150,0.874186
151,0.857584
152,0.900213
153,0.93337
154,0.926832
155,0.938823
156,0.937559
157,0.891779
158,0.88008
159,0.87989
160,0.889225
161,0.881687
162,0.901056
163,0.913285
164,0.925543
165,0.926019
166,0.899262
167,0.843347
168,0.866508
169,0.880999
170,0.888484
171,0.83353
172,0.936112
173,0.972134
174,0.957689
175,0.936351
176,0.916097
177,0.892413
178,0.928183
179,0.941999
180,0.953154
181,0.934742
182,0.945452
183,0.92116
184,0.919191
185,0.909901
186,0.88437
187,0.875366
188,0.85914
189,0.896892
190,0.894669
191,0.902321
192,0.891957
193,0.829741
194,0.811787
195,0.816664
196,0.746325
197,0.749993
198,0.780295
199,0.772865
200,0.778124
201,0.799577
202,0.80307
203,0.849105
204,0.861106
205,0.890668
206,0.894123
207,0.893248
208,0.878418
209,0.917557
210,0.834612
211,0.867065
212,0.879117
213,0.814367
214,0.752558
215,0.773054
216,0.761003
217,0.707293
218,0.809718
219,0.819802
220,0.912398
221,0.9228
222,0.734997
223,0.772087
224,0.761531
225,0.73127
226,0.733213
227,0.773141
228,0.750704
229,0.792105
230,0.822261
231,0.799156
232,0.819349
233,0.826186
234,0.791434
235,0.76488
236,0.951054
237,0.934162
238,0.959193
239,0.961816
240,0.957517
241,0.960426
242,0.953032
243,0.896993
244,0.881108
245,0.9225
246,0.939615
247,0.958953
248,0.977127
249,0.970054
250,0.960231
251,0.970599
252,0.97968
253,0.985945
254,0.927293
255,0.965407
256,0.921926
257,0.922821
258,0.945414
259,0.978503
260,0.99073
261,0.991091
262,0.991994
263,0.992292
264,0.992347
265,0.993036
266,0.989836
267,0.987813
268,0.986565
269,0.986503
270,0.983216
271,0.978532
272,0.977904
273,0.980219
274,0.977945
275,0.981053
276,0.977116
277,0.961273
278,0.963759
279,0.963221
280,0.965675
281,0.96451
282,0.972316
283,0.971305
284,0.978486
285,0.977679
286,0.963647
287,0.964155
288,0.974236
289,0.971726
290,0.963695
291,0.962113
292,0.975918
293,0.979195
294,0.973839
295,0.974956
296,0.9784
297,0.974653
298,0.967653
299,0.977223
300,0.980043
301,0.978731
302,0.976041
303,0.974279
304,0.964361
305,0.968119
306,0.975464
307,0.973431
308,0.971916
309,0.973332
310,0.977279
311,0.980939
312,0.978701
313,0.975277
314,0.979876
315,0.983153
316,0.98172
317,0.983079
318,0.98362
319,0.978656
320,0.980904
321,0.966269
322,0.972529
323,0.957052
324,0.98476
325,0.981812
326,0.951638
327,0.80807
328,0.837335
329,0.814492
330,0.836223
331,0.772348
332,0.628065
333,0.624422
334,0.619859
335,0.761664
336,0.844577
337,0.774852
338,0.859574
339,0.846316
340,0.893308
341,0.829957
342,0.87539
343,0.865794
344,0.830874
345,0.850911
346,0.848498
347,0.926813
348,0.876796
349,0.826478
350,0.820217
351,0.834392
352,0.85333
353,0.827204
354,0.801446
355,0.82233
356,0.891495
357,0.878406
358,0.893075
359,0.894462
360,0.904629
361,0.931233
362,0.909712
363,0.897522
364,0.913617
365,0.884952
366,0.894468
367,0.941199
368,0.944208
369,0.936967
370,0.917861
371,0.886379
372,0.894385
373,0.90949
374,0.927858
375,0.943453
376,0.940438
377,0.939191
378,0.944025
379,0.94531
380,0.940002
381,0.942153
382,0.940064
383,0.943245
384,0.940445
385,0.973745
386,0.964502
387,0.899607
388,0.887636
389,0.952363
390,0.936145
391,0.962233
392,0.967609
393,0.967432
394,0.967792
395,0.943154
396,0.935547
397,0.951161
398,0.946477
399,0.928561
400,0.928246
401,0.937616
402,0.928617
403,0.910085
404,0.907361
405,0.888061
406,0.89317
407,0.892645
408,0.90288
409,0.946925
410,0.895988
411,0.915396
412,0.914182
413,0.914087
414,0.914882
415,0.900187
416,0.909329
417,0.928813
418,0.957371
419,0.960625
420,0.962565
421,0.951711
422,0.949092
423,0.933707
424,0.905784
425,0.833329
426,0.850183
427,0.805459
428,0.878995
429,0.941975
430,0.854417
431,0.694565
432,0.716606
433,0.835793
434,0.656248
435,0.509129
436,0.232218
437,0.151288
438,0.286734
439,0.336258
440,0.421236
441,0.310075
442,0.408453
443,0.421778
444,0.425867
445,0.344214
446,0.2498
447,0.243525
448,0.397569
449,0.249362
450,0.247359
451,0.344263
452,0.417999
453,0.373522
454,0.614129
455,0.598111
456,0.476238
457,0.358055
458,0.352158
459,0.334945
460,0.349888
461,0.32201
462,0.352478
463,0.396778
464,0.459865
465,0.480102
466,0.42165
467,0.414451
468,0.385279
469,0.547942
470,0.534642
471,0.462497
472,0.505999
473,0.556548
474,0.55972
475,0.582996
476,0.539076
477,0.464896
478,0.33622
479,0.347491
480,0.301042
481,0.386642
482,0.439962
483,0.447676
484,0.725095
485,0.797655
486,0.908577
487,0.643355
488,0.344011
489,0.281559
490,0.324129
491,0.144403
492,0.445439
493,0.296039
494,0.343923
495,0.324696
496,0.342635
497,0.905719
498,0.91375
499,0.933648
500,0.926252
501,0.43102
502,0.432425
503,0.417333
504,0.350841
505,0.557958
506,0.680337
507,0.6423
508,0.500226
509,0.561928
510,0.905983
511,0.900876
512,0.913061
513,0.924853
514,0.871408
515,0.915673
516,0.881507
517,0.902113
518,0.928819
519,0.776669
520,0.804753
521,0.790269
522,0.694433
523,0.657366
524,0.564874
525,0.618537
526,0.624667
527,0.725989
528,0.73279
529,0.708904
530,0.610959
531,0.678228
532,0.689676
533,0.682754
534,0.689347
535,0.644398
536,0.595981
537,0.569775
538,0.6288
539,0.585804
540,0.588593
541,0.533349
542,0.544328
543,0.819438
544,0.930338
545,0.900318
546,0.909296
547,0.816267
548,0.753628
549,0.617479
550,0.740768
551,0.955418
552,0.929206
553,0.948771
554,0.945921
555,0.8614
556,0.918385
557,0.892756
558,0.951284
559,0.858258
560,0.909361
561,0.885413
562,0.982975
563,0.964513
564,0.976285
565,0.962717
566,0.962489
567,0.943598
568,0.95323
569,0.942915
570,0.960053
571,0.974348
572,0.972814
573,0.975665
574,0.888733
575,0.888402
576,0.876118
577,0.971895
578,0.974904
579,0.932733
580,0.95379
581,0.950425
582,0.941812
583,0.9798
584,0.980644
585,0.982288
586,0.987914
587,0.985952
588,0.982271
589,0.976043
590,0.975916
591,0.97549
592,0.970725
593,0.973349
594,0.973999
595,0.9764
596,0.978533
597,0.976792
598,0.975263
599,0.981176
600,0.961009
601,0.954508
602,0.947716
603,0.985253
604,0.986165
605,0.984992
606,0.985614
607,0.98563
608,0.986534
609,0.98745
610,0.986772
611,0.987345
612,0.987219
613,0.983774
614,0.957033
615,0.93486
616,0.918867
617,0.895339
618,0.815412
619,0.888444
620,0.898901
621,0.921812
622,0.918007
623,0.931552
624,0.92667
625,0.918565
626,0.841311
627,0.907552
628,0.937026
629,0.935546
630,0.941977
631,0.93118
632,0.876211
633,0.903063
634,0.910381
635,0.898757
636,0.912004
637,0.883677
638,0.902938
639,0.832297
640,0.84591
641,0.867712
642,0.832737
643,0.809631
644,0.83495
645,0.822072
646,0.868881
647,0.968792
648,0.878168
649,0.905529
650,0.783708
651,0.794042
652,0.889003
653,0.926028
654,0.91522
655,0.855683
656,0.794732
657,0.772595
658,0.809894
659,0.788671
660,0.855746
661,0.916411
662,0.91454
663,0.933129
664,0.92018
665,0.870028
666,0.898024
667,0.912285
668,0.918417
669,0.857074
670,0.840922
671,0.810685
672,0.863518
673,0.863614
674,0.857305
675,0.87202
676,0.866438
677,0.923482
678,0.916204
679,0.908387
680,0.909873
681,0.90651
682,0.970938
683,0.956464
684,0.945915
685,0.930957
686,0.939479
687,0.942046
688,0.950177
689,0.940595
690,0.93938
691,0.924943
692,0.931611
693,0.912524
694,0.918425
695,0.926721
696,0.935808
697,0.930301
698,0.937618
699,0.944538
700,0.947577
701,0.949497
702,0.947404
703,0.949659
704,0.953622
705,0.966157
706,0.964673
707,0.958226
708,0.942655
709,0.934982
710,0.936536
711,0.931322
712,0.933691
713,0.951605
714,0.952508
715,0.970623
716,0.972841
717,0.975343
718,0.960659
719,0.948873
720,0.852897
721,0.613372
722,0.880454
723,0.638201
724,0.827364
725,0.821629
726,0.881546
727,0.892131
728,0.868862
729,0.84026
730,0.431104
731,0.532575
732,0.508658
733,0.466324
734,0.489779
735,0.457691
736,0.93635
737,0.939719
738,0.787619
739,0.784853
740,0.786527
741,0.801641
742,0.793345
743,0.866244
744,0.844163
745,0.889131
746,0.815429
747,0.934757
748,0.926581
749,0.837074
750,0.915743
751,0.944465
752,0.907838
753,0.831899
754,0.85077
755,0.938454
756,0.948131
757,0.940727
758,0.95966
759,0.983351
760,0.958306
761,0.964989
762,0.971877
763,0.973237
764,0.977716
765,0.977198
766,0.981757
767,0.986137
768,0.828871
769,0.807571
770,0.802784
771,0.774412
772,0.872516
773,0.879249
774,0.915559
775,0.926714
776,0.955599
777,0.973335
778,0.972826
779,0.960984
780,0.893301
781,0.87203
782,0.860819
783,0.771729
784,0.780073
785,0.877413
786,0.96419
787,0.976042
788,0.981644
789,0.986169
790,0.984196
791,0.976611
792,0.964085
793,0.940117
794,0.934459
795,0.928757
796,0.926373
797,0.911526
798,0.915693
799,0.941883
800,0.931192
801,0.934816
802,0.973312
803,0.949682
804,0.938564
805,0.926472
806,0.931299
807,0.92547
808,0.925183
809,0.926656
810,0.947699
811,0.948622
812,0.951163
813,0.947103
814,0.948289
815,0.953533
816,0.951875
817,0.953058
818,0.955379
819,0.963567
820,0.966072
821,0.967314
822,0.962364
823,0.968484
824,0.96227
825,0.955584
826,0.949226
827,0.952293
828,0.94422
829,0.958432
830,0.95541
831,0.957048
832,0.956689
833,0.960244
834,0.956205
835,0.951111
836,0.959197
837,0.964674
838,0.960873
839,0.97809
840,0.974583
841,0.979479
842,0.984091
843,0.982597
844,0.965118
845,0.943666
846,0.939647
847,0.914013
848,0.953735
849,0.961736
850,0.967071
851,0.971308
852,0.952449
853,0.966551
854,0.965005
855,0.956474
856,0.940836
857,0.943047
858,0.938364
859,0.94481
860,0.94098
861,0.952047
862,0.971543
863,0.971243
864,0.962705
865,0.959285
866,0.95914
867,0.963542
868,0.979888
869,0.494278
870,0.34586
871,0.069426
872,0.005307
873,0.144422
874,0.142158
875,0.253691
876,0.237975
877,0.16767
878,0.1433
879,0.181445
880,0.26647
881,0.234101
882,0.276701
883,0.253244
884,0.230119
885,0.16917
886,0.156683
887,0.166853
888,0.143607
889,0.370178
890,0.289328
891,0.382461
892,0.529991
893,0.580448
894,0.53265
895,0.515364
896,0.622614
897,0.613333
898,0.613687
899,0.574239
900,0.572118
901,0.592463
902,0.669486
903,0.494064
904,0.408116
905,0.180138
906,0.079231
907,0.048444
908,0.071023
909,0.170403
910,0.154541
911,0.153082
912,0.136871
913,0.126668
914,0.108427
915,0.125885
916,0.099435
917,0.101817
918,0.028548
919,0.024176
920,0.019514
921,0.02988
922,0.025397
923,0.037641
924,0.03399
925,0.018045
926,0.018794
927,0.04066
928,0.043611
929,0.06864
930,0.110152
931,0.180582
932,0.273887
933,0.596888
934,0.394146
935,0.738922
936,0.927786
937,0.981237
938,0.810476
939,0.776774
940,0.697317
941,0.740804
942,0.849451
943,0.827142
944,0.879798
945,0.869977
946,0.877415
947,0.890142
948,0.903895
949,0.91281
950,0.922828
951,0.905815
952,0.903807
953,0.877676
954,0.887779
955,0.917699
956,0.917937
957,0.918578
958,0.912022
959,0.920638
960,0.944451
961,0.963813
962,0.964781
963,0.968624
964,0.990625
965,0.991241
966,0.989994
967,0.960847
968,0.885451
969,0.818277
970,0.477062
971,0.645347
972,0.703788
973,0.759839
974,0.763563
975,0.808677
976,0.81031
977,0.796901
978,0.780968
979,0.736582
980,0.669667
981,0.59446
982,0.61078
983,0.616723
984,0.643526
985,0.643671
986,0.588026
987,0.591938
988,0.604452
989,0.546802
990,0.432442
991,0.526913
992,0.359776
993,0.369231
994,0.427124
995,0.475937
996,0.508914
997,0.549859
998,0.585224
999,0.423344
1000,0.438993
1001,0.510795
1002,0.497579
1003,0.435583
1004,0.548477
1005,0.316744
1006,0.364444
1007,0.297647
1008,0.229288
1009,0.214838
1010,0.24253
1011,0.189628
1012,0.179204
1013,0.165965
1014,0.145928
1015,0.094338
1016,0.101914
1017,0.20665
1018,0.268224
1019,0.174298
1020,0.143397
1021,0.298775
1022,0.338493
1023,0.241447
1024,0.114816
1025,0.648487
1026,0.741844
1027,0.745563
1028,0.759071
1029,0.740939
1030,0.782388
1031,0.829
1032,0.896081
1033,0.907049
1034,0.894829
1035,0.890458
1036,0.851074
1037,0.883546
1038,0.90722
1039,0.908002
1040,0.905647
1041,0.920168
1042,0.928302
1043,0.936335
1044,0.953932
1045,0.951228
1046,0.942905
1047,0.924454
1048,0.896624
1049,0.888135
1050,0.973551
1051,0.695585
1052,0.527539
1053,0.26014
1054,0.200123
1055,0.265436
1056,0.280982
1057,0.323387
1058,0.332006
1059,0.067288
1060,0.039439
1061,0.026486
1062,0.007566
1063,0.011582
1064,0.028189
1065,0.028419
1066,0.033021
1067,0.034119
1068,0.059811
1069,0.155486
1070,0.251023
1071,0.113708
1072,0.076638
1073,0.009063
1074,0.086077
1075,0.04136
1076,0.099853
1077,0.076408
1078,0.072747
1079,0.09284
1080,0.12977
1081,0.142805
1082,0.218084
1083,0.181907
1084,0.168614
1085,0.137621
1086,0.1972
1087,0.175791
1088,0.214642
1089,0.102828
1090,0.055765
1091,0.024407
1092,0.007485
1093,0.02223
1094,0.037186
1095,0.046529
1096,0.038121
1097,0.030489
1098,0.017858
1099,0.02146
1100,0.032775
1101,0.013446
1102,0.012022
1103,0.013628
1104,0.014705
1105,0.005698
1106,0.01473
1107,0.011885
1108,0.004797
1109,0.005448
1110,0.005615
1111,0.007839
1112,0.006004
1113,0.002436
1114,0.006826
1115,0.010033
1116,0.024593
1117,0.236842
1118,0.083549
1119,0.095995
1120,0.1369
1121,0.524461
1122,0.603682
1123,0.822817
1124,0.771268
1125,0.89986
1126,0.829598
1127,0.864137
1128,0.885283
1129,0.885175
1130,0.934491
1131,0.928165
1132,0.925256
1133,0.926194
1134,0.85459
1135,0.803948
1136,0.795316
1137,0.817366
1138,0.837049
1139,0.856304
1140,0.853114
1141,0.868017
1142,0.867065
1143,0.836705
1144,0.804428
1145,0.437708
1146,0.127123
1147,0.395185
1148,0.249936
1149,0.325738
1150,0.209782
1151,0.295797
1152,0.231331
1153,0.323075
1154,0.358877
1155,0.357915
1156,0.368039
1157,0.411295
1158,0.407665
1159,0.50676
1160,0.517914
1161,0.528736
1162,0.471858
1163,0.607148
1164,0.535031
1165,0.459987
1166,0.388321
1167,0.290674
1168,0.341804
1169,0.302589
1170,0.168347
1171,0.087146
1172,0.568078
1173,0.709611
1174,0.374453
1175,0.484721
1176,0.640544
1177,0.732813
1178,0.864597
1179,0.927473
1180,0.931345
1181,0.938073
1182,0.910511
1183,0.910913
1184,0.871136
1185,0.858239
1186,0.864048
1187,0.868452
1188,0.887159
1189,0.935302
1190,0.842315
1191,0.395628
1192,0.180229
1193,0.75213
1194,0.64563
1195,0.56804
1196,0.574747
1197,0.533539
1198,0.591236
1199,0.709871
1200,0.709374
1201,0.783923
1202,0.750302
1203,0.770629
1204,0.781959
1205,0.798965
1206,0.76468
1207,0.763068
1208,0.743157
1209,0.715027
1210,0.633878
1211,0.679431
1212,0.679677
1213,0.77443
1214,0.772415
1215,0.771151
1216,0.767935
1217,0.78063
1218,0.810303
1219,0.808259
1220,0.798065
1221,0.766177
1222,0.624993
1223,0.701684
1224,0.694346
1225,0.535964
1226,0.446885
1227,0.360439
1228,0.313053
1229,0.506822
1230,0.494773
1231,0.564938
1232,0.653177
1233,0.255458
1234,0.496123
1235,0.581344
1236,0.707418
1237,0.577791
1238,0.536656
1239,0.929477
1240,0.932471
1241,0.939085
1242,0.946171
1243,0.963418
1244,0.966128
1245,0.972301
1246,0.966774
1247,0.969174
1248,0.968633
1249,0.954571
1250,0.95132
1251,0.938613
1252,0.791067
1253,0.906913
1254,0.839231
1255,0.935817
1256,0.880999
1257,0.889884
1258,0.892171
1259,0.870702
1260,0.861915
1261,0.847934
1262,0.858894
1263,0.823625
1264,0.831224
1265,0.828215
1266,0.83911
1267,0.840599
1268,0.863054
1269,0.860024
1270,0.863077
1271,0.859892
1272,0.832032
1273,0.847669
1274,0.833518
1275,0.854971
1276,0.91628
1277,0.917472
1278,0.895374
1279,0.900753
1280,0.898865
1281,0.843719
1282,0.828444
1283,0.779932
1284,0.803445
1285,0.817896
1286,0.825914
1287,0.817777
1288,0.783388
1289,0.795997
1290,0.831148
1291,0.831954
1292,0.828668
1293,0.837163
1294,0.849785
1295,0.91829
1296,0.924503
1297,0.90766
1298,0.874385
1299,0.887246
1300,0.889785
1301,0.888114
1302,0.898072
1303,0.883028
1304,0.887156
1305,0.872033
1306,0.87446
1307,0.888771
1308,0.914676
1309,0.942414
1310,0.944438
1311,0.94967
1312,0.950549
1313,0.96757
1314,0.96992
1315,0.970795
1316,0.976666
1317,0.98008
1318,0.96642
1319,0.82176
1320,0.865891
1321,0.810461
1322,0.964325
1323,0.973718
1324,0.975095
1325,0.980394
1326,0.978796
1327,0.979026
1328,0.976983
1329,0.971255
1330,0.969233
1331,0.968044
1332,0.972422
1333,0.974008
1334,0.974527
1335,0.971113
1336,0.949916
1337,0.939867
1338,0.944103
1339,0.96931
1340,0.971907
1341,0.959449
1342,0.963498
1343,0.96516
1344,0.916692
1345,0.795616
1346,0.809434
1347,0.760431
1348,0.780432
1349,0.850467
1350,0.848397
1351,0.84126
1352,0.854469
1353,0.826144
1354,0.800973
1355,0.82423
1356,0.809458
1357,0.832402
1358,0.828808
1359,0.811718
1360,0.83404
1361,0.845345
1362,0.852163
1363,0.871855
1364,0.857508
1365,0.867784
1366,0.868205
1367,0.861341
1368,0.874731
1369,0.80378
1370,0.776797
1371,0.77326
1372,0.725553
1373,0.740229
1374,0.698598
1375,0.743775
1376,0.734864
1377,0.778072
1378,0.777085
1379,0.798923
1380,0.772413
1381,0.76337
1382,0.732994
1383,0.845017
1384,0.80543
1385,0.242405
1386,0.450658
1387,0.791533
1388,0.683459
1389,0.789822
1390,0.764996
1391,0.64031
1392,0.83918
1393,0.860065
1394,0.932295
1395,0.934516
1396,0.916014
1397,0.951238
1398,0.958236
1399,0.961024
1400,0.960369
1401,0.965963
1402,0.967123
1403,0.965734
1404,0.971894
1405,0.965546
1406,0.95043
1407,0.946388
1408,0.93795
1409,0.959142
1410,0.9606
1411,0.957738
1412,0.967662
1413,0.962833
1414,0.962869
1415,0.956467
1416,0.972069
1417,0.976323
1418,0.962197
1419,0.946566
1420,0.940516
1421,0.886704
1422,0.920689
1423,0.920544
1424,0.927419
1425,0.914582
1426,0.861707
1427,0.907205
1428,0.910121
1429,0.855538
1430,0.845412
1431,0.865021
1432,0.939145
1433,0.963732
1434,0.98216
1435,0.984504
1436,0.985113
1437,0.98963
1438,0.988839
1439,0.978623
1440,0.970564
1441,0.978237
1442,0.977135
1443,0.97481
1444,0.975445
1445,0.977474
1446,0.980741
1447,0.982194
1448,0.968648
1449,0.969956
1450,0.967316
1451,0.970353
1452,0.982425
1453,0.982548
1454,0.983819
1455,0.986213
1456,0.986028
1457,0.986194
1458,0.984886
1459,0.983395
1460,0.973563
1461,0.983711
1462,0.983741
1463,0.983392
1464,0.968194
1465,0.983999
1466,0.982367
1467,0.977826
1468,0.958291
1469,0.924986
1470,0.90761
1471,0.941165
1472,0.931344
1473,0.8725
1474,0.882087
1475,0.943403
1476,0.806353
1477,0.665393
1478,0.579411
1479,0.789982
1480,0.827806
1481,0.820692
1482,0.835242
1483,0.798206
1484,0.811988
1485,0.78474
1486,0.83953
1487,0.864822
1488,0.841266
1489,0.780981
1490,0.772103
1491,0.774685
1492,0.773762
1493,0.588621
1494,0.859597
1495,0.953164
1496,0.966356
1497,0.955034
1498,0.96724
1499,0.967862
1500,0.964879
1501,0.966678
1502,0.93533
1503,0.949825
1504,0.945956
1505,0.961134
1506,0.96139
1507,0.964841
1508,0.964728
1509,0.958393
1510,0.96376
1511,0.963343
1512,0.96017
1513,0.950393
1514,0.950851
1515,0.951913
1516,0.921579
1517,0.948644
1518,0.947603
1519,0.952115
1520,0.951089
1521,0.954074
1522,0.952869
1523,0.944113
1524,0.945434
1525,0.934406
1526,0.934241
1527,0.937805
1528,0.938389
1529,0.959421
1530,0.944671
1531,0.835816
1532,0.798322
1533,0.778878
1534,0.808861
1535,0.707748
1536,0.762868
1537,0.704548
1538,0.740557
1539,0.778484
1540,0.719865
1541,0.747413
1542,0.75845
1543,0.774156
1544,0.825651
1545,0.837965
1546,0.824241
1547,0.785203
1548,0.782411
1549,0.755626
1550,0.747348
1551,0.7214
1552,0.746278
1553,0.710523
1554,0.733932
1555,0.87637
1556,0.911054
1557,0.891871
1558,0.906332
1559,0.91175
1560,0.921393
1561,0.800982
1562,0.802081
1563,0.785046
1564,0.819803
1565,0.799035
1566,0.763255
1567,0.727944
1568,0.852043
1569,0.868465
1570,0.796334
1571,0.618715
1572,0.651322
1573,0.880775
1574,0.888674
1575,0.896904
1576,0.951403
1577,0.939506
1578,0.93559
1579,0.939726
1580,0.868913
1581,0.855821
1582,0.488753
1583,0.075499
1584,0.578136
1585,0.256279
1586,0.409937
1587,0.391443
1588,0.418887
1589,0.418559
1590,0.438389
1591,0.595196
1592,0.580954
1593,0.357983
1594,0.383536
1595,0.636462
1596,0.638699
1597,0.758863
1598,0.826826
1599,0.890606
1600,0.749089
1601,0.885067
1602,0.446621
1603,0.51741
1604,0.591469
1605,0.931351
1606,0.963837
1607,0.972284
1608,0.968014
1609,0.872419
1610,0.806919
1611,0.710869
1612,0.809229
1613,0.867301
1614,0.909031
1615,0.930552
1616,0.919286
1617,0.925264
1618,0.914916
1619,0.929776
1620,0.854821
1621,0.537159
1622,0.853019
1623,0.717619
1624,0.791581
1625,0.74567
1626,0.76551
1627,0.764764
1628,0.765261
1629,0.744255
1630,0.736444
1631,0.746014
1632,0.748363
1633,0.660087
1634,0.588436
1635,0.535487
1636,0.51747
1637,0.472351
1638,0.420771
1639,0.302691
1640,0.149729
1641,0.386735
1642,0.549671
1643,0.489419
1644,0.69027
1645,0.800869
1646,0.760977
1647,0.783743
1648,0.803501
1649,0.557874
1650,0.534131
1651,0.477389
1652,0.529201
1653,0.602674
1654,0.632139
1655,0.557738
1656,0.606698
1657,0.410627
1658,0.447168
1659,0.417399
1660,0.41425
1661,0.38134
1662,0.392078
1663,0.40992
1664,0.258369
1665,0.294585
1666,0.629875
1667,0.386496
1668,0.362074
1669,0.855978
1670,0.934973
1671,0.877943
1672,0.929248
1673,0.916536
1674,0.877528
1675,0.875524
1676,0.918439
1677,0.807051
1678,0.93358
1679,0.91445
1680,0.874331
1681,0.847169
1682,0.829929
1683,0.886382
1684,0.803383
1685,0.889012
1686,0.901898
1687,0.830511
1688,0.85076
1689,0.883761
1690,0.902022
1691,0.883417
1692,0.848326
1693,0.827585
1694,0.895935
1695,0.934275
1696,0.928715
1697,0.748792
1698,0.206571
1699,0.417263
1700,0.297547
1701,0.68022
1702,0.722096
1703,0.662932
1704,0.715181
1705,0.689306
1706,0.64541
1707,0.690723
1708,0.721604
1709,0.741723
1710,0.671153
1711,0.734372
1712,0.668633
1713,0.683215
1714,0.735539
1715,0.715225
1716,0.771876
1717,0.772598
1718,0.77225
1719,0.709936
1720,0.692255
1721,0.722814
1722,0.72074
1723,0.764877
1724,0.785165
1725,0.677088
1726,0.629894
1727,0.710026
1728,0.672757
1729,0.732118
1730,0.741376
1731,0.770436
1732,0.792528
1733,0.774153
1734,0.760063
1735,0.749473
1736,0.736374
1737,0.720725
1738,0.696346
1739,0.736326
1740,0.748192
1741,0.777711
1742,0.809586
1743,0.937173
1744,0.960994
1745,0.966506
1746,0.97358
1747,0.983373
1748,0.984642
1749,0.966877
1750,0.976309
1751,0.969884
1752,0.967133
1753,0.965205
1754,0.976413
1755,0.97524
1756,0.965622
1757,0.963309
1758,0.969875
1759,0.968254
1760,0.967228
1761,0.96821
1762,0.969114
1763,0.970727
1764,0.974875
1765,0.978451
1766,0.9788
1767,0.976778
1768,0.976344
1769,0.934634
1770,0.836966
1771,0.833673
1772,0.699973
1773,0.822727
1774,0.905658
1775,0.897303
1776,0.880175
1777,0.884588
1778,0.882677
1779,0.878897
1780,0.887488
1781,0.841693
1782,0.853085
1783,0.81359
1784,0.840739
1785,0.853362
1786,0.855294
1787,0.8256
1788,0.86068
1789,0.910048
1790,0.90347
1791,0.914464
1792,0.889401
1793,0.847037
1794,0.737259
1795,0.857137
1796,0.850834
1797,0.9105
1798,0.635799
1799,0.586582
1800,0.960974
1801,0.952599
1802,0.917762
1803,0.940584
1804,0.963114
1805,0.959912
1806,0.967336
1807,0.966672
1808,0.968928
1809,0.966721
1810,0.966427
1811,0.974681
1812,0.976787
1813,0.972834
1814,0.974452
1815,0.968746
1816,0.947522
1817,0.954026
1818,0.895814
1819,0.814677
1820,0.870479
1821,0.861949
1822,0.805745
1823,0.826034
1824,0.808248
1825,0.828572
1826,0.829112
1827,0.795188
1828,0.81334
1829,0.787244
1830,0.772768
1831,0.716625
1832,0.765862
1833,0.773024
1834,0.815434
1835,0.791462
1836,0.821776
1837,0.864952
1838,0.853053
1839,0.830301
1840,0.868002
1841,0.779627
1842,0.776064
1843,0.668497
1844,0.612017
1845,0.615815
1846,0.611949
1847,0.587246
1848,0.573377
1849,0.597886
1850,0.786527
1851,0.942798
1852,0.975426
1853,0.924084
1854,0.94328
1855,0.932866
1856,0.949369
1857,0.934644
1858,0.937068
1859,0.978315
1860,0.974424
1861,0.89345
1862,0.908709
1863,0.834235
1864,0.743539
1865,0.810151
1866,0.835053
1867,0.790521
1868,0.880255
1869,0.91179
1870,0.92383
1871,0.868317
1872,0.900491
1873,0.867549
1874,0.882406
1875,0.865306
1876,0.83733
1877,0.847823
1878,0.851233
1879,0.853743
1880,0.811045
1881,0.8127
1882,0.820037
1883,0.828953
1884,0.827266
1885,0.863266
1886,0.865555
1887,0.868897
1888,0.812435
1889,0.840387
1890,0.809409
1891,0.809926
1892,0.814179
1893,0.830449
1894,0.788355
1895,0.7672
1896,0.775875
1897,0.6774
1898,0.637846
1899,0.714815
1900,0.740406
1901,0.738995
1902,0.736875
1903,0.775996
1904,0.832958
1905,0.91495
1906,0.893303
1907,0.932133
1908,0.866185
1909,0.952207
1910,0.961923
1911,0.946024
1912,0.941844
1913,0.948898
1914,0.917008
1915,0.926663
1916,0.908997
1917,0.649967
1918,0.643289
1919,0.607894
1920,0.543616
1921,0.696232
1922,0.688118
1923,0.684488
1924,0.575563
1925,0.488232
1926,0.480836
1927,0.406779
1928,0.432014
1929,0.350717
1930,0.422319
1931,0.371524
1932,0.370987
1933,0.497119
1934,0.654325
1935,0.640875
1936,0.598804
1937,0.604903
1938,0.584499
1939,0.55057
1940,0.687724
1941,0.829902
1942,0.810618
1943,0.938941
1944,0.94933
1945,0.951349
1946,0.951659
1947,0.965718
1948,0.919226
1949,0.761425
1950,0.725347
1951,0.677761
1952,0.669898
1953,0.686656
1954,0.72546
1955,0.751192
1956,0.735394
1957,0.647116
1958,0.710602
1959,0.673684
1960,0.691987
1961,0.719019
1962,0.6717
1963,0.571995
1964,0.661511
1965,0.711525
1966,0.64217
1967,0.692511
1968,0.637766
1969,0.703398
1970,0.645879
1971,0.625392
1972,0.648369
1973,0.667372
1974,0.702354
1975,0.656168
1976,0.649093
1977,0.715466
1978,0.83083
1979,0.914954
1980,0.932886
1981,0.938716
1982,0.959131
1983,0.961886
1984,0.952091
1985,0.914506
1986,0.959443
1987,0.954016
1988,0.960233
1989,0.957858
1990,0.954872
1991,0.948224
1992,0.96284
1993,0.957426
1994,0.96169
1995,0.964055
1996,0.962559
1997,0.961837
1998,0.961886
1999,0.965997
2000,0.962497
2001,0.954476
2002,0.963269
2003,0.962623
2004,0.968729
2005,0.962806
2006,0.963948
2007,0.96609
2008,0.79658
2009,0.823646
2010,0.8386
2011,0.745941
2012,0.73651
2013,0.738742
2014,0.758655
2015,0.766886
2016,0.820066
2017,0.814274
2018,0.829251
2019,0.824745
2020,0.849057
2021,0.831715
2022,0.801398
2023,0.785959
2024,0.80707
2025,0.742448
2026,0.741291
2027,0.785183
2028,0.836799
2029,0.748577
2030,0.751455
2031,0.78544
2032,0.78333
2033,0.760981
2034,0.749628
2035,0.810962
2036,0.777146
2037,0.712901
2038,0.730186
2039,0.671227
2040,0.645249
2041,0.780617
2042,0.812382
2043,0.838523
2044,0.850604
2045,0.865712
2046,0.887773
2047,0.864609
2048,0.904711
2049,0.884461
2050,0.890676
2051,0.858636
2052,0.856978
2053,0.819043
2054,0.697223
2055,0.956649
2056,0.857929
2057,0.770649
2058,0.867435
2059,0.91887
2060,0.927341
2061,0.95002
2062,0.952581
2063,0.934663
2064,0.937849
2065,0.927001
2066,0.926842
2067,0.948652
2068,0.938795
2069,0.905627
2070,0.923674
2071,0.914225
2072,0.936178
2073,0.920233
2074,0.917122
2075,0.871393
2076,0.818071
2077,0.909947
2078,0.932795
2079,0.936163
2080,0.930781
2081,0.947198
2082,0.941625
2083,0.860995
2084,0.78308
2085,0.794932
2086,0.799891
2087,0.851475
2088,0.86177
2089,0.813631
2090,0.792617
2091,0.798579
2092,0.686106
2093,0.736219
2094,0.728981
2095,0.797358
2096,0.978486
2097,0.799722
2098,0.540081
2099,0.435049
2100,0.763871
2101,0.562301
2102,0.621072
2103,0.593237
2104,0.768056
2105,0.733922
2106,0.763664
2107,0.76017
2108,0.734184
2109,0.774402
2110,0.792775
2111,0.821185
2112,0.860421
2113,0.84389
2114,0.830189
2115,0.793702
2116,0.805891
2117,0.813543
2118,0.812655
2119,0.811697
2120,0.811874
2121,0.803989
2122,0.794911
2123,0.769514
2124,0.780206
2125,0.699818
2126,0.69828
2127,0.778456
2128,0.805872
2129,0.860067
2130,0.843937
2131,0.823026
2132,0.737185
2133,0.688492
2134,0.564891
2135,0.522994
2136,0.19773
2137,0.360664
2138,0.122448
2139,0.112431
2140,0.109621
2141,0.108579
2142,0.183906
2143,0.186798
2144,0.211874
2145,0.216356
2146,0.20015
2147,0.206008
2148,0.187693
2149,0.580886
2150,0.602004
2151,0.603418
2152,0.422296
2153,0.691754
2154,0.727316
2155,0.762616
2156,0.54343
2157,0.792892
2158,0.797611
2159,0.807767
2160,0.816089
2161,0.799579
2162,0.794401
2163,0.800996
2164,0.777441
2165,0.788142
2166,0.786612
2167,0.768136
2168,0.802784
2169,0.790277
2170,0.726709
2171,0.758206
2172,0.646569
2173,0.646071
2174,0.622134
2175,0.613895
2176,0.641123
2177,0.725013
2178,0.741428
2179,0.752124
2180,0.762659
2181,0.797916
2182,0.78948
2183,0.785143
2184,0.777543
2185,0.659504
2186,0.685175
2187,0.6181
2188,0.661723
2189,0.721746
2190,0.667554
2191,0.609107
2192,0.682833
2193,0.710449
2194,0.680911
2195,0.737004
2196,0.780966
2197,0.776144
2198,0.787976
2199,0.796169
2200,0.7394
2201,0.72593
2202,0.687452
2203,0.680275
2204,0.715648
2205,0.717885
2206,0.716428
2207,0.708905
2208,0.617031
2209,0.757629
2210,0.782555
2211,0.484727
2212,0.428858
2213,0.329596
2214,0.493823
2215,0.709116
2216,0.874498
2217,0.890631
2218,0.910133
2219,0.936683
2220,0.942079
2221,0.938812
2222,0.945315
2223,0.951882
2224,0.958386
2225,0.973016
2226,0.965368
2227,0.974612
2228,0.977645
2229,0.979061
2230,0.935541
2231,0.930512
2232,0.720815
2233,0.641906
2234,0.652507
2235,0.755423
2236,0.786775
2237,0.754096
2238,0.819114
2239,0.808021
2240,0.812617
2241,0.821819
2242,0.905505
2243,0.889199
2244,0.915874
2245,0.920223
2246,0.916797
2247,0.889201
2248,0.879738
2249,0.885548
2250,0.90258
2251,0.935458
2252,0.919393
2253,0.838195
2254,0.829639
2255,0.800601
2256,0.821469
2257,0.781261
2258,0.753295
2259,0.789281
2260,0.720298
2261,0.640352
2262,0.675939
2263,0.739749
2264,0.692869
2265,0.850078
2266,0.859706
2267,0.872141
2268,0.849812
2269,0.881171
2270,0.896274
2271,0.830589
2272,0.955706
2273,0.898101
2274,0.857713
2275,0.588204
2276,0.923631
2277,0.942929
2278,0.893351
2279,0.895364
2280,0.942389
2281,0.959014
2282,0.937729
2283,0.971453
2284,0.974871
2285,0.977255
2286,0.971758
2287,0.970525
2288,0.965633
2289,0.967775
2290,0.965328
2291,0.961318
2292,0.960589
2293,0.970418
2294,0.973012
2295,0.922457
2296,0.634917
2297,0.673057
2298,0.852748
2299,0.814375
2300,0.808056
2301,0.754241
2302,0.523724
2303,0.623562
2304,0.651998
2305,0.602716
2306,0.595002
2307,0.563739
2308,0.631835
2309,0.658939
2310,0.679797
2311,0.687897
2312,0.677947
2313,0.744368
2314,0.75878
2315,0.754382
2316,0.781815
2317,0.784695
2318,0.749359
2319,0.801922
2320,0.805927
2321,0.817436
2322,0.807308
2323,0.797293
2324,0.699105
2325,0.729996
2326,0.703464
2327,0.645214
2328,0.664477
2329,0.714503
2330,0.702298
2331,0.72536
2332,0.720434
2333,0.739723
2334,0.928405
2335,0.96131
2336,0.97166
2337,0.978937
2338,0.978566
2339,0.984283
2340,0.977221
2341,0.972262
2342,0.976082
2343,0.967313
2344,0.973795
2345,0.982922
2346,0.980308
2347,0.922718
2348,0.795412
2349,0.785132
2350,0.794017
2351,0.76834
2352,0.767233
2353,0.641236
2354,0.698386
2355,0.586772
2356,0.653573
2357,0.630791
2358,0.584929
2359,0.576448
2360,0.602879
2361,0.442157
2362,0.350893
2363,0.285112
2364,0.272129
2365,0.427231
2366,0.459047
2367,0.385183
2368,0.427721
2369,0.418878
2370,0.434919
2371,0.447702
2372,0.387408
2373,0.340713
2374,0.467477
2375,0.567829
2376,0.604399
2377,0.542785
2378,0.489438
2379,0.314092
2380,0.331445
2381,0.211234
2382,0.244536
2383,0.223027
2384,0.318946
2385,0.339801
2386,0.371476
2387,0.360455
2388,0.32805
2389,0.760513
2390,0.772282
2391,0.81564
2392,0.815948
2393,0.859436
2394,0.900662
2395,0.946897
2396,0.95353
2397,0.948143
2398,0.954572
2399,0.856544
2400,0.597195
2401,0.463466
2402,0.317067
2403,0.329502
2404,0.259113
2405,0.308489
2406,0.320715
2407,0.300317
2408,0.310849
2409,0.294868
2410,0.327451
2411,0.313144
2412,0.295572
2413,0.210105
2414,0.241672
2415,0.250036
2416,0.212457
2417,0.187596
2418,0.225644
2419,0.279717
2420,0.306347
2421,0.262758
2422,0.351994
2423,0.403879
2424,0.449606
2425,0.628456
2426,0.616462
2427,0.573969
2428,0.569991
2429,0.569142
2430,0.46041
2431,0.31272
2432,0.219928
2433,0.263922
2434,0.339842
2435,0.380048
2436,0.373708
2437,0.360243
2438,0.348426
2439,0.385685
2440,0.38076
2441,0.393853
2442,0.405106
2443,0.440048
2444,0.547224
2445,0.473791
2446,0.602422
2447,0.471914
2448,0.413539
2449,0.37762
2450,0.450672
2451,0.530471
2452,0.476387
2453,0.379365
2454,0.350858
2455,0.433309
2456,0.60632
2457,0.673263
2458,0.598294
2459,0.486822
2460,0.407128
2461,0.359817
2462,0.47796
2463,0.505124
2464,0.591607
2465,0.674816
2466,0.738656
2467,0.747773
2468,0.736844
2469,0.738205
2470,0.672152
2471,0.685744
2472,0.682875
2473,0.591935
2474,0.475077
2475,0.362563
2476,0.256352
2477,0.273096
2478,0.59934
2479,0.888743
2480,0.878852
2481,0.869417
2482,0.862086
2483,0.868428
2484,0.877004
2485,0.866677
2486,0.90831
2487,0.956236
2488,0.962412
2489,0.966915
2490,0.960401
2491,0.939081
2492,0.906625
2493,0.884735
2494,0.904438
2495,0.924876
2496,0.961831
2497,0.969817
2498,0.96744
2499,0.968692
2500,0.969302
2501,0.960295
2502,0.963727
2503,0.913039
2504,0.970737
2505,0.966399
2506,0.959093
2507,0.930754
2508,0.9662
2509,0.965182
2510,0.96042
2511,0.956426
2512,0.973237
2513,0.970122
2514,0.972818
2515,0.974836
2516,0.977191
2517,0.970299
2518,0.971986
2519,0.966196
2520,0.957095
2521,0.942139
2522,0.930445
2523,0.908722
2524,0.908151
2525,0.883718
2526,0.906378
2527,0.873767
2528,0.883736
2529,0.921544
2530,0.932884
2531,0.960786
2532,0.962587
2533,0.96289
2534,0.966115
2535,0.958851
2536,0.965904
2537,0.966734
2538,0.959849
2539,0.962788
2540,0.965356
2541,0.963326
2542,0.960137
2543,0.933689
2544,0.935685
2545,0.94754
2546,0.946834
2547,0.938425
2548,0.950984
2549,0.947147
2550,0.941181
2551,0.942708
2552,0.924957
2553,0.92201
2554,0.918504
2555,0.914058
2556,0.969455
2557,0.929338
2558,0.923906
2559,0.919476
2560,0.927821
2561,0.914929
2562,0.90863
2563,0.916922
2564,0.923342
2565,0.93279
2566,0.935595
2567,0.916384
2568,0.852445
2569,0.878258
2570,0.882972
2571,0.572031
2572,0.589547
2573,0.54923
2574,0.560354
2575,0.636016
2576,0.623958
2577,0.59983
2578,0.595934
2579,0.629888
2580,0.578667
2581,0.694023
2582,0.715099
2583,0.710307
2584,0.723468
2585,0.703044
2586,0.706214
2587,0.709645
2588,0.770638
2589,0.833658
2590,0.84353
2591,0.808736
2592,0.837196
2593,0.762826
2594,0.709416
2595,0.766634
2596,0.894218
2597,0.938231
2598,0.928808
2599,0.908677
2600,0.96677
2601,0.967315
2602,0.731843
2603,0.92746
2604,0.983405
2605,0.985894
2606,0.986376
2607,0.95018
2608,0.939963
2609,0.952528
2610,0.950181
2611,0.954422
2612,0.945374
2613,0.951487
2614,0.94588
2615,0.931663
2616,0.95327
2617,0.959404
2618,0.962723
2619,0.958657
2620,0.957107
2621,0.95541
2622,0.805078
2623,0.952612
2624,0.929874
2625,0.905198
2626,0.781444
2627,0.815305
2628,0.815646
2629,0.792262
2630,0.87399
2631,0.683559
2632,0.891748
2633,0.809716
2634,0.7051
2635,0.655908
2636,0.830998
2637,0.863931
2638,0.670567
2639,0.615337
2640,0.63867
2641,0.798964
2642,0.815832
2643,0.886684
2644,0.849219
2645,0.865106
2646,0.834489
2647,0.8083
2648,0.790037
2649,0.778349
2650,0.908799
2651,0.791875
2652,0.743072
2653,0.865165
2654,0.863025
2655,0.874014
2656,0.87011
2657,0.921779
2658,0.783569
2659,0.95151
2660,0.977627
2661,0.972261
2662,0.969942
2663,0.973259
2664,0.973653
2665,0.974529
2666,0.977281
2667,0.975582
2668,0.974993
2669,0.978991
2670,0.979681
2671,0.978603
2672,0.977571
2673,0.973866
2674,0.974683
2675,0.97849
2676,0.976
2677,0.962647
2678,0.9692
2679,0.971128
2680,0.977957
2681,0.978528
2682,0.978301
2683,0.9787
2684,0.980378
2685,0.979351
2686,0.981125
2687,0.979774
2688,0.9794
2689,0.979127
2690,0.97824
2691,0.981257
2692,0.980817
2693,0.982308
2694,0.981873
2695,0.977344
2696,0.978164
2697,0.97733
2698,0.977367
2699,0.9776
2700,0.978188
2701,0.973608
2702,0.973623
2703,0.964862
2704,0.962169
2705,0.951128
2706,0.948913
2707,0.93765
2708,0.917669
2709,0.925136
2710,0.920822
2711,0.963318
2712,0.776848
2713,0.882491
2714,0.895754
2715,0.973513
2716,0.974238
2717,0.97197
2718,0.969471
2719,0.974788
2720,0.980771
2721,0.878507
2722,0.9797
2723,0.980426
2724,0.864734
2725,0.833098
2726,0.82558
2727,0.804874
2728,0.856887
2729,0.900563
2730,0.903974
2731,0.911113
2732,0.921108
2733,0.915886
2734,0.855996
2735,0.883132
2736,0.844975
2737,0.828779
2738,0.823429
2739,0.77678
2740,0.78263
2741,0.752916
2742,0.763124
2743,0.792189
2744,0.825368
2745,0.855285
2746,0.851177
2747,0.831795
2748,0.83708
2749,0.832824
2750,0.829594
2751,0.78421
2752,0.765893
2753,0.787311
2754,0.781871
2755,0.757541
2756,0.75129
2757,0.747146
2758,0.757917
2759,0.72305
2760,0.667537
2761,0.8609
2762,0.837064
2763,0.820107
2764,0.818897
2765,0.798994
2766,0.831546
2767,0.75686
2768,0.941583
2769,0.969854
2770,0.935323
2771,0.793216
2772,0.676182
2773,0.77083
2774,0.757346
2775,0.763058
2776,0.768525
2777,0.802304
2778,0.793244
2779,0.823004
2780,0.843626
2781,0.816086
2782,0.794422
2783,0.7729
2784,0.746701
2785,0.750733
2786,0.708321
2787,0.700693
2788,0.673001
2789,0.669568
2790,0.722785
2791,0.691285
2792,0.611447
2793,0.581024
2794,0.597772
2795,0.577362
2796,0.569874
2797,0.491599
2798,0.4401
2799,0.382115
2800,0.715622
2801,0.669726
2802,0.38068
2803,0.42922
2804,0.49936
2805,0.515849
2806,0.56594
2807,0.742613
2808,0.750073
2809,0.667291
2810,0.788118
2811,0.899465
2812,0.882497
2813,0.812169
2814,0.976121
2815,0.973464
2816,0.981399
2817,0.981202
2818,0.978204
2819,0.979915
2820,0.979617
2821,0.913218
2822,0.920164
2823,0.893512
2824,0.952639
2825,0.953477
2826,0.961129
2827,0.82933
2828,0.986691
2829,0.984792
2830,0.980022
2831,0.967343
2832,0.897877
2833,0.907285
2834,0.376785
2835,0.518035
2836,0.667493
2837,0.683347
2838,0.750821
2839,0.798202
2840,0.728273
2841,0.590769
2842,0.642168
2843,0.564299
2844,0.616346
2845,0.540933
2846,0.530923
2847,0.578601
2848,0.510173
2849,0.631477
2850,0.625806
2851,0.679321
2852,0.662363
2853,0.657216
2854,0.61617
2855,0.560089
2856,0.242183
2857,0.538839
2858,0.821045
2859,0.706665
2860,0.770755
2861,0.72753
2862,0.8918
2863,0.933452
2864,0.958542
2865,0.966276
2866,0.951363
2867,0.944762
2868,0.914563
2869,0.938756
2870,0.935303
2871,0.788025
2872,0.269311
2873,0.744822
2874,0.816051
2875,0.759129
2876,0.752924
2877,0.715599
2878,0.732478
2879,0.699584
2880,0.671821
2881,0.74333
2882,0.635982
2883,0.560372
2884,0.526022
2885,0.497622
2886,0.486206
2887,0.45834
2888,0.45797
2889,0.440355
2890,0.577569
2891,0.648643
2892,0.595505
2893,0.801973
2894,0.815276
2895,0.836023
2896,0.823516
2897,0.826482
2898,0.828442
2899,0.854184
2900,0.842677
2901,0.830283
2902,0.823477
2903,0.742262
2904,0.609587
2905,0.674108
2906,0.69422
2907,0.677784
2908,0.685077
2909,0.641526
2910,0.697324
2911,0.497022
2912,0.492931
2913,0.675961
2914,0.786978
2915,0.642951
2916,0.398511
2917,0.295685
2918,0.167871
2919,0.197801
2920,0.347409
2921,0.344407
2922,0.330206
2923,0.399818
2924,0.356912
2925,0.368918
2926,0.207877
2927,0.167859
2928,0.095433
2929,0.153272
2930,0.19608
2931,0.231917
2932,0.137146
2933,0.219639
2934,0.194819
2935,0.177323
2936,0.182537
2937,0.237294
2938,0.22884
2939,0.26104
2940,0.279063
2941,0.224227
2942,0.236607
2943,0.243143
2944,0.160987
2945,0.184988
2946,0.150211
2947,0.130122
2948,0.115439
2949,0.130805
2950,0.14911
2951,0.182723
2952,0.211412
2953,0.202022
2954,0.143143
2955,0.142894
2956,0.138546
2957,0.195365
2958,0.117451
2959,0.097996
2960,0.096223
2961,0.152068
2962,0.411828
2963,0.470746
2964,0.452211
2965,0.497902
2966,0.466013
2967,0.449896
2968,0.419977
2969,0.405991
2970,0.607596
2971,0.636079
2972,0.675514
2973,0.71146
2974,0.852136
2975,0.52302
2976,0.541469
2977,0.103137
2978,0.115741
2979,0.673016
2980,0.74153
2981,0.654467
2982,0.772777
2983,0.765471
2984,0.898401
2985,0.88211
2986,0.934964
2987,0.923017
2988,0.918932
2989,0.93332
2990,0.935703
2991,0.937881
2992,0.960396
2993,0.963564
2994,0.958973
2995,0.946093
2996,0.95684
2997,0.9514
2998,0.934451
2999,0.94203
3000,0.937703
3001,0.967438
3002,0.966334
3003,0.959645
3004,0.95253
3005,0.954615
3006,0.955739
3007,0.955635
3008,0.965353
3009,0.964883
3010,0.966127
3011,0.96178
3012,0.969721
3013,0.970679
3014,0.975049
3015,0.973204
3016,0.955867
3017,0.929856
3018,0.873682
3019,0.797482
3020,0.660591
3021,0.552404
3022,0.572557
3023,0.453907
3024,0.411111
3025,0.580633
3026,0.850587
3027,0.869644
3028,0.900448
3029,0.902501
3030,0.898056
3031,0.918849
3032,0.943988
3033,0.933539
3034,0.927639
3035,0.896841
3036,0.914103
3037,0.840562
3038,0.788105
3039,0.767724
3040,0.905722
3041,0.905311
3042,0.859422
3043,0.889128
3044,0.895203
3045,0.939215
3046,0.967604
3047,0.973969
3048,0.977852
3049,0.973324
3050,0.975986
3051,0.977991
3052,0.979245
3053,0.979192
3054,0.981389
3055,0.975381
3056,0.979935
3057,0.98165
3058,0.983046
3059,0.980248
3060,0.981823
3061,0.981374
3062,0.97893
3063,0.973803
3064,0.966793
3065,0.951284
3066,0.95325
3067,0.967713
3068,0.977435
3069,0.980209
3070,0.85998
3071,0.758086
3072,0.916388
3073,0.888055
3074,0.798051
3075,0.864879
3076,0.880701
3077,0.884631
3078,0.86665
3079,0.830471
3080,0.852327
3081,0.872653
3082,0.901293
3083,0.859472
3084,0.884043
3085,0.90736
3086,0.890158
3087,0.916886
3088,0.943306
3089,0.940106
3090,0.918647
3091,0.900528
3092,0.880037
3093,0.86989
3094,0.782914
3095,0.716566
3096,0.651033
3097,0.719914
3098,0.727825
3099,0.798932
3100,0.883752
3101,0.702642
3102,0.864043
3103,0.837172
3104,0.620968
3105,0.603033
3106,0.608388
3107,0.59635
3108,0.567817
3109,0.445729
3110,0.498381
3111,0.469488
3112,0.388666
3113,0.400897
3114,0.504852
3115,0.566244
3116,0.560598
3117,0.523816
3118,0.544151
3119,0.513151
3120,0.554386
3121,0.620593
3122,0.584585
3123,0.595068
3124,0.533358
3125,0.536549
3126,0.56111
3127,0.511795
3128,0.83492
3129,0.87066
3130,0.854815
3131,0.914761
3132,0.921213
3133,0.928363
3134,0.959307
3135,0.970258
3136,0.970413
3137,0.971004
3138,0.965652
3139,0.948648
3140,0.945975
3141,0.924608
3142,0.93915
3143,0.664288
3144,0.202293
3145,0.17597
3146,0.310047
3147,0.168829
3148,0.147918
3149,0.370318
3150,0.315898
3151,0.264561
3152,0.351354
3153,0.457166
3154,0.376696
3155,0.560879
3156,0.681031
3157,0.362749
3158,0.326918
3159,0.268094
3160,0.317328
3161,0.348571
3162,0.325907
3163,0.452913
3164,0.428059
3165,0.375708
3166,0.373801
3167,0.363668
3168,0.376174
3169,0.438012
3170,0.457756
3171,0.462943
3172,0.494506
3173,0.43384
3174,0.437301
3175,0.362523
3176,0.35414
3177,0.335973
3178,0.233833
3179,0.281891
3180,0.238487
3181,0.212486
3182,0.221795
3183,0.2155
3184,0.16503
3185,0.18907
3186,0.266566
3187,0.196994
3188,0.293183
3189,0.255207
3190,0.224229
3191,0.207153
3192,0.144856
3193,0.187576
3194,0.105913
3195,0.06141
3196,0.043975
3197,0.041803
3198,0.034078
3199,0.027261
3200,0.026636
3201,0.025267
3202,0.070147
3203,0.262266
3204,0.342267
3205,0.526951
3206,0.53361
3207,0.548566
3208,0.558613
3209,0.594652
3210,0.615557
3211,0.611499
3212,0.665504
3213,0.381007
3214,0.125289
3215,0.09441
3216,0.145946
3217,0.245259
3218,0.206359
3219,0.148922
3220,0.157962
3221,0.148557
3222,0.214524
3223,0.200773
3224,0.219214
3225,0.246005
3226,0.238448
3227,0.33204
3228,0.332193
3229,0.419161
3230,0.401612
3231,0.475004
3232,0.505165
3233,0.771531
3234,0.691393
3235,0.674026
3236,0.67586
3237,0.684756
3238,0.694189
3239,0.560397
3240,0.452236
3241,0.38299
3242,0.424085
3243,0.405616
3244,0.367186
3245,0.34109
3246,0.400268
3247,0.424628
3248,0.50558
3249,0.506379
3250,0.564794
3251,0.384835
3252,0.3717
3253,0.464507
3254,0.220441
3255,0.200317
3256,0.757822
3257,0.903498
3258,0.939439
3259,0.943257
3260,0.969879
3261,0.914738
3262,0.924336
3263,0.92881
3264,0.940897
3265,0.805774
3266,0.869959
3267,0.699465
3268,0.436085
3269,0.48785
3270,0.762988
3271,0.67249
3272,0.634666
3273,0.69016
3274,0.375726
3275,0.398019
3276,0.412692
3277,0.365426
3278,0.311502
3279,0.334568
3280,0.349787
3281,0.381791
3282,0.40069
3283,0.373666
3284,0.356909
3285,0.36025
3286,0.364597
3287,0.364477
3288,0.368898
3289,0.457014
3290,0.393151
3291,0.375754
3292,0.352318
3293,0.270422
3294,0.598383
3295,0.538431
3296,0.265008
3297,0.486091
3298,0.444122
3299,0.440015
3300,0.216204
3301,0.221469
3302,0.174864
3303,0.125195
3304,0.643577
3305,0.747839
3306,0.400166
3307,0.779011
3308,0.668239
3309,0.951084
3310,0.88081
3311,0.883745
3312,0.891954
3313,0.9093
3314,0.911839
3315,0.911472
3316,0.889006
3317,0.939744
3318,0.95328
3319,0.949367
3320,0.960913
3321,0.961773
3322,0.783951
3323,0.754481
3324,0.780052
3325,0.551053
3326,0.495323
3327,0.310401
3328,0.605574
3329,0.589514
3330,0.627862
3331,0.602282
3332,0.665232
3333,0.648894
3334,0.400132
3335,0.325644
3336,0.31951
3337,0.246541
3338,0.298674
3339,0.326839
3340,0.375004
3341,0.295788
3342,0.245173
3343,0.293433
3344,0.24112
3345,0.227242
3346,0.232967
3347,0.244056
3348,0.253375
3349,0.373715
3350,0.405485
3351,0.428102
3352,0.455829
3353,0.365209
3354,0.334799
3355,0.257228
3356,0.224083
3357,0.377375
3358,0.439749
3359,0.309393
3360,0.267396
3361,0.454644
3362,0.441381
3363,0.126363
3364,0.311757
3365,0.353415
3366,0.357364
3367,0.409519
3368,0.829495
3369,0.929717
3370,0.9621
3371,0.973561
3372,0.982626
3373,0.977757
3374,0.971472
3375,0.97743
3376,0.977793
3377,0.985337
3378,0.981583
3379,0.981788
3380,0.982338
3381,0.982992
3382,0.960897
3383,0.901341
3384,0.950849
3385,0.939358
3386,0.941065
3387,0.951432
3388,0.783609
3389,0.934639
3390,0.932
3391,0.916105
3392,0.881722
3393,0.947001
3394,0.950027
3395,0.92686
3396,0.930162
3397,0.952846
3398,0.950452
3399,0.965689
3400,0.974604
3401,0.965145
3402,0.966464
3403,0.952842
3404,0.967148
3405,0.973513
3406,0.974732
3407,0.97706
3408,0.973525
3409,0.967578
3410,0.962031
3411,0.961269
3412,0.963433
3413,0.970914
3414,0.968512
3415,0.970361
3416,0.966767
3417,0.965273
3418,0.936052
3419,0.919776
3420,0.941149
3421,0.988844
3422,0.98856
3423,0.988444
3424,0.990128
3425,0.990325
3426,0.991552
3427,0.99041
3428,0.987977
3429,0.94514
3430,0.958595
3431,0.960579
3432,0.96587
3433,0.962633
3434,0.963374
3435,0.945431
3436,0.944136
3437,0.948096
3438,0.950688
3439,0.978429
3440,0.960608
3441,0.902646
3442,0.891997
3443,0.833913
3444,0.829458
3445,0.816055
3446,0.765408
3447,0.730677
3448,0.749039
3449,0.799211
3450,0.842709
3451,0.850678
3452,0.838054
3453,0.804417
3454,0.811854
3455,0.840839
3456,0.726155
3457,0.689941
3458,0.653823
3459,0.697279
3460,0.766788
3461,0.64116
3462,0.69925
3463,0.730165
3464,0.674028
3465,0.686157
3466,0.766529
3467,0.815344
3468,0.75372
3469,0.822367
3470,0.809166
3471,0.850519
3472,0.80486
3473,0.702885
3474,0.609922
3475,0.542273
3476,0.575974
3477,0.594139
3478,0.685421
3479,0.660049
3480,0.557099
3481,0.556838
3482,0.604801
3483,0.730763
3484,0.835118
3485,0.9495
3486,0.952109
3487,0.538166
3488,0.902709
3489,0.917059
3490,0.961025
3491,0.957532
3492,0.909329
