1,0.974408
2,0.975811
3,0.979298
4,0.982641
5,0.983166
6,0.979725
7,0.974318
8,0.974047
9,0.975208
10,0.971223
11,0.973912
12,0.972431
13,0.973177
14,0.973538
15,0.968755
16,0.973138
17,0.973853
18,0.972001
19,0.970036
20,0.952937
21,0.937607
22,0.918714
23,0.890005
24,0.937078
25,0.942066
26,0.960807
27,0.959728
28,0.9668
29,0.960277
30,0.965709
31,0.969122
32,0.964529
33,0.967615
34,0.967987
35,0.956196
36,0.966736
37,0.913341
38,0.932185
39,0.940435
40,0.952163
41,0.979202
42,0.981216
43,0.983357
44,0.982669
45,0.979434
46,0.97712
47,0.986043
48,0.986964
49,0.988927
50,0.988898
51,0.987206
52,0.972596
53,0.948173
54,0.942003
55,0.958547
56,0.979193
57,0.98141
58,0.985313
59,0.988639
60,0.987228
61,0.98749
62,0.987298
63,0.989196
64,0.984551
65,0.98754
66,0.987227
67,0.927286
68,0.941792
69,0.955671
70,0.946921
71,0.943408
72,0.982562
73,0.9874
74,0.983257
75,0.98315
76,0.983662
77,0.988022
78,0.979298
79,0.98411
80,0.823753
81,0.689497
82,0.966745
83,0.75752
84,0.717657
85,0.936314
86,0.942761
87,0.952049
88,0.961234
89,0.962852
90,0.963874
91,0.966246
92,0.954754
93,0.962928
94,0.951853
95,0.941391
96,0.91686
97,0.60369
98,0.634495
99,0.756239
100,0.787464
101,0.798628
102,0.907572
103,0.934192
104,0.942766
105,0.946511
106,0.964882
107,0.95972
108,0.956079
109,0.958177
110,0.957305
111,0.950923
112,0.943122
113,0.959961
114,0.960033
115,0.955156
116,0.953045
117,0.960395
118,0.964933
119,0.94779
120,0.942688
121,0.936565
122,0.942835
123,0.924757
124,0.911743
125,0.88445
126,0.908819
127,0.91421
128,0.920967
129,0.929141
130,0.933194
131,0.932523
132,0.893471
133,0.949211
134,0.944296
135,0.87008
136,0.911452
137,0.838251
138,0.772392
139,0.836092
140,0.807429
141,0.850825
142,0.809424
143,0.880103
144,0.867213
145,0.896304
146,0.865934
147,0.714594
148,0.628102
149,0.681875
150,0.7298
151,0.789482
152,0.766209
153,0.948036
154,0.936022
155,0.970799
156,0.972783
157,0.972314
158,0.97096
159,0.810735
160,0.881781
161,0.874913
162,0.810921
163,0.761927
164,0.826505
165,0.656141
166,0.673394
167,0.726135
168,0.693771
169,0.454328
170,0.455481
171,0.563605
172,0.628945
173,0.695331
174,0.91607
175,0.963349
176,0.977569
177,0.983659
178,0.981054
179,0.983228
180,0.984839
181,0.979155
182,0.974783
183,0.976039
184,0.974013
185,0.971288
186,0.969898
187,0.932006
188,0.939161
189,0.929278
190,0.93277
191,0.94672
192,0.959078
193,0.952094
194,0.952821
195,0.967875
196,0.964021
197,0.939834
198,0.932583
199,0.932683
200,0.941546
201,0.935727
202,0.939097
203,0.937481
204,0.945281
205,0.952413
206,0.955286
207,0.945049
208,0.932422
209,0.931148
210,0.940283
211,0.936318
212,0.946353
213,0.918474
214,0.927117
215,0.960937
216,0.935388
217,0.964886
218,0.884959
219,0.903939
220,0.923734
221,0.961077
222,0.962782
223,0.960541
224,0.958365
225,0.962416
226,0.934553
227,0.961167
228,0.954421
229,0.907845
230,0.89721
231,0.863668
232,0.867295
233,0.412722
234,0.550038
235,0.655614
236,0.903157
237,0.924318
238,0.812133
239,0.886397
240,0.888369
241,0.790165
242,0.807016
243,0.882448
244,0.905034
245,0.938719
246,0.94899
247,0.937506
248,0.941108
249,0.952459
250,0.934581
251,0.828676
252,0.678149
253,0.922084
254,0.959718
255,0.952643
256,0.928792
257,0.928742
258,0.947398
259,0.950728
260,0.955956
261,0.95845
262,0.959428
263,0.958039
264,0.959138
265,0.963946
266,0.964036
267,0.968845
268,0.967936
269,0.968587
270,0.968855
271,0.96259
272,0.955883
273,0.95863
274,0.956701
275,0.959599
276,0.956685
277,0.971114
278,0.941559
279,0.400019
280,0.574818
281,0.73304
282,0.788999
283,0.813674
284,0.690221
285,0.744316
286,0.741608
287,0.617431
288,0.661658
289,0.653799
290,0.669922
291,0.61841
292,0.520958
293,0.61979
294,0.604415
295,0.572184
296,0.459633
297,0.459145
298,0.508671
299,0.860869
300,0.891263
301,0.803547
302,0.829076
303,0.908978
304,0.887834
305,0.942704
306,0.940372
307,0.936962
308,0.929263
309,0.932536
310,0.937336
311,0.930984
312,0.922502
313,0.931167
314,0.934462
315,0.939689
316,0.943839
317,0.880221
318,0.913684
319,0.956161
320,0.950408
321,0.961402
322,0.957458
323,0.968366
324,0.910934
325,0.605827
326,0.586273
327,0.423911
328,0.290171
329,0.284092
330,0.263979
331,0.227747
332,0.201884
333,0.414997
334,0.32398
335,0.434521
336,0.286544
337,0.343737
338,0.319213
339,0.277477
340,0.340306
341,0.408993
342,0.346719
343,0.343696
344,0.65721
345,0.451857
346,0.196041
347,0.14602
348,0.128826
349,0.286394
350,0.8308
351,0.974368
352,0.959724
353,0.919288
354,0.841328
355,0.72754
356,0.625568
357,0.725914
358,0.631584
359,0.634184
360,0.758696
361,0.747545
362,0.710478
363,0.747073
364,0.688398
365,0.831954
366,0.918253
367,0.946135
368,0.93032
369,0.892349
370,0.928008
371,0.964951
372,0.810748
373,0.608363
374,0.688319
375,0.569544
376,0.839049
377,0.76203
378,0.852995
379,0.842265
380,0.87978
381,0.84912
382,0.798505
383,0.813632
384,0.788536
385,0.771215
386,0.768004
387,0.664176
388,0.729142
389,0.598936
390,0.75275
391,0.758487
392,0.918914
393,0.92982
394,0.9114
395,0.873855
396,0.760614
397,0.728429
398,0.768884
399,0.639129
400,0.439807
401,0.57747
402,0.585154
403,0.687591
404,0.67697
405,0.692868
406,0.657379
407,0.672212
408,0.704819
409,0.818497
410,0.83524
411,0.889794
412,0.831259
413,0.881494
414,0.851835
415,0.873662
416,0.864549
417,0.888954
418,0.862672
419,0.896367
420,0.827213
421,0.951909
422,0.971983
423,0.954164
424,0.926534
425,0.938785
426,0.958843
427,0.955188
428,0.953065
429,0.957525
430,0.934926
431,0.924451
432,0.93109
433,0.953624
434,0.949307
435,0.951604
436,0.939481
437,0.947732
438,0.948834
439,0.940848
440,0.942094
441,0.930132
442,0.937006
443,0.942667
444,0.934358
445,0.932342
446,0.925903
447,0.904337
448,0.900642
449,0.828246
450,0.883082
451,0.890195
452,0.889094
453,0.934684
454,0.914661
455,0.940542
456,0.948579
457,0.938363
458,0.94718
459,0.846629
460,0.843622
461,0.811629
462,0.789438
463,0.816905
464,0.784711
465,0.820963
466,0.874471
467,0.868315
468,0.869606
469,0.95843
470,0.977542
471,0.978989
472,0.978233
473,0.975125
474,0.976268
475,0.975315
476,0.977524
477,0.9732
478,0.971533
479,0.967206
480,0.965459
481,0.966718
482,0.963167
483,0.971186
484,0.971154
485,0.972406
486,0.974532
487,0.972638
488,0.969933
489,0.963869
490,0.754181
491,0.77552
492,0.323165
493,0.097028
494,0.146806
495,0.164763
496,0.080788
497,0.121585
498,0.083032
499,0.083675
500,0.127952
501,0.06169
502,0.0337
503,0.058766
504,0.025358
505,0.042664
506,0.020607
507,0.026564
508,0.067486
509,0.08756
510,0.031888
511,0.052385
512,0.076748
513,0.075168
514,0.08921
515,0.073665
516,0.071655
517,0.027872
518,0.017702
519,0.0226
520,0.02334
521,0.015056
522,0.02415
523,0.02695
524,0.025421
525,0.02116
526,0.022878
527,0.034619
528,0.026876
529,0.036848
530,0.036499
531,0.025614
532,0.049107
533,0.20145
534,0.219896
535,0.748952
536,0.865373
537,0.877223
538,0.795273
539,0.639944
540,0.776892
541,0.908109
542,0.762504
543,0.898993
544,0.912174
545,0.910306
546,0.909972
547,0.923379
548,0.941419
549,0.934817
550,0.924923
551,0.926867
552,0.907504
553,0.893867
554,0.940026
555,0.705735
556,0.274802
557,0.346027
558,0.550211
559,0.536134
560,0.8516
561,0.800811
562,0.347479
563,0.322204
564,0.37157
565,0.552476
566,0.556302
567,0.577027
568,0.38588
569,0.592981
570,0.628267
571,0.666171
572,0.673683
573,0.606937
574,0.629948
575,0.83816
576,0.925649
577,0.87783
578,0.898186
579,0.946003
580,0.800543
581,0.864918
582,0.942796
583,0.964596
584,0.982308
585,0.974182
586,0.967405
587,0.976419
588,0.982208
589,0.98142
590,0.980993
591,0.980473
592,0.979339
593,0.984576
594,0.984583
595,0.984426
596,0.937986
597,0.355483
598,0.441066
599,0.31806
600,0.601811
601,0.592828
602,0.855127
603,0.555663
604,0.44621
605,0.453165
606,0.454402
607,0.499942
608,0.571231
609,0.806319
610,0.842856
611,0.898887
612,0.85572
613,0.820454
614,0.853571
615,0.859781
616,0.868598
617,0.877002
618,0.806033
619,0.787177
620,0.813787
621,0.821077
622,0.848201
623,0.967251
624,0.882677
625,0.891749
626,0.971746
627,0.954388
628,0.923662
629,0.957227
630,0.921454
631,0.908832
632,0.981541
633,0.984307
634,0.982661
635,0.947404
636,0.955869
637,0.95624
638,0.949838
639,0.958691
640,0.946477
641,0.929368
642,0.936867
643,0.927763
644,0.942133
645,0.943002
646,0.943964
647,0.926905
648,0.910265
649,0.892565
650,0.903352
651,0.894226
652,0.909426
653,0.950007
654,0.948662
655,0.942207
656,0.949045
657,0.947098
658,0.936646
659,0.954924
660,0.940392
661,0.894093
662,0.913337
663,0.959605
664,0.444697
665,0.195586
666,0.56293
667,0.633787
668,0.761201
669,0.726075
670,0.757574
671,0.58481
672,0.666143
673,0.73164
674,0.696226
675,0.544956
676,0.57331
677,0.684311
678,0.671309
679,0.681732
680,0.725764
681,0.751622
682,0.846065
683,0.626437
684,0.659431
685,0.723405
686,0.864233
687,0.915129
688,0.882288
689,0.71647
690,0.296709
691,0.165981
692,0.606809
693,0.867145
694,0.890949
695,0.885657
696,0.886089
697,0.901343
698,0.898365
699,0.893582
700,0.8798
701,0.907365
702,0.907118
703,0.929324
704,0.905067
705,0.879352
706,0.914664
707,0.955984
708,0.94509
709,0.971635
710,0.97206
711,0.965355
712,0.966635
713,0.95995
714,0.962281
715,0.96147
716,0.941092
717,0.958439
718,0.957836
719,0.893156
720,0.462804
721,0.373633
722,0.108546
723,0.051777
724,0.118726
725,0.246393
726,0.114265
727,0.078029
728,0.069091
729,0.052247
730,0.043623
731,0.076241
732,0.106137
733,0.03635
734,0.051315
735,0.035552
736,0.051946
737,0.068784
738,0.403129
739,0.920188
740,0.961541
741,0.97709
742,0.975822
743,0.950923
744,0.95731
745,0.942434
746,0.917284
747,0.937196
748,0.955405
749,0.956777
750,0.95676
751,0.964682
752,0.966371
753,0.583535
754,0.677869
755,0.637169
756,0.491245
757,0.642286
758,0.54899
759,0.623492
760,0.646875
761,0.645412
762,0.729293
763,0.467833
764,0.533873
765,0.452696
766,0.416045
767,0.382815
768,0.658995
769,0.824095
770,0.769439
771,0.59538
772,0.500026
773,0.403705
774,0.563961
775,0.54318
776,0.430485
777,0.569901
778,0.476587
779,0.548801
780,0.669915
781,0.822107
782,0.859086
783,0.929359
784,0.899218
785,0.893205
786,0.885847
787,0.812136
788,0.825075
789,0.782804
790,0.552854
791,0.608169
792,0.874029
793,0.802928
794,0.776981
795,0.858558
796,0.913398
797,0.925505
798,0.934667
799,0.932553
800,0.940764
801,0.938765
802,0.941078
803,0.940947
804,0.940718
805,0.91715
806,0.92849
807,0.920399
808,0.612944
809,0.300149
810,0.268607
811,0.826648
812,0.837923
813,0.755966
814,0.741044
815,0.828291
816,0.890189
817,0.908449
818,0.842811
819,0.83581
820,0.847639
821,0.815448
822,0.77155
823,0.739588
824,0.747902
825,0.664216
826,0.783149
827,0.834336
828,0.792538
829,0.723728
830,0.678177
831,0.643111
832,0.537887
833,0.595905
834,0.590205
835,0.329251
836,0.398561
837,0.934147
838,0.975519
839,0.971218
840,0.944913
841,0.928296
842,0.923346
843,0.937937
844,0.937051
845,0.931065
846,0.916904
847,0.932249
848,0.921013
849,0.902169
850,0.606916
851,0.937077
852,0.467824
853,0.409399
854,0.665079
855,0.894838
856,0.893188
857,0.898878
858,0.876211
859,0.842768
860,0.825197
861,0.857771
862,0.823385
863,0.719158
864,0.506183
865,0.446762
866,0.314602
867,0.477894
868,0.542209
869,0.600651
870,0.577617
871,0.592612
872,0.67878
873,0.734477
874,0.758672
875,0.740534
876,0.741824
877,0.716303
878,0.722869
879,0.733024
880,0.723482
881,0.692402
882,0.632024
883,0.584825
884,0.525634
885,0.597036
886,0.677881
887,0.557462
888,0.978006
889,0.941148
890,0.831088
891,0.732748
892,0.448334
893,0.821589
894,0.907061
895,0.892783
896,0.895349
897,0.904793
898,0.911752
899,0.898617
900,0.87228
901,0.893362
902,0.906915
903,0.906457
904,0.883134
905,0.84396
906,0.853289
907,0.862535
908,0.890125
909,0.904583
910,0.864642
911,0.875244
912,0.855014
913,0.879354
914,0.872937
915,0.871104
916,0.875422
917,0.890269
918,0.900673
919,0.939444
920,0.943482
921,0.705747
922,0.093209
923,0.34919
924,0.830937
925,0.886316
926,0.865649
927,0.877836
928,0.868236
929,0.871331
930,0.861899
931,0.874358
932,0.945644
933,0.947358
934,0.860299
935,0.839943
936,0.822666
937,0.79596
938,0.752732
939,0.671729
940,0.608877
941,0.585073
942,0.937997
943,0.912927
944,0.941886
945,0.944302
946,0.938516
947,0.934798
948,0.954325
949,0.926556
950,0.917296
951,0.93918
952,0.939261
953,0.931598
954,0.93572
955,0.934816
956,0.933044
957,0.943396
958,0.942517
959,0.93548
960,0.941633
961,0.951198
962,0.955199
963,0.954267
964,0.954213
965,0.95419
966,0.954942
967,0.955149
968,0.951971
969,0.949741
970,0.95516
971,0.951779
972,0.952796
973,0.943509
974,0.943113
975,0.937298
976,0.940223
977,0.940192
978,0.942748
979,0.935699
980,0.933493
981,0.937966
982,0.933655
983,0.936141
984,0.962371
985,0.960031
986,0.947746
987,0.954631
988,0.949528
989,0.933049
990,0.919535
991,0.913052
992,0.90473
993,0.914863
994,0.896217
995,0.886375
996,0.895307
997,0.882564
998,0.885966
999,0.877921
1000,0.889644
1001,0.910657
1002,0.90581
1003,0.927189
1004,0.927405
1005,0.946692
1006,0.94848
1007,0.943222
1008,0.935015
1009,0.934693
1010,0.93385
1011,0.930854
1012,0.928442
1013,0.915124
1014,0.886474
1015,0.906767
1016,0.737632
1017,0.283664
1018,0.113518
1019,0.749424
1020,0.874251
1021,0.752077
1022,0.796729
1023,0.806102
1024,0.822548
1025,0.881891
1026,0.875335
1027,0.860147
1028,0.773349
1029,0.704426
1030,0.60409
1031,0.316607
1032,0.410175
1033,0.667173
1034,0.612323
1035,0.586521
1036,0.47618
1037,0.501592
1038,0.533541
1039,0.540638
1040,0.565545
1041,0.574121
1042,0.611935
1043,0.603705
1044,0.569137
1045,0.537722
1046,0.604707
1047,0.579284
1048,0.592873
1049,0.644492
1050,0.606583
1051,0.671199
1052,0.70991
1053,0.742674
1054,0.801651
1055,0.770391
1056,0.810626
1057,0.862187
1058,0.898237
1059,0.880459
1060,0.827754
1061,0.842854
1062,0.836499
1063,0.814661
1064,0.833722
1065,0.874383
1066,0.899346
1067,0.963465
1068,0.935051
1069,0.916753
1070,0.929141
1071,0.932358
1072,0.938622
1073,0.922194
1074,0.92897
1075,0.897225
1076,0.923487
1077,0.90384
1078,0.896728
1079,0.855903
1080,0.889877
1081,0.942031
1082,0.942646
1083,0.969367
1084,0.96347
1085,0.967675
1086,0.87575
1087,0.899691
1088,0.912502
1089,0.895615
1090,0.908403
1091,0.911567
1092,0.945593
1093,0.922916
1094,0.909067
1095,0.862687
1096,0.884539
1097,0.928841
1098,0.908946
1099,0.942174
1100,0.365802
1101,0.282202
1102,0.267109
1103,0.420419
1104,0.848162
1105,0.685437
1106,0.450342
1107,0.506787
1108,0.38244
1109,0.191069
1110,0.910203
1111,0.922196
1112,0.647769
1113,0.688073
1114,0.72416
1115,0.713854
1116,0.713171
1117,0.88476
1118,0.86735
1119,0.866023
1120,0.872691
1121,0.86993
1122,0.878118
1123,0.875472
1124,0.849545
1125,0.872522
1126,0.887115
1127,0.863495
1128,0.881963
1129,0.901559
1130,0.895113
1131,0.887759
1132,0.877612
1133,0.87131
1134,0.904445
1135,0.852643
1136,0.904984
1137,0.919895
1138,0.925094
1139,0.928438
1140,0.921511
1141,0.873889
1142,0.797683
1143,0.81185
1144,0.877708
1145,0.641743
1146,0.332807
1147,0.626451
1148,0.902296
1149,0.46714
1150,0.74104
1151,0.856651
1152,0.853676
1153,0.845333
1154,0.886683
1155,0.931905
1156,0.934809
1157,0.941818
1158,0.925976
1159,0.869347
1160,0.855988
1161,0.844886
1162,0.854392
1163,0.899249
1164,0.908442
1165,0.918508
1166,0.927521
1167,0.915332
1168,0.917058
1169,0.922744
1170,0.9299
1171,0.919318
1172,0.929329
1173,0.926922
1174,0.913973
1175,0.912479
1176,0.903492
1177,0.875905
1178,0.845927
1179,0.861923
1180,0.885875
1181,0.874191
1182,0.840959
1183,0.894443
1184,0.898865
1185,0.91176
1186,0.882108
1187,0.886481
1188,0.881894
1189,0.910486
1190,0.902283
1191,0.90419
1192,0.915227
1193,0.919833
1194,0.920922
1195,0.928273
1196,0.924444
1197,0.923368
1198,0.811218
1199,0.114076
1200,0.048959
1201,0.75402
1202,0.722675
1203,0.792619
1204,0.871228
1205,0.846321
1206,0.859406
1207,0.893737
1208,0.899049
1209,0.895846
1210,0.894028
1211,0.892014
1212,0.874287
1213,0.875196
1214,0.88602
1215,0.869172
1216,0.871233
1217,0.863958
1218,0.860727
1219,0.718073
1220,0.734362
1221,0.708677
1222,0.725699
1223,0.679958
1224,0.783927
1225,0.799483
1226,0.822957
1227,0.814357
1228,0.857661
1229,0.902895
1230,0.921014
1231,0.940481
1232,0.958573
1233,0.953652
1234,0.951959
1235,0.945807
1236,0.960513
1237,0.966478
1238,0.967386
1239,0.959563
1240,0.961037
1241,0.968517
1242,0.861723
1243,0.867027
1244,0.906439
1245,0.934314
1246,0.961819
1247,0.961966
1248,0.97032
1249,0.970392
1250,0.984953
1251,0.950883
1252,0.953639
1253,0.955981
1254,0.957839
1255,0.95373
1256,0.95585
1257,0.953271
1258,0.951794
1259,0.951745
1260,0.904603
1261,0.726677
1262,0.703044
1263,0.641304
1264,0.827194
1265,0.861316
1266,0.863738
1267,0.900683
1268,0.91185
1269,0.923182
1270,0.925825
1271,0.922612
1272,0.92191
1273,0.92024
1274,0.924394
1275,0.923405
1276,0.921865
1277,0.913702
1278,0.911295
1279,0.898421
1280,0.88643
1281,0.907404
1282,0.911958
1283,0.890826
1284,0.893852
1285,0.87534
1286,0.83013
1287,0.867975
1288,0.87419
1289,0.893318
1290,0.934696
1291,0.941732
1292,0.869419
1293,0.880841
1294,0.889275
1295,0.907181
1296,0.893577
1297,0.857005
1298,0.811914
1299,0.831007
1300,0.823065
1301,0.822536
1302,0.846252
1303,0.864231
1304,0.850588
1305,0.858632
1306,0.861259
1307,0.855855
1308,0.864348
1309,0.878296
1310,0.887141
1311,0.896812
1312,0.908762
1313,0.893926
1314,0.910243
1315,0.892692
1316,0.883643
1317,0.885561
1318,0.868411
1319,0.90497
1320,0.877645
1321,0.266904
1322,0.039308
1323,0.019131
1324,0.449962
1325,0.353891
1326,0.324168
1327,0.472788
1328,0.366951
1329,0.445765
1330,0.546726
1331,0.577283
1332,0.619744
1333,0.69582
1334,0.699
1335,0.688342
1336,0.618824
1337,0.625903
1338,0.738632
1339,0.83882
1340,0.779479
1341,0.830705
1342,0.823629
1343,0.848048
1344,0.868602
1345,0.890836
1346,0.87665
1347,0.845818
1348,0.952708
1349,0.8089
1350,0.889304
1351,0.518055
1352,0.390053
1353,0.655216
1354,0.791813
1355,0.744355
1356,0.927016
1357,0.888563
1358,0.878771
1359,0.904768
1360,0.904362
1361,0.920931
1362,0.924102
1363,0.934606
1364,0.939196
1365,0.928732
1366,0.919827
1367,0.911529
1368,0.930278
1369,0.955383
1370,0.84999
1371,0.864405
1372,0.939848
1373,0.939865
1374,0.946391
1375,0.943292
1376,0.937565
1377,0.939057
1378,0.951597
1379,0.943408
1380,0.957026
1381,0.885223
1382,0.88129
1383,0.880445
1384,0.885602
1385,0.890485
1386,0.84983
1387,0.805846
1388,0.848778
1389,0.823194
1390,0.798211
1391,0.915928
1392,0.921485
1393,0.921284
1394,0.894519
1395,0.892923
1396,0.923937
1397,0.468175
1398,0.429761
1399,0.392006
1400,0.483999
1401,0.07135
1402,0.145581
1403,0.426852
1404,0.231379
1405,0.156838
1406,0.147712
1407,0.108612
1408,0.056159
1409,0.042425
1410,0.024912
1411,0.024414
1412,0.024396
1413,0.025242
1414,0.031454
1415,0.01892
1416,0.025998
1417,0.042022
1418,0.05048
1419,0.061357
1420,0.10471
1421,0.112723
1422,0.100447
1423,0.415962
1424,0.919714
1425,0.813906
1426,0.714831
1427,0.917671
1428,0.975143
1429,0.977596
1430,0.970808
1431,0.958856
1432,0.960993
1433,0.921028
1434,0.665703
1435,0.535453
1436,0.188101
1437,0.079343
1438,0.091795
1439,0.171214
1440,0.143998
1441,0.02787
1442,0.038985
1443,0.04272
1444,0.033109
1445,0.054925
1446,0.179695
1447,0.124537
1448,0.233765
1449,0.189042
1450,0.210932
1451,0.323847
1452,0.252753
1453,0.442812
1454,0.539749
1455,0.469463
1456,0.386492
1457,0.405298
1458,0.383227
1459,0.352979
1460,0.378877
1461,0.376258
1462,0.336626
1463,0.355675
1464,0.320192
1465,0.338409
1466,0.418643
1467,0.371018
1468,0.480603
1469,0.363812
1470,0.31559
1471,0.679587
1472,0.63266
1473,0.700464
1474,0.718514
1475,0.758725
1476,0.75821
1477,0.745035
1478,0.715508
1479,0.688418
1480,0.688344
1481,0.593807
1482,0.726849
1483,0.63549
1484,0.77724
1485,0.720959
1486,0.58803
1487,0.544797
1488,0.776982
1489,0.665285
1490,0.71911
1491,0.822887
1492,0.869635
1493,0.948824
1494,0.969518
1495,0.939902
1496,0.927202
1497,0.798823
1498,0.502456
1499,0.853164
1500,0.799171
1501,0.911331
1502,0.914862
1503,0.920423
1504,0.938653
1505,0.930473
1506,0.938642
1507,0.965296
1508,0.960092
1509,0.962422
1510,0.95949
1511,0.964345
1512,0.965982
1513,0.967855
1514,0.967169
1515,0.963427
1516,0.965782
1517,0.960734
1518,0.951659
1519,0.950291
1520,0.955289
1521,0.958047
1522,0.954826
1523,0.967794
1524,0.969956
1525,0.968423
1526,0.966626
1527,0.96131
1528,0.963836
1529,0.969464
1530,0.971057
1531,0.967144
1532,0.968808
1533,0.96825
1534,0.966485
1535,0.969631
1536,0.971233
1537,0.966117
1538,0.968086
1539,0.967747
1540,0.967013
1541,0.968858
1542,0.969048
1543,0.968049
1544,0.965735
1545,0.962838
1546,0.963282
1547,0.962293
1548,0.955932
1549,0.965755
1550,0.968444
1551,0.967076
1552,0.973333
1553,0.975981
1554,0.975653
1555,0.97531
1556,0.974705
1557,0.972781
1558,0.971913
1559,0.969287
1560,0.968528
1561,0.957397
1562,0.962067
1563,0.960609
1564,0.957539
1565,0.953602
1566,0.950555
1567,0.937169
1568,0.936992
1569,0.93923
1570,0.934558
1571,0.925723
1572,0.938414
1573,0.902762
1574,0.943622
1575,0.917507
1576,0.863669
1577,0.867187
1578,0.799335
1579,0.754456
1580,0.764349
1581,0.721471
1582,0.718056
1583,0.74318
1584,0.678648
1585,0.702199
1586,0.696335
1587,0.68665
1588,0.688978
1589,0.622449
1590,0.682056
1591,0.750162
1592,0.768638
1593,0.794864
1594,0.785238
1595,0.814447
1596,0.80407
1597,0.822537
1598,0.960541
1599,0.782026
1600,0.749348
1601,0.91583
1602,0.926745
1603,0.292354
1604,0.090458
1605,0.194451
1606,0.778906
1607,0.837948
1608,0.693577
1609,0.809372
1610,0.820983
1611,0.822035
1612,0.842981
1613,0.86029
1614,0.857664
1615,0.841624
1616,0.834452
1617,0.83192
1618,0.860862
1619,0.852252
1620,0.81416
1621,0.730481
1622,0.694058
1623,0.712197
1624,0.713536
1625,0.736128
1626,0.761609
1627,0.730687
1628,0.736808
1629,0.734876
1630,0.813002
1631,0.817072
1632,0.820004
1633,0.860169
1634,0.816774
1635,0.85203
1636,0.928856
1637,0.901736
1638,0.880272
1639,0.874841
1640,0.868163
1641,0.862406
1642,0.854965
1643,0.873458
1644,0.878247
1645,0.875282
1646,0.885386
1647,0.850418
1648,0.86101
1649,0.842476
1650,0.840908
1651,0.821503
1652,0.78783
1653,0.800559
1654,0.885836
1655,0.897745
1656,0.923204
1657,0.917625
1658,0.935011
1659,0.89873
1660,0.899045
1661,0.888555
1662,0.88995
1663,0.880209
1664,0.87315
1665,0.86979
1666,0.895171
1667,0.912815
1668,0.883121
1669,0.837074
1670,0.901108
1671,0.904655
1672,0.878584
1673,0.899374
1674,0.912332
1675,0.921287
1676,0.929271
1677,0.915546
1678,0.916577
1679,0.928615
1680,0.938027
1681,0.964438
1682,0.826161
1683,0.822005
1684,0.782082
1685,0.906976
1686,0.727953
1687,0.891612
1688,0.931137
1689,0.931086
1690,0.92848
1691,0.929134
1692,0.925654
1693,0.895135
1694,0.911726
1695,0.919905
1696,0.916136
1697,0.908123
1698,0.907547
1699,0.919502
1700,0.925889
1701,0.935997
1702,0.939148
1703,0.948068
1704,0.950694
1705,0.961113
1706,0.957683
1707,0.935136
1708,0.927448
1709,0.934687
1710,0.768107
1711,0.426669
1712,0.306869
1713,0.911075
1714,0.912041
1715,0.924994
1716,0.859733
1717,0.838114
1718,0.808465
1719,0.823235
1720,0.817491
1721,0.755112
1722,0.603027
1723,0.621463
1724,0.511185
1725,0.454253
1726,0.566647
1727,0.614691
1728,0.818909
1729,0.862262
1730,0.90726
1731,0.875322
1732,0.815811
1733,0.888495
1734,0.850605
1735,0.860187
1736,0.880964
1737,0.887266
1738,0.90977
1739,0.879935
1740,0.891103
1741,0.944359
1742,0.944014
1743,0.93302
1744,0.934756
1745,0.939207
1746,0.9521
1747,0.94322
1748,0.947246
1749,0.945568
1750,0.922834
1751,0.951952
1752,0.958569
1753,0.958779
1754,0.962406
1755,0.964198
1756,0.966693
1757,0.972723
1758,0.958465
1759,0.941262
1760,0.905427
1761,0.928904
1762,0.942078
1763,0.947914
1764,0.949557
1765,0.933564
1766,0.940765
1767,0.942496
1768,0.983443
1769,0.983231
1770,0.985251
1771,0.950034
1772,0.627772
1773,0.365755
1774,0.127195
1775,0.600676
1776,0.684523
1777,0.839761
1778,0.827653
1779,0.833314
1780,0.796331
1781,0.736629
1782,0.825583
1783,0.838013
1784,0.792963
1785,0.782497
1786,0.746067
1787,0.767078
1788,0.717497
1789,0.723673
1790,0.736098
1791,0.765145
1792,0.758574
1793,0.743442
1794,0.467349
1795,0.515974
1796,0.421993
1797,0.455741
1798,0.509285
1799,0.521108
1800,0.595217
1801,0.504377
1802,0.484128
1803,0.283259
1804,0.241523
1805,0.638835
1806,0.780293
1807,0.784669
1808,0.744252
1809,0.754983
1810,0.756061
1811,0.76772
1812,0.784102
1813,0.807393
1814,0.780571
1815,0.667631
1816,0.559025
1817,0.346519
1818,0.478574
1819,0.445674
1820,0.443784
1821,0.489906
1822,0.42232
1823,0.35871
1824,0.325125
1825,0.482045
1826,0.388596
1827,0.366839
1828,0.405464
1829,0.385743
1830,0.39894
1831,0.345472
1832,0.398753
1833,0.497804
1834,0.396
1835,0.383048
1836,0.54583
1837,0.711637
1838,0.612169
1839,0.446747
1840,0.799721
1841,0.839607
1842,0.869458
1843,0.859837
1844,0.901888
1845,0.957057
1846,0.965292
1847,0.982387
1848,0.973216
1849,0.968637
1850,0.96809
1851,0.971721
1852,0.973214
1853,0.971422
1854,0.972419
1855,0.973762
1856,0.972985
1857,0.969278
1858,0.972784
1859,0.966987
1860,0.958289
1861,0.951815
1862,0.93496
1863,0.937485
1864,0.924879
1865,0.937322
1866,0.933561
1867,0.924801
1868,0.931671
1869,0.938228
1870,0.916021
1871,0.864576
1872,0.883544
1873,0.89721
1874,0.864762
1875,0.179232
1876,0.726296
1877,0.880086
1878,0.830072
1879,0.86438
1880,0.883969
1881,0.750567
1882,0.710838
1883,0.750135
1884,0.771462
1885,0.778103
1886,0.781045
1887,0.796658
1888,0.803078
1889,0.807506
1890,0.798289
1891,0.778581
1892,0.762287
1893,0.703645
1894,0.711044
1895,0.757409
1896,0.767934
1897,0.753913
1898,0.744743
1899,0.776527
1900,0.768602
1901,0.715573
1902,0.649332
1903,0.599516
1904,0.608924
1905,0.607589
1906,0.630619
1907,0.609552
1908,0.531766
1909,0.616362
1910,0.648622
1911,0.64942
1912,0.652897
1913,0.584046
1914,0.577604
1915,0.477809
1916,0.492057
1917,0.507118
1918,0.540701
1919,0.517839
1920,0.540889
1921,0.598745
1922,0.598888
1923,0.585244
1924,0.596634
1925,0.665787
1926,0.71268
1927,0.705479
1928,0.690851
1929,0.706441
1930,0.679983
1931,0.721215
1932,0.715869
1933,0.618759
1934,0.656305
1935,0.75168
1936,0.705388
1937,0.685675
1938,0.792954
1939,0.798003
1940,0.815439
1941,0.757291
1942,0.830085
1943,0.834416
1944,0.813713
1945,0.802328
1946,0.782924
1947,0.759374
1948,0.686862
1949,0.689776
1950,0.689226
1951,0.896295
1952,0.889308
1953,0.397077
1954,0.421509
1955,0.429236
1956,0.40727
1957,0.332386
1958,0.344598
1959,0.335339
1960,0.334895
1961,0.33701
1962,0.320727
1963,0.329972
1964,0.361081
1965,0.348356
1966,0.359592
1967,0.381987
1968,0.38424
1969,0.335659
1970,0.341984
1971,0.740286
1972,0.968406
1973,0.973721
1974,0.973202
1975,0.968454
1976,0.971364
1977,0.973059
1978,0.97149
1979,0.971126
1980,0.968256
1981,0.966987
1982,0.966987
1983,0.970018
1984,0.509848
1985,0.412202
1986,0.438567
1987,0.376149
1988,0.605312
1989,0.618544
1990,0.400641
1991,0.349453
1992,0.32795
1993,0.547112
1994,0.498681
1995,0.519068
1996,0.607881
1997,0.588885
1998,0.59543
1999,0.572947
2000,0.562396
2001,0.512215
2002,0.803004
2003,0.791209
2004,0.766412
2005,0.817788
2006,0.805161
2007,0.787892
2008,0.766091
2009,0.754989
2010,0.809012
2011,0.822916
2012,0.927151
2013,0.896574
2014,0.861389
2015,0.633628
2016,0.719743
2017,0.588462
2018,0.356889
2019,0.529884
2020,0.639285
2021,0.695981
2022,0.327724
2023,0.258092
2024,0.268475
2025,0.266268
2026,0.377153
2027,0.463564
2028,0.532815
2029,0.371157
2030,0.408022
2031,0.626594
2032,0.609728
2033,0.900303
2034,0.904179
2035,0.946607
2036,0.871343
2037,0.843171
2038,0.84977
2039,0.82473
2040,0.578298
2041,0.584618
2042,0.672989
2043,0.640425
2044,0.787152
2045,0.804397
2046,0.788839
2047,0.791474
2048,0.701341
2049,0.634262
2050,0.621274
2051,0.65958
2052,0.919329
2053,0.952779
2054,0.885209
2055,0.844091
2056,0.827239
2057,0.970015
2058,0.973815
2059,0.97443
2060,0.939019
2061,0.95268
2062,0.952697
2063,0.87531
2064,0.882252
2065,0.868772
2066,0.872855
2067,0.899956
2068,0.889201
2069,0.893507
2070,0.905427
2071,0.911085
2072,0.891038
2073,0.884495
2074,0.906862
2075,0.886924
2076,0.873433
2077,0.890687
2078,0.90293
2079,0.838279
2080,0.844507
2081,0.883471
2082,0.841131
2083,0.841376
2084,0.781214
2085,0.806134
2086,0.722266
2087,0.642618
2088,0.650004
2089,0.662915
2090,0.601699
2091,0.575027
2092,0.500745
2093,0.517746
2094,0.485203
2095,0.481989
2096,0.523838
2097,0.507952
2098,0.461097
2099,0.611152
2100,0.591513
2101,0.690913
2102,0.699719
2103,0.651629
2104,0.6307
2105,0.567923
2106,0.616649
2107,0.620878
2108,0.648984
2109,0.672271
2110,0.677447
2111,0.645487
2112,0.616724
2113,0.647095
2114,0.67638
2115,0.670288
2116,0.685902
2117,0.695896
2118,0.660945
2119,0.710889
2120,0.701601
2121,0.711406
2122,0.728882
2123,0.615945
2124,0.696916
2125,0.669642
2126,0.673736
2127,0.616579
2128,0.560043
2129,0.780973
2130,0.82001
2131,0.817778
2132,0.844082
2133,0.651916
2134,0.838875
2135,0.844715
2136,0.559281
2137,0.61105
2138,0.624032
2139,0.53484
2140,0.498422
2141,0.535577
2142,0.855497
2143,0.843259
2144,0.871698
2145,0.876367
2146,0.618969
2147,0.867529
2148,0.861822
2149,0.530386
2150,0.367166
2151,0.312151
2152,0.29514
2153,0.307785
2154,0.307364
2155,0.343067
2156,0.323337
2157,0.27643
2158,0.339469
2159,0.284738
2160,0.294479
2161,0.398086
2162,0.379928
2163,0.369948
2164,0.500526
2165,0.521952
2166,0.590691
2167,0.857775
2168,0.397513
2169,0.355789
2170,0.471132
2171,0.84459
2172,0.532701
2173,0.654794
2174,0.701141
2175,0.645662
2176,0.613725
2177,0.633541
2178,0.614952
2179,0.629695
2180,0.553871
2181,0.582255
2182,0.521924
2183,0.471048
2184,0.332435
2185,0.195434
2186,0.143577
2187,0.277609
2188,0.319884
2189,0.295522
2190,0.239658
2191,0.273006
2192,0.292802
2193,0.341146
2194,0.437222
2195,0.440026
2196,0.932427
2197,0.944688
2198,0.934375
2199,0.874069
2200,0.828942
2201,0.702918
2202,0.478085
2203,0.666846
2204,0.470789
2205,0.755724
2206,0.825039
2207,0.832143
2208,0.718324
2209,0.370605
2210,0.627682
2211,0.45624
2212,0.277521
2213,0.237718
2214,0.128473
2215,0.129303
2216,0.103097
2217,0.071504
2218,0.055897
2219,0.085133
2220,0.146701
2221,0.1501
2222,0.2875
2223,0.591312
2224,0.56309
2225,0.567974
2226,0.580827
2227,0.593252
2228,0.635298
2229,0.706616
2230,0.79079
2231,0.778898
2232,0.757958
2233,0.710231
2234,0.740342
2235,0.721
2236,0.957429
2237,0.881745
2238,0.88323
2239,0.873854
2240,0.727306
2241,0.841049
2242,0.826789
2243,0.937961
2244,0.90613
2245,0.892181
2246,0.922569
2247,0.912458
2248,0.895994
2249,0.908267
2250,0.901294
2251,0.922195
2252,0.926574
2253,0.926742
2254,0.944505
2255,0.943938
2256,0.931261
2257,0.844069
2258,0.905273
2259,0.234027
2260,0.25146
2261,0.571443
2262,0.849785
2263,0.959019
2264,0.72406
2265,0.744913
2266,0.814541
2267,0.779139
2268,0.807094
2269,0.835102
2270,0.829213
2271,0.830175
2272,0.805754
2273,0.820349
2274,0.836554
2275,0.837037
2276,0.81512
2277,0.821558
2278,0.867726
2279,0.858245
2280,0.865169
2281,0.760319
2282,0.739298
2283,0.742658
2284,0.754099
2285,0.77853
2286,0.782323
2287,0.756686
2288,0.802145
2289,0.79772
2290,0.810888
2291,0.812334
2292,0.83421
2293,0.934613
2294,0.965701
2295,0.966199
2296,0.966212
2297,0.96257
2298,0.956678
2299,0.599756
2300,0.729259
2301,0.751963
2302,0.875641
2303,0.963267
2304,0.963952
2305,0.953389
2306,0.924218
2307,0.988927
2308,0.98835
2309,0.971545
2310,0.388368
2311,0.813353
2312,0.728162
2313,0.620599
2314,0.838581
2315,0.851363
2316,0.845056
2317,0.753245
2318,0.916469
2319,0.904452
2320,0.869491
2321,0.859476
2322,0.935025
2323,0.924993
2324,0.942703
2325,0.951543
2326,0.967107
2327,0.956816
2328,0.868717
2329,0.89285
2330,0.649018
2331,0.906328
2332,0.817705
2333,0.956692
2334,0.951995
2335,0.944401
2336,0.940394
2337,0.942851
2338,0.946696
2339,0.955499
2340,0.955415
2341,0.957415
2342,0.949039
2343,0.95419
2344,0.95264
2345,0.958348
2346,0.960821
2347,0.962364
2348,0.96618
2349,0.957853
2350,0.963962
2351,0.96306
2352,0.965125
2353,0.972727
2354,0.974417
2355,0.974631
2356,0.974514
2357,0.975047
2358,0.975835
2359,0.973621
2360,0.974762
2361,0.97234
2362,0.978744
2363,0.916737
2364,0.497875
2365,0.938274
2366,0.881326
2367,0.931411
2368,0.938156
2369,0.950079
2370,0.947571
2371,0.953441
2372,0.72944
2373,0.806995
2374,0.793523
2375,0.766725
2376,0.786441
2377,0.775815
2378,0.785457
2379,0.774659
2380,0.798053
2381,0.80225
2382,0.823597
2383,0.925386
2384,0.921984
2385,0.915143
2386,0.93418
2387,0.889293
2388,0.871951
2389,0.780346
2390,0.980582
2391,0.973415
2392,0.968143
2393,0.970166
2394,0.961921
2395,0.964637
2396,0.977569
2397,0.977129
2398,0.975735
2399,0.976344
2400,0.980661
2401,0.918029
2402,0.977723
2403,0.977868
2404,0.981383
2405,0.98239
2406,0.982852
2407,0.982858
2408,0.982133
2409,0.983006
2410,0.984816
2411,0.942933
2412,0.949561
2413,0.942503
2414,0.930038
2415,0.943196
2416,0.936043
2417,0.944071
2418,0.94314
2419,0.943126
2420,0.941392
2421,0.936867
2422,0.926815
2423,0.939995
2424,0.935581
2425,0.852138
2426,0.936889
2427,0.921874
2428,0.932685
2429,0.796462
2430,0.78987
2431,0.840001
2432,0.794096
2433,0.82109
2434,0.778296
2435,0.768016
2436,0.741984
2437,0.907707
2438,0.915898
2439,0.808171
2440,0.834036
2441,0.809608
2442,0.739636
2443,0.789218
2444,0.783484
2445,0.830941
2446,0.98019
2447,0.824731
2448,0.979078
2449,0.977886
2450,0.924632
2451,0.976344
2452,0.976564
2453,0.792781
2454,0.829928
2455,0.836389
2456,0.784719
2457,0.755146
2458,0.907781
2459,0.838763
2460,0.946377
2461,0.950524
2462,0.880517
2463,0.885489
2464,0.890175
2465,0.839205
2466,0.8313
2467,0.872229
2468,0.89081
2469,0.889593
2470,0.906327
2471,0.909084
2472,0.925037
2473,0.910226
2474,0.935637
2475,0.935515
2476,0.923557
2477,0.9356
2478,0.933877
2479,0.940808
2480,0.954349
2481,0.960989
2482,0.955151
2483,0.951569
2484,0.952156
2485,0.967757
2486,0.969616
2487,0.971843
2488,0.964326
2489,0.955753
2490,0.95768
2491,0.951466
2492,0.944743
2493,0.963959
2494,0.961089
2495,0.961962
2496,0.962735
2497,0.975544
2498,0.976312
2499,0.974389
2500,0.974685
2501,0.97211
2502,0.970698
2503,0.97648
2504,0.977803
2505,0.921878
2506,0.962453
2507,0.965343
2508,0.970496
2509,0.936435
2510,0.950687
2511,0.948467
2512,0.946942
2513,0.945983
2514,0.946777
2515,0.754883
2516,0.48696
2517,0.952674
2518,0.973625
2519,0.965766
2520,0.968432
2521,0.971141
2522,0.964752
2523,0.959852
2524,0.94205
2525,0.949833
2526,0.921732
2527,0.934907
2528,0.954987
2529,0.944784
2530,0.930056
2531,0.939932
2532,0.94773
2533,0.95938
2534,0.873512
2535,0.821743
2536,0.954289
2537,0.94119
2538,0.941651
2539,0.990999
2540,0.968676
2541,0.954395
2542,0.944996
2543,0.947975
2544,0.946011
2545,0.968157
2546,0.972995
2547,0.972237
2548,0.972107
2549,0.970899
2550,0.953197
2551,0.94617
2552,0.971688
2553,0.985306
2554,0.963181
2555,0.845502
2556,0.858066
2557,0.883131
2558,0.868782
2559,0.843495
2560,0.935329
2561,0.938765
2562,0.947786
2563,0.873663
2564,0.885197
2565,0.733185
2566,0.78712
2567,0.746056
2568,0.757508
2569,0.753155
2570,0.70108
2571,0.601058
2572,0.642093
2573,0.70926
2574,0.666319
2575,0.749957
2576,0.539006
2577,0.555269
2578,0.545084
2579,0.46629
2580,0.5343
2581,0.580712
2582,0.543042
2583,0.588635
2584,0.573424
2585,0.577324
2586,0.637588
2587,0.843619
2588,0.80771
2589,0.816031
2590,0.820558
2591,0.833396
2592,0.833282
2593,0.800095
2594,0.790942
2595,0.718308
2596,0.723288
2597,0.719202
2598,0.546619
2599,0.461178
2600,0.393408
2601,0.328059
2602,0.367944
2603,0.695967
2604,0.068695
2605,0.092631
2606,0.127426
2607,0.159854
2608,0.3781
2609,0.681997
2610,0.533737
2611,0.29014
2612,0.323153
2613,0.702925
2614,0.724768
2615,0.862827
2616,0.812072
2617,0.599051
2618,0.687722
2619,0.175614
2620,0.281003
2621,0.361182
2622,0.364904
2623,0.373942
2624,0.430686
2625,0.392697
2626,0.423675
2627,0.505388
2628,0.469599
2629,0.452094
2630,0.43872
2631,0.453772
2632,0.542631
2633,0.461138
2634,0.307781
2635,0.293886
2636,0.942656
2637,0.948967
2638,0.977833
2639,0.97375
2640,0.961864
2641,0.949519
2642,0.915335
2643,0.943791
2644,0.951398
2645,0.956336
2646,0.959644
2647,0.966541
2648,0.970013
2649,0.971056
2650,0.968348
2651,0.965184
2652,0.967552
2653,0.911739
2654,0.962599
2655,0.959634
2656,0.972903
2657,0.974362
2658,0.935128
2659,0.929842
2660,0.945694
2661,0.942968
2662,0.95103
2663,0.96173
2664,0.95967
2665,0.953417
2666,0.964293
2667,0.969165
2668,0.97169
2669,0.971231
2670,0.967911
2671,0.954872
2672,0.952009
2673,0.936394
2674,0.912074
2675,0.883674
2676,0.809623
2677,0.954823
2678,0.952072
2679,0.950848
2680,0.917691
2681,0.922186
2682,0.894067
2683,0.915714
2684,0.915812
2685,0.908707
2686,0.932367
2687,0.926407
2688,0.92825
2689,0.910797
2690,0.914289
2691,0.889771
2692,0.903319
2693,0.920521
2694,0.924101
2695,0.877105
2696,0.863874
2697,0.915732
2698,0.899564
2699,0.910744
2700,0.918552
2701,0.932499
2702,0.965431
2703,0.939202
2704,0.931052
2705,0.96381
2706,0.946651
2707,0.962765
2708,0.96835
2709,0.966264
2710,0.967476
2711,0.968659
2712,0.968106
2713,0.956371
2714,0.950829
2715,0.958259
2716,0.946582
2717,0.942889
2718,0.946268
2719,0.95812
2720,0.95734
2721,0.948358
2722,0.941698
