1,0.688381
2,0.77999
3,0.701804
4,0.672685
5,0.549564
6,0.529058
7,0.544279
8,0.554685
9,0.514125
10,0.568768
11,0.515713
12,0.516086
13,0.409039
14,0.402783
15,0.413081
16,0.41399
17,0.383617
18,0.381871
19,0.392131
20,0.375691
21,0.395694
22,0.388939
23,0.445493
24,0.431188
25,0.522831
26,0.46238
27,0.459157
28,0.459326
29,0.526889
30,0.472113
31,0.474995
32,0.470183
33,0.519638
34,0.485667
35,0.495414
36,0.461096
37,0.442193
38,0.465115
39,0.475088
40,0.464173
41,0.434696
42,0.311715
43,0.314249
44,0.528411
45,0.571549
46,0.600425
47,0.551144
48,0.564709
49,0.258032
50,0.382011
51,0.240025
52,0.128893
53,0.17679
54,0.098214
55,0.149513
56,0.132194
57,0.113779
58,0.080292
59,0.075505
60,0.076291
61,0.053571
62,0.070986
63,0.054974
64,0.060283
65,0.050691
66,0.036507
67,0.027656
68,0.016806
69,0.021754
70,0.017739
71,0.025364
72,0.02138
73,0.049492
74,0.053432
75,0.046152
76,0.038093
77,0.056487
78,0.06465
79,0.04813
80,0.055329
81,0.052247
82,0.061151
83,0.051486
84,0.052095
85,0.069067
86,0.038576
87,0.078254
88,0.073659
89,0.09171
90,0.095767
91,0.098467
92,0.078691
93,0.067871
94,0.369621
95,0.350478
96,0.390779
97,0.067198
98,0.063658
99,0.081236
100,0.088302
101,0.100361
102,0.078332
103,0.077454
104,0.076582
105,0.064077
106,0.081905
107,0.081008
108,0.048839
109,0.04204
110,0.064784
111,0.085795
112,0.02511
113,0.041632
114,0.042642
115,0.052904
116,0.051984
117,0.065882
118,0.067094
119,0.058477
120,0.122651
121,0.137754
122,0.179467
123,0.16835
124,0.189234
125,0.174812
126,0.208134
127,0.264749
128,0.269782
129,0.229273
130,0.254283
131,0.196424
132,0.259774
133,0.247524
134,0.238955
135,0.262589
136,0.270208
137,0.339399
138,0.38175
139,0.436484
140,0.447208
141,0.47081
142,0.459456
143,0.47571
144,0.403593
145,0.649569
146,0.617786
147,0.7251
148,0.792209
149,0.742007
150,0.737932
151,0.738957
152,0.729027
153,0.726018
154,0.707983
155,0.725178
156,0.749433
157,0.671631
158,0.644186
159,0.69273
160,0.66967
161,0.679977
162,0.676317
163,0.605804
164,0.633894
165,0.678513
166,0.694416
167,0.714503
168,0.724714
169,0.670822
170,0.698235
171,0.651118
172,0.578952
173,0.575136
174,0.587534
175,0.654065
176,0.652577
177,0.645499
178,0.613798
179,0.601777
180,0.616687
181,0.591072
182,0.568411
183,0.521255
184,0.546561
185,0.519041
186,0.566833
187,0.573978
188,0.531792
189,0.546813
190,0.459867
191,0.450976
192,0.436142
193,0.569821
194,0.56795
195,0.574908
196,0.55245
197,0.569836
198,0.608287
199,0.637216
200,0.537036
201,0.459908
202,0.520156
203,0.418263
204,0.366512
205,0.369302
206,0.39783
207,0.489654
208,0.453816
209,0.547129
210,0.569012
211,0.438226
212,0.48606
213,0.475431
214,0.462575
215,0.464855
216,0.395972
217,0.587917
218,0.605481
219,0.626813
220,0.618466
221,0.596067
222,0.67588
223,0.644151
224,0.644216
225,0.679438
226,0.686101
227,0.679174
228,0.605594
229,0.413884
230,0.35703
231,0.449014
232,0.390711
233,0.457774
234,0.356448
235,0.377519
236,0.280316
237,0.324081
238,0.337838
239,0.438968
240,0.534264
241,0.364654
242,0.3665
243,0.271966
244,0.225894
245,0.203135
246,0.160282
247,0.219261
248,0.254748
249,0.234221
250,0.208749
251,0.168645
252,0.214261
253,0.182092
254,0.085188
255,0.190436
256,0.169141
257,0.242691
258,0.312927
259,0.358198
260,0.371975
261,0.428536
262,0.385269
263,0.242866
264,0.214601
265,0.149918
266,0.139862
267,0.122881
268,0.18383
269,0.246809
270,0.301183
271,0.324928
272,0.301436
273,0.311646
274,0.162088
275,0.272781
276,0.171475
277,0.347405
278,0.345446
279,0.41145
280,0.405728
281,0.467303
282,0.380623
283,0.352909
284,0.381561
285,0.421862
286,0.429873
287,0.421132
288,0.424182
289,0.392573
290,0.406385
291,0.36218
292,0.381305
293,0.346286
294,0.369404
295,0.339644
296,0.326659
297,0.434577
298,0.356147
299,0.400558
300,0.433043
301,0.543829
302,0.479746
303,0.356105
304,0.403399
305,0.323296
306,0.334559
307,0.328116
308,0.323879
309,0.375679
310,0.518155
311,0.563452
312,0.561732
313,0.661392
314,0.677683
315,0.694249
316,0.703064
317,0.693746
318,0.550375
319,0.57091
320,0.51107
321,0.484999
322,0.541326
323,0.490918
324,0.55024
325,0.72003
326,0.71492
327,0.66779
328,0.626492
329,0.561147
330,0.609317
331,0.696521
332,0.698257
333,0.810955
334,0.88312
335,0.86925
336,0.893205
337,0.770707
338,0.774705
339,0.782031
340,0.736526
341,0.749809
342,0.705763
343,0.634495
344,0.55987
345,0.62452
346,0.561617
347,0.590986
348,0.514365
349,0.487269
350,0.482087
351,0.458262
352,0.488599
353,0.399116
354,0.320516
355,0.347155
356,0.368041
357,0.62672
358,0.625311
359,0.664333
360,0.606725
361,0.476628
362,0.457506
363,0.639001
364,0.566718
365,0.588044
366,0.553528
367,0.490845
368,0.498787
369,0.519882
370,0.511947
371,0.510578
372,0.507311
373,0.523571
374,0.542778
375,0.591983
376,0.591132
377,0.569285
378,0.591349
379,0.561795
380,0.47827
381,0.461863
382,0.549264
383,0.53328
384,0.541081
385,0.655319
386,0.610878
387,0.635527
388,0.643693
389,0.594077
390,0.572619
391,0.546295
392,0.590938
393,0.580571
394,0.583115
395,0.556997
396,0.584846
397,0.651605
398,0.639947
399,0.599386
400,0.630406
401,0.650511
402,0.629965
403,0.638918
404,0.659702
405,0.516863
406,0.560113
407,0.718807
408,0.760382
409,0.745105
410,0.760979
411,0.76409
412,0.758792
413,0.751492
414,0.693864
415,0.72727
416,0.571922
417,0.53572
418,0.533859
419,0.533445
420,0.473258
421,0.486253
422,0.534045
423,0.517119
424,0.524854
425,0.43408
426,0.48345
427,0.384282
428,0.350065
429,0.369493
430,0.34651
431,0.425477
432,0.473392
433,0.567903
434,0.583313
435,0.51609
436,0.5294
437,0.54629
438,0.546255
439,0.576882
440,0.61663
441,0.678831
442,0.639914
443,0.660881
444,0.699631
445,0.68948
446,0.674035
447,0.614915
448,0.602776
449,0.619188
450,0.614371
451,0.543311
452,0.487271
453,0.504722
454,0.445978
455,0.418686
456,0.40856
457,0.466591
458,0.427498
459,0.452632
460,0.360397
461,0.242
462,0.226789
463,0.213901
464,0.31044
465,0.261835
466,0.189689
467,0.253058
468,0.100905
469,0.104182
470,0.137024
471,0.295037
472,0.364882
473,0.274413
474,0.60134
475,0.353436
476,0.241366
477,0.239042
478,0.142758
479,0.189152
480,0.151084
481,0.245477
482,0.232302
483,0.40013
484,0.25816
485,0.38612
486,0.365207
487,0.560395
488,0.579099
489,0.616594
490,0.504847
491,0.504848
492,0.566125
493,0.449537
494,0.483713
495,0.539231
496,0.592523
497,0.580628
498,0.657939
499,0.515097
500,0.582612
501,0.670286
502,0.654504
503,0.667245
504,0.679344
505,0.705441
506,0.731173
507,0.713827
508,0.709395
509,0.764779
510,0.658516
511,0.711799
512,0.741968
513,0.733215
514,0.729887
515,0.770626
516,0.731452
517,0.538344
518,0.569644
519,0.592869
520,0.59391
521,0.587712
522,0.577561
523,0.602808
524,0.60488
525,0.614863
526,0.612234
527,0.661927
528,0.729434
529,0.580746
530,0.513827
531,0.663286
532,0.693151
533,0.667604
534,0.671887
535,0.62501
536,0.660435
537,0.624036
538,0.710499
539,0.706906
540,0.698104
541,0.548819
542,0.525569
543,0.567994
544,0.530129
545,0.652462
546,0.615131
547,0.710459
548,0.711555
549,0.674934
550,0.368327
551,0.345748
552,0.35242
553,0.2433
554,0.221874
555,0.31084
556,0.358715
557,0.303519
558,0.270892
559,0.291616
560,0.254381
561,0.23426
562,0.242476
563,0.218874
564,0.231313
565,0.192393
566,0.198158
567,0.192283
568,0.190323
569,0.19153
570,0.203806
571,0.199748
572,0.184477
573,0.167108
574,0.114321
575,0.112404
576,0.075613
577,0.586265
578,0.097843
579,0.584245
580,0.592517
581,0.377709
582,0.340516
583,0.388675
584,0.123311
585,0.112953
586,0.071946
587,0.113742
588,0.105047
589,0.125386
590,0.08206
591,0.109584
592,0.100849
593,0.084292
594,0.083503
595,0.077902
596,0.447385
597,0.091082
598,0.557483
599,0.527511
600,0.392349
601,0.238087
602,0.274807
603,0.282424
604,0.264825
605,0.23317
606,0.224322
607,0.239329
608,0.212138
609,0.215863
610,0.238077
611,0.271664
612,0.325233
613,0.079159
614,0.077628
615,0.331241
616,0.084854
617,0.265161
618,0.266726
619,0.199329
620,0.200898
621,0.216221
622,0.269557
623,0.274797
624,0.266037
625,0.334566
626,0.335255
627,0.269115
628,0.327715
629,0.369179
630,0.431404
631,0.456067
632,0.462785
633,0.555541
634,0.715693
635,0.785206
636,0.743239
637,0.675632
638,0.247979
639,0.279219
640,0.349987
641,0.27242
642,0.203744
643,0.196364
644,0.252409
645,0.330519
646,0.204822
647,0.205571
648,0.259446
649,0.163661
650,0.143871
651,0.121335
652,0.100967
653,0.10596
654,0.178146
655,0.184422
656,0.211327
657,0.208343
658,0.193895
659,0.125511
660,0.172621
661,0.179308
662,0.220559
663,0.174292
664,0.174963
665,0.160512
666,0.10091
667,0.088478
668,0.088597
669,0.066739
670,0.08176
671,0.079084
672,0.059098
673,0.082079
674,0.087908
675,0.10223
676,0.101176
677,0.11516
678,0.112319
679,0.121845
680,0.072389
681,0.103233
682,0.097982
683,0.075914
684,0.087803
685,0.080197
686,0.061181
687,0.073884
688,0.109709
689,0.127825
690,0.149492
691,0.133949
692,0.15674
693,0.164326
694,0.221892
695,0.182256
696,0.185918
697,0.288432
698,0.298495
699,0.314179
700,0.295572
701,0.247174
702,0.243567
703,0.292648
704,0.252956
705,0.305304
706,0.29791
707,0.312365
708,0.270839
709,0.243524
710,0.255952
711,0.259475
712,0.303582
713,0.305871
714,0.257124
715,0.232758
716,0.221482
717,0.218469
718,0.246882
719,0.156969
720,0.229771
721,0.37069
722,0.32129
723,0.246302
724,0.224337
725,0.304075
726,0.308406
727,0.322659
728,0.309654
729,0.304516
730,0.258906
731,0.3174
732,0.27789
733,0.159227
734,0.15228
735,0.139298
736,0.125862
737,0.111438
738,0.050885
739,0.059415
740,0.054181
741,0.075363
742,0.074002
743,0.074006
744,0.038762
745,0.046743
746,0.031643
747,0.032864
748,0.028932
749,0.120943
750,0.09559
751,0.144972
752,0.106353
753,0.065225
754,0.061703
755,0.049705
756,0.047625
757,0.047503
758,0.058045
759,0.070099
760,0.052257
761,0.061846
762,0.078069
763,0.065357
764,0.060706
765,0.059196
766,0.054051
767,0.063708
768,0.054427
769,0.050382
770,0.036794
771,0.037089
772,0.044311
773,0.045892
774,0.035249
775,0.041736
776,0.062195
777,0.072592
778,0.067582
779,0.061342
780,0.066013
781,0.046431
782,0.050585
783,0.058925
784,0.065127
785,0.056474
786,0.058724
787,0.054156
788,0.050327
789,0.065794
790,0.057882
791,0.056998
792,0.054681
793,0.036764
794,0.036245
795,0.038303
796,0.042096
797,0.048917
798,0.05383
799,0.057019
800,0.059327
801,0.085416
802,0.113414
803,0.135081
804,0.135208
805,0.107804
806,0.092684
807,0.117997
808,0.111594
809,0.14094
810,0.132529
811,0.17469
812,0.157915
813,0.134403
814,0.14096
815,0.164768
816,0.150452
817,0.175433
818,0.161388
819,0.168314
820,0.106852
821,0.160987
822,0.215241
823,0.205978
824,0.162935
825,0.160364
826,0.168097
827,0.203812
828,0.150465
829,0.112962
830,0.112446
831,0.11971
832,0.12879
833,0.16387
834,0.22089
835,0.243385
836,0.181304
837,0.19931
838,0.197232
839,0.193946
840,0.195596
841,0.179686
842,0.166648
843,0.150009
844,0.185919
845,0.133463
846,0.216275
847,0.155144
848,0.149099
849,0.131538
850,0.12132
851,0.134767
852,0.135963
853,0.137266
854,0.130807
855,0.134675
856,0.130663
857,0.127415
858,0.121451
859,0.115089
860,0.112107
861,0.129643
862,0.113574
863,0.129226
864,0.131103
865,0.156866
866,0.17158
867,0.156672
868,0.133515
869,0.100232
870,0.117771
871,0.113263
872,0.122352
873,0.142134
874,0.16825
875,0.173877
876,0.168322
877,0.077126
878,0.080745
879,0.067616
880,0.045762
881,0.057795
882,0.064471
883,0.084342
884,0.074127
885,0.073391
886,0.096412
887,0.135891
888,0.130176
889,0.198196
890,0.196097
891,0.19658
892,0.184518
893,0.205087
894,0.208291
895,0.209226
896,0.144582
897,0.146141
898,0.173282
899,0.123042
900,0.123005
901,0.188715
902,0.190767
903,0.185079
904,0.188013
905,0.161143
906,0.143801
907,0.140884
908,0.128103
909,0.12713
910,0.074119
911,0.116082
912,0.124115
913,0.128199
914,0.130505
915,0.129034
916,0.134797
917,0.134473
918,0.132033
919,0.126734
920,0.134582
921,0.139942
922,0.141512
923,0.141528
924,0.143391
925,0.254372
926,0.249083
927,0.228953
928,0.249366
929,0.293629
930,0.312959
931,0.345225
932,0.32692
933,0.269682
934,0.254851
935,0.249379
936,0.254053
937,0.203456
938,0.243121
939,0.158008
940,0.16075
941,0.266756
942,0.169051
943,0.159693
944,0.298817
945,0.272372
946,0.318953
947,0.300596
948,0.176685
949,0.207118
950,0.186412
951,0.175551
952,0.239032
953,0.33218
954,0.382906
955,0.379699
956,0.42845
957,0.488491
958,0.333312
959,0.250973
960,0.299999
961,0.430025
962,0.348256
963,0.339352
964,0.335203
965,0.297786
966,0.315365
967,0.440653
968,0.326988
969,0.310281
970,0.236944
971,0.281448
972,0.314276
973,0.256024
974,0.226778
975,0.190063
976,0.202653
977,0.22127
978,0.223234
979,0.259943
980,0.376132
981,0.379453
982,0.327875
983,0.271974
984,0.379985
985,0.285664
986,0.262479
987,0.231785
988,0.280105
989,0.338798
990,0.408534
991,0.464868
992,0.42734
993,0.412901
994,0.462402
995,0.453538
996,0.428498
997,0.53669
998,0.536772
999,0.561745
1000,0.537883
1001,0.556751
1002,0.549155
1003,0.613298
1004,0.673585
1005,0.598181
1006,0.512528
1007,0.598088
1008,0.506573
1009,0.620088
1010,0.654442
1011,0.637427
1012,0.623933
1013,0.587657
1014,0.62197
1015,0.604127
1016,0.625775
1017,0.649644
1018,0.639677
1019,0.649949
1020,0.693637
1021,0.582807
1022,0.631076
1023,0.545094
1024,0.583263
1025,0.619575
1026,0.572125
1027,0.540901
1028,0.582748
1029,0.575509
1030,0.473591
1031,0.380872
1032,0.30746
1033,0.407641
1034,0.488988
1035,0.499291
1036,0.47377
1037,0.437204
1038,0.422617
1039,0.363548
1040,0.441885
1041,0.471357
1042,0.478444
1043,0.435959
1044,0.469842
1045,0.554618
1046,0.579145
1047,0.537335
1048,0.544675
1049,0.525756
1050,0.533223
1051,0.53742
1052,0.55809
1053,0.535578
1054,0.520917
1055,0.518997
1056,0.496744
1057,0.449657
1058,0.426422
1059,0.430101
1060,0.375451
1061,0.365758
1062,0.421094
1063,0.362736
1064,0.363895
1065,0.355689
1066,0.368648
1067,0.398318
1068,0.373124
1069,0.435222
1070,0.433028
1071,0.452073
1072,0.450376
1073,0.420596
1074,0.411473
1075,0.508244
1076,0.45759
1077,0.561205
1078,0.588544
1079,0.603602
1080,0.596976
1081,0.48123
1082,0.481134
1083,0.43773
1084,0.425358
1085,0.4179
1086,0.430658
1087,0.390584
1088,0.480746
1089,0.441705
1090,0.443625
1091,0.439329
1092,0.410851
1093,0.491702
1094,0.469745
1095,0.496414
1096,0.498856
1097,0.467416
1098,0.401754
1099,0.487906
1100,0.483082
1101,0.493142
1102,0.484147
1103,0.523384
1104,0.567376
1105,0.525383
1106,0.487492
1107,0.456639
1108,0.439934
1109,0.412234
1110,0.425079
1111,0.292826
1112,0.363335
1113,0.399453
1114,0.515345
1115,0.50897
1116,0.561344
1117,0.655704
1118,0.623602
1119,0.61133
1120,0.680886
1121,0.613131
1122,0.615035
1123,0.534318
1124,0.563567
1125,0.50788
1126,0.589243
1127,0.628734
1128,0.61674
1129,0.535832
1130,0.568212
1131,0.542023
1132,0.513381
1133,0.574961
1134,0.600035
1135,0.545932
1136,0.550277
1137,0.620494
1138,0.550708
1139,0.57019
1140,0.575997
1141,0.543251
1142,0.419995
1143,0.474222
1144,0.432752
1145,0.480801
1146,0.429221
1147,0.399435
1148,0.371825
1149,0.420343
1150,0.507135
1151,0.494273
1152,0.501588
1153,0.390931
1154,0.44865
1155,0.397066
1156,0.299628
1157,0.294425
1158,0.339837
1159,0.370557
1160,0.426784
1161,0.443256
1162,0.496284
1163,0.482914
1164,0.480309
1165,0.592221
1166,0.663357
1167,0.616327
1168,0.635436
1169,0.605822
1170,0.606653
1171,0.602005
1172,0.623736
1173,0.613439
1174,0.564954
1175,0.559348
1176,0.564759
1177,0.581086
1178,0.583078
1179,0.603216
1180,0.647575
1181,0.626173
1182,0.61632
1183,0.649563
1184,0.64641
1185,0.649781
1186,0.63263
1187,0.617654
1188,0.610632
1189,0.477135
1190,0.457919
1191,0.492112
1192,0.504248
1193,0.509805
1194,0.513023
1195,0.536558
1196,0.560378
1197,0.56993
1198,0.632134
1199,0.559733
1200,0.567138
1201,0.536259
1202,0.601981
1203,0.640704
1204,0.663012
1205,0.640992
1206,0.578932
1207,0.569917
1208,0.606991
1209,0.611249
1210,0.573586
1211,0.581476
1212,0.594719
1213,0.326796
1214,0.413061
1215,0.302735
1216,0.363995
1217,0.331418
1218,0.317287
1219,0.31921
1220,0.367157
1221,0.453781
1222,0.528524
1223,0.511822
1224,0.506949
1225,0.414985
1226,0.408736
1227,0.369644
1228,0.380988
1229,0.390529
1230,0.325845
1231,0.364767
1232,0.394607
1233,0.422753
1234,0.453132
1235,0.461222
1236,0.373199
1237,0.192187
1238,0.192312
1239,0.18341
1240,0.230495
1241,0.316534
1242,0.239298
1243,0.22652
1244,0.182352
1245,0.14342
1246,0.139887
1247,0.204392
1248,0.198759
1249,0.119717
1250,0.119839
1251,0.181741
1252,0.214949
1253,0.200751
1254,0.201246
1255,0.232753
1256,0.169227
1257,0.137104
1258,0.126071
1259,0.101082
1260,0.093131
1261,0.05457
1262,0.060676
1263,0.060769
1264,0.049144
1265,0.043046
1266,0.042943
1267,0.04741
1268,0.041378
1269,0.03682
1270,0.038709
1271,0.037685
1272,0.041417
1273,0.050301
1274,0.044579
1275,0.045968
1276,0.044217
1277,0.019159
1278,0.019911
1279,0.020947
1280,0.027041
1281,0.024934
1282,0.031502
1283,0.025166
1284,0.020296
1285,0.034869
1286,0.032887
1287,0.054371
1288,0.039371
1289,0.029137
1290,0.028038
1291,0.028122
1292,0.032295
1293,0.027265
1294,0.025221
1295,0.029542
1296,0.033651
1297,0.039873
1298,0.038372
1299,0.040518
1300,0.033133
1301,0.036114
1302,0.032165
1303,0.026158
1304,0.029902
1305,0.030982
1306,0.036021
1307,0.02888
1308,0.028964
1309,0.034251
1310,0.038216
1311,0.044931
1312,0.044328
1313,0.04075
1314,0.055232
1315,0.045211
1316,0.044895
1317,0.046877
1318,0.060595
1319,0.043533
1320,0.072161
1321,0.050479
1322,0.05188
1323,0.059474
1324,0.062199
1325,0.066676
1326,0.067866
1327,0.086274
1328,0.093198
1329,0.079937
1330,0.075708
1331,0.158553
1332,0.099446
1333,0.078586
1334,0.092535
1335,0.148068
1336,0.157393
1337,0.145121
1338,0.209821
1339,0.232636
1340,0.292399
1341,0.314894
1342,0.437584
1343,0.565436
1344,0.471725
1345,0.260666
1346,0.290612
1347,0.305881
1348,0.335792
1349,0.343369
1350,0.474234
1351,0.459774
1352,0.475085
