1,0.752805
2,0.405054
3,0.380797
4,0.346654
5,0.38295
6,0.826671
7,0.795849
8,0.852808
9,0.920503
10,0.949386
11,0.92527
12,0.045195
13,0.027304
14,0.344032
15,0.485895
16,0.760768
17,0.933571
18,0.912053
19,0.947541
20,0.943147
21,0.941567
22,0.961411
23,0.971682
24,0.947451
25,0.961608
26,0.976771
27,0.970188
28,0.977131
29,0.97272
30,0.968011
31,0.96669
32,0.957109
33,0.964366
34,0.990369
35,0.993327
36,0.994235
37,0.993263
38,0.993772
39,0.988703
40,0.988128
41,0.990156
42,0.990477
43,0.993047
44,0.992308
45,0.988717
46,0.987176
47,0.986613
48,0.985559
49,0.980045
50,0.216544
51,0.002907
52,0.004483
53,0.002791
54,0.002966
55,0.003171
56,0.00332
57,0.003587
58,0.003097
59,0.001273
60,0.000819
61,0.002343
62,0.001901
63,0.001062
64,0.001441
65,0.000773
66,0.000608
67,0.000416
68,0.000392
69,0.00036
70,0.000299
71,0.000325
72,0.000389
73,0.000206
74,0.000186
75,0.000215
76,0.000244
77,0.000498
78,0.000486
79,0.000632
80,0.000744
81,0.001034
82,0.000933
83,0.036264
84,0.482479
85,0.725897
86,0.625216
87,0.655364
88,0.676538
89,0.5816
90,0.577354
91,0.633349
92,0.619325
93,0.701987
94,0.754611
95,0.672405
96,0.611708
97,0.571104
98,0.027775
99,0.005726
100,0.003762
101,0.003163
102,0.002775
103,0.002599
104,0.002262
105,0.003039
106,0.003925
107,0.00416
108,0.003593
109,0.003767
110,0.004141
111,0.004852
112,0.004736
113,0.004347
114,0.004207
115,0.003225
116,0.002728
117,0.003039
118,0.003183
119,0.002326
120,0.002497
121,0.002521
122,0.001889
123,0.002313
124,0.002893
125,0.002519
126,0.002685
127,0.002223
128,0.002285
129,0.002164
130,0.00963
131,0.441687
132,0.691098
133,0.937697
134,0.926878
135,0.955155
136,0.934993
137,0.966965
138,0.960138
139,0.972097
140,0.957287
141,0.967452
142,0.97071
143,0.043746
144,0.025743
145,0.026253
146,0.024641
147,0.016584
148,0.013223
149,0.007248
150,0.00591
151,0.00497
152,0.00327
153,0.001758
154,0.001663
155,0.001558
156,0.00199
157,0.000508
158,0.000428
159,0.000498
160,0.000453
161,0.00051
162,0.000596
163,0.000516
164,0.000639
165,0.000703
166,0.001324
167,0.000876
168,0.000806
169,0.001429
170,0.000955
171,0.001175
172,0.000906
173,0.001183
174,0.00079
175,0.000517
176,0.000505
177,0.024693
178,0.942375
179,0.967506
180,0.982558
181,0.98805
182,0.984422
183,0.978845
184,0.984972
185,0.694846
186,0.016319
187,0.006451
188,0.005634
189,0.009327
190,0.004516
191,0.000865
192,0.001276
193,0.001019
194,0.001997
195,0.000951
196,0.001384
197,0.001338
198,0.00051
199,0.000491
200,0.000456
201,0.000394
202,0.000238
203,0.000359
204,0.000344
205,0.000208
206,0.000237
207,0.000271
208,0.000307
209,0.000235
210,0.000258
211,0.000261
212,0.000344
213,0.000316
214,0.000447
215,0.000301
216,0.000507
217,0.00034
218,0.0003
219,0.000528
220,0.000417
221,0.000482
222,0.000632
223,0.00069
224,0.000805
225,0.000567
226,0.0005
227,0.000323
228,0.00025
229,0.000319
230,0.000299
231,0.000276
232,0.000492
233,0.000507
234,0.000418
235,0.000409
236,0.074875
237,0.789261
238,0.907454
239,0.915595
240,0.9357
241,0.951018
242,0.961066
243,0.969889
244,0.977667
245,0.972827
246,0.975919
247,0.970399
248,0.965389
249,0.963924
250,0.954329
251,0.956447
252,0.952783
253,0.086138
254,0.00708
255,0.000665
256,0.001963
257,0.001192
258,0.00128
259,0.000774
260,0.000381
261,0.000355
262,0.000349
263,0.000272
264,0.000335
265,0.00014
266,0.000153
267,0.000187
268,0.000157
269,0.000137
270,0.000163
271,0.000299
272,0.000261
273,0.00015
274,0.000177
275,0.000178
276,0.000132
277,0.000343
278,0.000328
279,0.000342
280,0.000352
281,0.000544
282,0.000502
283,0.000506
284,0.00046
285,0.000381
286,0.000464
287,0.00062
288,0.000697
289,0.003344
290,0.005264
291,0.002308
292,0.002594
293,0.003634
294,0.003443
295,0.003246
296,0.003943
297,0.002873
298,0.002973
299,0.003348
300,0.00352
301,0.00481
302,0.003838
303,0.004016
304,0.001534
305,0.00195
306,0.002032
307,0.002844
308,0.003171
309,0.004122
310,0.005911
311,0.005884
312,0.001861
313,0.001365
314,0.001326
315,0.001822
316,0.010455
317,0.240989
318,0.886058
319,0.94145
320,0.965965
321,0.971994
322,0.978329
323,0.980442
324,0.981141
325,0.993664
326,0.992028
327,0.990424
328,0.986862
329,0.981649
330,0.983508
331,0.979654
332,0.981574
333,0.99182
334,0.992601
335,0.993203
336,0.980258
337,0.990294
338,0.990867
339,0.992993
340,0.990564
341,0.989365
342,0.987999
343,0.038304
344,0.00358
345,0.00709
346,0.006957
347,0.003619
348,0.003207
349,0.00257
350,0.002549
351,0.002698
352,0.003922
353,0.001661
354,0.002197
355,0.00276
356,0.002296
357,0.001892
358,0.0044
359,0.003961
360,0.00593
361,0.00651
362,0.006323
363,0.006302
364,0.008262
365,0.002311
366,0.003519
367,0.00281
368,0.014105
369,0.109374
370,0.273737
371,0.34089
372,0.210431
373,0.313328
374,0.767208
375,0.988338
376,0.986271
377,0.985194
378,0.983102
379,0.993593
380,0.988014
381,0.987817
382,0.98818
383,0.987294
384,0.959756
385,0.985005
386,0.993109
387,0.99062
388,0.989986
389,0.990901
390,0.990674
391,0.981716
392,0.97724
393,0.979085
394,0.954337
395,0.091361
396,0.008425
397,0.003866
398,0.004721
399,0.005859
400,0.00361
401,0.001123
402,0.000763
403,0.000588
404,0.000578
405,0.001177
406,0.00081
407,0.00078
408,0.000655
409,0.000521
410,0.001209
411,0.00106
412,0.001255
413,0.000865
414,0.000826
415,0.000823
416,0.000803
417,0.000874
418,0.000989
419,0.000841
420,0.000885
421,0.000617
422,0.001257
423,0.00107
424,0.003101
425,0.006629
426,0.0055
427,0.005689
428,0.002689
429,0.002976
430,0.001574
431,0.003082
432,0.003639
433,0.005098
434,0.006712
435,0.006496
436,0.008077
437,0.012297
438,0.00846
439,0.005996
440,0.008807
441,0.009416
442,0.00667
443,0.004785
444,0.006487
445,0.00503
446,0.006031
447,0.006028
448,0.00606
449,0.006612
450,0.005994
451,0.004292
452,0.0062
453,0.005064
454,0.029428
455,0.797377
456,0.975692
457,0.994599
458,0.994096
459,0.98936
460,0.982466
461,0.992089
462,0.993149
463,0.992768
464,0.993923
465,0.992101
466,0.995306
467,0.989775
468,0.990582
469,0.992416
470,0.99099
471,0.987269
472,0.990006
473,0.395445
474,0.01029
475,0.015623
476,0.014808
477,0.0101
478,0.003537
479,0.001507
480,0.001774
481,0.002083
482,0.005837
483,0.004092
484,0.00721
485,0.001895
486,0.005087
487,0.003698
488,0.003757
489,0.002731
490,0.003815
491,0.002642
492,0.002388
493,0.001775
494,0.001609
495,0.001275
496,0.00076
497,0.000885
498,0.000911
499,0.000915
500,0.001573
501,0.001062
502,0.001122
503,0.000904
504,0.001061
505,0.001033
506,0.000748
507,0.000565
508,0.000501
509,0.000474
510,0.000802
511,0.000652
512,0.000857
513,0.000849
514,0.000988
515,0.001398
516,0.001103
517,0.001072
518,0.001238
519,0.001508
520,0.001262
521,0.000686
522,0.000652
523,0.000791
524,0.001096
525,0.001193
526,0.001581
527,0.001918
528,0.001098
529,0.000852
530,0.000877
531,0.000781
532,0.000861
533,0.000678
534,0.000829
535,0.00093
536,0.000942
537,0.001043
538,0.000768
539,0.000749
540,0.00102
541,0.001348
542,0.001518
543,0.001427
544,0.001391
545,0.001888
546,0.001659
547,0.00108
548,0.001632
549,0.000991
550,0.00083
551,0.000859
552,0.000747
553,0.000571
554,0.000457
555,0.00044
556,0.00067
557,0.000712
558,0.001271
559,0.000751
560,0.000912
561,0.000906
562,0.000748
563,0.000559
564,0.000607
565,0.001306
566,0.001203
567,0.001426
568,0.001238
569,0.001088
570,0.000978
571,0.000961
572,0.001134
573,0.001079
574,0.00075
575,0.000812
576,0.256266
577,0.345444
578,0.562903
579,0.777498
580,0.810618
581,0.88711
582,0.915727
583,0.933441
584,0.916269
585,0.922109
586,0.936136
587,0.907503
588,0.10965
589,0.006301
590,0.006339
591,0.003656
592,0.002732
593,0.002768
594,0.008036
595,0.003122
596,0.004675
597,0.005057
598,0.005794
599,0.006128
600,0.008029
601,0.007883
602,0.00755
603,0.006448
604,0.006928
605,0.006378
606,0.005461
607,0.004279
608,0.003778
609,0.003743
610,0.003675
611,0.002827
612,0.000599
613,0.001144
614,0.004172
615,0.003425
616,0.003117
617,0.003183
618,0.004204
619,0.005412
620,0.002971
621,0.002949
622,0.00285
623,0.003472
624,0.003213
625,0.00323
626,0.004298
627,0.004715
628,0.005015
629,0.000851
630,0.001013
631,0.001253
632,0.001376
633,0.00102
634,0.00104
635,0.000778
636,0.001029
637,0.001026
638,0.000832
639,0.000786
640,0.000978
641,0.000762
642,0.001621
643,0.000397
644,0.001075
645,0.001274
646,0.002388
647,0.000684
648,0.001663
649,0.001569
650,0.001216
651,0.001216
652,0.001281
653,0.001193
654,0.00142
655,0.001304
656,0.002019
657,0.002122
658,0.001722
659,0.00183
660,0.001687
661,0.002854
662,0.002561
663,0.002978
664,0.002662
665,0.002348
666,0.002579
667,0.002483
668,0.00249
669,0.002322
670,0.001904
671,0.001974
672,0.00236
673,0.006072
674,0.005526
675,0.004081
676,0.003031
677,0.002636
678,0.002761
679,0.003066
680,0.004331
681,0.011849
682,0.256917
683,0.943348
684,0.951301
685,0.991591
686,0.992756
687,0.99417
688,0.994331
689,0.995739
690,0.995668
691,0.938967
692,0.002117
693,0.002601
694,0.003755
695,0.001197
696,0.001035
697,0.001155
698,0.001033
699,0.00074
700,0.002953
701,0.002877
702,0.003335
703,0.003026
704,0.001819
705,0.001694
706,0.001517
707,0.000756
708,0.000858
709,0.000495
710,0.000526
711,0.000576
712,0.000726
713,0.000766
714,0.000776
715,0.000805
716,0.00101
717,0.00144
718,0.002032
719,0.002161
720,0.002588
721,0.003558
722,0.005638
723,0.005252
724,0.006945
725,0.004712
726,0.003977
727,0.922095
728,0.96975
729,0.981957
730,0.971692
731,0.967267
732,0.959013
733,0.94878
734,0.749365
735,0.184153
736,0.006931
737,0.002196
738,0.001916
739,0.001839
740,0.002507
741,0.001394
742,0.001637
743,0.003359
744,0.001663
745,0.003473
746,0.001617
747,0.001288
748,0.001155
749,0.000977
750,0.000639
751,0.001163
752,0.001253
753,0.001058
754,0.001133
755,0.001282
756,0.000774
757,0.001694
758,0.000949
759,0.000732
760,0.000719
761,0.002055
762,0.002596
763,0.002918
764,0.003348
765,0.003268
766,0.004066
767,0.003437
768,0.002512
769,0.005678
770,0.006591
771,0.009164
772,0.007144
773,0.006184
774,0.005166
775,0.00371
776,0.00364
777,0.002202
778,0.001987
779,0.002469
780,0.00233
781,0.002838
782,0.006369
783,0.005253
784,0.005769
785,0.003277
786,0.003185
787,0.004409
788,0.005754
789,0.003024
790,0.003986
791,0.00511
792,0.003445
793,0.004443
794,0.008765
795,0.011401
796,0.012647
797,0.010172
798,0.011176
799,0.012538
800,0.010431
801,0.010226
802,0.010031
803,0.009269
804,0.012875
805,0.012817
806,0.010309
807,0.007714
808,0.01082
809,0.007769
810,0.009624
811,0.007682
812,0.011316
813,0.008112
814,0.009119
815,0.008239
816,0.008097
817,0.012122
818,0.011278
819,0.010201
820,0.012232
821,0.010451
822,0.009871
823,0.010895
824,0.012309
825,0.009176
826,0.008053
827,0.010322
828,0.010938
829,0.011795
830,0.010512
831,0.009283
832,0.01157
833,0.012035
834,0.011436
835,0.007639
836,0.008562
837,0.008202
838,0.009414
839,0.00632
840,0.006328
841,0.004734
842,0.003497
843,0.004981
844,0.005517
845,0.002961
846,0.003201
847,0.003221
848,0.001967
849,0.002584
850,0.003178
851,0.088652
852,0.933986
853,0.99101
854,0.984411
855,0.971929
856,0.981512
857,0.980469
858,0.977477
859,0.867754
860,0.017003
861,0.004858
862,0.007631
863,0.039849
864,0.022149
865,0.023408
866,0.005813
867,0.001677
868,0.003236
869,0.006411
870,0.000965
871,0.000967
872,0.001243
873,0.001452
874,0.001301
875,0.001637
876,0.001632
877,0.001144
878,0.000503
879,0.001791
880,0.001596
881,0.001148
882,0.00084
883,0.000444
884,0.000661
885,0.000676
886,0.001543
887,0.001108
888,0.00207
889,0.001234
890,0.00141
891,0.001537
892,0.001156
893,0.001383
894,0.002971
895,0.002479
896,0.002476
897,0.003021
898,0.003383
899,0.002645
900,0.003418
901,0.002542
902,0.001867
903,0.000815
904,0.00081
905,0.001091
906,0.000998
907,0.000941
908,0.001467
909,0.001419
910,0.001741
911,0.001377
912,0.001779
913,0.001216
914,0.001361
915,0.0012
916,0.176587
917,0.906218
918,0.977669
919,0.979637
920,0.978439
921,0.956014
922,0.971044
923,0.974986
924,0.973275
925,0.983848
926,0.982878
927,0.978925
928,0.983415
929,0.982776
930,0.995158
931,0.993454
932,0.992522
933,0.994146
934,0.993565
935,0.992191
936,0.992792
937,0.992294
938,0.99418
939,0.992306
940,0.992622
941,0.993401
942,0.994044
943,0.975848
944,0.993416
945,0.889282
946,0.022723
947,0.063562
948,0.657737
949,0.938342
