1,0.987196
2,0.982842
3,0.974527
4,0.986414
5,0.987781
6,0.990713
7,0.989008
8,0.986894
9,0.989464
10,0.98945
11,0.98992
12,0.988718
13,0.994192
14,0.994079
15,0.993738
16,0.995159
17,0.994873
18,0.994365
19,0.993205
20,0.993052
21,0.992677
22,0.992998
23,0.99369
24,0.993925
25,0.995663
26,0.993931
27,0.993872
28,0.994239
29,0.993804
30,0.993896
31,0.991694
32,0.994734
33,0.993786
34,0.993846
35,0.994052
36,0.994116
37,0.992715
38,0.992365
39,0.99369
40,0.993391
41,0.992023
42,0.993007
43,0.994268
44,0.99513
45,0.994665
46,0.994995
47,0.994103
48,0.992544
49,0.98594
50,0.973857
51,0.737008
52,0.010386
53,0.002265
54,0.001702
55,0.000749
56,0.001046
57,0.000488
58,0.000621
59,0.000628
60,0.000382
61,0.000452
62,0.000763
63,0.000265
64,0.000203
65,0.000325
66,0.000201
67,0.000247
68,0.000142
69,0.000134
70,0.000234
71,0.000355
72,0.0003
73,0.000205
74,0.000191
75,0.00013
76,0.000264
77,0.001281
78,0.143972
79,0.76488
80,0.676321
81,0.591246
82,0.584234
83,0.779754
84,0.918067
85,0.937835
86,0.929258
87,0.920598
88,0.917859
89,0.923737
90,0.882942
91,0.80256
92,0.846951
93,0.780656
94,0.717312
95,0.77171
96,0.760319
97,0.727955
98,0.75885
99,0.76827
100,0.776232
101,0.799644
102,0.824446
103,0.829153
104,0.625056
105,0.781467
106,0.581808
107,0.590643
108,0.613465
109,0.693504
110,0.056841
111,0.004392
112,0.002441
113,0.004567
114,0.000153
115,0.000112
116,0.000179
117,0.000189
118,0.000281
119,0.000362
120,0.00064
121,0.00121
122,0.003354
123,0.003812
124,0.004497
125,0.00473
126,0.005361
127,0.006214
128,0.007872
129,0.007017
130,0.006997
131,0.006942
132,0.00677
133,0.006226
134,0.003497
135,0.002404
136,0.008665
137,0.004173
138,0.001835
139,0.008609
140,0.010759
141,0.007011
142,0.008353
143,0.010466
144,0.0091
145,0.011721
146,0.02872
147,0.669309
148,0.96574
149,0.970455
150,0.969418
151,0.960741
152,0.987523
153,0.985688
154,0.979992
155,0.894791
156,0.019135
157,0.001509
158,0.001164
159,0.002419
160,0.003344
161,0.002763
162,0.00301
163,0.002153
164,0.00295
165,0.002437
166,0.000767
167,0.000653
168,0.001725
169,0.002392
170,0.001534
171,0.003565
172,0.00816
173,0.004583
174,0.003364
175,0.004978
176,0.004767
177,0.001918
178,0.002594
179,0.002484
180,0.002614
181,0.002397
182,0.002803
183,0.002872
184,0.002439
185,0.00192
186,0.001962
187,0.001683
188,0.002082
189,0.002863
190,0.00291
191,0.001766
192,0.002375
193,0.002416
194,0.00263
195,0.002442
196,0.002321
197,0.001359
198,0.001313
199,0.002001
200,0.002104
201,0.002318
202,0.001885
203,0.006764
204,0.342578
205,0.943286
206,0.949474
207,0.976771
208,0.983625
209,0.96645
210,0.965751
211,0.974337
212,0.976858
213,0.97565
214,0.966883
215,0.96517
216,0.962825
217,0.985274
218,0.983648
219,0.983479
220,0.97129
221,0.103814
222,0.024435
223,0.016279
224,0.011091
225,0.000956
226,0.002444
227,0.001501
228,0.004326
229,0.003318
230,0.002746
231,0.002154
232,0.003321
233,0.008169
234,0.009542
235,0.007429
236,0.005913
237,0.003362
238,0.003431
239,0.000565
240,0.00155
241,0.002037
242,0.001093
243,0.000522
244,0.000719
245,0.001729
246,0.002097
247,0.002163
248,0.003315
249,0.004787
250,0.004178
251,0.003409
252,0.004766
253,0.005024
254,0.00704
255,0.009827
256,0.006051
257,0.004864
258,0.004528
259,0.003478
260,0.004365
261,0.005829
262,0.208382
263,0.523926
264,0.657091
265,0.848961
266,0.847606
267,0.814247
268,0.823619
269,0.876046
270,0.196912
271,0.020549
272,0.006213
273,0.007406
274,0.004191
275,0.003935
276,0.005539
277,0.119066
278,0.220015
279,0.787195
280,0.497323
281,0.470196
282,0.905468
283,0.934578
284,0.880326
285,0.889106
286,0.866297
287,0.864901
288,0.112236
289,0.001766
290,0.001181
291,0.000645
292,0.000383
293,0.000376
294,6.8e-05
295,6e-05
296,6e-05
297,0.000255
298,0.001278
299,0.000836
300,0.000986
301,0.001148
302,0.000145
303,0.000138
304,0.000164
305,0.000465
306,0.000498
307,0.000523
308,0.000576
309,0.000844
310,0.000913
311,0.001112
312,5.5e-05
313,0.000257
314,5e-05
315,0.000188
316,0.0002
317,0.000228
318,0.000199
319,0.000277
320,0.000337
321,0.000354
322,0.000495
323,0.000498
324,0.001057
325,0.000549
326,0.000651
327,0.000652
328,0.000858
329,0.000633
330,0.000943
331,0.001193
332,0.001051
333,0.00076
334,0.000443
335,0.000468
336,0.000389
337,0.000161
338,0.00013
339,0.000123
340,0.000116
341,0.000114
342,0.000139
343,0.000106
344,0.0001
345,0.000103
346,0.000103
347,0.0001
348,0.000139
349,0.000262
350,0.000246
351,0.000685
352,0.001235
353,0.423896
354,0.932408
355,0.978933
356,0.984753
357,0.982507
358,0.928627
359,0.936452
360,0.945356
361,0.987362
362,0.988528
363,0.98823
364,0.983006
365,0.984797
366,0.980154
367,0.979418
368,0.980772
369,0.980757
370,0.981687
371,0.980459
372,0.982704
373,0.982036
374,0.9778
375,0.98353
376,0.978546
377,0.981245
378,0.989594
379,0.968646
380,0.983528
381,0.985717
382,0.984288
383,0.981624
384,0.987706
385,0.993538
386,0.991707
387,0.991119
388,0.974358
389,0.982914
390,0.984248
391,0.086186
392,0.004234
393,0.000479
394,0.001705
395,0.001456
396,0.000371
397,0.000497
398,0.001411
399,0.000826
400,0.000554
401,0.000708
402,0.005237
403,0.004559
404,0.004964
405,0.004634
406,0.004213
407,0.00455
408,0.002507
409,0.001474
410,0.00112
411,0.001086
412,0.001921
413,0.002449
414,0.002149
415,0.002284
416,0.001803
417,0.001388
418,0.001037
419,0.001181
420,0.00107
421,0.001333
422,0.00117
423,0.000938
424,0.00064
425,0.000729
426,0.0008
427,0.000631
428,0.000519
429,0.000541
430,0.000497
431,0.000575
432,0.000732
433,0.000618
434,0.000427
435,0.000309
436,0.000464
437,0.00045
438,0.000738
439,0.000571
440,0.000633
441,0.000713
442,0.000461
443,0.000466
444,0.000451
445,0.000744
446,0.012145
447,0.837231
448,0.959853
449,0.979986
450,0.985921
451,0.982989
452,0.959308
453,0.956377
454,0.976915
455,0.96708
456,0.956887
457,0.899661
458,0.086692
459,0.008503
460,0.003561
461,0.001885
462,0.002112
463,0.002199
464,0.001926
465,0.003429
466,0.003227
467,0.003293
468,0.002593
469,0.001457
470,0.001479
471,0.001754
472,0.001561
473,0.000444
474,0.000251
475,0.001563
476,0.000776
477,0.000238
478,0.000514
479,0.000601
480,0.00064
481,0.000738
482,0.000414
483,0.000506
484,0.000531
485,0.000661
486,0.000823
487,0.000767
488,0.001065
489,0.000751
490,0.0012
491,0.000131
492,7.5e-05
493,7.5e-05
494,0.000149
495,0.000137
496,0.000141
497,0.000273
498,0.000235
499,0.000268
500,0.000282
501,0.000173
502,0.000253
503,0.000432
504,0.000527
505,0.000352
506,0.000437
507,0.000423
508,0.000442
509,0.002755
510,0.002019
511,0.005691
512,0.002444
513,0.002967
514,0.003249
515,0.003772
516,0.003966
517,0.003746
518,0.003273
519,0.004698
520,0.006533
521,0.019203
522,0.777349
523,0.968878
524,0.983925
525,0.969079
526,0.974211
527,0.970946
528,0.982517
529,0.990029
530,0.988674
531,0.987992
532,0.989168
533,0.989182
534,0.986884
535,0.484212
536,0.011449
537,0.003108
538,0.00488
539,0.002968
540,0.003974
541,0.000836
542,0.002083
543,0.001401
544,0.003769
545,0.002252
546,0.002288
547,0.001983
548,0.00288
549,0.001301
550,0.000576
551,0.00024
552,0.000327
553,0.000224
554,0.000224
555,0.000264
556,0.000347
557,0.000301
558,0.0003
559,0.000266
560,0.000329
561,0.000341
562,0.00028
563,0.000335
564,0.000425
565,0.000589
566,0.000507
567,0.000332
568,0.000337
569,0.000269
570,0.000699
571,0.000452
572,0.000426
573,0.000321
574,0.00046
575,0.000428
576,0.000382
577,0.000234
578,0.000444
579,0.325092
580,0.84692
581,0.939894
582,0.933885
583,0.957972
584,0.951302
585,0.961822
586,0.953772
587,0.937729
588,0.930243
589,0.962095
590,0.962926
591,0.959996
592,0.975713
593,0.981436
594,0.976577
595,0.973477
596,0.970751
597,0.968511
598,0.976465
599,0.957892
600,0.921154
601,0.924878
602,0.933049
603,0.735511
604,0.006526
605,0.002519
606,0.002056
607,0.001038
608,0.000171
609,0.000724
610,0.000931
611,0.000792
612,0.001105
613,0.000963
614,0.000867
615,0.001102
616,0.001442
617,0.001072
618,0.001012
619,0.000564
620,0.000514
621,0.000535
622,0.000818
623,0.000715
624,0.00064
625,0.00068
626,0.000748
627,0.00078
628,0.000861
629,0.000934
630,0.000757
631,0.001012
632,0.000679
633,0.000604
634,0.000523
635,0.000712
636,0.001192
637,0.000982
638,0.001111
639,0.001069
640,0.000464
641,0.000531
642,0.000643
643,0.00036
644,0.000454
645,0.000339
646,0.000531
647,0.000663
648,0.000452
649,0.000576
650,0.000676
651,0.001711
652,0.001488
653,0.001662
654,0.001108
655,0.001028
656,0.000727
657,0.000979
658,0.00097
659,0.000755
660,0.003282
661,0.003433
662,0.002525
663,0.001912
664,0.001235
665,0.001026
666,0.000939
667,0.004951
668,0.865166
669,0.989668
670,0.981745
671,0.98922
672,0.982021
673,0.988614
674,0.975124
675,0.973957
676,0.96636
677,0.016386
678,0.011729
679,0.001214
680,0.002255
681,0.001385
682,0.000551
683,0.000689
684,0.000883
685,0.000169
686,0.000651
687,0.000656
688,0.000753
689,0.000765
690,0.000892
691,0.000713
692,8.9e-05
693,8.2e-05
694,0.000116
695,7.3e-05
696,8.3e-05
697,8.7e-05
698,0.000107
699,8.8e-05
700,7.8e-05
701,7.2e-05
702,0.000116
703,0.0001
704,0.00031
705,0.147516
706,0.934834
707,0.98164
708,0.981952
709,0.99174
710,0.989902
711,0.994067
712,0.995824
713,0.994877
714,0.993234
715,0.992981
716,0.99291
717,0.678462
718,0.01909
719,0.011226
720,0.010026
721,0.005522
722,0.002816
723,0.001363
724,0.000249
725,7.4e-05
726,0.000298
727,0.000455
728,0.000502
729,0.000491
730,0.000495
731,0.00046
732,0.000381
733,0.000633
734,0.00083
735,0.000286
736,0.000821
737,0.001058
738,0.001186
739,0.00373
740,0.007662
741,0.034191
742,0.433047
743,0.772639
744,0.769439
745,0.877646
746,0.904244
747,0.950421
748,0.969268
749,0.962332
750,0.95939
751,0.960499
752,0.935171
753,0.958475
754,0.94407
755,0.951684
756,0.945605
757,0.948395
758,0.787364
759,0.750154
760,0.771277
761,0.7119
762,0.722581
763,0.746231
764,0.666161
765,0.703987
766,0.603013
767,0.65557
768,0.492904
769,0.85512
770,0.811338
771,0.873349
772,0.882573
773,0.888149
774,0.803055
775,0.890779
776,0.34669
777,0.008301
778,0.004902
779,0.003188
780,0.002592
781,0.001722
782,0.000572
783,0.001203
784,0.001047
785,0.001541
786,0.001953
787,0.00194
788,0.002095
789,0.002872
790,0.002732
791,0.002591
792,0.004332
793,0.0051
794,0.005521
795,0.131704
796,0.727268
797,0.848607
798,0.807896
799,0.846197
800,0.921296
801,0.925305
802,0.91849
803,0.910565
804,0.874618
805,0.897038
806,0.903992
807,0.917476
808,0.957073
809,0.953254
810,0.957859
811,0.962518
812,0.236614
813,0.006905
814,0.005965
815,0.004952
816,0.004617
817,0.004274
818,0.004575
819,0.004458
820,0.001891
821,0.000985
822,0.001699
823,0.002387
824,0.002286
825,0.002447
826,0.002589
827,0.001508
828,0.001192
829,0.003086
830,0.003306
831,0.003014
832,0.003442
833,0.003984
834,0.002348
835,0.002299
836,0.002762
837,0.002709
838,0.002171
839,0.002083
840,0.00205
841,0.001768
842,0.001813
843,0.001986
844,0.001749
845,0.002655
846,0.002906
847,0.003392
848,0.003212
849,0.003402
850,0.003326
851,0.004131
852,0.004928
853,0.007645
854,0.005374
855,0.005094
856,0.00512
857,0.003596
858,0.002638
859,0.003141
860,0.004925
861,0.003152
862,0.002969
863,0.003011
864,0.003813
865,0.003022
866,0.003488
867,0.002927
868,0.003027
869,0.004568
870,0.005784
871,0.003111
872,0.00299
873,0.002566
874,0.002442
875,0.002906
876,0.003802
877,0.002175
878,0.002149
879,0.002244
880,0.0039
881,0.004926
882,0.026733
883,0.960982
884,0.987331
885,0.99112
886,0.988323
887,0.98175
888,0.98083
889,0.987938
890,0.988317
891,0.982968
892,0.988358
893,0.989262
894,0.98842
895,0.985486
896,0.985063
897,0.989733
898,0.990776
899,0.990534
900,0.989672
901,0.987728
902,0.987871
903,0.987095
904,0.992465
905,0.883039
906,0.020708
907,0.025556
908,0.017464
909,0.009743
910,0.008544
911,0.003924
912,0.001983
913,0.003078
914,0.001477
915,0.002346
916,0.001318
917,0.00023
918,0.000194
919,5e-05
920,4.9e-05
921,0.000457
922,0.000545
923,0.000712
924,0.000212
925,0.000249
926,0.000276
927,0.00047
928,0.002646
929,0.001851
930,0.002872
931,0.003342
932,0.003743
933,0.001864
934,0.001543
935,0.002935
936,0.002194
937,0.00129
938,0.001403
939,0.000571
940,0.000938
941,0.000668
942,0.000644
943,0.000591
944,0.000544
945,0.000885
946,0.002155
947,0.001809
948,0.002625
949,0.009925
950,0.009876
951,0.009445
952,0.008983
953,0.008326
954,0.006422
955,0.005538
956,0.007551
957,0.007618
958,0.007986
959,0.006437
960,0.00747
961,0.001723
962,0.001799
963,0.002047
964,0.00184
965,0.002409
966,0.00257
967,0.003102
968,0.00353
969,0.003524
970,0.002391
971,0.008679
972,0.422222
973,0.985204
974,0.9881
975,0.992444
976,0.991825
977,0.989209
978,0.991947
979,0.988428
980,0.993362
981,0.993237
982,0.992191
983,0.990027
984,0.991563
985,0.990571
986,0.987089
987,0.985109
988,0.989247
989,0.989475
990,0.961281
991,0.023334
992,0.01317
993,0.010373
994,0.009865
995,0.00471
996,0.00317
997,0.003141
998,0.004702
999,0.00336
1000,0.003351
1001,0.001283
1002,0.002701
1003,0.002409
1004,0.002716
1005,0.002979
1006,0.003047
1007,0.00335
1008,0.003162
1009,0.002984
1010,0.002704
1011,0.002668
1012,0.002767
1013,0.001506
1014,0.001781
1015,0.001694
1016,0.001837
1017,0.002163
1018,0.002355
1019,0.0743
1020,0.875519
1021,0.971494
1022,0.986082
1023,0.983937
1024,0.983225
1025,0.98213
1026,0.988364
1027,0.970482
1028,0.130322
1029,0.033054
1030,0.00939
1031,0.004689
1032,0.002469
1033,0.005153
1034,0.006297
1035,0.005497
1036,0.008118
1037,0.005008
1038,0.003166
1039,0.004234
1040,0.004606
1041,0.004167
1042,0.004385
1043,0.002182
1044,0.005216
1045,0.002561
1046,0.00266
1047,0.002232
1048,0.002258
1049,0.001864
1050,0.001709
1051,0.001669
1052,0.001604
1053,0.00183
1054,0.002152
1055,0.001923
1056,0.00147
1057,0.001298
1058,0.00113
1059,0.001288
1060,0.000829
1061,0.000851
1062,0.000662
1063,0.00067
1064,0.000932
1065,0.001047
1066,0.000843
1067,0.000956
1068,0.001385
1069,0.001501
1070,0.001226
1071,0.00154
1072,0.001993
1073,0.001028
1074,0.002795
1075,0.001741
1076,0.001755
1077,0.001846
1078,0.001853
1079,0.001538
1080,0.001634
1081,0.002975
1082,0.002117
1083,0.00495
1084,0.500504
1085,0.986229
1086,0.993491
1087,0.992224
1088,0.993708
1089,0.993684
1090,0.98763
1091,0.9745
1092,0.181968
1093,0.077859
1094,0.100248
1095,0.036557
1096,0.002102
1097,0.017275
1098,0.014644
1099,0.008096
1100,0.010769
1101,0.010087
1102,0.010405
1103,0.010944
1104,0.012036
1105,0.006824
1106,0.006817
1107,0.006092
1108,0.005386
1109,0.006774
1110,0.006748
1111,0.004702
1112,0.007703
1113,0.00876
1114,0.006513
1115,0.006047
1116,0.005925
1117,0.009206
1118,0.01267
1119,0.010722
1120,0.006945
1121,0.005918
1122,0.006515
1123,0.008565
1124,0.014872
1125,0.012242
1126,0.012164
1127,0.010893
1128,0.009827
1129,0.003636
1130,0.002853
1131,0.001913
1132,0.001822
1133,0.001844
1134,0.001784
1135,0.00193
1136,0.002788
1137,0.003067
1138,0.005236
1139,0.003342
1140,0.002763
1141,0.003315
1142,0.005761
1143,0.039302
1144,0.80153
1145,0.991128
1146,0.983984
1147,0.989609
1148,0.993852
1149,0.993179
1150,0.991493
1151,0.98832
1152,0.987893
1153,0.989433
1154,0.994107
1155,0.995053
1156,0.95938
1157,0.094686
1158,0.002416
1159,0.010801
1160,0.026954
1161,0.006433
1162,0.003117
1163,0.000239
1164,0.001881
1165,0.001286
1166,0.001115
1167,0.001067
1168,0.000956
1169,0.000658
1170,0.000848
1171,0.000826
1172,0.001898
1173,0.002104
1174,0.00222
1175,0.00196
1176,0.001959
1177,0.001843
1178,0.002338
1179,0.003638
1180,0.004193
1181,0.005974
1182,0.009055
1183,0.010042
1184,0.011304
1185,0.008355
1186,0.009936
1187,0.007308
1188,0.00437
1189,0.004557
1190,0.004035
1191,0.004598
1192,0.007519
1193,0.008434
1194,0.010867
1195,0.010452
1196,0.010653
1197,0.010205
1198,0.01091
1199,0.010606
1200,0.007989
1201,0.00568
1202,0.006321
1203,0.005704
1204,0.006083
1205,0.006708
1206,0.007449
1207,0.006748
1208,0.006117
1209,0.007368
1210,0.009069
1211,0.010199
1212,0.011912
1213,0.012305
1214,0.008338
1215,0.006101
1216,0.014617
1217,0.046383
1218,0.017737
1219,0.942345
1220,0.979934
1221,0.967991
1222,0.995821
1223,0.998081
1224,0.997708
1225,0.997105
1226,0.995076
1227,0.998405
1228,0.998902
1229,0.998895
1230,0.999002
1231,0.999056
1232,0.99905
1233,0.999126
1234,0.997973
1235,0.997388
1236,0.996269
1237,0.997545
1238,0.997413
1239,0.994381
1240,0.995214
1241,0.99448
1242,0.988191
1243,0.896916
1244,0.437299
1245,0.858432
1246,0.953628
1247,0.988854
1248,0.988083
1249,0.965489
1250,0.968705
1251,0.981447
1252,0.988257
1253,0.982419
1254,0.989458
1255,0.982606
1256,0.989161
1257,0.989462
1258,0.50886
1259,0.026407
1260,0.027624
1261,0.007814
1262,0.004192
1263,0.005623
1264,0.003521
1265,0.001973
1266,0.00174
1267,0.00247
1268,0.00189
1269,0.002335
1270,0.002569
1271,0.002371
1272,0.002868
1273,0.004304
1274,0.004617
1275,0.003729
1276,0.001433
1277,0.001602
1278,0.001358
1279,0.002173
1280,0.00358
1281,0.003515
1282,0.002819
1283,0.002714
1284,0.001553
1285,0.000897
1286,0.000873
1287,0.000745
1288,0.000764
1289,0.000889
1290,0.001067
1291,0.000606
1292,0.000557
1293,0.000786
1294,0.000694
1295,0.000958
1296,0.004429
1297,0.003537
1298,0.00546
1299,0.004834
1300,0.00506
1301,0.005245
1302,0.007909
1303,0.007618
1304,0.012073
1305,0.012997
1306,0.013994
1307,0.019283
1308,0.019175
1309,0.012778
1310,0.014575
1311,0.012306
1312,0.022764
1313,0.020567
1314,0.01941
1315,0.015279
1316,0.021251
1317,0.021851
1318,0.018033
1319,0.014608
1320,0.012877
1321,0.007238
1322,0.004912
1323,0.004561
1324,0.00617
1325,0.012361
1326,0.016511
1327,0.023622
1328,0.030337
1329,0.031658
1330,0.032414
1331,0.031634
1332,0.033447
1333,0.013133
1334,0.014227
1335,0.014694
1336,0.026091
1337,0.031889
1338,0.027389
1339,0.027098
1340,0.023913
1341,0.017092
1342,0.019049
1343,0.014819
1344,0.01622
1345,0.021131
1346,0.018146
1347,0.013479
1348,0.013431
1349,0.00861
1350,0.008172
1351,0.007712
1352,0.007811
1353,0.006482
1354,0.009103
1355,0.009065
1356,0.008035
1357,0.012653
1358,0.016066
1359,0.013346
1360,0.020305
1361,0.031296
1362,0.021979
1363,0.014157
1364,0.011663
1365,0.011104
1366,0.014234
1367,0.016817
1368,0.021086
1369,0.010201
1370,0.011302
1371,0.016823
1372,0.014008
1373,0.02558
1374,0.238302
1375,0.894273
1376,0.983164
1377,0.989666
1378,0.990864
1379,0.985115
1380,0.988943
1381,0.992614
1382,0.991337
1383,0.990499
1384,0.991729
1385,0.992707
1386,0.991821
1387,0.988082
1388,0.980704
1389,0.739449
1390,0.035144
1391,0.046913
1392,0.084773
1393,0.031489
1394,0.038797
1395,0.03639
1396,0.081071
1397,0.005412
1398,0.004785
1399,0.002868
1400,0.003252
1401,0.003169
1402,0.004963
1403,0.00248
1404,0.002278
1405,0.001337
1406,0.002162
1407,0.002961
1408,0.005878
1409,0.008625
1410,0.011518
1411,0.006153
1412,0.003938
1413,0.00256
1414,0.001755
1415,0.004256
1416,0.00452
1417,0.005437
1418,0.012797
1419,0.00697
1420,0.009469
1421,0.037178
1422,0.080072
1423,0.048442
1424,0.038518
1425,0.069579
1426,0.937919
1427,0.974719
1428,0.983985
1429,0.988371
1430,0.992369
1431,0.995529
1432,0.991592
1433,0.994672
1434,0.993577
1435,0.992127
1436,0.989774
1437,0.892134
1438,0.044364
1439,0.082123
1440,0.066352
1441,0.040924
1442,0.04266
1443,0.046832
1444,0.0403
1445,0.050108
1446,0.050738
1447,0.056314
1448,0.075583
1449,0.069838
1450,0.055081
1451,0.038106
1452,0.035693
1453,0.031416
1454,0.049068
1455,0.042516
1456,0.040716
1457,0.115191
1458,0.971424
1459,0.879649
1460,0.957049
1461,0.980836
1462,0.975444
1463,0.982212
1464,0.979113
1465,0.986553
1466,0.987525
1467,0.985935
1468,0.98067
1469,0.984112
1470,0.982514
1471,0.47622
1472,0.037455
1473,0.027246
1474,0.020966
1475,0.01356
1476,0.008135
1477,0.004641
1478,0.00362
1479,0.003898
1480,0.003258
1481,0.000531
1482,0.000453
1483,0.007516
1484,0.005486
1485,0.005845
1486,0.003869
1487,0.005229
1488,0.006924
1489,0.0081
1490,0.00794
1491,0.01127
1492,0.00759
1493,0.004602
1494,0.006221
1495,0.007193
1496,0.007978
1497,0.011703
1498,0.015074
1499,0.022338
1500,0.023322
1501,0.010695
1502,0.015863
1503,0.014302
1504,0.016801
1505,0.022907
1506,0.026225
1507,0.033698
1508,0.029628
1509,0.023876
1510,0.016999
1511,0.021504
1512,0.0153
1513,0.536253
1514,0.952162
1515,0.972015
1516,0.979782
1517,0.987117
1518,0.98288
1519,0.95861
1520,0.961539
1521,0.97373
1522,0.095877
1523,0.043593
1524,0.020604
1525,0.007473
1526,0.010461
1527,0.009375
1528,0.007385
1529,0.011051
1530,0.013346
1531,0.00967
1532,0.011869
1533,0.012315
1534,0.017742
1535,0.019611
1536,0.015781
1537,0.022567
1538,0.013761
1539,0.012364
1540,0.011754
1541,0.010724
1542,0.014204
1543,0.0073
1544,0.00566
1545,0.005311
1546,0.005806
1547,0.003782
1548,0.003472
1549,0.003542
1550,0.002603
1551,0.002588
1552,0.0027
1553,0.00334
1554,0.003474
1555,0.003434
1556,0.007407
1557,0.006052
1558,0.008302
1559,0.006357
1560,0.007909
1561,0.006093
1562,0.005129
1563,0.0046
1564,0.007158
1565,0.007823
1566,0.006476
1567,0.006137
1568,0.006482
1569,0.007192
1570,0.00775
1571,0.006687
1572,0.005003
1573,0.009051
1574,0.00927
1575,0.007896
1576,0.009331
1577,0.009476
1578,0.009612
1579,0.009736
1580,0.011527
1581,0.009639
1582,0.007413
1583,0.008375
1584,0.012131
1585,0.011496
1586,0.012175
1587,0.008252
1588,0.017102
1589,0.02159
1590,0.020646
1591,0.018451
1592,0.187605
1593,0.963773
1594,0.9904
1595,0.993218
1596,0.993351
1597,0.993485
1598,0.995044
1599,0.994584
1600,0.99427
1601,0.754836
1602,0.042916
1603,0.022014
1604,0.014397
1605,0.018705
1606,0.020755
1607,0.013
1608,0.007462
1609,0.006991
1610,0.00587
1611,0.006133
1612,0.003814
1613,0.003542
1614,0.004266
1615,0.003039
1616,0.002953
1617,0.002047
1618,0.00161
1619,0.001228
1620,0.001151
1621,0.001662
1622,0.001876
1623,0.001627
1624,0.00195
1625,0.002039
1626,0.002017
1627,0.002148
1628,0.002121
1629,0.001704
1630,0.001711
1631,0.003784
1632,0.002276
1633,0.001695
1634,0.002653
1635,0.002991
1636,0.038529
1637,0.906106
1638,0.984506
1639,0.993419
1640,0.996945
1641,0.992969
1642,0.995905
1643,0.995336
1644,0.995302
1645,0.995264
1646,0.994357
1647,0.994234
1648,0.993542
1649,0.994203
1650,0.994063
1651,0.994859
1652,0.993247
1653,0.991561
1654,0.995403
1655,0.992742
1656,0.989395
1657,0.986622
1658,0.989726
1659,0.449027
1660,0.066817
1661,0.021487
1662,0.014859
1663,0.015426
1664,0.018226
1665,0.019661
1666,0.020111
1667,0.014839
1668,0.018216
1669,0.015693
1670,0.016805
1671,0.01727
1672,0.021827
1673,0.019435
1674,0.019087
1675,0.017313
1676,0.016367
1677,0.015681
1678,0.016472
1679,0.014979
1680,0.015973
1681,0.011704
1682,0.010948
1683,0.007437
1684,0.006317
1685,0.006091
1686,0.007252
1687,0.005205
1688,0.004675
1689,0.005103
1690,0.002642
1691,0.003546
1692,0.004189
1693,0.016401
1694,0.01337
1695,0.014538
1696,0.020533
1697,0.016576
1698,0.012638
1699,0.0212
1700,0.025545
1701,0.022797
1702,0.021441
1703,0.017801
1704,0.015617
1705,0.014996
1706,0.025041
1707,0.003841
1708,0.005245
1709,0.004574
1710,0.003241
1711,0.005729
1712,0.004502
1713,0.006927
1714,0.0053
1715,0.005556
1716,0.008367
1717,0.008249
1718,0.014489
1719,0.068318
1720,0.908408
1721,0.995322
1722,0.995799
1723,0.993703
1724,0.994159
1725,0.992344
1726,0.992597
1727,0.995088
1728,0.986942
1729,0.994775
1730,0.995736
1731,0.996288
1732,0.994965
1733,0.995574
1734,0.996151
1735,0.996428
1736,0.995014
1737,0.995766
1738,0.994963
1739,0.993992
1740,0.991862
1741,0.995874
1742,0.993968
1743,0.994495
1744,0.995486
1745,0.99584
1746,0.996138
1747,0.996807
1748,0.994348
1749,0.99192
1750,0.996716
1751,0.994243
1752,0.991307
1753,0.988151
1754,0.988612
1755,0.990181
1756,0.989053
1757,0.985631
1758,0.980925
1759,0.983367
1760,0.687923
1761,0.064604
1762,0.032686
1763,0.008264
1764,0.003536
1765,0.00142
1766,0.006764
1767,0.003884
1768,0.002578
1769,0.002753
1770,0.002574
1771,0.003165
1772,0.002978
1773,0.002334
1774,0.001056
1775,0.001764
1776,0.002396
1777,0.004353
1778,0.001559
1779,0.002594
1780,0.003369
1781,0.00286
1782,0.001908
1783,0.002488
1784,0.002151
1785,0.002675
1786,0.00341
1787,0.002971
1788,0.004365
1789,0.003287
1790,0.003117
1791,0.00368
1792,0.006355
1793,0.009625
1794,0.008321
1795,0.007532
