1,0.982407
2,0.986898
3,0.986539
4,0.987476
5,0.987297
6,0.988877
7,0.988761
8,0.987651
9,0.98704
10,0.987647
11,0.987731
12,0.987675
13,0.988409
14,0.98457
15,0.984747
16,0.988799
17,0.986674
18,0.984333
19,0.98853
20,0.990258
21,0.990483
22,0.989738
23,0.990028
24,0.990448
25,0.992755
26,0.991932
27,0.991921
28,0.99292
29,0.993047
30,0.992973
31,0.993201
32,0.993017
33,0.992963
34,0.993248
35,0.992969
36,0.991238
37,0.994295
38,0.993519
39,0.992412
40,0.992597
41,0.992171
42,0.991433
43,0.992188
44,0.991913
45,0.989023
46,0.988596
47,0.989261
48,0.689095
49,0.033764
50,0.017793
51,0.015028
52,0.060123
53,0.109941
54,0.067077
55,0.043911
56,0.031382
57,0.023141
58,0.022709
59,0.012236
60,0.016769
61,0.03561
62,0.037712
63,0.030666
64,0.031901
65,0.034301
66,0.033829
67,0.026992
68,0.029637
69,0.025783
70,0.023095
71,0.01008
72,0.007789
73,0.00793
74,0.006769
75,0.009421
76,0.005548
77,0.005635
78,0.005939
79,0.135402
80,0.75499
81,0.81613
82,0.665089
83,0.69074
84,0.759936
85,0.871238
86,0.878579
87,0.326027
88,0.020992
89,0.03463
90,0.018509
91,0.011532
92,0.015715
93,0.01814
94,0.014332
95,0.015105
96,0.0181
97,0.022809
98,0.006374
99,0.017874
100,0.010717
101,0.014307
102,0.025045
103,0.026055
104,0.027231
105,0.022416
106,0.027263
107,0.015226
108,0.012939
109,0.013228
110,0.012371
111,0.01271
112,0.008157
113,0.004994
114,0.005898
115,0.007694
116,0.00931
117,0.006281
118,0.006775
119,0.005864
120,0.007008
121,0.005649
122,0.006517
123,0.005572
124,0.00649
125,0.005644
126,0.005572
127,0.004649
128,0.005817
129,0.005531
130,0.007775
131,0.010294
132,0.226164
133,0.928791
134,0.959502
135,0.983141
136,0.978985
137,0.975614
138,0.974589
139,0.962901
140,0.974567
141,0.976518
142,0.954669
143,0.967933
144,0.980596
145,0.688924
146,0.067989
147,0.090207
148,0.021958
149,0.026243
150,0.020567
151,0.02016
152,0.02547
153,0.022383
154,0.017544
155,0.020268
156,0.031687
157,0.020563
158,0.019598
159,0.011678
160,0.007512
161,0.008275
162,0.019176
163,0.021748
164,0.019374
165,0.020348
166,0.010132
167,0.009768
168,0.010562
169,0.004361
170,0.004449
171,0.004113
172,0.004616
173,0.003741
174,0.002523
175,0.002575
176,0.00263
177,0.002568
178,0.003018
179,0.003429
180,0.004304
181,0.004473
182,0.003497
183,0.002206
184,0.001581
185,0.001216
186,0.001416
187,0.032937
188,0.002002
189,0.021321
190,0.002039
191,0.002139
192,0.002182
193,0.004326
194,0.004419
195,0.003655
196,0.003451
197,0.003932
198,0.003554
199,0.0031
200,0.003272
201,0.001785
202,0.001576
203,0.003131
204,0.003822
205,0.005416
206,0.005859
207,0.005444
208,0.005364
209,0.00596
210,0.005582
211,0.004207
212,0.004095
213,0.004954
214,0.0045
215,0.005051
216,0.00521
217,0.004323
218,0.005481
219,0.006007
220,0.007087
221,0.00994
222,0.01186
223,0.013119
224,0.013402
225,0.013682
226,0.01499
227,0.013907
228,0.014159
229,0.012313
230,0.014312
231,0.013856
232,0.012178
233,0.008036
234,0.089459
235,0.571809
236,0.883922
237,0.672518
238,0.87513
239,0.953206
240,0.971262
241,0.962029
242,0.220977
243,0.065102
244,0.019018
245,0.01407
246,0.015396
247,0.010694
248,0.015089
249,0.01149
250,0.011483
251,0.005883
252,0.005711
253,0.004523
254,0.004053
255,0.004637
256,0.005732
257,0.005527
258,0.002799
259,0.003051
260,0.001892
261,0.002065
262,0.00103
263,0.001275
264,0.001226
265,0.00052
266,0.00057
267,0.000662
268,0.000896
269,0.001562
270,0.001668
271,0.003429
272,0.004113
273,0.004333
274,0.004121
275,0.003166
276,0.00315
277,0.005239
278,0.006689
279,0.004285
280,0.004682
281,0.008291
282,0.009683
283,0.011936
284,0.007018
285,0.007247
286,0.009652
287,0.009899
288,0.006864
289,0.123446
290,0.916165
291,0.973605
292,0.983259
293,0.980251
294,0.988138
295,0.986398
296,0.988287
297,0.98673
298,0.979742
299,0.975978
300,0.976738
301,0.529127
302,0.039444
303,0.026693
304,0.005844
305,0.006104
306,0.003466
307,0.006444
308,0.018965
309,0.006943
310,0.004227
311,0.005888
312,0.008986
313,0.016814
314,0.011882
315,0.015614
316,0.004903
317,0.004781
318,0.004511
319,0.003444
320,0.003289
321,0.002415
322,0.002369
323,0.003736
324,0.003669
325,0.002243
326,0.002025
327,0.001597
328,0.001763
329,0.003176
330,0.004315
331,0.003065
332,0.003711
333,0.003885
334,0.006358
335,0.008343
336,0.006802
337,0.005136
338,0.005938
339,0.004979
340,0.005339
341,0.006744
342,0.007299
343,0.005568
344,0.006992
345,0.008535
346,0.00886
347,0.00848
348,0.008831
349,0.005252
350,0.005096
351,0.005014
352,0.005826
353,0.007811
354,0.005869
355,0.007472
356,0.016226
357,0.018441
358,0.024059
359,0.018151
360,0.023788
361,0.019511
362,0.020129
363,0.017999
364,0.013749
365,0.015921
366,0.013804
367,0.013174
368,0.016965
369,0.012307
370,0.001891
371,0.020842
372,0.001029
373,0.001648
374,0.001147
375,0.001451
376,0.001605
377,0.001352
378,0.001678
379,0.007159
380,0.005804
381,0.003947
382,0.011681
383,0.010347
384,0.011628
385,0.01113
386,0.059678
387,0.719245
388,0.977404
389,0.982552
390,0.972951
391,0.977256
392,0.99198
393,0.993105
394,0.991948
395,0.991512
396,0.434433
397,0.007724
398,0.001634
399,0.007332
400,0.007743
401,0.014675
402,0.016835
403,0.031375
404,0.03112
405,0.027238
406,0.001755
407,0.001651
408,0.002221
409,0.003473
410,0.002783
411,0.002488
412,0.002263
413,0.002779
414,0.002948
415,0.002674
416,0.002926
417,0.002076
418,0.022022
419,0.027569
420,0.024017
421,0.035146
422,0.023125
423,0.003933
424,0.004622
425,0.005632
426,0.008105
427,0.009017
428,0.002703
429,0.001802
430,0.001744
431,0.001738
432,0.001995
433,0.001441
434,0.001524
435,0.001889
436,0.001983
437,0.002728
438,0.003106
439,0.010986
440,0.006546
441,0.014193
442,0.008385
443,0.013706
444,0.020703
445,0.019532
446,0.038398
447,0.019312
448,0.018361
449,0.014864
450,0.013753
451,0.009864
452,0.005364
453,0.004116
454,0.007151
455,0.012999
456,0.008637
457,0.016681
458,0.010711
459,0.009578
460,0.004725
461,0.009704
462,0.009269
463,0.013348
464,0.015922
465,0.01682
466,0.013211
467,0.012491
468,0.011296
469,0.012208
470,0.008465
471,0.004728
472,0.00659
473,0.004261
474,0.005961
475,0.004781
476,0.005776
477,0.004267
478,0.003934
479,0.003709
480,0.003778
481,0.001627
482,0.001761
483,0.001899
484,0.000954
485,0.000734
486,0.000729
487,0.00092
488,0.000644
489,0.000876
490,0.000789
491,0.000867
492,0.000748
493,0.000838
494,0.001033
495,0.001508
496,0.002335
497,0.001892
498,0.002901
499,0.627471
500,0.965905
501,0.993684
502,0.99043
503,0.981571
504,0.98186
505,0.990057
506,0.981021
507,0.98858
508,0.977254
509,0.98511
510,0.982601
511,0.990433
512,0.987964
513,0.987276
514,0.986522
515,0.989455
516,0.987182
517,0.864098
518,0.055843
519,0.033314
520,0.00553
521,0.006966
522,0.002208
523,0.002346
524,0.002456
525,0.000472
526,0.00278
527,0.008065
528,0.010551
529,0.015954
530,0.01935
531,0.019174
532,0.021809
533,0.013202
534,0.012282
535,0.010912
536,0.000978
537,0.001313
538,0.00102
539,0.000971
540,0.001186
541,0.001233
542,0.001455
543,0.00124
544,0.001541
545,0.001115
546,0.000658
547,0.000601
548,0.000642
549,0.000743
550,0.006185
551,0.00801
552,0.011001
553,0.003399
554,0.002498
555,0.0025
556,0.002331
557,0.002394
558,0.003798
559,0.010953
560,0.013127
561,0.018028
562,0.011226
563,0.016804
564,0.014325
565,0.016096
566,0.014263
567,0.013889
568,0.014791
569,0.011099
570,0.010926
571,0.001818
572,0.001995
573,0.001988
574,0.002578
575,0.002838
576,0.003502
577,0.002947
578,0.002489
579,0.004201
580,0.011729
581,0.012554
582,0.008281
583,0.006782
584,0.01186
585,0.008721
586,0.012949
587,0.013733
588,0.013824
589,0.012166
590,0.011986
591,0.010746
592,0.007942
593,0.006305
594,0.004641
595,0.004329
596,0.004073
597,0.004412
598,0.005408
599,0.007256
600,0.010143
601,0.009161
602,0.008079
603,0.006375
604,0.007808
605,0.008674
606,0.007947
607,0.006569
608,0.008017
609,0.007188
610,0.006809
611,0.00628
612,0.004915
613,0.007863
614,0.008177
615,0.008101
616,0.007703
617,0.008614
618,0.009814
619,0.629661
620,0.977467
621,0.987603
622,0.987206
623,0.982986
624,0.992735
625,0.99005
626,0.986818
627,0.991607
628,0.984112
629,0.242404
630,0.011644
631,0.005574
632,0.006202
633,0.009404
634,0.011766
635,0.008486
636,0.018113
637,0.008545
638,0.007086
639,0.005037
640,0.005098
641,0.003364
642,0.010211
643,0.008019
644,0.002633
645,0.001803
646,0.002229
647,0.001346
648,0.003966
649,0.006412
650,0.008883
651,0.008151
652,0.00885
653,0.008707
654,0.007102
655,0.008297
656,0.008073
657,0.007621
658,0.001873
659,0.003467
660,0.003962
661,0.001759
662,0.000882
663,0.014342
664,0.009219
665,0.006175
666,0.001111
667,0.000961
668,0.001068
669,0.001004
670,0.000972
671,0.001246
672,0.002155
673,0.001426
674,0.00171
675,0.001162
676,0.001189
677,0.001051
678,0.001552
679,0.001925
680,0.002303
681,0.001653
682,0.00247
683,0.00161
684,0.001119
685,0.001142
686,0.001263
687,0.001038
688,0.00078
689,0.000615
690,0.000675
691,0.006869
692,0.00072
693,0.00722
694,0.000805
695,0.000395
696,0.000381
697,0.00054
698,0.000758
699,0.000846
700,0.005193
701,0.004091
702,0.00766
703,0.004549
704,0.005671
705,0.006138
706,0.000734
707,0.000468
708,0.00346
709,0.000481
710,0.000457
711,0.000373
712,0.000493
713,0.000615
714,0.000525
715,0.000667
716,0.00051
717,0.000907
718,0.000863
719,0.019965
720,0.538157
721,0.981898
722,0.99041
723,0.986148
724,0.987236
725,0.991362
726,0.989695
727,0.987158
728,0.979422
729,0.977088
730,0.971789
731,0.971168
732,0.959917
733,0.947187
734,0.918532
735,0.12564
736,0.009312
737,0.004937
738,0.006071
739,0.003212
740,0.002125
741,0.011105
742,0.021935
743,0.009016
744,0.009321
745,0.013845
746,0.0178
747,0.017087
748,0.016675
749,0.013925
750,0.014438
751,0.013867
752,0.015171
753,0.011568
754,0.01055
755,0.012892
756,0.014739
757,0.02062
758,0.020321
759,0.022693
760,0.026737
761,0.024961
762,0.034798
763,0.027269
764,0.041872
765,0.032561
766,0.022558
767,0.020465
768,0.021068
769,0.019219
770,0.019176
771,0.013566
772,0.012336
773,0.013372
774,0.012893
775,0.014767
776,0.009322
777,0.011115
778,0.013285
779,0.003862
780,0.155409
781,0.529273
782,0.641648
783,0.679712
784,0.700226
785,0.631347
786,0.749473
787,0.873323
788,0.820433
789,0.736586
790,0.019564
791,0.009343
792,0.00648
793,0.007114
794,0.009175
795,0.010479
796,0.013356
797,0.009673
798,0.010148
799,0.015763
800,0.016687
801,0.022688
802,0.011455
803,0.006805
804,0.003545
805,0.002435
806,0.003576
807,0.002543
808,0.002961
809,0.003189
810,0.00329
811,0.003075
812,0.003852
813,0.002748
814,0.002292
815,0.002733
816,0.002372
817,0.001921
818,0.002793
819,0.002326
820,0.003278
821,0.002231
822,0.002389
823,0.001971
824,0.001517
825,0.00147
826,0.001383
827,0.001318
828,0.001392
829,0.002608
830,0.002969
831,0.002126
832,0.002818
833,0.002598
834,0.003149
835,0.002959
836,0.002343
837,0.002941
838,0.00341
839,0.002978
840,0.002622
841,0.001734
842,0.002665
843,0.004102
844,0.003835
845,0.004163
846,0.002834
847,0.003222
848,0.002745
849,0.001553
850,0.00109
851,0.001144
852,0.001233
853,0.000887
854,0.000901
855,0.000728
856,0.000738
857,0.000781
858,0.000978
859,0.000881
860,0.001138
861,0.001292
862,0.000885
863,0.000996
864,0.000746
865,0.001059
866,0.001157
867,0.000893
868,0.000807
869,0.001
870,0.001309
871,0.001543
872,0.001844
873,0.002562
874,0.00311
875,0.002607
876,0.001613
877,0.003183
878,0.00338
879,0.002865
880,0.005106
881,0.003866
882,0.003427
883,0.00434
884,0.003831
885,0.003723
886,0.005432
887,0.006681
888,0.003605
889,0.004799
890,0.010833
891,0.006834
892,0.005522
893,0.005084
894,0.003495
895,0.003582
896,0.002917
897,0.003267
898,0.003804
899,0.003806
900,0.00365
901,0.003049
902,0.004254
903,0.003857
904,0.005311
905,0.007219
906,0.006864
907,0.007732
908,0.004726
909,0.006367
910,0.005481
911,0.003879
912,0.003924
913,0.00241
914,0.002369
915,0.002487
916,0.001945
917,0.002316
918,0.002108
919,0.002203
920,0.002273
921,0.001952
922,0.001975
923,0.001311
924,0.00126
925,0.001134
926,0.001232
927,0.001129
928,0.001564
929,0.002118
930,0.002172
931,0.002317
932,0.002198
933,0.002787
934,0.002855
935,0.002763
936,0.002576
937,0.002147
938,0.002824
939,0.003191
940,0.003163
941,0.004246
942,0.003455
943,0.002562
944,0.003118
945,0.002854
946,0.013605
947,0.787711
948,0.968075
949,0.981995
950,0.982673
951,0.972058
952,0.981328
953,0.987381
954,0.985201
955,0.986429
956,0.990587
957,0.991072
958,0.991818
959,0.99144
960,0.988687
961,0.978215
962,0.947108
963,0.107548
964,0.034297
965,0.00952
966,0.004022
967,0.005419
968,0.006982
969,0.00883
970,0.008433
971,0.011201
972,0.013214
973,0.007433
974,0.003289
975,0.003084
976,0.003773
977,0.003696
978,0.00353
979,0.002386
980,0.002629
981,0.003505
982,0.006657
983,0.00641
984,0.004275
985,0.007015
986,0.06742
987,0.844125
988,0.976543
989,0.979243
990,0.971407
991,0.987236
992,0.990578
993,0.992892
994,0.990371
995,0.988671
996,0.987358
997,0.990441
998,0.808757
999,0.017776
1000,0.010628
1001,0.012569
1002,0.016915
1003,0.008883
1004,0.036601
1005,0.02558
1006,0.02378
1007,0.019029
1008,0.013781
1009,0.003206
1010,0.003665
1011,0.003896
1012,0.003943
1013,0.004974
1014,0.005756
1015,0.010872
1016,0.004897
1017,0.005329
1018,0.007851
1019,0.005363
1020,0.005437
1021,0.010461
1022,0.010604
1023,0.011527
1024,0.0074
1025,0.007087
1026,0.007383
1027,0.006869
1028,0.007012
1029,0.00567
1030,0.006569
1031,0.597374
1032,0.991294
1033,0.996643
1034,0.994551
1035,0.993057
1036,0.98729
1037,0.986957
1038,0.988425
1039,0.992722
1040,0.990841
1041,0.990654
1042,0.988271
1043,0.989596
1044,0.987853
1045,0.990731
1046,0.989004
1047,0.98682
1048,0.985957
1049,0.984994
1050,0.985787
1051,0.986684
1052,0.988366
1053,0.988981
1054,0.349745
1055,0.018456
1056,0.016392
1057,0.03525
1058,0.029037
1059,0.009919
1060,0.00694
