1,0.979022
2,0.98415
3,0.989528
4,0.987528
5,0.982636
6,0.986004
7,0.985685
8,0.98847
9,0.987281
10,0.985888
11,0.987057
12,0.984802
13,0.986718
14,0.984733
15,0.984539
16,0.984129
17,0.983326
18,0.983632
19,0.9897
20,0.98883
21,0.991792
22,0.990542
23,0.992184
24,0.99047
25,0.990023
26,0.990101
27,0.989964
28,0.988724
29,0.987641
30,0.985233
31,0.984788
32,0.983387
33,0.977809
34,0.979785
35,0.98443
36,0.984195
37,0.98966
38,0.99215
39,0.993068
40,0.99226
41,0.992747
42,0.99508
43,0.992168
44,0.989996
45,0.987759
46,0.98715
47,0.979434
48,0.980269
49,0.95766
50,0.970353
51,0.977995
52,0.969102
53,0.966664
54,0.956114
55,0.936887
56,0.947356
57,0.95869
58,0.950733
59,0.950078
60,0.935881
61,0.947738
62,0.935444
63,0.918189
64,0.905179
65,0.904286
66,0.928058
67,0.91229
68,0.913297
69,0.916429
70,0.942358
71,0.917244
72,0.934264
73,0.91644
74,0.952378
75,0.937974
76,0.939389
77,0.933107
78,0.940061
79,0.947523
80,0.942874
81,0.90281
82,0.923742
83,0.917803
84,0.841299
85,0.790474
86,0.815115
87,0.852149
88,0.857617
89,0.905362
90,0.913764
91,0.886412
92,0.879493
93,0.888735
94,0.847037
95,0.859316
96,0.879118
97,0.91015
98,0.922534
99,0.925154
100,0.946579
101,0.959674
102,0.958248
103,0.939293
104,0.930896
105,0.953857
106,0.944642
107,0.958972
108,0.965657
109,0.927058
110,0.947668
111,0.971367
112,0.960719
113,0.96204
114,0.956786
115,0.979437
116,0.981374
117,0.97048
118,0.966799
119,0.962874
120,0.958377
121,0.975619
122,0.979923
123,0.981636
124,0.975526
125,0.985296
126,0.983563
127,0.986081
128,0.987245
129,0.67269
130,0.705081
131,0.892818
132,0.978434
133,0.988512
134,0.986663
135,0.987557
136,0.991077
137,0.991429
138,0.993754
139,0.992401
140,0.991945
141,0.99366
142,0.992716
143,0.99254
144,0.992578
145,0.994202
146,0.995753
147,0.995975
148,0.988333
149,0.98132
150,0.976374
151,0.976639
152,0.980947
153,0.975104
154,0.976353
155,0.978048
156,0.976733
157,0.977831
158,0.981568
159,0.995427
160,0.996602
161,0.996697
162,0.995788
163,0.995606
164,0.995558
165,0.995897
166,0.996231
167,0.995644
168,0.995547
169,0.995932
170,0.995424
171,0.995962
172,0.995968
173,0.996555
174,0.996095
175,0.996011
176,0.995518
177,0.995102
178,0.995228
179,0.994852
180,0.994672
181,0.991088
182,0.991874
183,0.651369
184,0.351855
185,0.798927
186,0.932397
187,0.964432
188,0.984359
189,0.988132
190,0.989333
191,0.989283
192,0.989526
193,0.989028
194,0.989357
195,0.990292
196,0.989274
197,0.989546
198,0.98979
199,0.989369
200,0.993893
201,0.994023
202,0.993754
203,0.995028
204,0.993493
205,0.990512
206,0.990922
207,0.989157
208,0.989573
209,0.989292
210,0.991905
211,0.991329
212,0.994234
213,0.991294
214,0.99182
215,0.992143
216,0.991972
217,0.991738
218,0.991436
219,0.992527
220,0.991388
221,0.992817
222,0.990258
223,0.986674
224,0.985324
225,0.985997
226,0.980443
227,0.983207
228,0.984583
229,0.988016
230,0.98854
231,0.985192
232,0.983785
233,0.982562
234,0.975661
235,0.977509
236,0.958427
237,0.969313
238,0.96411
239,0.964565
240,0.958407
241,0.965516
242,0.965467
243,0.96334
244,0.960408
245,0.959396
246,0.96419
247,0.946119
248,0.955115
249,0.953244
250,0.959689
251,0.956843
252,0.966017
253,0.968876
254,0.965669
255,0.965095
256,0.969948
257,0.971466
258,0.975531
259,0.978153
260,0.976452
261,0.971852
262,0.97989
263,0.979832
264,0.974638
265,0.981277
266,0.977184
267,0.524433
268,0.081372
269,0.105071
270,0.207763
271,0.673268
272,0.924182
273,0.964177
274,0.965755
275,0.963443
276,0.973496
277,0.970443
278,0.953692
279,0.929684
280,0.951521
281,0.938547
282,0.932575
283,0.923013
284,0.956926
285,0.961628
286,0.959694
287,0.963982
288,0.943286
289,0.933873
290,0.92893
291,0.961466
292,0.960101
293,0.961539
294,0.956819
295,0.956477
296,0.964188
297,0.964927
298,0.954885
299,0.950188
300,0.958529
301,0.964752
302,0.958556
303,0.960013
304,0.960834
305,0.960515
306,0.961575
307,0.967399
308,0.974391
309,0.968626
310,0.968206
311,0.956524
312,0.950518
313,0.970714
314,0.974038
315,0.977457
316,0.972599
317,0.970461
318,0.965618
319,0.969273
320,0.970553
321,0.98899
322,0.989806
323,0.991856
324,0.990849
325,0.990901
326,0.990452
327,0.989409
328,0.989436
329,0.989171
330,0.983759
331,0.989416
332,0.982758
333,0.984528
334,0.983121
335,0.987418
336,0.988641
337,0.986401
338,0.987737
339,0.987371
340,0.988045
341,0.988272
342,0.98663
343,0.987923
344,0.98776
345,0.987349
346,0.987813
347,0.988332
348,0.98899
349,0.990662
350,0.99227
351,0.992057
352,0.991863
353,0.992183
354,0.99161
355,0.992293
356,0.992245
357,0.99511
358,0.994998
359,0.995658
360,0.995662
361,0.995032
362,0.995185
363,0.995145
364,0.99498
365,0.995192
366,0.779643
367,0.154298
368,0.363802
369,0.778229
370,0.907559
371,0.945023
372,0.968274
373,0.957393
374,0.980947
375,0.978332
376,0.983269
377,0.987986
378,0.990664
379,0.992451
380,0.992054
381,0.991943
382,0.992903
383,0.991195
384,0.991174
385,0.993282
386,0.992269
387,0.992151
388,0.992857
389,0.991396
390,0.990807
391,0.989376
392,0.987363
393,0.990112
394,0.991966
395,0.991977
396,0.992049
397,0.992475
398,0.991941
399,0.99332
400,0.994303
401,0.994067
402,0.99374
403,0.993062
404,0.992439
405,0.995645
406,0.992014
407,0.992266
408,0.990724
409,0.991855
410,0.992795
411,0.991052
412,0.989271
413,0.989004
414,0.989911
415,0.990731
416,0.993075
417,0.993444
418,0.993435
419,0.994456
420,0.993606
421,0.989432
422,0.988736
423,0.988085
424,0.98541
425,0.988151
426,0.987861
427,0.992247
428,0.992117
429,0.988675
430,0.990608
431,0.990597
432,0.988551
433,0.991971
434,0.992631
435,0.992804
436,0.992605
437,0.993479
438,0.992004
439,0.99225
440,0.992901
441,0.991235
442,0.99328
443,0.994774
444,0.993193
445,0.984488
446,0.484412
447,0.557396
448,0.932045
449,0.967759
450,0.978629
451,0.981048
452,0.98749
453,0.869768
454,0.990553
455,0.907921
456,0.936474
457,0.990206
458,0.991933
459,0.989636
460,0.987842
461,0.989138
462,0.990772
463,0.991354
464,0.986758
465,0.988154
466,0.991184
467,0.98602
468,0.97609
469,0.980593
470,0.982775
471,0.983027
472,0.975801
473,0.979123
474,0.983506
475,0.983391
476,0.983231
477,0.980498
478,0.983341
479,0.987114
480,0.986064
481,0.984841
482,0.974277
483,0.755217
484,0.398503
485,0.901051
486,0.914958
487,0.968544
488,0.958643
489,0.95531
490,0.962415
491,0.988644
492,0.988276
493,0.980679
494,0.97769
495,0.981759
496,0.987185
497,0.986898
498,0.987272
499,0.988805
500,0.985675
501,0.989892
502,0.990861
503,0.990042
504,0.990104
505,0.981202
506,0.980377
507,0.98417
508,0.983045
509,0.985427
510,0.978086
511,0.97583
512,0.982781
513,0.978689
514,0.981488
515,0.984279
516,0.986072
517,0.987479
518,0.988918
519,0.987705
520,0.987976
521,0.988183
522,0.990951
523,0.990971
524,0.990877
525,0.992258
526,0.992403
527,0.994145
528,0.99482
529,0.993345
530,0.992624
531,0.990169
532,0.994421
533,0.993292
534,0.992734
535,0.992789
536,0.993484
537,0.992916
538,0.992949
539,0.993476
540,0.993208
541,0.990818
542,0.989948
543,0.990918
544,0.979739
545,0.991746
546,0.992878
547,0.992547
548,0.99334
549,0.988198
550,0.987637
551,0.990368
552,0.98801
553,0.98687
554,0.985606
555,0.987079
556,0.979797
557,0.983106
558,0.97709
559,0.969146
560,0.97864
561,0.97643
562,0.974913
563,0.973095
564,0.969682
565,0.96268
566,0.957128
567,0.959704
568,0.959918
569,0.960939
570,0.961969
571,0.954853
572,0.9573
573,0.957928
574,0.956685
575,0.958599
576,0.959703
577,0.951032
578,0.945994
579,0.94922
580,0.953052
581,0.966953
582,0.963044
583,0.918016
584,0.932719
585,0.877538
586,0.889482
587,0.863244
588,0.893166
589,0.916774
590,0.890476
591,0.889476
592,0.864232
593,0.886334
594,0.852767
595,0.8998
596,0.916043
597,0.9102
598,0.901939
599,0.918637
600,0.932831
601,0.885738
602,0.879733
603,0.94189
604,0.954392
605,0.954075
606,0.949122
607,0.947248
608,0.934514
609,0.932526
610,0.932834
611,0.883857
612,0.900173
613,0.92868
614,0.931887
615,0.942585
616,0.946485
617,0.945086
618,0.941593
619,0.953606
620,0.946464
621,0.95353
622,0.96345
623,0.956297
624,0.956864
625,0.940171
626,0.961862
627,0.958332
628,0.96977
629,0.974118
630,0.959085
631,0.961863
632,0.961058
633,0.95232
634,0.751141
635,0.782388
636,0.882337
637,0.972013
638,0.984589
639,0.96324
640,0.971861
641,0.975128
642,0.970267
643,0.979455
644,0.979094
645,0.972914
646,0.975525
647,0.972901
648,0.976607
649,0.992932
650,0.990906
651,0.993037
652,0.963664
653,0.966798
654,0.993999
655,0.993824
656,0.992738
657,0.99257
658,0.992855
659,0.992429
660,0.992686
661,0.994715
662,0.994855
663,0.995107
664,0.995961
665,0.995352
666,0.995531
667,0.995619
668,0.995756
669,0.995549
670,0.99593
671,0.995684
672,0.996034
673,0.996594
674,0.996371
675,0.996639
676,0.994847
677,0.986802
678,0.984321
679,0.994383
680,0.994503
681,0.981726
682,0.98079
683,0.981721
684,0.983519
685,0.975324
686,0.98155
687,0.978127
688,0.978553
689,0.97914
690,0.978217
691,0.981585
692,0.982128
693,0.981794
694,0.985158
695,0.987492
696,0.989096
697,0.986817
698,0.987226
699,0.988651
700,0.986301
701,0.983979
702,0.985844
703,0.987401
704,0.983725
705,0.981268
706,0.98386
707,0.982525
708,0.971442
709,0.975008
710,0.971878
711,0.967055
712,0.967309
713,0.966335
714,0.965525
715,0.963711
716,0.959918
717,0.958295
718,0.960018
719,0.956081
720,0.970421
721,0.964854
722,0.288657
723,0.205288
724,0.777401
725,0.900819
726,0.941571
727,0.951701
728,0.965554
729,0.957445
730,0.961182
731,0.95984
732,0.962512
733,0.957452
734,0.958796
735,0.957458
736,0.960413
737,0.960663
738,0.951155
739,0.947306
740,0.952819
741,0.947047
742,0.948088
743,0.952724
744,0.937527
745,0.919875
746,0.905603
747,0.929333
748,0.933734
749,0.919699
750,0.917717
751,0.913158
752,0.913666
753,0.906265
754,0.918184
755,0.915688
756,0.904159
757,0.899727
758,0.893144
759,0.888506
760,0.876551
761,0.874383
762,0.881652
763,0.884602
764,0.899719
765,0.878959
766,0.908203
767,0.870571
768,0.859572
769,0.886696
770,0.880815
771,0.881881
772,0.87513
773,0.879678
774,0.900483
775,0.892109
776,0.89709
777,0.871521
778,0.885616
779,0.878861
780,0.878569
781,0.881414
782,0.875703
783,0.878272
784,0.876978
785,0.879067
786,0.867929
787,0.847857
788,0.856757
789,0.842142
790,0.860466
791,0.833154
792,0.821113
793,0.816733
794,0.792444
795,0.747837
796,0.740715
797,0.737263
798,0.768695
799,0.788389
800,0.780418
801,0.759878
802,0.825835
803,0.809982
804,0.810141
805,0.821987
806,0.832398
807,0.880556
808,0.87245
809,0.898121
810,0.872024
811,0.838382
812,0.848824
813,0.842647
814,0.261411
815,0.258444
816,0.246375
817,0.764365
818,0.856183
819,0.807614
820,0.834119
821,0.901975
822,0.930034
823,0.931438
824,0.951283
825,0.945949
826,0.947138
827,0.949094
828,0.924166
829,0.949152
830,0.958247
831,0.955874
832,0.964906
833,0.96476
834,0.972322
835,0.968511
836,0.961748
837,0.971391
838,0.974062
839,0.980543
840,0.989941
841,0.988951
842,0.974721
843,0.990056
844,0.991461
845,0.990067
846,0.988341
847,0.964602
848,0.185017
849,0.120319
850,0.842969
851,0.913628
852,0.87871
853,0.923869
854,0.952639
855,0.954503
856,0.955543
857,0.970937
858,0.734973
859,0.017682
860,0.012753
861,0.513148
862,0.70648
863,0.58958
864,0.820959
865,0.72433
866,0.944083
867,0.972386
868,0.955315
869,0.96709
870,0.970905
871,0.978129
872,0.971329
873,0.967019
874,0.971463
875,0.979219
876,0.98811
877,0.9919
878,0.931566
879,0.925245
880,0.901167
881,0.891597
882,0.910646
883,0.937897
884,0.923897
885,0.903112
886,0.888421
887,0.853378
888,0.891786
889,0.916048
890,0.920169
891,0.952276
892,0.94389
893,0.960953
894,0.960044
895,0.952636
896,0.948424
897,0.98975
898,0.971614
899,0.930216
900,0.943638
901,0.943473
902,0.95031
903,0.942273
904,0.959739
905,0.983906
906,0.992717
907,0.991998
908,0.986785
909,0.981616
910,0.983574
911,0.976217
912,0.97974
913,0.982242
914,0.983293
915,0.982788
916,0.976074
917,0.974482
918,0.960201
919,0.956487
920,0.954114
921,0.958012
922,0.955621
923,0.952739
924,0.957438
925,0.946629
926,0.961008
927,0.951428
928,0.930145
929,0.929762
930,0.936813
931,0.93808
932,0.938823
933,0.937379
934,0.932763
935,0.922655
936,0.879677
937,0.918873
938,0.917644
939,0.922283
940,0.946996
941,0.953265
942,0.952857
943,0.95388
944,0.948798
945,0.956942
946,0.96652
947,0.96184
948,0.965454
949,0.949037
950,0.937389
951,0.937982
952,0.939932
953,0.937771
954,0.927925
955,0.915216
956,0.947172
957,0.965835
958,0.974072
959,0.969532
960,0.979629
961,0.987091
962,0.988013
963,0.985661
964,0.98596
965,0.983352
966,0.981459
967,0.983399
968,0.978969
969,0.978143
970,0.970059
971,0.968317
972,0.97337
973,0.982853
974,0.98417
975,0.981826
976,0.961486
977,0.976222
978,0.949492
979,0.948859
980,0.942408
981,0.970142
982,0.979905
983,0.97435
984,0.486564
985,0.026447
986,0.014545
987,0.136153
988,0.518235
989,0.929537
990,0.966563
991,0.981281
992,0.984211
993,0.985847
994,0.986913
995,0.989337
996,0.990031
997,0.99223
998,0.987198
999,0.987958
1000,0.988268
1001,0.98423
1002,0.9818
1003,0.98335
1004,0.976469
1005,0.983584
1006,0.985772
1007,0.986751
1008,0.989071
1009,0.991317
1010,0.987033
1011,0.985418
1012,0.98509
1013,0.986348
1014,0.988811
1015,0.984907
1016,0.9769
1017,0.985503
1018,0.98116
1019,0.981239
1020,0.980346
1021,0.971889
1022,0.984093
1023,0.986527
1024,0.982695
1025,0.986313
1026,0.988402
1027,0.987738
1028,0.987521
1029,0.986028
1030,0.982367
1031,0.982075
1032,0.982367
1033,0.977067
1034,0.314987
1035,0.327755
1036,0.649741
1037,0.873248
1038,0.866455
1039,0.924169
1040,0.955688
1041,0.971507
1042,0.973638
1043,0.979578
1044,0.982934
1045,0.968542
1046,0.97328
1047,0.971587
1048,0.971773
1049,0.978561
1050,0.979946
1051,0.980685
1052,0.976329
1053,0.976367
1054,0.97829
1055,0.980898
1056,0.983841
1057,0.982376
1058,0.981299
1059,0.97908
1060,0.979104
1061,0.983557
1062,0.980306
1063,0.981325
1064,0.984565
1065,0.980767
1066,0.976114
1067,0.979657
1068,0.982249
1069,0.982202
1070,0.983717
1071,0.981882
1072,0.983814
1073,0.982736
1074,0.984389
1075,0.984128
1076,0.984093
1077,0.985231
1078,0.986706
1079,0.984955
1080,0.985711
1081,0.980031
1082,0.982744
1083,0.983113
1084,0.986121
1085,0.98375
1086,0.98861
1087,0.98752
1088,0.948599
1089,0.962966
1090,0.966547
1091,0.989398
1092,0.655666
1093,0.100288
1094,0.333163
1095,0.633798
1096,0.722047
1097,0.805131
1098,0.92248
1099,0.916051
1100,0.913892
1101,0.915326
1102,0.922141
1103,0.950957
1104,0.957381
1105,0.959525
1106,0.963645
1107,0.96045
1108,0.962479
1109,0.957188
1110,0.847585
1111,0.271564
1112,0.210018
1113,0.606494
1114,0.676722
1115,0.823637
1116,0.928475
1117,0.927737
1118,0.915787
1119,0.939784
1120,0.947404
1121,0.961278
1122,0.95842
1123,0.96163
1124,0.961218
1125,0.960971
1126,0.976806
1127,0.973427
1128,0.976636
1129,0.966929
1130,0.970946
1131,0.977884
1132,0.979702
1133,0.979278
1134,0.97257
1135,0.980255
1136,0.986364
1137,0.989465
1138,0.983895
1139,0.993032
1140,0.992668
1141,0.993635
1142,0.994044
1143,0.993314
1144,0.993248
1145,0.992831
1146,0.993455
1147,0.990498
1148,0.993232
1149,0.988375
1150,0.987864
1151,0.986333
1152,0.988723
1153,0.983714
1154,0.984183
1155,0.985475
1156,0.983179
1157,0.98458
1158,0.985283
1159,0.986951
1160,0.987671
1161,0.990915
1162,0.992689
1163,0.993495
1164,0.994842
1165,0.991211
1166,0.991382
1167,0.991085
1168,0.994264
1169,0.994241
1170,0.995557
1171,0.995433
1172,0.994415
1173,0.994591
1174,0.99441
1175,0.993128
1176,0.99236
1177,0.974554
1178,0.974738
1179,0.976956
1180,0.970707
1181,0.968298
1182,0.9605
1183,0.963162
1184,0.964093
1185,0.963856
1186,0.993155
1187,0.993266
1188,0.990615
1189,0.98988
1190,0.990705
1191,0.989383
1192,0.991436
1193,0.992978
1194,0.99259
1195,0.994521
1196,0.99457
1197,0.993432
1198,0.990486
1199,0.977448
1200,0.977892
1201,0.989765
1202,0.977384
1203,0.974153
1204,0.971833
1205,0.970614
1206,0.987689
1207,0.97471
1208,0.988001
1209,0.988193
1210,0.988485
1211,0.986932
1212,0.987059
1213,0.986967
1214,0.980828
1215,0.977368
1216,0.972943
1217,0.978728
1218,0.981577
1219,0.977448
1220,0.97338
1221,0.968155
1222,0.967946
1223,0.973068
1224,0.972015
1225,0.939363
1226,0.942558
1227,0.956902
1228,0.955414
1229,0.956915
1230,0.954191
1231,0.951991
1232,0.940774
1233,0.943297
1234,0.944086
1235,0.947159
1236,0.926147
1237,0.925323
1238,0.924923
1239,0.927802
1240,0.930336
1241,0.921354
1242,0.926072
1243,0.928545
1244,0.927253
1245,0.937018
1246,0.939791
1247,0.947884
1248,0.943692
1249,0.937362
1250,0.936911
1251,0.932104
1252,0.924437
1253,0.920323
1254,0.902118
1255,0.903564
1256,0.890677
1257,0.922157
1258,0.934117
1259,0.929143
1260,0.917063
1261,0.852411
1262,0.854617
1263,0.851503
1264,0.860082
1265,0.859307
1266,0.864002
1267,0.87326
1268,0.87537
1269,0.87474
1270,0.885672
1271,0.86044
1272,0.87521
1273,0.756495
1274,0.744423
1275,0.665556
1276,0.81719
1277,0.834405
1278,0.83552
1279,0.847101
1280,0.842116
1281,0.859963
1282,0.871714
1283,0.802399
1284,0.738844
1285,0.701507
1286,0.783268
1287,0.725174
1288,0.674684
1289,0.690742
1290,0.690248
1291,0.664511
1292,0.761581
1293,0.686823
1294,0.338075
1295,0.227292
1296,0.649613
1297,0.653066
1298,0.843387
1299,0.836683
1300,0.836427
1301,0.764516
1302,0.810095
1303,0.865064
1304,0.913057
1305,0.903693
1306,0.915541
1307,0.875772
1308,0.880432
1309,0.770533
1310,0.746182
1311,0.745348
1312,0.900911
1313,0.913556
1314,0.936996
1315,0.9525
1316,0.958541
1317,0.96934
1318,0.966963
1319,0.962217
1320,0.952804
1321,0.924737
1322,0.932163
1323,0.92554
1324,0.902341
1325,0.379253
1326,0.221956
1327,0.415989
1328,0.775822
1329,0.882589
1330,0.9169
1331,0.935958
1332,0.934257
1333,0.942098
1334,0.949447
1335,0.954603
1336,0.933788
1337,0.917731
1338,0.965633
1339,0.970401
1340,0.972855
1341,0.974705
1342,0.978628
1343,0.40634
1344,0.821609
1345,0.246558
1346,0.953431
1347,0.975994
1348,0.974671
1349,0.976469
1350,0.972879
1351,0.986687
1352,0.987189
1353,0.987769
1354,0.990292
