1,0.98537
2,0.985803
3,0.983995
4,0.96545
5,0.964499
6,0.944819
7,0.950799
8,0.948993
9,0.945259
10,0.968878
11,0.96796
12,0.966104
13,0.97112
14,0.987722
15,0.981598
16,0.981718
17,0.971931
18,0.976197
19,0.97471
20,0.977055
21,0.983634
22,0.976668
23,0.984843
24,0.988602
25,0.986563
26,0.989377
27,0.990274
28,0.989263
29,0.988608
30,0.958047
31,0.958593
32,0.955363
33,0.98211
34,0.986938
35,0.98734
36,0.987073
37,0.980565
38,0.987384
39,0.974457
40,0.889134
41,0.201095
42,0.148101
43,0.07314
44,0.001054
45,0.002691
46,0.002785
47,0.004488
48,0.002083
49,0.000278
50,0.000228
51,0.000439
52,0.000405
53,0.000368
54,0.001438
55,0.001808
56,4.6e-05
57,6.6e-05
58,2.8e-05
59,7.2e-05
60,0.000115
61,0.000164
62,0.000348
63,0.000234
64,0.000619
65,0.000369
66,0.000704
67,0.000489
68,0.000589
69,0.000453
70,0.007913
71,0.158684
72,0.325527
73,0.362756
74,0.513302
75,0.58492
76,0.675236
77,0.478092
78,0.454254
79,0.517353
80,0.599404
81,0.484414
82,0.36287
83,0.373051
84,0.422774
85,0.475771
86,0.544316
87,0.470424
88,0.500021
89,0.422189
90,0.442207
91,0.406218
92,0.401175
93,0.477931
94,0.428878
95,0.467494
96,0.375383
97,0.424341
98,0.449081
99,0.435773
100,0.496129
101,0.462195
102,0.46806
103,0.453392
104,0.47887
105,0.43617
106,0.856821
107,0.825264
108,0.869424
109,0.906266
110,0.921142
111,0.903277
112,0.929155
113,0.888665
114,0.045073
115,0.002118
116,0.002914
117,0.004248
118,0.002841
119,0.001885
120,0.001624
121,0.000795
122,0.000628
123,0.000839
124,0.000652
125,0.000897
126,0.001007
127,0.001039
128,0.00152
129,0.001366
130,0.001893
131,0.001852
132,0.002244
133,0.001704
134,0.002408
135,0.001783
136,0.001666
137,0.001673
138,0.0019
139,0.002
140,0.031962
141,0.870836
142,0.9544
143,0.966819
144,0.981281
145,0.986049
146,0.987643
147,0.987719
148,0.990079
149,0.98525
150,0.966731
151,0.98868
152,0.990306
153,0.991085
154,0.724195
155,0.015129
156,0.008683
157,0.005396
158,0.004017
159,0.002264
160,0.004325
161,0.00496
162,0.002932
163,0.002396
164,0.003707
165,0.002368
166,0.001842
167,0.000643
168,0.000755
169,0.000716
170,0.002614
171,0.791689
172,0.982152
173,0.990698
174,0.986468
175,0.983656
176,0.988032
177,0.984721
178,0.983773
179,0.983235
180,0.981417
181,0.976005
182,0.977074
183,0.978043
184,0.979124
185,0.982726
186,0.981049
187,0.975611
188,0.983173
189,0.985711
190,0.537667
191,0.015232
192,0.003403
193,0.003458
194,0.005036
195,0.002099
196,0.000978
197,0.001013
198,0.000857
199,0.000732
200,0.000891
201,0.000774
202,0.00065
203,0.000582
204,0.000306
205,0.00022
206,0.000276
207,0.000443
208,0.000695
209,0.000702
210,0.000993
211,0.000347
212,0.000347
213,0.000384
214,0.000354
215,0.000391
216,0.000331
217,0.000105
218,0.000113
219,0.000201
220,0.00013
221,0.000133
222,0.000174
223,0.000115
224,0.000134
225,0.000123
226,8.6e-05
227,8.7e-05
228,0.000123
229,0.000138
230,0.000183
231,0.000279
232,0.000269
233,0.000134
234,0.00022
235,0.000412
236,0.000281
237,0.000121
238,8.2e-05
239,0.000296
240,0.000344
241,0.000803
242,0.003526
243,0.442374
244,0.943774
245,0.923999
246,0.964866
247,0.931983
248,0.957936
249,0.91971
250,0.944355
251,0.916626
252,0.93711
253,0.956925
254,0.960014
255,0.952555
256,0.936577
257,0.392129
258,0.020379
259,0.000506
260,0.000353
261,0.000516
262,0.000102
263,7.8e-05
264,0.000226
265,0.000181
266,0.000314
267,0.000223
268,0.000403
269,0.000458
270,0.000916
271,0.000785
272,0.000768
273,0.000636
274,0.000405
275,0.000371
276,0.000332
277,0.000748
278,0.000511
279,0.000606
280,0.000404
281,0.000657
282,0.000477
283,0.000529
284,0.000373
285,0.000103
286,0.000121
287,0.00011
288,0.000176
289,0.000386
290,0.000233
291,0.000245
292,0.000737
293,0.688616
294,0.874229
295,0.938066
296,0.929979
297,0.95033
298,0.935794
299,0.961433
300,0.945365
301,0.94828
302,0.639674
303,0.011491
304,0.00253
305,0.004059
306,0.000695
307,0.000417
308,0.00104
309,0.000559
310,0.000408
311,0.000627
312,0.000567
313,0.00077
314,0.000424
315,0.000317
316,0.00021
317,0.00012
318,0.000183
319,0.000301
320,0.000182
321,0.00017
322,0.000187
323,0.000254
324,0.000542
325,0.000409
326,0.000325
327,0.000327
328,0.000333
329,0.000355
330,0.000317
331,0.000321
332,0.000327
333,0.000253
334,0.000384
335,0.000385
336,0.000488
337,0.000265
338,0.000352
339,0.00023
340,0.000281
341,0.000269
342,0.000288
343,0.000129
344,0.000129
345,0.000161
346,0.000332
347,0.000226
348,0.000246
349,0.000418
350,0.000319
351,0.000374
352,0.000311
353,0.000163
354,0.000258
355,0.000218
356,0.000297
357,0.000188
358,0.000178
359,0.000453
360,0.000661
361,0.000642
362,0.014985
363,0.672682
364,0.935586
365,0.94545
366,0.974928
367,0.973917
368,0.974331
369,0.960239
370,0.95717
371,0.962356
372,0.964766
373,0.932984
374,0.256443
375,0.007152
376,0.002739
377,0.002751
378,0.001628
379,0.000864
380,0.000645
381,0.000917
382,0.001375
383,0.000717
384,0.001436
385,0.002017
386,0.002365
387,0.00093
388,0.000722
389,0.00222
390,0.001137
391,0.000911
392,0.002488
393,0.001535
394,0.002851
395,0.002995
396,0.002288
397,0.004898
398,0.006572
399,0.000808
400,0.000852
401,0.000577
402,0.00058
403,0.000658
404,0.001541
405,0.002838
406,0.001328
407,0.000576
408,0.000636
409,0.000418
410,0.000458
411,0.443334
412,0.286439
413,0.003081
414,0.006415
415,0.002894
416,0.002252
417,0.000375
418,0.002253
419,0.001923
420,0.001742
421,0.001591
422,0.001267
423,0.001629
424,0.001236
425,0.00261
426,0.00248
427,0.000615
428,0.000231
429,0.000626
430,0.000592
431,0.000781
432,0.000549
433,0.001576
434,0.001675
435,0.002883
436,0.002137
437,0.001215
438,0.002
439,0.001927
440,0.001924
441,0.00189
442,0.001702
443,0.001507
444,0.001432
445,0.002291
446,0.001639
447,0.001598
448,0.001953
449,0.001394
450,0.00153
451,0.001363
452,0.001215
453,0.001083
454,0.001
455,0.001146
456,0.000848
457,0.000909
458,0.000704
459,0.000599
460,0.000915
461,0.001239
462,0.001293
463,0.001107
464,0.001082
465,0.00094
466,0.001082
467,0.000856
468,0.00051
469,0.000857
470,0.000141
471,0.000116
472,0.000144
473,0.000171
474,0.037294
475,0.963541
476,0.975363
477,0.973222
478,0.988371
479,0.987715
480,0.97751
481,0.983888
482,0.983516
483,0.982765
484,0.987078
485,0.988888
486,0.987293
487,0.979569
488,0.97665
489,0.974392
490,0.977278
491,0.97655
492,0.971859
493,0.939109
494,0.948916
495,0.952528
496,0.929301
497,0.911459
498,0.958564
499,0.944085
500,0.961499
501,0.130302
502,0.017903
503,0.021559
504,0.008926
505,0.005132
506,0.005386
507,0.001752
508,0.000844
509,0.215357
510,0.2224
511,0.27889
512,0.393728
513,0.396545
514,0.288712
515,0.001256
516,0.001101
517,0.000379
518,0.000582
519,0.000874
520,0.001165
521,0.000984
522,0.001
523,0.000672
524,0.00049
525,0.000308
526,0.000375
527,0.000532
528,0.000333
529,0.000306
530,0.000365
531,0.0003
532,0.000249
533,0.000433
534,0.000378
535,0.000314
536,0.00031
537,0.0003
538,0.000458
539,0.000481
540,0.000451
541,0.000236
542,0.00022
543,0.000213
544,0.000203
545,0.000213
546,0.000208
547,0.000218
548,0.000236
549,0.000263
550,0.000314
551,0.000321
552,0.00027
553,0.000352
554,0.000321
555,0.000316
556,0.000212
557,0.000358
558,0.000291
559,0.000297
560,0.000297
561,0.000225
562,0.000261
563,0.000274
564,0.00043
565,0.000475
566,0.000574
567,0.000398
568,0.000333
569,0.000292
570,0.000307
571,0.000255
572,0.000218
573,0.000228
574,0.000204
575,0.466123
576,0.000434
577,0.000436
578,0.000467
579,0.000386
580,0.000462
581,0.000585
582,0.000449
583,0.000554
584,0.000514
585,0.000476
586,0.000544
587,0.000523
588,0.000616
589,0.000422
590,0.000409
591,0.000312
592,0.000227
593,0.000183
594,0.000182
595,0.000197
596,0.000249
597,0.000173
598,0.000254
599,0.000177
600,0.000159
601,0.000156
602,0.00014
603,0.000157
604,0.000159
605,0.000165
606,0.00019
607,0.000173
608,0.000185
609,0.000152
610,0.000183
611,0.000162
612,0.000172
613,0.000122
614,0.073227
615,0.928464
616,0.946323
617,0.972806
618,0.971808
619,0.963182
620,0.966474
621,0.968225
622,0.94404
623,0.018947
624,0.000175
625,0.000304
626,0.002865
627,0.002413
628,0.000783
629,0.000298
630,0.000806
631,0.000884
632,0.000963
633,0.00083
634,0.021091
635,0.818566
636,0.961888
637,0.974211
638,0.980556
639,0.983328
640,0.986792
641,0.990709
642,0.991493
643,0.991554
644,0.99109
645,0.221025
646,0.020211
647,0.008142
648,0.007405
649,0.005304
650,0.002829
651,0.001313
652,0.001291
653,0.002281
654,0.00113
655,0.002832
656,0.002591
657,0.001563
658,0.002454
659,0.001666
660,0.00314
661,0.001834
662,0.00145
663,0.00082
664,0.000769
665,0.001008
666,0.000778
667,0.000936
668,0.001605
669,0.001889
670,0.002921
671,0.009471
672,0.01112
673,0.011113
674,0.010079
675,0.008683
676,0.001858
677,0.002951
678,0.001857
679,0.0023
680,0.005587
681,0.005691
682,0.004809
683,0.004522
684,0.003128
685,0.00647
686,0.026275
687,0.918492
688,0.952633
689,0.967343
690,0.991535
691,0.981988
692,0.981914
693,0.97893
694,0.975437
695,0.989204
696,0.987972
697,0.9903
698,0.989123
699,0.623314
700,0.068787
701,0.010491
702,0.001898
703,0.000405
704,0.000323
705,0.005923
706,0.005766
707,0.003916
708,0.002276
709,0.000627
710,0.000323
711,5.7e-05
712,0.000212
713,0.000418
714,0.000654
715,0.000362
716,0.000373
717,0.000438
718,0.000409
719,0.000534
720,0.000447
721,0.005113
722,0.002923
723,0.005357
724,0.003594
725,0.00356
726,0.003432
727,0.003411
728,0.004061
729,0.005327
730,0.005202
731,0.002658
732,0.004872
733,0.00221
734,0.008331
735,0.00606
736,0.004978
737,0.000711
738,0.000362
739,0.000711
740,0.000212
741,0.002248
742,0.014403
743,0.015448
744,0.005498
745,0.016521
746,0.003112
747,0.004046
748,0.004786
749,0.000951
750,0.001025
751,0.000857
752,0.000484
753,0.001077
754,0.000309
755,0.000777
756,0.002091
757,0.00532
758,0.00223
759,0.001987
760,0.001715
761,0.003549
762,0.002574
763,0.002174
764,0.001669
765,0.001226
766,0.000333
767,0.001132
768,0.00068
769,0.000569
770,0.000685
771,0.000329
772,0.000314
773,0.000667
774,0.001317
775,0.001044
776,0.000971
777,0.001375
778,0.001052
779,0.000572
780,0.000578
781,0.000571
782,0.000586
783,0.000735
784,0.001328
785,0.000739
786,0.00057
787,0.000916
788,0.000684
789,0.000364
790,0.000399
791,0.000253
792,0.000183
793,0.000265
794,0.000416
795,0.000337
796,0.000433
797,0.000289
798,0.000424
799,0.000313
800,0.000267
801,0.00014
802,0.000115
803,0.000151
804,0.000202
805,0.000206
806,0.1051
807,0.106221
808,0.00038
809,0.000234
810,0.000179
811,0.000117
812,6.9e-05
813,6.7e-05
814,0.000172
815,0.000221
816,0.000177
817,0.000168
818,0.000158
819,0.000221
820,0.000138
821,0.000107
822,6.2e-05
823,4.1e-05
824,5.1e-05
825,6.3e-05
826,5.8e-05
827,3.4e-05
828,3.7e-05
829,5.8e-05
830,0.0001
831,8.1e-05
832,5.7e-05
833,6.2e-05
834,0.000103
835,7.9e-05
836,6.9e-05
837,7.2e-05
838,6.2e-05
839,0.000194
840,2.4e-05
841,0.000116
842,0.000129
843,0.000128
844,0.000137
845,0.000154
846,0.000257
847,0.000258
848,0.000376
849,0.000234
850,0.000216
851,0.000162
852,0.000184
853,0.000176
854,8.5e-05
855,0.000157
856,0.000164
857,0.000378
858,0.001776
859,0.605706
860,0.901049
861,0.727963
862,0.863592
863,0.926411
864,0.951751
865,0.973758
866,0.97581
867,0.957692
868,0.950468
869,0.953446
870,0.96069
871,0.957749
872,0.964448
873,0.965372
874,0.970389
875,0.958111
876,0.405036
877,0.003534
878,0.003616
879,0.002567
880,0.005728
881,0.003064
882,0.015965
883,0.008811
884,0.008849
885,0.006785
886,0.008746
887,0.010192
888,0.008401
889,0.005942
890,0.004321
891,0.002111
892,0.00174
893,0.002286
894,0.00316
895,0.00358
896,0.00363
897,0.00273
898,0.000824
899,0.001259
900,0.00116
901,0.000639
902,0.000947
903,0.002489
904,0.003508
905,0.00705
906,0.005025
907,0.003214
908,0.008447
909,0.002675
910,0.001157
911,0.003751
912,0.056402
913,0.950749
914,0.986721
915,0.985827
916,0.984532
917,0.979476
918,0.976049
919,0.975435
920,0.975893
921,0.976617
922,0.978004
923,0.980472
924,0.987084
925,0.145591
926,0.018645
927,0.001304
928,0.009144
929,0.00478
930,0.002526
931,0.00189
932,0.000973
933,0.002325
934,0.002957
935,0.001896
936,0.000564
937,0.000617
938,0.001182
939,0.000643
940,0.000423
941,0.000615
942,0.000769
943,0.001016
944,0.001055
945,0.000409
946,0.000535
947,0.00066
948,0.000322
949,0.000468
950,0.001651
951,0.000469
952,0.000911
953,0.000715
954,0.001916
955,0.001908
956,0.001527
957,0.001068
958,0.000563
959,0.000798
960,0.001076
961,0.000665
962,0.000693
963,0.001062
964,0.000831
965,0.000948
966,0.000672
967,0.001401
968,0.001419
969,0.000502
970,0.001455
971,0.000515
972,0.001572
973,0.000608
974,0.001343
975,0.000823
976,0.000539
977,0.000671
978,0.000558
979,0.000498
980,0.000805
981,0.00053
982,0.000638
983,0.000178
984,0.000151
985,0.000236
986,0.000521
987,0.000787
988,0.001252
989,0.001018
990,0.001786
991,0.003409
992,0.005362
993,0.003746
994,0.004066
995,0.005801
996,0.006914
997,0.021798
998,0.007258
999,0.00596
1000,0.006251
1001,0.005729
1002,0.007316
1003,0.020308
1004,0.031637
1005,0.076552
1006,0.04295
1007,0.012536
1008,0.008406
1009,0.012546
1010,0.013232
1011,0.011309
1012,0.010821
1013,0.000825
1014,0.000672
1015,0.001313
1016,0.004601
1017,0.012788
1018,0.003002
1019,0.009914
1020,0.012044
1021,0.041408
1022,0.042708
1023,0.070449
1024,0.054921
1025,0.061096
1026,0.027796
1027,0.413956
1028,0.115507
1029,0.72776
1030,0.933247
1031,0.948397
1032,0.919211
1033,0.947567
1034,0.952532
1035,0.972387
1036,0.978806
1037,0.983193
1038,0.875905
1039,0.003357
1040,0.003121
1041,0.001914
1042,0.002332
1043,0.00097
1044,0.014891
1045,0.014266
1046,0.000396
1047,0.000186
1048,0.00376
1049,0.005132
1050,0.01301
1051,0.010678
1052,0.012614
1053,0.009288
1054,0.008625
1055,0.013509
1056,0.014659
1057,0.011867
1058,0.020148
1059,0.024438
1060,0.025856
1061,0.033517
1062,0.022998
1063,0.024257
1064,0.013593
1065,0.009664
1066,0.013515
1067,0.008261
1068,0.005613
1069,0.004973
1070,0.003737
1071,0.005287
1072,0.005288
1073,0.001182
1074,0.008516
1075,0.013388
1076,0.258704
1077,0.802863
1078,0.960235
1079,0.966783
1080,0.970326
1081,0.979623
1082,0.97698
1083,0.975381
1084,0.977253
1085,0.973916
1086,0.970392
1087,0.615912
1088,0.016757
1089,0.007643
1090,0.008731
1091,0.009238
1092,0.006673
1093,0.01084
1094,0.004868
1095,0.004678
1096,0.004732
1097,0.00255
1098,0.002088
1099,0.002941
1100,0.001479
1101,0.001646
1102,0.006723
1103,0.005915
1104,0.00565
1105,0.003887
1106,0.000747
1107,0.000973
1108,0.003897
1109,0.002729
1110,0.003056
1111,0.002246
1112,0.002265
1113,0.002327
1114,0.002158
1115,0.002548
1116,0.002943
1117,0.005532
1118,0.006021
1119,0.003239
1120,0.001966
1121,0.003241
1122,0.003411
1123,0.00437
1124,0.004465
1125,0.003972
1126,0.003577
1127,0.008119
1128,0.003842
1129,0.006796
1130,0.006489
1131,0.006332
1132,0.00415
1133,0.002416
1134,0.003744
1135,0.001479
1136,0.001981
1137,0.000323
1138,0.001634
1139,0.001271
1140,0.001416
1141,0.001898
1142,0.001219
1143,0.005453
1144,0.001259
1145,0.003005
1146,0.015061
1147,0.001802
1148,0.003787
1149,0.001094
1150,0.018757
1151,0.000392
1152,0.000811
1153,0.00072
1154,0.00072
1155,0.000826
1156,0.001355
1157,0.001649
1158,0.001589
1159,0.001426
1160,0.003181
1161,0.001023
1162,0.001258
1163,0.001054
1164,0.000696
1165,0.000934
1166,0.001154
1167,0.000614
1168,0.000698
1169,0.000551
1170,0.000421
1171,0.000337
