1,0.994088
2,0.993338
3,0.993106
4,0.996064
5,0.996081
6,0.997149
7,0.995576
8,0.994543
9,0.995059
10,0.99556
11,0.9946
12,0.995628
13,0.995647
14,0.995644
15,0.994121
16,0.995568
17,0.996255
18,0.997734
19,0.996614
20,0.996059
21,0.99599
22,0.997407
23,0.996285
24,0.996579
25,0.99486
26,0.990537
27,0.428973
28,0.022667
29,0.001517
30,0.00346
31,0.001216
32,0.001217
33,0.000623
34,0.000519
35,0.000653
36,0.000846
37,0.000615
38,0.002268
39,0.026189
40,0.280706
41,0.825893
42,0.943792
43,0.974663
44,0.928405
45,0.957356
46,0.966457
47,0.677286
48,0.001687
49,0.001157
50,0.001364
51,0.002162
52,0.003839
53,0.001643
54,0.000489
55,0.000526
56,0.000111
57,3e-05
58,4.2e-05
59,0.000689
60,0.000334
61,9.8e-05
62,0.000312
63,0.000342
64,0.000307
65,0.000132
66,0.000138
67,0.000345
68,0.000496
69,7.2e-05
70,0.000765
71,0.000551
72,0.000565
73,0.000973
74,0.001061
75,0.000317
76,0.000215
77,0.000299
78,0.000127
79,0.00047
80,0.000728
81,0.000396
82,4.5e-05
83,4.5e-05
84,0.000127
85,5.2e-05
86,0.001895
87,0.317717
88,0.626634
89,0.386323
90,0.098739
91,0.085996
92,0.287462
93,0.402696
94,0.429484
95,0.63192
96,0.615353
97,0.281363
98,0.435978
99,0.4039
100,0.367962
101,0.311091
102,0.388718
103,0.427782
104,0.639471
105,0.555808
106,0.503578
107,0.523264
108,0.519093
109,0.541915
110,0.609734
111,0.639687
112,0.572678
113,0.5552
114,0.632068
115,0.606503
116,0.600369
117,0.56904
118,0.626297
119,0.498356
120,0.007917
121,0.000593
122,0.000822
123,0.001008
124,0.001304
125,0.001115
126,0.000608
127,0.000742
128,0.00073
129,0.000913
130,0.001309
131,0.001144
132,0.001066
133,0.012326
134,0.177068
135,0.786109
136,0.891307
137,0.931105
138,0.894215
139,0.927956
140,0.920859
141,0.914512
142,0.752479
143,0.010282
144,0.000398
145,0.001302
146,0.001315
147,0.001528
148,0.00206
149,0.001899
150,0.001535
151,0.001021
152,0.001271
153,0.000958
154,0.001568
155,0.001934
156,0.001613
157,0.001705
158,0.002449
159,0.001552
160,0.000909
161,0.002215
162,0.001591
163,0.003521
164,0.004293
165,0.003564
166,0.003077
167,0.00315
168,0.002726
169,0.002012
170,0.005622
171,0.002933
172,0.003528
173,0.017849
174,0.009868
175,0.004495
176,0.003145
177,0.000591
178,0.000737
179,0.000732
180,0.004642
181,0.001951
182,0.003623
183,0.003125
184,0.002919
185,0.003164
186,0.002503
187,0.00264
188,0.003396
189,0.016157
190,0.562696
191,0.888547
192,0.942514
193,0.928895
194,0.920461
195,0.896142
196,0.85466
197,0.012232
198,0.003736
199,0.002654
200,0.001743
201,0.001531
202,0.002596
203,0.004464
204,0.002236
205,0.003538
206,0.001847
207,0.001926
208,0.002659
209,0.003045
210,0.002305
211,0.002402
212,0.002461
213,0.002851
214,0.001992
215,0.004873
216,0.004352
217,0.00092
218,0.000477
219,0.000329
220,0.000529
221,0.000541
222,0.000494
223,0.000625
224,0.001145
225,0.001529
226,0.001995
227,0.002303
228,0.001905
229,0.002011
230,0.001982
231,0.001407
232,0.000991
233,0.001755
234,0.001
235,0.000865
236,0.001215
237,0.001273
238,0.001335
239,0.001541
240,0.002643
241,0.001895
242,0.009731
243,0.523148
244,0.85782
245,0.873274
246,0.736031
247,0.878492
248,0.86152
249,0.855134
250,0.734938
251,0.059637
252,0.009496
253,0.001456
254,0.002067
255,0.001455
256,0.002696
257,0.005496
258,0.002884
259,0.001352
260,0.001274
261,0.000906
262,0.00097
263,0.001323
264,0.002231
265,0.001713
266,0.00172
267,0.001281
268,0.003284
269,0.004969
270,0.008236
271,0.009523
272,0.007901
273,0.00911
274,0.007886
275,0.005183
276,0.008376
277,0.011989
278,0.802383
279,0.890769
280,0.760695
281,0.850134
282,0.869914
283,0.866085
284,0.841858
285,0.872681
286,0.900787
287,0.884434
288,0.894187
289,0.935928
290,0.923074
291,0.545889
292,0.018998
293,0.004133
294,0.004305
295,0.006623
296,0.002868
297,0.002234
298,0.002309
299,0.002499
300,0.001617
301,0.001076
302,0.001221
303,0.00127
304,0.003267
305,0.0066
306,0.169829
307,0.2833
308,0.135911
309,0.278756
310,0.270608
311,0.784099
312,0.877344
313,0.89955
314,0.93241
315,0.919004
316,0.909383
317,0.921956
318,0.932165
319,0.927621
320,0.94084
321,0.942041
322,0.360271
323,0.006047
324,0.002594
325,0.002045
326,0.002282
327,0.002085
328,0.002222
329,0.00382
330,0.0058
331,0.003226
332,0.002586
333,0.003603
334,0.005922
335,0.004337
336,0.006293
337,0.003866
338,0.004677
339,0.00199
340,0.001775
341,0.001028
342,0.001178
343,0.001765
344,0.002155
345,0.001733
346,0.001856
347,0.004429
348,0.004417
349,0.001992
350,0.00216
351,0.001758
352,0.001913
353,0.001346
354,0.000937
355,0.000998
356,0.000726
357,0.000979
358,0.000684
359,0.00071
360,0.000565
361,0.000961
362,0.000986
363,0.00081
364,0.000841
365,0.001035
366,0.000912
367,0.00075
368,0.000635
369,0.000713
370,0.000853
371,0.000779
372,0.000948
373,0.001133
374,0.001054
375,0.001049
376,0.001179
377,0.001097
378,0.000824
379,0.000524
380,0.000379
381,0.000447
382,0.000376
383,0.000381
384,0.000481
385,0.000486
386,0.000466
387,0.000819
388,0.000778
389,0.000946
390,0.000827
391,0.000848
392,0.000786
393,0.001227
394,0.001098
395,0.000783
396,0.001135
397,0.001024
398,0.001086
399,0.001229
400,0.00123
401,0.001334
402,0.001376
403,0.001308
404,0.001446
405,0.001059
406,0.001731
407,0.001149
408,0.001232
409,0.001724
410,0.001385
411,0.000742
412,0.007267
413,0.465011
414,0.960826
415,0.914822
416,0.959097
417,0.965272
418,0.971753
419,0.982357
420,0.992063
421,0.989831
422,0.98901
423,0.989118
424,0.994534
425,0.993447
426,0.991764
427,0.987867
428,0.989569
429,0.989138
430,0.982165
431,0.987098
432,0.989614
433,0.991439
434,0.992951
435,0.990377
436,0.988066
437,0.98562
438,0.98668
439,0.985357
440,0.988629
441,0.98904
442,0.98842
443,0.98771
444,0.988327
445,0.994188
446,0.992237
447,0.990368
448,0.990396
449,0.986848
450,0.988705
451,0.976698
452,0.33368
453,0.008857
454,0.002692
455,0.000737
456,0.001397
457,0.000873
458,0.000534
459,0.000572
460,0.000512
461,0.000318
462,0.000225
463,9.9e-05
464,9.2e-05
465,0.00011
466,5.7e-05
467,0.000438
468,0.000288
469,0.001794
470,0.001459
471,0.001181
472,0.002036
473,0.001281
474,0.00078
475,0.000717
476,0.000615
477,0.000668
478,0.000662
479,0.00094
480,0.000896
481,0.000788
482,0.000345
483,0.004904
484,0.065866
485,0.504944
486,0.837608
487,0.674
488,0.762359
489,0.946202
