1,0.990123
2,0.98719
3,0.985543
4,0.985957
5,0.986051
6,0.98857
7,0.986269
8,0.982481
9,0.985986
10,0.987301
11,0.98466
12,0.985412
13,0.987877
14,0.988036
15,0.989126
16,0.990533
17,0.990347
18,0.990885
19,0.991351
20,0.988771
21,0.988338
22,0.98805
23,0.988385
24,0.987566
25,0.989875
26,0.989857
27,0.992419
28,0.992271
29,0.992601
30,0.992911
31,0.99173
32,0.989597
33,0.990761
34,0.99131
35,0.992812
36,0.991518
37,0.988966
38,0.990362
39,0.99189
40,0.991448
41,0.99296
42,0.990104
43,0.991218
44,0.991443
45,0.981947
46,0.968651
47,0.946849
48,0.949432
49,0.958705
50,0.616377
51,0.015547
52,0.007031
53,0.005456
54,0.002917
55,0.001824
56,0.002339
57,0.001118
58,0.001044
59,0.000597
60,0.003431
61,0.544712
62,0.420215
63,0.737477
64,0.468013
65,0.586074
66,0.589774
67,0.164911
68,0.00137
69,0.000705
70,0.000378
71,0.000585
72,0.000629
73,0.000349
74,0.000152
75,0.000183
76,0.000251
77,0.000209
78,0.00034
79,0.000959
80,0.076839
81,0.425939
82,0.278778
83,0.705524
84,0.678272
85,0.234193
86,0.183443
87,0.179951
88,0.007331
89,0.000534
90,0.0004
91,0.000251
92,0.000509
93,0.000535
94,0.00072
95,0.000574
96,0.000672
97,0.000399
98,0.000426
99,0.000488
100,0.00044
101,0.000355
102,0.000535
103,0.001599
104,0.076825
105,0.740226
106,0.727513
107,0.890597
108,0.87386
109,0.780752
110,0.574329
111,0.712467
112,0.648221
113,0.630169
114,0.742836
115,0.879896
116,0.891461
117,0.873026
118,0.953417
119,0.941874
120,0.955604
121,0.962464
122,0.969386
123,0.968461
124,0.97358
125,0.961527
126,0.965592
127,0.793366
128,0.79923
129,0.98155
130,0.98323
131,0.982974
132,0.952711
133,0.918034
134,0.919633
135,0.926915
136,0.935845
137,0.953387
138,0.953249
139,0.973616
140,0.978034
141,0.977463
142,0.977122
143,0.977639
144,0.970942
145,0.9691
146,0.967776
147,0.972589
148,0.975181
149,0.962759
150,0.96998
151,0.962367
152,0.968089
153,0.972736
154,0.98017
155,0.979785
156,0.983765
157,0.98774
158,0.984592
159,0.983592
160,0.986041
161,0.985596
162,0.987379
163,0.986277
164,0.987169
165,0.989351
166,0.990303
167,0.987743
168,0.987654
169,0.983797
170,0.986803
171,0.987275
172,0.601215
173,0.019999
174,0.001158
175,0.00646
176,0.00245
177,0.002478
178,0.00116
179,0.00036
180,0.000517
181,0.000896
182,0.000704
183,0.001229
184,0.000576
185,0.000579
186,0.000572
187,0.000374
188,0.000779
189,0.000593
190,0.000449
191,0.000298
192,0.000521
193,0.000364
194,0.000473
195,0.00058
196,0.000452
197,0.001612
198,0.001328
199,0.002947
200,0.003984
201,0.001186
202,0.003367
203,0.245967
204,0.911081
205,0.94536
206,0.973734
207,0.977964
208,0.978753
209,0.985079
210,0.98522
211,0.234832
212,0.002531
213,0.001781
214,0.001641
215,0.000668
216,0.001348
217,0.000235
218,0.001082
219,0.000651
220,0.001301
221,0.001341
222,0.00128
223,0.002075
224,0.002264
225,0.002163
226,0.001553
227,0.002069
228,0.002165
229,0.003749
230,0.003325
231,0.000932
232,0.001935
233,0.001406
234,0.000905
235,0.001655
236,0.001956
237,0.000611
238,0.00288
239,0.001142
240,0.001549
241,0.002148
242,0.002364
243,0.001691
244,0.002894
245,0.001782
246,0.00068
247,0.001186
248,0.000938
249,4.9e-05
250,6.6e-05
251,0.000395
252,0.000475
253,0.001161
254,0.000968
255,0.00039
256,0.000161
257,0.000133
258,0.000188
259,0.001576
260,0.002753
261,0.002258
262,0.000957
263,0.001092
264,0.001397
265,0.001155
266,0.001132
267,0.001597
268,0.000905
269,0.000907
270,0.000891
271,0.001157
272,0.000605
273,0.000795
274,0.000144
275,0.000209
276,0.000635
277,0.006342
278,0.000842
279,0.042062
280,0.79699
281,0.435141
282,0.794847
283,0.786635
284,0.804627
285,0.861299
286,0.247691
287,0.003277
288,9.3e-05
289,0.002388
290,0.003013
291,0.000914
292,0.000366
293,0.000779
294,0.001423
295,0.001466
296,0.001519
297,0.001891
298,0.000151
299,0.000565
300,0.011773
301,0.003518
302,0.002023
303,0.001034
304,0.000333
305,0.000597
306,0.001049
307,0.000486
308,0.000375
309,0.000213
310,0.000355
311,0.001165
312,0.000836
313,0.000707
314,0.001603
315,0.001189
316,0.001988
317,0.001066
318,0.000612
319,9.9e-05
320,9.5e-05
321,0.002558
322,0.015402
323,0.184298
324,0.953366
325,0.915596
326,0.878223
327,0.863276
328,0.97271
329,0.980783
330,0.978165
331,0.970353
332,0.960158
333,0.059731
334,0.003823
335,0.000844
336,0.000939
337,0.003005
338,0.000539
339,0.000269
340,0.000792
341,0.000817
342,0.00075
343,0.000638
344,0.000305
345,0.000297
346,0.000239
347,0.000186
348,0.00018
349,0.000224
350,0.000276
351,0.0002
352,0.000128
353,0.000123
354,0.00013
355,0.000121
356,7e-05
357,0.000126
358,0.000152
359,0.000158
360,0.0002
361,0.000325
362,0.000484
363,0.000934
364,0.001118
365,0.000767
366,0.000705
367,0.000658
368,0.000774
369,0.000756
370,0.000605
371,0.001104
372,0.001265
373,0.000498
374,0.000461
375,0.000942
376,0.001031
377,0.000772
378,0.000744
379,0.000651
380,0.000473
381,0.000594
382,0.001213
383,0.001071
384,0.000577
385,0.000864
386,0.001183
387,0.000803
388,0.000352
389,0.000203
390,0.000154
391,0.00032
392,0.000594
393,0.000867
394,0.000457
395,0.000104
396,0.000115
397,0.001063
398,0.000632
399,2.2e-05
400,1.7e-05
401,8.5e-05
402,0.000192
403,0.000111
404,4.9e-05
405,0.000376
406,0.00082
407,0.000981
408,0.001377
409,0.001206
410,0.001192
411,0.001047
412,0.00147
413,0.001696
414,0.001266
415,0.000466
416,0.000419
417,0.000723
418,0.000784
419,0.000585
420,0.000662
421,0.000872
422,0.00128
423,0.649256
424,0.766434
425,0.747693
426,0.753351
427,0.92621
428,0.894936
429,0.957648
430,0.980422
431,0.983167
432,0.969443
433,0.008069
434,0.00021
435,0.000233
436,0.000725
437,0.00142
438,0.000662
439,0.00016
440,0.000444
441,0.000604
442,0.000364
443,0.000557
444,0.000401
445,0.000308
446,0.000203
447,0.000429
448,0.000378
449,0.000167
450,0.000273
451,0.000255
452,0.000312
453,0.000944
454,0.001948
455,0.00037
456,0.004671
457,0.064717
458,0.862356
459,0.884427
460,0.987138
461,0.982212
462,0.977329
463,0.9676
464,0.967639
465,0.963916
466,0.966662
467,0.947052
468,0.965561
469,0.973938
470,0.964852
471,0.975038
472,0.980167
473,0.152444
474,0.0038
475,0.002901
476,0.000682
477,0.00204
478,0.002463
479,0.002296
480,0.001497
481,0.000911
482,0.00178
483,0.008189
484,0.002812
485,0.00075
486,0.000571
487,0.000495
488,0.000967
489,0.00077
490,0.001215
491,0.001476
492,0.000291
493,4.8e-05
494,8.1e-05
495,8e-05
496,0.000711
497,0.000812
498,0.000997
499,0.001014
500,0.001039
501,0.000745
502,0.000116
503,0.000983
504,0.000128
505,9.2e-05
506,0.000123
507,7.3e-05
508,3.4e-05
509,3.9e-05
510,0.000259
511,6.4e-05
512,0.000116
513,0.000255
514,1.4e-05
515,2.5e-05
516,0.000142
517,0.000649
518,0.000273
519,0.0002
520,0.000264
521,7.1e-05
522,0.000109
523,0.000161
524,0.000125
525,0.000147
526,0.000133
527,0.000132
528,0.000142
529,0.000236
530,0.000189
531,0.000187
532,0.000176
533,0.000152
534,0.000151
535,8.9e-05
536,0.000115
537,0.000168
538,0.000175
539,0.000216
540,0.000183
541,0.000225
542,0.000143
543,0.000163
544,0.000171
545,0.000119
546,0.000152
547,0.000108
548,0.000117
549,0.000108
550,0.000173
551,0.004597
552,0.300525
553,0.837404
554,0.894983
555,0.898902
556,0.846784
557,0.923701
558,0.849979
559,0.837841
560,0.879199
561,0.868833
562,0.906276
563,0.888333
564,0.340308
565,0.003441
566,0.000316
567,0.000104
568,8.9e-05
569,0.000134
570,0.000172
571,0.000259
572,0.000361
573,0.000322
574,0.000622
575,0.000556
576,0.000441
577,0.000583
578,0.000398
579,0.000186
580,0.000148
581,0.000103
582,0.000113
583,0.000107
584,0.000102
585,8e-05
586,8.8e-05
587,8.2e-05
588,9.9e-05
589,7.3e-05
590,7.3e-05
591,7.7e-05
592,0.00013
593,0.00017
594,0.000196
595,0.000174
596,0.000154
597,0.000123
598,0.000181
599,0.000211
600,0.000172
601,0.000387
602,0.000676
603,0.00024
604,0.000436
605,0.000224
606,0.000413
607,0.000295
608,8.2e-05
609,0.000211
610,0.000157
611,0.000613
612,0.000924
613,0.007373
614,0.853307
615,0.921722
616,0.939478
617,0.946948
618,0.866939
619,0.776185
620,0.912448
621,0.88993
622,0.878371
623,0.495052
624,0.004461
625,0.000207
626,0.002592
627,0.005326
628,0.006856
629,0.001457
630,0.0018
631,0.005215
632,0.004134
633,0.004212
634,0.003513
635,0.003802
636,0.007698
637,0.008083
638,0.008208
639,0.007834
640,0.187115
641,0.679485
642,0.880389
643,0.922187
644,0.919378
645,0.928496
646,0.945977
647,0.944015
648,0.93705
649,0.969139
650,0.965097
651,0.961466
652,0.969162
653,0.970195
654,0.973008
655,0.967234
656,0.061992
657,0.002681
658,0.001098
659,0.000743
660,0.000386
661,0.000892
662,0.000774
663,0.00085
664,0.00103
665,0.001058
666,0.001608
667,0.001466
668,0.000848
669,0.002012
670,0.002276
671,0.001341
672,0.000796
673,0.000586
674,0.000755
675,0.00082
676,0.000455
677,0.000737
678,0.001385
679,0.002203
680,0.00164
681,0.001343
682,0.00229
683,0.001626
684,0.001142
685,0.000267
686,0.000318
687,0.000357
688,0.000262
689,0.000255
690,0.000212
691,0.000287
692,0.000249
693,0.000217
694,0.000167
695,0.000305
696,0.000315
697,0.000322
698,0.0004
699,0.000195
700,0.000159
701,0.000274
702,0.000293
703,0.000669
704,0.000639
705,0.00124
706,0.001005
707,0.000344
708,0.000425
709,0.000356
710,0.000819
711,0.000526
712,0.000582
713,0.000616
714,0.000416
715,0.000244
716,0.000549
717,0.000403
718,0.000238
719,0.000331
720,0.000356
721,0.000506
722,0.000331
723,0.000286
724,0.000258
725,0.000294
726,0.000462
727,0.000212
728,0.000248
729,0.000306
730,0.000369
731,0.000215
732,0.000204
733,0.001219
734,0.000785
735,0.000928
736,0.000542
737,0.000471
738,0.00037
739,0.000524
740,0.00391
741,0.001764
742,0.52222
743,0.628673
744,0.551667
745,0.190855
746,0.091496
747,0.001467
748,0.000343
749,0.000391
750,0.000519
751,0.000272
752,0.000345
753,0.000448
754,0.000109
755,8.7e-05
756,0.000126
757,0.000463
758,0.000744
759,0.000673
760,0.000838
761,0.000673
762,0.001026
763,0.000559
764,0.000135
765,0.000216
766,0.000373
767,0.000231
768,0.000196
769,0.000344
770,0.000456
771,0.000458
772,0.000484
773,0.000917
774,0.00087
775,0.001918
776,0.017114
777,0.209697
778,0.651671
779,0.286389
780,0.287182
781,0.622395
782,0.266167
783,0.450436
784,0.008246
785,0.001413
786,0.001432
787,0.001704
788,0.00138
789,0.001949
790,0.001122
791,0.001613
792,0.001176
793,0.001764
794,0.001398
795,0.001056
796,0.000791
797,0.000317
798,0.001298
799,0.000814
800,0.002744
801,0.005577
802,0.004569
803,0.001545
804,0.001241
805,0.002156
806,0.005127
807,0.003617
808,0.005566
809,0.008453
810,0.007956
811,0.003809
812,0.001813
813,0.002732
814,0.001287
815,0.001849
816,0.001409
817,0.001672
818,0.001473
819,0.001305
820,0.000785
821,0.000685
822,0.000488
823,0.000434
824,0.000377
825,0.000382
826,0.000518
827,0.00046
828,0.000541
829,0.000605
830,0.000741
831,0.000712
832,0.000696
833,0.000909
834,0.00097
835,0.001011
836,0.000889
837,0.001402
838,0.001263
839,0.000904
840,0.001054
841,0.000625
842,0.000498
843,0.000413
844,0.000455
845,0.000536
846,0.000599
847,0.000242
848,0.00012
849,0.000285
850,0.000162
851,0.000392
852,0.00027
853,3.7e-05
854,3.4e-05
855,0.0001
856,4.6e-05
857,4.2e-05
858,4.3e-05
859,0.000101
860,6e-05
861,4.7e-05
862,5.2e-05
863,6.3e-05
864,6.3e-05
865,3.3e-05
866,3.6e-05
867,3e-05
868,3.4e-05
869,3.2e-05
870,5.7e-05
871,2.8e-05
872,4.5e-05
873,6.3e-05
874,0.000101
875,0.000107
876,0.000151
877,0.000535
878,0.001599
879,0.001078
880,0.001386
881,0.002742
882,0.003305
883,0.003393
884,0.003226
885,0.002044
886,0.002051
887,0.00228
888,0.001075
889,0.000578
890,0.000553
891,0.000516
892,0.00057
893,0.000508
894,0.000718
895,0.000675
896,0.000678
897,0.00065
898,0.000754
899,0.000755
900,0.000782
901,0.000901
902,0.000873
903,0.000823
904,0.000538
905,0.00048
906,0.000451
907,0.000559
908,0.000524
909,0.000243
910,0.000741
911,0.000814
912,0.000331
913,0.000202
914,0.000543
915,0.000316
916,0.000324
917,0.000286
918,0.000363
919,0.000452
920,0.00036
921,0.000461
922,0.00049
923,0.00062
924,0.001761
925,0.003433
926,0.000937
927,0.001426
928,0.00072
929,0.000525
930,0.000479
931,0.000674
932,0.00034
933,0.000247
934,0.000284
935,0.000229
936,0.000409
937,0.000469
938,0.000396
939,0.000436
940,0.000622
941,0.000486
942,0.000642
943,0.00072
944,0.000627
945,0.000465
946,0.000369
947,0.000477
948,0.000283
949,0.001015
950,0.000928
951,0.00103
952,0.000925
953,0.000475
954,0.000473
955,0.000578
956,0.000786
957,0.000843
958,0.000307
959,0.000226
960,0.000245
961,0.000612
962,0.000849
963,0.001035
964,0.000433
965,0.00033
966,0.000323
967,0.000441
968,0.000547
969,0.000513
970,0.000608
971,0.000371
972,0.000272
973,0.000253
974,0.000296
975,0.00039
976,0.00042
977,0.000374
978,0.00045
979,0.00018
980,0.000129
981,0.00012
982,0.000141
983,0.000148
984,0.000174
985,0.000128
986,0.000124
987,0.000151
988,0.000131
989,0.00021
990,0.00022
991,0.00022
992,0.000219
993,0.000245
994,0.000215
995,0.000121
996,0.0002
997,0.000225
998,0.000196
999,0.000165
1000,0.000185
1001,0.000275
1002,0.000336
1003,0.000465
1004,0.000399
1005,0.000473
1006,0.000632
1007,0.000427
1008,0.00062
1009,0.000111
1010,0.000237
1011,0.001117
1012,0.004204
1013,0.049324
1014,0.840434
1015,0.924256
1016,0.924209
1017,0.990482
1018,0.991053
1019,0.994857
1020,0.99164
1021,0.995754
1022,0.995447
1023,0.995114
1024,0.995973
1025,0.996766
1026,0.99642
1027,0.99629
1028,0.996116
1029,0.976701
1030,0.977136
1031,0.978981
1032,0.979364
1033,0.992772
1034,0.214107
1035,0.009632
1036,0.011646
1037,0.00566
1038,0.009166
1039,0.006542
1040,0.002774
1041,0.000628
1042,0.000374
1043,0.001966
1044,0.003044
1045,0.000905
1046,0.000896
1047,0.000548
1048,0.000751
1049,0.000414
1050,0.000526
1051,0.000808
1052,0.000637
1053,0.000551
1054,0.000581
1055,0.000482
1056,0.000763
1057,0.001156
1058,0.001599
1059,0.003268
1060,0.001395
1061,0.001322
1062,0.000691
1063,5.9e-05
1064,0.000152
1065,0.000105
1066,8.4e-05
1067,0.000592
1068,0.000855
1069,0.001168
1070,0.001047
1071,0.001257
1072,0.001053
1073,0.000663
1074,0.000573
1075,0.000429
1076,0.000482
1077,0.000375
1078,0.00032
1079,0.000388
1080,0.000253
1081,0.000242
1082,0.000201
1083,0.0002
1084,0.000201
1085,0.000222
1086,0.000248
1087,0.000212
1088,0.000143
1089,0.00017
1090,0.000258
1091,0.000188
1092,0.000151
1093,0.000167
1094,0.000159
1095,0.000194
1096,0.000208
1097,0.000187
1098,0.000225
1099,0.000171
1100,0.00021
1101,0.000164
1102,0.000133
1103,0.000192
1104,0.000129
1105,0.000246
1106,0.00026
1107,0.00026
1108,0.000288
1109,0.00026
1110,0.000319
1111,0.000277
1112,0.000262
1113,0.000219
1114,0.00024
1115,0.000234
1116,0.00016
1117,0.000241
1118,3.1e-05
1119,5.5e-05
1120,0.002735
1121,0.291218
1122,0.819035
1123,0.806932
1124,0.949927
1125,0.961921
1126,0.95744
1127,0.985597
1128,0.992338
1129,0.994129
1130,0.992001
1131,0.993215
1132,0.992902
1133,0.982547
1134,0.981433
1135,0.9913
1136,0.988564
1137,0.987842
1138,0.990996
1139,0.458044
1140,0.001837
1141,0.005809
1142,0.006484
