1,0.998059
2,0.9978
3,0.997511
4,0.997537
5,0.996314
6,0.996033
7,0.995032
8,0.994758
9,0.994833
10,0.994606
11,0.99717
12,0.997344
13,0.996768
14,0.996746
15,0.996891
16,0.997759
17,0.99704
18,0.998119
19,0.998049
20,0.997512
21,0.998657
22,0.998528
23,0.997858
24,0.997256
25,0.997653
26,0.996127
27,0.99447
28,0.99443
29,0.993836
30,0.99354
31,0.994131
32,0.99471
33,0.994402
34,0.994194
35,0.991591
36,0.993934
37,0.995139
38,0.99323
39,0.989265
40,0.750999
41,0.309533
42,0.318867
43,0.016031
44,0.052154
45,0.291211
46,0.006597
47,0.09726
48,0.054266
49,0.054099
50,0.056698
51,0.048391
52,0.035411
53,0.039381
54,0.085846
55,0.636753
56,0.822366
57,0.941079
58,0.955479
59,0.957618
60,0.960304
61,0.973913
62,0.917056
63,0.92094
64,0.911322
65,0.922463
66,0.912837
67,0.876799
68,0.909165
69,0.711119
70,0.056521
71,0.021014
72,0.013292
73,0.00947
74,0.008721
75,0.009822
76,0.008302
77,0.007681
78,0.009794
79,0.008159
80,0.010258
81,0.000467
82,0.013334
83,0.524576
84,0.697567
85,0.700168
86,0.736963
87,0.810212
88,0.793505
89,0.787302
90,0.794001
91,0.817585
92,0.804693
93,0.815268
94,0.799118
95,0.845835
96,0.967713
97,0.962804
98,0.771763
99,0.116914
100,0.13822
101,0.054101
102,0.050834
103,0.053169
104,0.000352
105,0.00036
106,0.000276
107,0.05793
108,0.050297
109,0.04412
110,0.232808
111,0.819127
112,0.95058
113,0.889468
114,0.948261
115,0.963415
116,0.982261
117,0.980844
118,0.978705
119,0.979265
120,0.974718
121,0.977585
122,0.976864
123,0.977371
124,0.981848
125,0.982751
126,0.985027
127,0.986124
128,0.985927
129,0.984212
130,0.986043
131,0.983683
132,0.982796
133,0.990717
134,0.992401
135,0.991412
136,0.990156
137,0.986416
138,0.111394
139,0.061479
140,0.094452
141,0.102978
142,0.04732
143,0.038683
144,0.042025
145,0.036484
146,0.533
147,0.981196
148,0.987205
149,0.981898
150,0.984697
151,0.992844
152,0.994251
153,0.993286
154,0.99304
155,0.992639
156,0.992407
157,0.994893
158,0.995164
159,0.994037
160,0.994596
161,0.995517
162,0.995648
163,0.99596
164,0.995227
165,0.983875
166,0.143751
167,0.043891
168,0.005255
169,0.018507
170,0.008625
171,0.008606
172,0.006531
173,0.005747
174,0.000394
175,0.000216
176,0.000293
177,0.000297
178,0.00026
179,0.000271
180,0.000172
181,0.000168
182,0.000171
183,0.000189
184,0.000195
185,0.000327
186,0.000305
187,0.000229
188,0.000222
189,0.000181
190,0.000198
191,0.000224
192,0.005548
193,0.176372
194,0.943523
195,0.993533
196,0.995635
197,0.994163
198,0.996152
199,0.994615
200,0.993432
201,0.99416
202,0.994805
203,0.994165
204,0.995117
205,0.996157
206,0.996569
207,0.996023
208,0.996057
209,0.995463
210,0.993974
211,0.994027
212,0.995172
213,0.99477
214,0.994095
215,0.993636
216,0.994166
217,0.99419
218,0.993903
219,0.992012
220,0.992404
221,0.992023
222,0.993989
223,0.993023
224,0.993608
225,0.991049
226,0.988716
227,0.988191
228,0.990596
229,0.989856
230,0.99165
231,0.987015
232,0.987124
233,0.987852
234,0.989709
235,0.988851
236,0.893326
237,0.02168
238,0.004711
239,0.000507
240,0.016637
241,0.019156
242,0.011955
243,0.016891
244,0.019451
245,0.015757
246,0.008438
247,0.010161
248,0.000877
249,0.000796
250,0.015278
251,0.004677
252,0.005808
253,0.001318
254,0.002082
255,0.005323
256,0.033234
257,0.285488
258,0.666294
259,0.873868
260,0.901555
261,0.859913
262,0.858324
263,0.21272
264,0.015192
265,0.030202
266,0.013222
267,0.052842
268,0.016843
269,0.010999
270,0.000837
271,0.000689
272,0.000809
273,0.000743
274,0.000682
275,0.000562
276,0.000381
277,0.00039
278,0.000387
279,0.000275
280,0.00019
281,0.000267
282,0.000256
283,0.000532
284,0.000547
285,0.000233
286,0.045456
287,0.655856
288,0.927234
289,0.946808
290,0.933661
291,0.971479
292,0.964637
293,0.959738
294,0.962483
295,0.943736
296,0.073026
297,0.011578
298,0.013549
299,0.018096
300,0.000215
301,0.00062
302,0.000473
303,0.000505
304,0.000511
305,0.000378
306,0.000442
307,0.000452
308,0.000424
309,0.000244
310,0.000258
311,0.000278
312,0.000368
313,0.000585
314,0.00023
315,5.4e-05
316,8.7e-05
317,0.236923
318,0.928798
319,0.989065
320,0.986838
321,0.994766
322,0.99188
323,0.98721
324,0.990545
325,0.988576
326,0.984842
327,0.979148
328,0.987433
329,0.989257
330,0.991
331,0.990494
332,0.991027
333,0.991419
334,0.992813
335,0.974269
336,0.068434
337,0.011118
338,0.008341
339,0.003643
340,0.002425
341,0.003548
342,0.004701
343,0.007001
344,0.009749
345,0.004096
346,0.009339
347,0.010882
348,0.56252
349,0.986497
350,0.990499
351,0.98813
352,0.994292
353,0.99116
354,0.989921
355,0.988633
356,0.990028
357,0.990677
358,0.99273
359,0.993404
360,0.992428
361,0.992628
362,0.993728
363,0.992224
364,0.991979
365,0.991037
366,0.992167
367,0.990923
368,0.991751
369,0.991506
370,0.992684
371,0.991774
372,0.992187
373,0.988151
374,0.988181
375,0.98521
376,0.98741
377,0.98635
378,0.988343
379,0.989177
380,0.988561
381,0.989789
382,0.989721
383,0.990216
384,0.989356
385,0.993433
386,0.992368
387,0.992385
388,0.992091
389,0.992176
390,0.991984
391,0.99163
392,0.964967
393,0.06907
394,0.014481
395,0.009107
396,0.004113
397,0.0027
398,0.005597
399,0.007869
400,0.008535
401,0.010433
402,0.009426
403,0.012428
404,0.015809
405,0.012834
406,0.010848
407,0.019667
408,0.74447
409,0.987854
410,0.986731
411,0.989485
412,0.989198
413,0.991573
414,0.989988
415,0.989425
416,0.990375
417,0.992549
418,0.991604
419,0.991188
420,0.992492
421,0.99256
422,0.991731
423,0.990923
424,0.990551
425,0.992784
426,0.991979
427,0.992307
428,0.992505
429,0.993052
430,0.994291
431,0.995019
432,0.995053
433,0.993903
434,0.993212
435,0.993526
436,0.992877
437,0.992421
438,0.99328
439,0.992456
440,0.993568
441,0.98393
442,0.043721
443,0.028536
444,0.010608
445,0.000874
446,0.006114
447,0.003077
448,0.003723
449,0.004692
450,0.006159
451,0.005751
452,0.004637
453,0.001587
454,0.002173
455,0.001348
456,0.001954
457,0.003324
458,0.014844
459,0.004861
460,0.010487
461,0.009224
462,0.002922
463,0.00406
464,0.005973
465,0.005523
466,0.004047
467,0.003435
468,0.004734
469,0.004066
470,0.004838
471,0.004345
472,0.004612
473,0.002277
474,0.001806
475,0.001198
476,0.001256
477,0.000864
478,0.00119
479,0.001235
480,0.00178
481,0.002476
482,0.004009
483,0.004006
484,0.003395
485,0.003775
486,0.007093
487,0.012697
488,0.015894
489,0.033209
490,0.022601
491,0.000439
492,0.000748
493,0.007502
494,0.009547
495,0.017923
496,0.008252
497,0.000413
498,0.000728
499,0.136981
500,0.565041
501,0.79272
502,0.765852
503,0.763836
504,0.931315
505,0.964088
506,0.966195
507,0.970625
508,0.981192
509,0.984037
510,0.98895
511,0.982176
512,0.708434
513,0.055028
514,0.03905
515,0.011499
516,0.014685
517,0.002821
518,0.040114
519,0.032582
520,0.018447
521,0.009951
522,0.018879
523,0.033631
524,0.001368
525,0.002426
526,0.003393
527,0.002649
528,0.017186
529,0.016085
530,0.019944
531,0.022712
532,0.012845
533,0.00894
534,0.006138
535,0.005402
536,0.004994
537,0.001055
538,0.001014
539,0.001546
540,0.001606
541,0.00112
542,0.001014
543,0.001208
544,0.000915
545,0.001334
546,0.002834
547,0.001141
548,0.001293
549,0.000958
550,0.001645
551,0.000978
552,0.000962
553,0.003495
554,0.002939
555,0.003043
556,0.00523
557,0.022351
558,0.323694
559,0.680078
560,0.669122
561,0.686457
562,0.799942
563,0.923329
564,0.919717
565,0.928704
566,0.939937
567,0.35981
568,0.001561
569,0.000899
570,0.001046
571,0.002764
572,0.002405
573,0.003174
574,0.002469
575,0.001253
576,0.002001
577,0.003948
578,0.00251
579,0.006354
580,0.007091
581,0.0071
582,0.0067
583,0.004996
584,0.00452
585,0.002159
586,0.002054
587,0.00036
588,0.000332
589,0.002573
590,0.003126
591,0.002974
592,0.006269
593,0.005818
594,0.003575
595,0.001318
596,0.001099
597,0.00145
598,0.00123
599,0.00126
600,0.00147
601,0.00538
602,0.005234
603,0.003389
604,0.003737
605,0.001685
606,0.002047
607,0.00233
608,0.00335
609,0.004149
610,0.036893
611,0.655943
612,0.751936
613,0.774534
614,0.780531
615,0.701228
616,0.823141
617,0.858747
618,0.793139
619,0.821234
620,0.533328
621,0.002662
622,0.001257
623,0.000421
624,0.000226
625,0.002684
626,0.001892
627,0.000607
628,0.000932
629,0.001317
630,0.000728
631,0.000734
632,0.000954
633,0.000805
634,0.000618
635,0.000503
636,0.000291
637,0.000167
638,0.000175
639,0.000248
640,0.000226
641,0.000199
642,0.000178
643,0.000205
644,0.000143
645,0.000218
646,0.000272
647,0.000206
648,0.000122
649,0.000125
650,0.000145
651,0.000132
652,0.000174
653,0.00019
654,0.000227
655,0.000165
656,0.000284
657,0.000202
658,0.00073
659,0.00093
660,0.001012
661,0.001483
662,0.000164
663,0.000225
664,0.000243
665,0.00014
666,0.00012
667,0.000213
668,0.001342
669,0.002098
670,0.001981
671,0.000287
672,0.000331
673,0.001141
674,8.8e-05
675,5.9e-05
676,8.3e-05
677,4e-05
678,1.3e-05
679,1.1e-05
680,2.1e-05
681,1.3e-05
682,1.2e-05
683,1.2e-05
684,0.00014
685,0.000164
686,0.000341
687,0.000408
688,0.00047
689,0.0005
690,0.000586
691,0.000423
692,0.000323
693,0.000299
694,2e-05
695,2.8e-05
696,2.5e-05
697,3.3e-05
698,1.8e-05
699,5.4e-05
700,2.6e-05
701,2.5e-05
702,2.9e-05
703,2.7e-05
704,3.4e-05
705,5.4e-05
706,5.3e-05
707,7.3e-05
708,6.2e-05
709,1.6e-05
710,1.6e-05
711,1.7e-05
712,1.6e-05
713,1.1e-05
714,9.4e-05
715,0.21943
716,0.943873
717,0.984026
718,0.986628
719,0.978931
720,0.988894
721,0.989487
722,0.932246
723,0.925455
724,0.987354
725,0.988259
726,0.991342
727,0.944292
728,0.832655
729,0.673846
730,0.764705
731,0.771572
732,0.99058
733,0.989848
734,0.984485
735,0.542901
736,0.023983
737,0.012113
738,0.024067
739,0.009136
740,0.009009
741,0.003852
742,0.004724
743,0.004008
744,0.00474
745,0.002079
746,0.002255
747,0.001961
748,0.001025
749,0.001169
750,0.0012
751,0.001241
752,0.001406
753,0.016583
754,0.183601
755,0.316709
756,0.516658
757,0.476774
758,0.791405
759,0.806652
760,0.727748
761,0.610605
762,0.595356
763,0.15252
764,0.005787
765,0.004884
766,0.003067
767,0.003518
768,0.00371
769,0.002114
770,0.003215
771,0.004501
772,0.004098
773,0.003726
774,0.004191
775,0.002582
776,4e-05
777,0.001472
778,0.000157
779,0.000105
780,0.000208
781,0.002402
782,0.002312
783,0.002458
784,0.002864
785,0.002967
786,0.002039
787,0.003012
788,0.002924
789,0.003023
790,0.003199
791,0.001984
792,0.002203
793,0.001451
794,0.004486
795,0.005406
796,0.005454
797,0.004697
798,0.004656
799,0.004335
800,0.0046
801,0.004306
802,0.00354
803,0.003609
804,0.003128
805,0.004726
806,0.004946
807,0.004265
808,0.004049
809,0.004264
810,0.003953
811,0.002882
812,0.002881
813,0.002419
814,0.002249
815,0.002583
816,0.001176
817,0.001398
818,0.001696
819,0.001682
820,0.000872
821,0.001059
822,0.001442
823,0.002588
824,0.001741
825,0.001375
826,0.000927
827,0.001302
828,0.001159
829,0.00099
830,0.000748
831,0.000835
832,0.000807
833,0.00059
834,0.000819
835,0.000911
836,0.000512
837,0.000281
838,0.000302
839,0.000354
840,1e-05
841,1.9e-05
842,3.3e-05
843,2.3e-05
844,1.9e-05
845,9e-05
846,7.3e-05
847,6.9e-05
848,6.8e-05
849,0.00083
850,3e-05
851,2.3e-05
852,5.4e-05
853,1.8e-05
854,3.7e-05
855,0.000254
856,0.00043
857,0.000229
858,0.000221
859,0.000202
860,0.000234
861,0.000384
862,0.000149
863,8.9e-05
864,0.000184
865,0.000233
866,0.000354
867,0.000425
868,0.004559
869,0.460335
870,0.887099
871,0.933883
872,0.953719
873,0.959464
874,0.979306
875,0.972739
876,0.991343
877,0.99226
878,0.994465
879,0.992307
880,0.992828
881,0.993067
882,0.993854
883,0.980704
884,0.995093
885,0.995624
886,0.992133
887,0.976249
888,0.982194
889,0.981078
890,0.981618
891,0.978692
892,0.979135
893,0.979821
894,0.97788
895,0.975547
896,0.979087
897,0.976375
898,0.978078
899,0.977249
900,0.976761
901,0.975151
902,0.976386
903,0.976771
904,0.977465
905,0.975154
906,0.976256
907,0.975647
908,0.979353
909,0.981126
910,0.981181
911,0.979308
912,0.979707
913,0.982558
914,0.982714
915,0.982226
916,0.984599
917,0.985635
918,0.318746
919,0.007966
920,0.000207
921,0.000155
922,0.000209
923,0.000196
924,0.001106
925,0.002099
926,0.002802
927,0.001413
928,0.00327
929,0.004516
930,0.003988
931,0.003087
932,0.004452
933,0.004558
934,0.006216
935,0.005312
936,0.006998
937,0.003683
938,0.009519
939,0.013079
940,0.009353
941,0.007295
942,0.004751
943,0.002878
944,0.004253
945,0.004246
946,0.005561
947,0.006146
948,0.007596
949,0.004371
950,0.007801
951,0.005806
952,0.00387
953,0.00507
954,0.003313
955,0.002823
956,7.6e-05
957,0.000131
958,0.000146
959,0.000149
960,0.000246
961,0.006165
962,0.006544
963,0.001211
964,0.001031
965,0.001192
966,0.001398
967,0.001966
968,0.001151
969,0.000938
970,0.000734
971,0.000978
972,0.000554
973,0.000541
974,0.000814
975,0.001442
976,0.001215
977,0.001921
978,0.000974
979,0.001274
980,0.001615
981,0.001344
982,0.000899
983,0.001362
984,0.001298
985,0.002505
986,0.001932
987,0.001697
988,0.001291
989,0.00069
990,0.000288
991,0.000287
992,0.000942
993,0.00185
994,0.000128
995,0.000143
996,0.000171
997,0.000486
998,0.262278
999,0.937883
1000,0.958174
1001,0.957665
1002,0.966514
1003,0.985338
1004,0.983002
1005,0.984394
1006,0.984062
1007,0.985473
1008,0.982739
1009,0.983973
1010,0.941039
1011,0.004293
1012,0.002312
1013,0.006013
1014,0.006563
1015,0.006209
1016,0.002999
1017,0.004199
1018,0.004485
1019,0.005508
1020,0.004336
1021,0.005638
1022,0.007529
1023,0.005784
1024,0.005385
1025,0.005585
1026,0.006468
1027,0.0055
1028,0.004031
1029,0.00488
1030,0.004464
1031,0.005502
1032,0.00374
1033,0.005681
1034,0.005724
1035,0.003902
1036,0.004756
1037,0.00235
1038,0.098011
1039,0.87522
1040,0.94951
1041,0.925848
1042,0.967254
1043,0.971635
1044,0.977763
1045,0.980291
1046,0.979729
1047,0.968566
1048,0.030983
1049,0.001577
1050,0.005699
1051,0.011017
1052,0.008025
1053,0.012445
1054,0.010677
1055,0.007855
1056,0.004756
1057,0.007042
1058,0.009907
1059,0.002836
1060,0.005128
1061,0.000245
1062,0.000156
1063,0.000125
1064,0.000232
1065,0.000318
1066,0.000594
1067,0.000702
1068,0.000533
1069,8.6e-05
1070,7.3e-05
1071,0.000347
1072,4.1e-05
1073,5.7e-05
1074,3.8e-05
1075,6.8e-05
1076,7.2e-05
1077,0.000121
1078,8.1e-05
1079,5.8e-05
1080,5.9e-05
1081,0.000248
1082,0.00025
1083,0.000165
1084,0.000156
1085,0.000168
1086,0.00022
1087,0.000215
1088,0.000196
1089,6.9e-05
1090,0.00023
1091,5.3e-05
1092,2.9e-05
1093,0.000539
1094,0.000619
1095,6.8e-05
1096,6.9e-05
1097,9.2e-05
1098,9.7e-05
1099,0.000134
1100,0.000122
1101,0.000158
1102,0.000117
1103,0.000123
1104,0.000154
1105,0.000165
1106,0.00047
1107,0.000331
1108,0.000658
1109,0.0006
1110,0.000559
1111,0.000489
1112,0.000428
1113,0.000453
1114,0.000425
1115,0.000333
1116,0.000495
1117,0.000652
1118,0.000611
1119,0.002074
1120,0.00231
1121,0.001429
1122,0.001232
1123,0.001359
1124,0.000118
1125,0.000134
1126,0.000168
1127,0.00015
1128,0.000175
1129,0.000146
1130,0.000209
1131,0.000233
1132,0.000404
1133,0.000424
1134,0.00047
1135,0.000539
1136,0.00053
1137,0.000251
1138,0.012106
1139,0.580767
1140,0.536128
1141,0.751261
1142,0.881647
1143,0.968553
1144,0.966872
1145,0.958778
1146,0.972177
1147,0.974363
1148,0.970641
1149,0.975418
1150,0.977753
1151,0.978723
1152,0.974219
1153,0.978028
1154,0.977015
1155,0.981546
1156,0.983819
1157,0.981657
1158,0.981767
1159,0.982963
1160,0.982462
1161,0.98331
1162,0.982028
1163,0.981401
1164,0.983551
1165,0.980456
1166,0.981704
1167,0.001347
1168,0.000717
1169,0.001756
1170,0.003833
1171,0.003831
1172,0.003206
1173,0.001943
1174,0.001613
1175,0.001519
1176,0.001243
1177,0.000725
1178,0.001276
1179,0.001468
1180,0.001075
1181,0.001054
1182,0.001155
1183,0.000962
1184,0.001188
1185,0.00096
1186,0.001036
1187,0.001091
1188,0.000824
1189,0.00052
1190,0.001456
1191,0.037877
1192,0.751683
1193,0.915954
1194,0.945007
1195,0.949052
1196,0.972749
1197,0.971914
1198,0.981198
1199,0.977784
1200,0.983538
1201,0.976684
1202,0.97346
1203,0.709717
1204,0.000895
1205,0.001177
1206,0.002442
1207,0.004015
1208,0.00314
1209,0.002542
1210,0.002293
1211,0.001657
1212,0.002034
1213,0.001093
1214,0.001754
1215,0.001163
1216,0.001399
1217,0.001249
1218,0.001339
1219,0.001191
1220,0.001877
1221,0.001293
1222,0.001174
1223,0.001005
1224,0.00129
1225,0.000538
1226,0.000605
1227,0.001238
1228,0.000834
1229,0.00101
1230,0.001121
1231,0.001112
1232,0.001491
1233,0.00119
1234,0.000585
1235,0.000516
1236,0.000414
1237,0.000458
1238,0.000557
1239,0.000492
1240,0.00059
1241,0.000701
1242,0.001055
1243,0.000634
1244,0.001115
1245,0.000981
1246,0.00217
1247,0.003261
1248,0.000169
1249,5e-05
1250,0.000111
1251,9.7e-05
1252,0.000146
1253,9.4e-05
1254,0.000489
1255,0.001819
1256,0.001202
1257,0.002114
1258,0.001989
1259,0.002148
1260,0.003954
1261,0.005367
1262,0.003541
1263,0.005235
1264,0.003652
1265,0.003595
1266,0.002005
1267,0.001584
1268,0.001834
1269,0.001243
1270,0.002568
1271,0.001963
1272,0.002776
1273,0.002632
1274,0.002543
1275,0.002345
1276,0.003179
1277,0.00139
1278,0.000835
1279,0.000796
1280,0.001243
1281,0.001282
1282,0.002218
1283,0.001785
1284,0.0014
1285,0.013335
1286,0.670969
1287,0.900082
1288,0.914886
1289,0.794083
1290,0.835263
1291,0.897385
1292,0.880154
1293,0.2653
1294,0.007114
1295,0.009637
1296,0.000573
1297,0.000649
1298,0.005522
1299,0.001502
1300,0.00631
1301,0.00427
1302,0.003338
1303,0.002946
1304,0.002353
1305,0.002424
1306,0.02703
1307,0.385608
1308,0.502456
1309,0.440469
1310,0.712611
1311,0.82467
1312,0.87019
1313,0.831908
1314,0.850414
1315,0.868593
1316,0.867756
1317,0.85881
1318,0.862344
1319,0.391615
1320,0.015871
1321,0.014502
1322,0.019443
1323,0.006829
1324,0.003179
1325,0.000481
1326,0.00053
1327,0.000411
1328,0.000374
1329,0.00067
1330,0.000715
1331,0.000627
1332,0.000492
1333,0.000832
1334,0.000364
1335,0.000766
1336,0.011173
1337,0.505589
1338,0.758446
1339,0.814548
1340,0.932871
1341,0.955178
1342,0.958647
1343,0.964812
1344,0.961825
1345,0.956258
1346,0.961245
1347,0.958246
1348,0.913188
1349,0.007925
1350,0.003175
1351,0.002987
1352,0.00432
1353,0.005247
1354,0.005266
1355,0.004163
1356,0.004093
1357,0.001156
1358,0.001536
1359,0.001324
1360,0.001224
1361,0.001951
1362,0.002616
1363,0.002765
1364,0.003228
1365,0.002988
1366,0.002964
1367,0.002753
1368,0.004373
1369,0.002299
1370,0.002811
1371,0.004755
1372,0.007252
1373,0.000593
1374,0.000471
1375,0.000272
1376,0.000154
1377,0.000201
1378,0.002004
1379,0.002684
1380,0.002904
1381,0.000261
1382,0.002951
1383,0.002624
1384,0.002827
1385,0.000261
1386,0.000216
1387,0.000537
1388,0.000195
1389,0.000233
1390,0.000364
1391,0.000349
1392,0.000235
1393,0.007518
1394,0.008367
1395,0.004551
1396,0.003569
1397,0.003882
1398,0.00381
1399,0.005293
1400,0.005471
1401,0.002601
1402,0.003794
1403,0.002615
1404,0.001851
1405,0.001697
1406,0.002136
1407,0.001522
1408,0.000144
1409,0.000115
1410,0.00202
1411,0.001324
1412,0.001558
1413,0.002352
1414,0.002681
1415,0.004055
1416,0.003187
1417,0.00503
1418,0.004274
1419,0.003676
1420,0.003555
1421,0.001895
1422,0.001824
1423,0.001799
1424,0.001644
1425,0.026621
1426,0.958412
1427,0.96356
1428,0.987376
1429,0.983851
1430,0.981292
1431,0.981575
1432,0.976098
1433,0.984592
1434,0.932486
1435,0.019891
1436,0.001211
1437,0.005622
1438,0.004605
1439,0.002995
1440,0.006047
1441,0.015697
1442,0.014682
1443,0.016292
1444,0.00147
1445,0.001125
1446,0.000496
1447,0.002154
1448,0.003035
1449,0.001683
1450,0.001537
1451,0.00075
1452,0.001302
1453,0.000806
1454,0.00116
1455,0.000863
1456,0.000898
1457,0.000839
1458,0.000528
1459,0.000875
1460,0.000874
1461,0.000586
1462,0.000522
1463,0.000515
1464,0.000591
1465,0.000458
1466,0.000546
1467,0.000454
1468,0.000686
1469,0.001205
1470,0.000839
1471,0.000733
1472,0.000667
1473,0.000771
1474,0.030652
1475,0.74671
1476,0.854019
1477,0.89976
1478,0.940182
1479,0.952017
1480,0.942428
1481,0.950287
1482,0.945103
1483,0.939332
1484,0.909634
1485,0.928059
1486,0.945095
1487,0.057001
1488,0.004325
1489,0.007049
1490,0.004846
1491,0.003993
1492,0.001009
1493,0.001871
1494,0.002852
1495,0.001061
1496,0.000743
1497,0.000773
1498,0.001265
1499,0.001262
1500,0.000863
1501,0.000828
1502,0.001019
1503,0.001021
1504,0.000181
1505,0.001547
1506,0.001644
1507,0.001896
1508,0.00178
1509,0.000723
1510,0.000581
1511,0.000608
1512,0.024289
1513,0.780907
1514,0.946729
1515,0.957152
1516,0.972673
1517,0.97473
1518,0.959702
1519,0.975349
1520,0.965943
1521,0.969208
1522,0.971459
1523,0.970754
1524,0.963697
1525,0.958981
1526,0.953819
1527,0.103599
1528,0.002377
1529,0.002437
1530,0.001172
1531,0.001106
1532,0.001411
1533,0.001497
1534,0.002513
1535,0.002097
1536,0.004567
1537,0.001442
1538,0.001204
1539,0.001604
1540,0.001752
1541,0.001723
1542,0.045245
1543,0.959335
1544,0.977512
1545,0.984321
1546,0.98107
1547,0.9841
1548,0.965003
1549,0.963593
1550,0.987169
1551,0.984591
1552,0.989145
1553,0.989451
1554,0.990591
1555,0.990667
1556,0.989919
1557,0.989421
1558,0.991356
1559,0.987901
1560,0.988597
1561,0.991793
1562,0.992357
1563,0.991069
1564,0.988377
1565,0.98572
1566,0.976598
1567,0.977817
1568,0.978858
1569,0.976207
1570,0.983512
1571,0.982948
1572,0.986127
1573,0.983048
1574,0.981244
1575,0.978068
1576,0.981639
1577,0.978735
1578,0.975995
1579,0.970387
1580,0.968843
1581,0.975112
1582,0.972013
1583,0.974992
1584,0.980885
1585,0.82596
1586,0.011069
1587,0.000645
1588,0.00081
1589,0.000946
1590,0.000908
1591,0.000649
1592,0.001423
1593,0.002715
1594,0.005337
1595,0.002986
1596,0.011351
1597,0.010602
1598,0.062857
1599,0.977725
1600,0.990879
1601,0.992158
1602,0.981602
1603,0.98668
1604,0.990835
1605,0.984872
1606,0.982468
1607,0.977979
1608,0.976248
1609,0.985314
1610,0.982066
1611,0.978481
1612,0.979798
1613,0.981479
1614,0.981154
1615,0.986669
1616,0.985581
1617,0.987369
1618,0.989565
1619,0.988894
1620,0.989388
1621,0.991525
1622,0.987648
1623,0.988262
1624,0.987208
1625,0.987807
1626,0.987047
1627,0.987589
1628,0.986968
1629,0.988886
1630,0.986337
1631,0.027657
1632,0.0014
1633,0.001936
1634,0.002195
1635,0.002905
1636,0.003511
1637,0.004398
1638,0.004267
1639,0.002134
1640,0.00227
1641,0.003256
1642,0.00833
1643,0.864983
1644,0.968841
1645,0.960068
1646,0.970275
1647,0.9764
1648,0.983736
1649,0.986633
1650,0.984557
1651,0.981154
1652,0.978847
1653,0.978954
1654,0.974961
1655,0.245827
1656,0.002342
1657,0.000566
1658,0.000165
1659,0.000201
1660,0.001038
1661,0.000857
1662,0.001783
1663,0.000969
1664,0.000958
1665,0.001256
1666,0.001892
1667,0.004083
1668,0.0044
1669,0.004348
1670,0.004549
1671,0.004947
1672,0.004133
1673,0.003543
1674,0.002903
1675,0.00185
1676,0.00171
1677,0.002275
1678,0.001452
1679,0.000943
1680,0.000807
1681,9e-06
1682,5e-06
1683,9.3e-05
1684,1.4e-05
1685,9.7e-05
1686,0.000115
1687,8.3e-05
1688,0.000121
1689,0.000128
1690,7.9e-05
1691,9.5e-05
1692,0.000151
1693,0.000168
1694,0.000217
1695,0.000164
1696,8.7e-05
1697,4.8e-05
1698,4.4e-05
1699,6.9e-05
1700,9.8e-05
1701,0.000159
1702,7.8e-05
1703,4.4e-05
1704,9.3e-05
1705,0.000104
1706,9.3e-05
1707,5.2e-05
1708,0.000473
1709,0.000338
1710,0.000158
1711,0.000612
1712,0.00038
1713,0.000155
1714,0.000212
1715,0.000218
1716,0.000181
1717,7.3e-05
1718,7.5e-05
1719,3.6e-05
1720,4.5e-05
1721,3e-05
1722,2.7e-05
1723,3e-05
1724,3.2e-05
1725,4.9e-05
1726,7.6e-05
1727,0.000121
1728,0.00021
1729,0.000683
1730,0.001181
1731,0.000594
1732,0.00061
1733,0.000466
1734,0.000287
1735,0.000481
1736,0.000521
1737,0.000351
1738,0.000475
1739,0.00056
1740,0.000426
1741,0.000198
1742,0.000217
1743,0.000148
1744,0.000176
1745,0.000122
1746,0.000106
1747,9.2e-05
1748,0.000146
1749,0.000161
1750,0.000304
1751,0.000605
1752,0.000602
1753,0.000616
1754,0.000296
1755,0.000176
1756,0.000582
1757,0.014717
1758,0.701755
1759,0.966643
1760,0.978293
1761,0.992392
1762,0.992566
1763,0.991167
1764,0.990054
1765,0.972368
1766,0.961251
1767,0.949986
1768,0.976756
1769,0.916362
1770,0.920635
1771,0.973468
1772,0.612822
1773,0.002956
1774,0.002448
1775,0.00162
1776,0.000175
1777,0.000235
1778,0.000146
1779,0.000337
1780,0.000583
1781,0.000513
1782,0.000403
1783,0.000336
1784,0.000435
1785,0.000665
1786,0.000635
1787,0.000402
1788,0.000281
1789,0.000687
1790,0.000899
1791,0.000943
1792,0.000698
1793,0.000635
1794,0.00074
1795,0.00063
1796,0.000395
1797,8e-06
1798,6e-06
1799,6e-06
1800,0.000535
1801,0.000506
1802,0.000423
1803,0.000478
1804,0.000431
1805,0.000381
1806,0.000227
1807,0.000307
1808,0.003083
1809,0.660668
1810,0.946376
1811,0.97766
1812,0.941309
1813,0.93369
1814,0.975626
1815,0.971326
1816,0.958922
1817,0.981052
1818,0.962282
1819,0.971676
1820,0.9921
1821,0.992399
1822,0.991355
1823,0.991866
1824,0.991999
1825,0.990908
1826,0.989777
1827,0.985331
1828,0.986709
1829,0.983768
1830,0.982081
1831,0.986889
1832,0.98777
1833,0.989515
1834,0.986868
1835,0.98327
1836,0.988389
1837,0.990209
1838,0.994436
1839,0.993824
1840,0.993739
1841,0.991866
1842,0.992922
1843,0.992764
1844,0.991989
1845,0.991728
1846,0.990176
1847,0.990659
1848,0.990189
1849,0.391095
1850,0.043519
1851,0.023329
1852,0.001996
1853,0.003907
1854,0.001325
1855,0.003469
1856,0.002793
1857,0.002746
1858,0.007171
1859,0.177914
1860,0.977315
1861,0.992638
1862,0.989152
1863,0.986841
1864,0.989918
1865,0.990092
1866,0.995398
1867,0.994055
1868,0.992585
1869,0.985702
1870,0.987201
1871,0.987409
1872,0.989205
1873,0.990234
1874,0.988838
1875,0.990721
1876,0.988172
1877,0.988513
1878,0.988915
1879,0.991319
1880,0.975177
1881,0.80432
1882,0.823715
1883,0.277197
1884,0.041891
1885,0.000231
1886,6.5e-05
1887,0.000392
1888,0.000235
1889,0.000584
1890,0.000522
1891,0.000988
1892,0.000386
1893,0.001379
1894,0.000601
1895,0.000681
1896,0.003849
1897,0.01101
1898,0.067746
1899,0.004264
