1,0.760222
2,0.778243
3,0.573069
4,0.645289
5,0.549743
6,0.702789
7,0.754371
8,0.829947
9,0.810903
10,0.77468
11,0.854409
12,0.857612
13,0.869915
14,0.910153
15,0.892841
16,0.912345
17,0.876305
18,0.871169
19,0.886934
20,0.878721
21,0.872574
22,0.830437
23,0.875955
24,0.843636
25,0.898571
26,0.924671
27,0.918551
28,0.921001
29,0.925121
30,0.898709
31,0.882823
32,0.912367
33,0.912219
34,0.926244
35,0.909767
36,0.921422
37,0.900613
38,0.901745
39,0.905312
40,0.891033
41,0.908597
42,0.881229
43,0.828044
44,0.820557
45,0.81064
46,0.794793
47,0.847583
48,0.849534
49,0.686371
50,0.68698
51,0.732671
52,0.751113
53,0.705315
54,0.764438
55,0.737769
56,0.702176
57,0.663589
58,0.726517
59,0.705046
60,0.639019
61,0.770656
62,0.732981
63,0.795309
64,0.778516
65,0.660332
66,0.759011
67,0.675401
68,0.634597
69,0.629271
70,0.626383
71,0.635342
72,0.629502
73,0.726985
74,0.787468
75,0.765456
76,0.693485
77,0.762115
78,0.801367
79,0.81579
80,0.80639
81,0.794733
82,0.764502
83,0.601059
84,0.557257
85,0.447099
86,0.428942
87,0.420914
88,0.433932
89,0.427505
90,0.411941
91,0.408048
92,0.352007
93,0.40411
94,0.48028
95,0.429902
96,0.380023
97,0.622748
98,0.639236
99,0.669331
100,0.647675
101,0.706444
102,0.70474
103,0.728827
104,0.783046
105,0.757558
106,0.788154
107,0.823121
108,0.823979
109,0.682781
110,0.646479
111,0.640129
112,0.663319
113,0.612246
114,0.624632
115,0.627285
116,0.670161
117,0.69954
118,0.678116
119,0.62829
120,0.661205
121,0.595181
122,0.610061
123,0.57965
124,0.540294
125,0.610816
126,0.622373
127,0.660823
128,0.666626
129,0.669954
130,0.716393
131,0.725761
132,0.759278
133,0.866089
134,0.848019
135,0.875076
136,0.878991
137,0.870271
138,0.881373
139,0.859187
140,0.88945
141,0.879674
142,0.893475
143,0.891352
144,0.885306
145,0.91257
146,0.91526
147,0.901756
148,0.904941
149,0.935471
150,0.950265
151,0.945894
152,0.938842
153,0.950535
154,0.957707
155,0.962352
156,0.962466
157,0.970128
158,0.965983
159,0.961205
160,0.960725
161,0.964204
162,0.97096
163,0.961973
164,0.970106
165,0.967806
166,0.958805
167,0.958411
168,0.962799
169,0.960108
170,0.964691
171,0.972663
172,0.969684
173,0.970642
174,0.969606
175,0.969384
176,0.967392
177,0.970817
178,0.972446
179,0.968656
180,0.971385
181,0.970868
182,0.973142
183,0.97582
184,0.978607
185,0.977924
186,0.978743
187,0.978952
188,0.979186
189,0.97852
190,0.978924
191,0.977745
192,0.979167
193,0.983517
194,0.985626
195,0.984481
196,0.982963
197,0.981775
198,0.981341
199,0.980912
200,0.981109
201,0.978076
202,0.977579
203,0.977006
204,0.97529
205,0.929983
206,0.922305
207,0.918868
208,0.924032
209,0.917921
210,0.92008
211,0.908318
212,0.913139
213,0.907856
214,0.921147
215,0.938526
216,0.95684
217,0.962062
218,0.963354
219,0.96338
220,0.965912
221,0.966846
222,0.967898
223,0.96803
224,0.967708
225,0.966826
226,0.967174
227,0.968836
228,0.968117
229,0.962778
230,0.962945
231,0.961005
232,0.962355
233,0.949716
234,0.952779
235,0.963011
236,0.954249
237,0.939538
238,0.942103
239,0.950681
240,0.950518
241,0.950879
242,0.950111
243,0.938914
244,0.939436
245,0.940478
246,0.936414
247,0.948556
248,0.935896
249,0.932856
250,0.932592
251,0.931423
252,0.934138
253,0.936903
254,0.941316
255,0.941931
256,0.937291
257,0.884405
258,0.883733
259,0.893155
260,0.883508
261,0.873552
262,0.870392
263,0.890259
264,0.903461
265,0.913309
266,0.91734
267,0.908073
268,0.898862
269,0.901246
270,0.911522
271,0.912781
272,0.910361
273,0.917325
274,0.793167
275,0.86497
276,0.903582
277,0.940313
278,0.945786
279,0.943388
280,0.929049
281,0.919464
282,0.924914
283,0.925645
284,0.924464
285,0.929948
286,0.898966
287,0.910382
288,0.92228
289,0.915958
290,0.842963
291,0.901908
292,0.896773
293,0.842294
294,0.877117
295,0.883289
296,0.878871
297,0.860263
298,0.864715
299,0.864747
300,0.873024
301,0.866164
302,0.822574
303,0.794867
304,0.85682
305,0.897922
306,0.895624
307,0.905825
308,0.907106
309,0.928666
310,0.938536
311,0.939642
312,0.937983
313,0.953166
314,0.954285
315,0.950548
316,0.948524
317,0.957841
318,0.957685
319,0.945208
320,0.96123
321,0.963256
322,0.961147
323,0.954792
324,0.955256
325,0.944318
326,0.953758
327,0.957695
328,0.962948
329,0.963827
330,0.967447
331,0.971737
332,0.973612
333,0.977723
334,0.965844
335,0.955272
336,0.968613
337,0.973364
338,0.967154
339,0.96614
340,0.964529
341,0.97012
342,0.970259
343,0.968543
344,0.971199
345,0.970127
346,0.973574
347,0.975336
348,0.98214
349,0.979418
350,0.979081
351,0.975476
352,0.976107
353,0.97644
354,0.977632
355,0.976501
356,0.974349
357,0.970175
358,0.968712
359,0.972562
360,0.972047
361,0.974519
362,0.981007
363,0.980485
364,0.980099
365,0.980942
366,0.981235
367,0.97923
368,0.980919
369,0.979794
370,0.981179
371,0.982138
372,0.984366
373,0.981017
374,0.719489
375,0.685842
376,0.700312
377,0.981281
378,0.979461
379,0.981481
380,0.978412
381,0.976979
382,0.974873
383,0.975273
384,0.977445
385,0.972769
386,0.969195
387,0.975629
388,0.979108
389,0.978267
390,0.972942
391,0.945737
392,0.941827
393,0.92159
394,0.925717
395,0.91305
396,0.971031
397,0.978782
398,0.980667
399,0.978928
400,0.979811
401,0.981577
402,0.980458
403,0.980076
404,0.981153
405,0.980536
406,0.980874
407,0.982991
408,0.983597
409,0.981106
410,0.983319
411,0.984937
412,0.98419
413,0.983447
414,0.981915
415,0.979469
416,0.983687
417,0.979078
418,0.977392
419,0.980914
420,0.980151
421,0.983982
422,0.9848
423,0.977505
424,0.982864
425,0.983911
426,0.983402
427,0.981316
428,0.984443
429,0.984969
430,0.985001
431,0.98507
432,0.983609
433,0.973347
434,0.971699
435,0.974189
436,0.979127
437,0.973642
438,0.970495
439,0.966472
440,0.96909
441,0.968207
442,0.971612
443,0.976029
444,0.973392
445,0.983032
446,0.986969
447,0.987636
448,0.9838
449,0.983799
450,0.97732
451,0.978284
452,0.978821
453,0.979244
454,0.976219
455,0.979141
456,0.978575
457,0.970723
458,0.96957
459,0.971065
460,0.97445
461,0.976498
462,0.981564
463,0.980206
464,0.97846
465,0.978958
466,0.981154
467,0.977738
468,0.979995
469,0.984638
470,0.97886
471,0.975763
472,0.979793
473,0.972442
474,0.974448
475,0.976244
476,0.973955
477,0.979727
478,0.981275
479,0.983548
480,0.982407
481,0.982541
482,0.980086
483,0.980541
484,0.985233
485,0.982493
486,0.98179
487,0.982058
488,0.984733
489,0.985121
490,0.982123
491,0.9817
492,0.981049
493,0.986885
494,0.986713
495,0.987063
496,0.987259
497,0.985984
498,0.983583
499,0.986419
500,0.986506
501,0.978328
502,0.97562
503,0.980529
504,0.979656
505,0.986236
506,0.985476
507,0.989227
508,0.989317
509,0.990497
510,0.989425
511,0.989335
512,0.990009
513,0.991264
514,0.990225
515,0.989592
516,0.974269
517,0.9611
518,0.963445
519,0.959648
520,0.961784
521,0.965263
522,0.97554
523,0.978978
524,0.985186
525,0.984426
526,0.98377
527,0.98182
528,0.980192
529,0.986041
530,0.986204
531,0.988407
532,0.987837
533,0.98713
534,0.987216
535,0.987367
536,0.987644
537,0.987353
538,0.987975
539,0.988048
540,0.985957
541,0.9888
542,0.989533
543,0.989371
544,0.99
545,0.990349
546,0.991716
547,0.989322
548,0.989584
549,0.991048
550,0.990653
551,0.989767
552,0.975801
553,0.971096
554,0.969795
555,0.972519
556,0.970755
557,0.970322
558,0.967563
559,0.959071
560,0.957627
561,0.940915
562,0.926788
563,0.918356
564,0.941096
565,0.959966
566,0.962046
567,0.954308
568,0.956492
569,0.957396
570,0.95615
571,0.957969
572,0.958021
573,0.96054
574,0.954775
575,0.930726
576,0.922961
577,0.938463
578,0.94123
579,0.942332
580,0.941859
581,0.945891
582,0.947047
583,0.956229
584,0.953392
585,0.948079
586,0.947022
587,0.940001
588,0.950568
589,0.926937
590,0.93167
591,0.935811
592,0.932781
593,0.938258
594,0.937756
595,0.927805
596,0.927216
597,0.887681
598,0.88012
599,0.88302
600,0.883252
601,0.900464
602,0.904768
603,0.905539
604,0.894383
605,0.888602
606,0.89751
607,0.932535
608,0.922953
609,0.935051
610,0.933124
611,0.92976
612,0.969445
613,0.964557
614,0.965309
615,0.964773
616,0.952994
617,0.956521
618,0.960249
619,0.969544
620,0.970707
621,0.974467
622,0.977885
623,0.9762
624,0.98256
625,0.939751
626,0.949891
627,0.957401
628,0.953328
629,0.973316
630,0.971375
631,0.966187
632,0.966945
633,0.966609
634,0.971962
635,0.968025
636,0.967029
637,0.973454
638,0.962774
639,0.972172
640,0.972099
641,0.973389
642,0.970603
643,0.976201
644,0.979421
645,0.979266
646,0.987189
647,0.984228
648,0.985875
649,0.991532
650,0.990327
651,0.990202
652,0.990966
653,0.991519
654,0.991746
655,0.990714
656,0.992792
657,0.991415
658,0.989824
659,0.988971
660,0.99002
661,0.988927
662,0.990161
663,0.991815
664,0.992293
665,0.992515
666,0.992394
667,0.992958
668,0.991871
669,0.991219
670,0.990993
671,0.990346
672,0.990063
673,0.992661
674,0.992747
675,0.992103
676,0.988929
677,0.987575
678,0.984984
679,0.985362
680,0.987027
681,0.984941
682,0.985845
683,0.986441
684,0.988954
685,0.988358
686,0.989268
687,0.988019
688,0.987969
689,0.986813
690,0.986984
691,0.987831
692,0.990306
693,0.992371
694,0.991171
695,0.989623
696,0.989493
697,0.986262
698,0.984496
699,0.985865
700,0.989334
701,0.989965
702,0.989847
703,0.989861
704,0.988828
705,0.990032
706,0.991328
707,0.990847
708,0.99148
709,0.989401
710,0.991384
711,0.990918
712,0.991469
713,0.992473
714,0.993979
715,0.992136
716,0.991498
717,0.990709
718,0.991501
719,0.989899
720,0.991643
721,0.984128
722,0.98507
723,0.982987
724,0.978199
725,0.983129
726,0.977039
727,0.98178
728,0.970219
729,0.982562
730,0.976874
731,0.973284
732,0.973254
733,0.941577
734,0.930862
735,0.949827
736,0.954858
737,0.950042
738,0.945774
739,0.951509
740,0.957585
741,0.955474
742,0.953643
743,0.949466
744,0.935416
745,0.915553
746,0.943305
747,0.926026
748,0.902769
749,0.892216
750,0.873246
751,0.854939
752,0.825066
753,0.758175
754,0.722605
755,0.740934
756,0.777324
757,0.780735
758,0.831039
759,0.88887
760,0.831233
761,0.857092
762,0.899314
763,0.914603
764,0.882932
765,0.92879
766,0.912505
767,0.805858
768,0.786772
769,0.878413
770,0.898547
771,0.911357
772,0.927225
773,0.927185
774,0.931654
775,0.929091
776,0.93697
777,0.944883
778,0.927912
779,0.92661
780,0.928526
781,0.922528
782,0.913303
783,0.867972
784,0.868322
785,0.792636
786,0.818703
787,0.826123
788,0.821009
789,0.828646
790,0.817598
791,0.751567
792,0.834513
793,0.876316
794,0.89838
795,0.903688
796,0.745664
797,0.736659
798,0.792245
799,0.77175
800,0.792819
801,0.854334
802,0.78565
803,0.809255
804,0.836123
805,0.907484
806,0.832589
807,0.866293
808,0.925067
809,0.89455
810,0.863821
811,0.815732
812,0.773287
813,0.880534
814,0.907741
815,0.844757
816,0.808161
817,0.907703
818,0.898108
819,0.883519
820,0.873374
821,0.897485
822,0.911109
823,0.895929
824,0.929846
825,0.89983
826,0.909414
827,0.919795
828,0.920798
829,0.920835
830,0.93544
831,0.939561
832,0.930249
833,0.919261
834,0.942507
835,0.958842
836,0.965548
837,0.974516
838,0.969306
839,0.977621
840,0.976198
841,0.972245
842,0.977365
843,0.980715
844,0.986054
845,0.986272
846,0.983692
847,0.979123
848,0.974157
849,0.973565
850,0.982807
851,0.977511
852,0.983764
853,0.984022
854,0.987651
855,0.987781
856,0.988176
857,0.988255
858,0.988254
859,0.98812
860,0.989135
861,0.987369
862,0.989566
863,0.986113
864,0.986839
865,0.987723
866,0.986368
867,0.986326
868,0.986492
869,0.988457
870,0.989521
871,0.990053
872,0.989528
873,0.989314
874,0.990614
875,0.990566
876,0.989919
877,0.987183
878,0.988415
879,0.984711
880,0.983476
881,0.987548
882,0.988749
883,0.98675
884,0.984506
885,0.985097
886,0.985619
887,0.986524
888,0.985294
889,0.988451
890,0.988004
891,0.986736
892,0.984421
893,0.984576
894,0.984205
895,0.985739
896,0.985531
897,0.984697
898,0.984321
899,0.984198
900,0.984811
901,0.977919
902,0.973369
903,0.97514
904,0.97225
905,0.978514
906,0.976913
907,0.978133
908,0.981839
909,0.982905
910,0.990603
911,0.988849
912,0.987943
913,0.985444
914,0.98567
915,0.98486
916,0.983455
917,0.984914
918,0.985988
919,0.985504
920,0.985308
921,0.98869
922,0.987292
923,0.988025
924,0.986764
925,0.987256
926,0.987988
927,0.985512
928,0.984925
929,0.981948
930,0.982862
931,0.983935
932,0.986118
933,0.988032
934,0.98786
935,0.98595
936,0.985082
937,0.983007
938,0.984509
939,0.977066
940,0.980615
941,0.980865
942,0.984435
943,0.983878
944,0.98321
945,0.984627
946,0.984415
947,0.983069
948,0.983336
949,0.984226
950,0.98609
951,0.982364
952,0.982194
953,0.9812
954,0.984886
955,0.981367
956,0.980458
957,0.980981
958,0.98175
959,0.983731
960,0.983071
961,0.98186
962,0.982897
963,0.980303
964,0.980581
965,0.9814
966,0.980476
967,0.980379
968,0.981469
969,0.981373
970,0.982475
971,0.984308
972,0.985249
973,0.983713
974,0.983948
975,0.983878
976,0.98355
977,0.985883
978,0.986683
979,0.986906
980,0.988021
981,0.987952
982,0.989197
983,0.990323
984,0.989727
985,0.991027
986,0.991217
987,0.991021
988,0.989743
989,0.988553
990,0.989021
991,0.988411
992,0.988862
993,0.988646
994,0.98966
995,0.98816
996,0.98979
997,0.992611
998,0.991982
999,0.991538
1000,0.990013
1001,0.986834
1002,0.988052
1003,0.989235
1004,0.987652
1005,0.987678
1006,0.987092
1007,0.987655
1008,0.987389
1009,0.980984
1010,0.978569
1011,0.983477
1012,0.984424
1013,0.984272
1014,0.984718
1015,0.984429
1016,0.984218
1017,0.985614
1018,0.984096
1019,0.982808
1020,0.979343
1021,0.98305
1022,0.98168
1023,0.98378
1024,0.981616
1025,0.982391
1026,0.983785
1027,0.984804
1028,0.98459
1029,0.985027
1030,0.985552
1031,0.985406
1032,0.986136
1033,0.988256
1034,0.987393
1035,0.986993
1036,0.988747
1037,0.98989
1038,0.988426
1039,0.988614
1040,0.988186
1041,0.988252
1042,0.988499
1043,0.987063
1044,0.986849
1045,0.98094
1046,0.980039
1047,0.977449
1048,0.977466
1049,0.976133
1050,0.97682
1051,0.975612
1052,0.980059
1053,0.981309
1054,0.978287
1055,0.981296
1056,0.979114
1057,0.982894
1058,0.984207
1059,0.981663
1060,0.981163
1061,0.979966
1062,0.97776
1063,0.977435
1064,0.980249
1065,0.983717
1066,0.984546
1067,0.983378
1068,0.985532
1069,0.980823
1070,0.981074
1071,0.979802
1072,0.979753
1073,0.980083
1074,0.982352
1075,0.982411
1076,0.983406
1077,0.983217
1078,0.984197
1079,0.984158
1080,0.983499
1081,0.980948
1082,0.983956
1083,0.985387
1084,0.985177
1085,0.98402
1086,0.983912
1087,0.982908
1088,0.982623
1089,0.983335
1090,0.982729
1091,0.983184
1092,0.98317
1093,0.979369
1094,0.980695
1095,0.979472
1096,0.979746
1097,0.980333
1098,0.981875
1099,0.982201
1100,0.982722
1101,0.982155
1102,0.985213
1103,0.983406
1104,0.984887
1105,0.981326
1106,0.98123
1107,0.981989
1108,0.981507
1109,0.98082
1110,0.975488
1111,0.972804
1112,0.975059
1113,0.979969
1114,0.979716
1115,0.976655
1116,0.977343
1117,0.989446
1118,0.985143
1119,0.98984
1120,0.98452
1121,0.989663
1122,0.989071
1123,0.979212
1124,0.985971
1125,0.984867
1126,0.985112
1127,0.984468
1128,0.983263
1129,0.977309
1130,0.98052
1131,0.981063
1132,0.982458
1133,0.982504
1134,0.980258
1135,0.980134
1136,0.982351
1137,0.980991
1138,0.984264
1139,0.985764
1140,0.986048
1141,0.987032
1142,0.987045
1143,0.986881
1144,0.988655
1145,0.987388
1146,0.988472
1147,0.988247
1148,0.988971
1149,0.987734
1150,0.987582
1151,0.987449
1152,0.988117
1153,0.98454
1154,0.981689
1155,0.980932
1156,0.98418
1157,0.98712
1158,0.985723
1159,0.985775
1160,0.984333
1161,0.983297
1162,0.979769
1163,0.978406
1164,0.980776
1165,0.987177
1166,0.986286
1167,0.986185
1168,0.986595
1169,0.985525
1170,0.98486
1171,0.981797
1172,0.980883
1173,0.981887
1174,0.981986
1175,0.982632
1176,0.98149
1177,0.956633
1178,0.95481
1179,0.954837
1180,0.955464
1181,0.954059
1182,0.957298
1183,0.961219
1184,0.964337
1185,0.966161
1186,0.965681
1187,0.96935
1188,0.967489
1189,0.967232
1190,0.959739
1191,0.967466
1192,0.962325
1193,0.965626
1194,0.964814
1195,0.966684
1196,0.970759
1197,0.971075
1198,0.972211
1199,0.970823
1200,0.978978
1201,0.980126
1202,0.978316
1203,0.977858
1204,0.954511
1205,0.929863
1206,0.911987
1207,0.733975
1208,0.807902
1209,0.770209
1210,0.76903
1211,0.758605
1212,0.798707
1213,0.612167
1214,0.629617
1215,0.628462
1216,0.745852
1217,0.72541
1218,0.827038
1219,0.804167
1220,0.842104
1221,0.823708
1222,0.783563
1223,0.816885
1224,0.791396
1225,0.877784
1226,0.900074
1227,0.916367
1228,0.926833
1229,0.930256
1230,0.904385
1231,0.907366
1232,0.895019
1233,0.902636
1234,0.933306
1235,0.905854
1236,0.91445
1237,0.909635
1238,0.909155
1239,0.870796
1240,0.804748
1241,0.86576
1242,0.828813
1243,0.854436
1244,0.825537
1245,0.869481
1246,0.913931
1247,0.917957
1248,0.84487
1249,0.804114
1250,0.744742
1251,0.899385
1252,0.93191
1253,0.858183
1254,0.931418
1255,0.923513
1256,0.918796
1257,0.914391
1258,0.941115
1259,0.932367
1260,0.938837
1261,0.893743
1262,0.92676
1263,0.939497
1264,0.922144
1265,0.876349
1266,0.87213
1267,0.850204
1268,0.841175
1269,0.843851
1270,0.814047
1271,0.813132
1272,0.818852
1273,0.790167
1274,0.762761
1275,0.765499
1276,0.754777
1277,0.746304
1278,0.759674
1279,0.727355
1280,0.753132
1281,0.753798
1282,0.747333
1283,0.746776
1284,0.727884
1285,0.833502
1286,0.830635
1287,0.82898
1288,0.819533
1289,0.821027
1290,0.82526
1291,0.806089
1292,0.849503
1293,0.84494
1294,0.881586
1295,0.884804
1296,0.898881
1297,0.869225
1298,0.891651
1299,0.875706
1300,0.877846
1301,0.886706
1302,0.884086
1303,0.87824
1304,0.881314
1305,0.832845
1306,0.807168
1307,0.850098
1308,0.84555
1309,0.837164
1310,0.793292
1311,0.780875
1312,0.778343
1313,0.66405
1314,0.629978
1315,0.703285
1316,0.69851
1317,0.615856
1318,0.71401
1319,0.587028
1320,0.605813
1321,0.777189
1322,0.768376
1323,0.734797
1324,0.792455
1325,0.735688
1326,0.76193
1327,0.723987
1328,0.718875
1329,0.7835
1330,0.816745
1331,0.89991
1332,0.9248
1333,0.933404
1334,0.90571
1335,0.91277
1336,0.917471
1337,0.957527
1338,0.962564
1339,0.957467
1340,0.943687
1341,0.95748
1342,0.966695
1343,0.979773
1344,0.974939
1345,0.986392
1346,0.988322
1347,0.970656
1348,0.78847
1349,0.825771
1350,0.867696
1351,0.902068
1352,0.960619
