1,0.956611
2,0.953817
3,0.948526
4,0.95846
5,0.954844
6,0.954699
7,0.959044
8,0.951772
9,0.953616
10,0.951069
11,0.947171
12,0.961174
13,0.966913
14,0.971289
15,0.96019
16,0.954452
17,0.964543
18,0.965498
19,0.975937
20,0.973239
21,0.973724
22,0.980047
23,0.982922
24,0.972526
25,0.957527
26,0.943337
27,0.931715
28,0.883664
29,0.897333
30,0.955809
31,0.957121
32,0.941685
33,0.947574
34,0.944841
35,0.945685
36,0.960756
37,0.960105
38,0.940739
39,0.954644
40,0.959862
41,0.960145
42,0.956583
43,0.9499
44,0.963281
45,0.964382
46,0.962851
47,0.968907
48,0.96592
49,0.928474
50,0.633015
51,0.780726
52,0.720692
53,0.651094
54,0.468065
55,0.39324
56,0.398942
57,0.456952
58,0.363857
59,0.71289
60,0.605105
61,0.673578
62,0.667619
63,0.465174
64,0.510211
65,0.557695
66,0.640494
67,0.580842
68,0.635864
69,0.692292
70,0.554371
71,0.413228
72,0.314903
73,0.099978
74,0.147029
75,0.130858
76,0.181113
77,0.147674
78,0.179369
79,0.264217
80,0.295429
81,0.434586
82,0.823606
83,0.859738
84,0.921826
85,0.825148
86,0.825223
87,0.883135
88,0.880522
89,0.917199
90,0.914763
91,0.921097
92,0.921538
93,0.934332
94,0.953018
95,0.956088
96,0.944304
97,0.925453
98,0.918805
99,0.93413
100,0.919593
101,0.925848
102,0.929098
103,0.928848
104,0.934576
105,0.93347
106,0.932237
107,0.932474
108,0.929557
109,0.937766
110,0.947196
111,0.745601
112,0.391888
113,0.512402
114,0.508488
115,0.558668
116,0.564293
117,0.635976
118,0.891865
119,0.930013
120,0.939566
121,0.956582
122,0.941012
123,0.921629
124,0.962833
125,0.960425
126,0.972172
127,0.97761
128,0.976207
129,0.980476
130,0.987455
131,0.987789
132,0.989427
133,0.989628
134,0.973367
135,0.819311
136,0.538562
137,0.672527
138,0.729792
139,0.767671
140,0.742212
141,0.860349
142,0.84294
143,0.970115
144,0.969154
145,0.985025
146,0.981784
147,0.975522
148,0.976
149,0.981248
150,0.983217
151,0.983212
152,0.985765
153,0.985409
154,0.987498
155,0.986503
156,0.986312
157,0.983454
158,0.985088
159,0.982233
160,0.979686
161,0.981788
162,0.98283
163,0.969693
164,0.981796
165,0.982602
166,0.985533
167,0.986386
168,0.988202
169,0.989019
170,0.987749
171,0.989355
172,0.990257
173,0.989794
174,0.989088
175,0.9806
176,0.986322
177,0.988134
178,0.975196
179,0.937218
180,0.80901
181,0.643674
182,0.732827
183,0.67067
184,0.731998
185,0.668205
186,0.553775
187,0.541458
188,0.502715
189,0.529941
190,0.496117
191,0.508656
192,0.511786
193,0.511006
194,0.725035
195,0.867585
196,0.867824
197,0.860921
198,0.880647
199,0.847564
200,0.915841
201,0.898986
202,0.878587
203,0.898201
204,0.919086
205,0.973826
206,0.973921
207,0.967702
208,0.93077
209,0.745196
210,0.685277
211,0.640703
212,0.494593
213,0.451586
214,0.506012
215,0.499713
216,0.41765
217,0.533873
218,0.568078
219,0.5973
220,0.514802
221,0.835723
222,0.902021
223,0.896396
224,0.896301
225,0.904034
226,0.925172
227,0.915152
228,0.979689
229,0.984692
230,0.984145
231,0.985959
232,0.942062
233,0.985714
234,0.984794
235,0.983502
236,0.985186
237,0.986744
238,0.985463
239,0.947735
240,0.941586
241,0.908496
242,0.920785
243,0.916621
244,0.760378
245,0.61676
246,0.653983
247,0.666954
248,0.582349
249,0.494999
250,0.488237
251,0.552512
252,0.587108
253,0.823491
254,0.870889
255,0.882593
256,0.851712
257,0.808475
258,0.924712
259,0.928324
260,0.93989
261,0.970936
262,0.975339
263,0.973293
264,0.978416
265,0.988712
266,0.986916
267,0.987003
268,0.988119
269,0.985287
270,0.984566
271,0.987095
272,0.98508
273,0.976186
274,0.967499
275,0.941922
276,0.872885
277,0.706
278,0.699306
279,0.671901
280,0.579735
281,0.477049
282,0.473922
283,0.497913
284,0.424983
285,0.263078
286,0.14834
287,0.176827
288,0.171598
289,0.372507
290,0.582683
291,0.930725
292,0.900925
293,0.964303
294,0.955566
295,0.902397
296,0.958361
297,0.969136
298,0.961159
299,0.970482
300,0.989645
301,0.986897
302,0.988947
303,0.98825
304,0.985622
305,0.9908
306,0.990765
307,0.989862
308,0.987585
309,0.987751
310,0.988898
311,0.988739
312,0.989487
313,0.989531
314,0.98883
315,0.988523
316,0.980359
317,0.980472
318,0.977569
319,0.983277
320,0.981422
321,0.980906
322,0.983842
323,0.924786
324,0.885074
325,0.933521
326,0.90901
327,0.901504
328,0.815053
329,0.74077
330,0.735694
331,0.7548
332,0.878786
333,0.693161
334,0.797246
335,0.946249
336,0.955115
337,0.959145
338,0.978839
339,0.979741
340,0.976836
341,0.971226
342,0.96876
343,0.983156
344,0.978964
345,0.971386
346,0.963183
347,0.963191
348,0.967079
349,0.968039
350,0.964898
351,0.970456
352,0.973212
353,0.978107
354,0.965788
355,0.942017
356,0.95121
357,0.947888
358,0.911371
359,0.83697
360,0.761632
361,0.465457
362,0.311221
363,0.356124
364,0.388238
365,0.333129
366,0.145089
367,0.418999
368,0.582189
369,0.841526
370,0.867776
371,0.970818
372,0.971673
373,0.943641
374,0.974537
375,0.969427
376,0.962177
377,0.970669
378,0.965627
379,0.974557
380,0.97721
381,0.977769
382,0.97204
383,0.978257
384,0.977237
385,0.958771
386,0.955604
387,0.956028
388,0.963068
389,0.956617
390,0.960863
391,0.960939
392,0.958375
393,0.955783
394,0.949677
395,0.953647
396,0.945689
397,0.960307
398,0.95702
399,0.959009
400,0.982305
401,0.963841
402,0.968558
403,0.938463
404,0.921327
405,0.914796
406,0.915913
407,0.936412
408,0.949284
409,0.949209
410,0.948302
411,0.948079
412,0.957659
413,0.961021
414,0.967407
415,0.959789
416,0.969157
417,0.96279
418,0.961643
419,0.966384
420,0.967179
421,0.95567
422,0.959878
423,0.959231
424,0.960718
425,0.961738
426,0.969688
427,0.970078
428,0.963757
429,0.971897
430,0.970834
431,0.968894
432,0.97248
433,0.964083
434,0.970218
435,0.97137
436,0.9571
437,0.972057
438,0.964488
439,0.967389
440,0.968206
441,0.946817
442,0.944485
443,0.958492
444,0.957897
445,0.961171
446,0.965493
447,0.96948
448,0.965027
449,0.965172
450,0.971919
451,0.975311
452,0.977875
453,0.981486
454,0.974467
455,0.965683
456,0.963244
457,0.969423
458,0.970608
459,0.96632
460,0.965321
461,0.967124
462,0.959443
463,0.962316
464,0.964184
465,0.960193
466,0.965365
467,0.963858
468,0.969017
469,0.968996
470,0.96993
471,0.964041
472,0.905387
473,0.936739
474,0.961164
475,0.940082
476,0.942953
477,0.950905
478,0.95855
479,0.951445
480,0.949803
481,0.97124
482,0.973375
483,0.953459
484,0.900361
485,0.879306
486,0.841862
487,0.840945
488,0.824805
489,0.902359
490,0.880047
491,0.637428
492,0.540718
493,0.549389
494,0.527654
495,0.552868
496,0.504546
497,0.423582
498,0.401554
499,0.362696
500,0.434853
501,0.265354
502,0.345153
503,0.868338
504,0.956118
505,0.942746
506,0.930787
507,0.916892
508,0.970166
509,0.976756
510,0.964898
511,0.981317
512,0.982672
513,0.987075
514,0.985927
515,0.986231
516,0.986243
517,0.99249
518,0.98887
519,0.992342
520,0.992231
521,0.991994
522,0.992039
523,0.992916
524,0.992122
525,0.986732
526,0.983433
527,0.98189
528,0.984569
529,0.988727
530,0.989588
531,0.990798
532,0.989566
533,0.989333
534,0.98979
535,0.990973
536,0.990586
537,0.99126
538,0.989342
539,0.98826
540,0.98782
541,0.985632
542,0.985787
543,0.984538
544,0.985367
545,0.986305
546,0.964508
547,0.955519
548,0.934973
549,0.944404
550,0.968782
551,0.983514
552,0.984138
553,0.983676
554,0.982801
555,0.985371
556,0.985517
557,0.983978
558,0.9859
559,0.987236
560,0.981612
561,0.982792
562,0.952419
563,0.954184
564,0.954249
565,0.949032
566,0.96078
567,0.961687
568,0.957469
569,0.961998
570,0.963825
571,0.964238
572,0.965355
573,0.967991
574,0.969568
575,0.969154
576,0.968741
577,0.960126
578,0.943593
579,0.953349
580,0.946173
581,0.948398
582,0.948674
583,0.950242
584,0.950188
585,0.956166
586,0.959839
587,0.960981
588,0.968766
589,0.977621
590,0.980335
591,0.981083
592,0.979789
593,0.979038
594,0.978723
595,0.97804
596,0.975662
597,0.975888
598,0.976433
599,0.974946
600,0.973699
601,0.977778
602,0.980201
603,0.982241
604,0.984691
605,0.980951
606,0.979337
607,0.982055
608,0.982192
609,0.980753
610,0.980226
611,0.979641
612,0.979125
613,0.978907
614,0.979383
615,0.981184
616,0.98461
617,0.984697
618,0.979912
619,0.989377
620,0.987448
621,0.989196
622,0.988424
623,0.989098
624,0.990657
625,0.992334
626,0.985878
627,0.98657
628,0.989828
629,0.989512
630,0.991812
631,0.992514
632,0.99471
633,0.992536
634,0.995262
635,0.994892
636,0.994151
637,0.991168
638,0.99096
639,0.990223
640,0.994047
641,0.993233
642,0.993856
643,0.99477
644,0.986224
645,0.992961
646,0.980036
647,0.990992
648,0.991115
649,0.99643
650,0.995278
651,0.996021
652,0.995427
653,0.99431
654,0.994351
655,0.995054
656,0.994395
657,0.994527
658,0.994838
659,0.994513
660,0.993473
661,0.993101
662,0.99346
663,0.994114
664,0.993376
665,0.986591
666,0.985339
667,0.993704
668,0.994675
669,0.989711
670,0.989957
671,0.989387
672,0.989206
673,0.985337
674,0.982478
675,0.983604
676,0.98382
677,0.983408
678,0.979398
679,0.987123
680,0.97038
681,0.907308
682,0.905302
683,0.683819
684,0.596657
685,0.37859
686,0.290178
687,0.129695
688,0.08579
689,0.07676
690,0.049731
691,0.14801
692,0.459515
693,0.719495
694,0.957618
695,0.979794
696,0.983724
697,0.973159
698,0.963031
699,0.964217
700,0.969216
701,0.974615
702,0.972087
703,0.987833
704,0.99099
705,0.991668
706,0.990145
707,0.990668
708,0.98762
709,0.992868
710,0.992243
711,0.987529
712,0.972009
713,0.881867
714,0.912782
715,0.724084
716,0.829679
717,0.705148
718,0.881187
719,0.717599
720,0.840184
721,0.569929
722,0.415225
723,0.555548
724,0.570541
725,0.693727
726,0.624089
727,0.81677
728,0.808223
729,0.814043
730,0.746562
731,0.815322
732,0.86433
733,0.968459
734,0.924803
735,0.953729
736,0.977643
737,0.982276
738,0.98429
739,0.983381
740,0.985422
741,0.986766
742,0.986114
743,0.98665
744,0.988784
745,0.990526
746,0.989222
747,0.989677
748,0.987964
749,0.988405
750,0.979538
751,0.978496
752,0.979892
753,0.981961
754,0.983933
755,0.981499
756,0.980533
757,0.979953
758,0.980701
759,0.98313
760,0.984871
761,0.982609
762,0.981501
763,0.983068
764,0.980326
765,0.979497
766,0.980226
767,0.980048
768,0.978061
769,0.97996
770,0.979086
771,0.979651
772,0.982651
773,0.973599
774,0.975935
775,0.975566
776,0.978779
777,0.968133
778,0.962221
779,0.954021
780,0.963006
781,0.95151
782,0.951804
783,0.962298
784,0.964278
785,0.968444
786,0.971993
787,0.966746
788,0.968003
789,0.97271
790,0.972397
791,0.972801
792,0.97361
793,0.978744
794,0.979855
795,0.980537
796,0.981712
797,0.980065
798,0.980517
799,0.976402
800,0.979118
801,0.980713
802,0.977239
803,0.978236
804,0.978622
805,0.976002
806,0.969761
807,0.967751
808,0.961273
809,0.949113
810,0.961293
811,0.959345
812,0.96163
813,0.953044
814,0.960449
815,0.943586
816,0.888197
817,0.627764
818,0.316736
819,0.733479
820,0.597557
821,0.529233
822,0.626974
823,0.47386
824,0.499703
825,0.474615
826,0.375868
827,0.299561
828,0.334544
829,0.270103
830,0.230381
831,0.244576
832,0.287979
833,0.283876
834,0.358161
835,0.271056
836,0.309024
837,0.266591
838,0.351022
839,0.311758
840,0.33988
841,0.317584
842,0.214117
843,0.275109
844,0.277658
845,0.314189
846,0.392632
847,0.297021
848,0.295732
849,0.158449
850,0.088489
851,0.052313
852,0.469358
853,0.878534
854,0.920452
855,0.940985
856,0.932315
857,0.965611
858,0.964407
859,0.974068
860,0.968321
861,0.972879
862,0.966605
863,0.960201
864,0.963618
865,0.931785
866,0.851067
867,0.734663
868,0.6351
869,0.465621
870,0.454081
871,0.43728
872,0.416439
873,0.244689
874,0.314307
875,0.555061
876,0.523001
877,0.462701
878,0.443348
879,0.414415
880,0.358753
881,0.335184
882,0.367934
883,0.376487
884,0.365847
885,0.384456
886,0.230475
887,0.24166
888,0.285869
889,0.263876
890,0.287554
891,0.507507
892,0.539535
893,0.300097
894,0.294169
895,0.647488
896,0.843411
897,0.900493
898,0.878499
899,0.863635
900,0.914154
901,0.952141
902,0.952092
903,0.950043
904,0.947958
905,0.952908
906,0.88974
907,0.428639
908,0.381532
909,0.327917
910,0.224286
911,0.267006
912,0.207261
913,0.100835
914,0.080462
915,0.074212
916,0.066316
917,0.060097
918,0.047582
919,0.075456
920,0.590212
921,0.9
922,0.921718
923,0.929961
924,0.949499
925,0.964146
926,0.964524
927,0.972547
928,0.973065
929,0.968186
930,0.966579
931,0.96884
932,0.967338
933,0.966144
934,0.963679
935,0.968662
936,0.968319
937,0.965646
938,0.96794
939,0.96571
940,0.964719
941,0.969053
942,0.965654
943,0.965763
944,0.942001
945,0.366381
946,0.146614
947,0.137375
948,0.178895
949,0.063691
950,0.080872
951,0.089512
952,0.101962
953,0.074319
954,0.082683
955,0.129753
956,0.151586
957,0.13735
958,0.203299
959,0.163942
960,0.184092
961,0.261778
962,0.341146
963,0.373911
964,0.464759
965,0.430865
966,0.397258
967,0.699923
968,0.886351
969,0.960875
970,0.953767
971,0.958156
972,0.961868
973,0.965843
974,0.973296
975,0.971882
976,0.965263
977,0.968866
978,0.970248
979,0.967513
980,0.972668
981,0.973196
982,0.971279
983,0.975426
984,0.976286
985,0.980882
986,0.981257
987,0.980872
988,0.983521
989,0.986982
990,0.982764
991,0.983742
992,0.984174
993,0.985973
994,0.987379
995,0.983269
996,0.855446
997,0.655455
998,0.611269
999,0.446065
1000,0.400256
1001,0.180623
1002,0.212048
1003,0.183947
1004,0.189596
1005,0.21584
1006,0.235891
1007,0.26283
1008,0.413454
1009,0.382633
1010,0.429805
1011,0.570051
1012,0.570218
1013,0.268172
1014,0.334085
1015,0.324327
1016,0.342624
1017,0.403375
1018,0.404923
1019,0.414538
1020,0.455364
1021,0.223551
1022,0.181505
1023,0.219772
1024,0.203136
1025,0.214744
1026,0.219751
1027,0.179016
1028,0.187132
1029,0.17377
1030,0.172153
1031,0.150948
1032,0.138347
1033,0.129517
1034,0.189003
1035,0.196004
1036,0.226163
1037,0.220718
1038,0.179439
1039,0.211503
1040,0.209603
1041,0.225126
1042,0.168664
1043,0.153376
1044,0.169902
1045,0.221495
1046,0.236752
1047,0.179899
1048,0.188789
1049,0.231876
1050,0.195959
1051,0.220239
1052,0.257598
1053,0.217289
1054,0.298184
1055,0.311805
1056,0.357163
1057,0.267249
1058,0.287044
1059,0.289132
1060,0.316694
1061,0.342467
1062,0.213131
1063,0.142116
1064,0.162241
1065,0.147842
1066,0.107244
1067,0.113094
1068,0.210994
1069,0.179488
1070,0.193591
1071,0.233472
1072,0.527129
1073,0.752087
1074,0.954402
1075,0.983065
1076,0.991096
1077,0.990592
1078,0.991589
1079,0.98997
1080,0.991593
1081,0.994337
1082,0.993402
1083,0.887393
1084,0.647104
1085,0.76412
1086,0.532656
1087,0.260999
1088,0.212637
1089,0.321301
1090,0.303405
1091,0.201809
1092,0.27694
1093,0.118625
1094,0.334727
1095,0.132849
1096,0.128211
1097,0.114342
1098,0.123222
1099,0.149085
1100,0.130329
1101,0.115848
1102,0.125662
1103,0.244802
1104,0.714683
1105,0.903156
1106,0.961165
1107,0.970081
1108,0.911299
1109,0.966729
1110,0.962604
1111,0.96323
1112,0.964511
1113,0.97187
1114,0.973874
1115,0.972253
1116,0.960821
1117,0.982587
1118,0.961269
1119,0.404652
1120,0.388196
1121,0.541135
1122,0.379017
1123,0.771923
1124,0.730687
1125,0.513084
1126,0.582696
1127,0.400133
1128,0.391285
1129,0.314014
1130,0.334461
1131,0.313454
1132,0.341611
1133,0.284789
1134,0.253359
1135,0.253818
1136,0.182338
1137,0.212726
1138,0.177557
1139,0.125312
1140,0.105368
1141,0.081646
1142,0.078586
1143,0.100622
1144,0.130792
1145,0.162925
1146,0.202998
1147,0.271939
1148,0.267517
1149,0.241646
1150,0.269371
1151,0.296192
1152,0.336649
1153,0.540709
1154,0.51324
1155,0.471312
1156,0.291229
1157,0.232102
1158,0.304401
1159,0.296166
1160,0.294763
1161,0.535451
1162,0.566906
1163,0.662821
1164,0.859936
1165,0.867036
1166,0.850147
1167,0.90836
1168,0.898879
1169,0.928571
1170,0.955447
1171,0.945824
1172,0.916091
1173,0.891421
1174,0.883381
1175,0.818771
1176,0.812328
1177,0.879278
1178,0.917298
1179,0.989823
1180,0.990834
1181,0.992267
1182,0.993668
1183,0.988675
1184,0.987224
1185,0.989558
1186,0.99205
1187,0.806808
1188,0.627605
1189,0.620119
1190,0.527118
1191,0.641293
1192,0.706528
1193,0.763476
1194,0.806093
1195,0.817858
1196,0.824307
1197,0.770427
1198,0.803111
1199,0.837803
1200,0.86838
1201,0.846928
1202,0.847925
1203,0.87455
1204,0.941138
1205,0.959668
1206,0.896441
1207,0.986489
1208,0.984578
1209,0.983497
1210,0.980976
1211,0.98443
1212,0.985369
1213,0.977529
1214,0.979863
1215,0.980217
1216,0.980369
1217,0.978355
1218,0.979693
1219,0.979927
1220,0.959104
1221,0.957412
1222,0.966715
1223,0.946514
1224,0.939914
1225,0.872868
1226,0.849917
1227,0.863293
1228,0.858404
1229,0.876108
1230,0.907092
1231,0.923474
1232,0.926171
1233,0.9391
1234,0.918244
1235,0.919661
1236,0.937253
1237,0.968921
1238,0.974169
1239,0.982195
1240,0.980444
1241,0.982341
1242,0.982659
1243,0.980473
1244,0.980901
1245,0.967314
1246,0.927158
1247,0.868305
1248,0.880642
1249,0.862333
1250,0.853851
1251,0.817277
1252,0.7823
1253,0.787657
1254,0.796031
1255,0.803045
1256,0.831853
1257,0.849696
1258,0.800667
1259,0.794611
1260,0.794908
1261,0.776264
1262,0.757799
1263,0.709445
1264,0.841582
1265,0.825113
1266,0.872297
1267,0.955583
1268,0.965503
1269,0.949255
1270,0.947049
1271,0.945325
1272,0.935378
1273,0.945639
1274,0.958533
1275,0.949014
1276,0.951279
1277,0.949823
1278,0.955262
1279,0.945775
1280,0.945725
1281,0.944881
1282,0.951691
1283,0.96273
1284,0.967829
1285,0.971797
1286,0.947062
1287,0.952738
1288,0.951293
1289,0.943372
1290,0.973209
1291,0.780285
1292,0.748802
1293,0.729937
1294,0.833057
1295,0.775361
1296,0.816467
1297,0.876655
1298,0.916483
1299,0.906778
1300,0.929553
1301,0.907469
1302,0.903691
1303,0.840279
1304,0.847534
1305,0.803185
1306,0.851237
1307,0.835792
1308,0.829639
1309,0.654158
1310,0.73977
1311,0.736213
1312,0.76486
1313,0.754606
1314,0.755581
1315,0.833236
1316,0.808826
1317,0.55879
1318,0.793894
1319,0.758489
1320,0.761085
1321,0.721213
1322,0.719811
1323,0.70476
1324,0.709232
1325,0.668349
1326,0.670581
1327,0.639239
1328,0.697801
1329,0.690074
1330,0.733734
1331,0.740371
1332,0.747195
1333,0.529483
1334,0.545354
1335,0.498566
1336,0.499347
1337,0.532213
1338,0.47848
1339,0.516752
1340,0.529598
1341,0.531463
1342,0.583709
1343,0.585926
1344,0.61075
1345,0.724007
1346,0.670805
1347,0.513096
1348,0.601927
1349,0.598542
1350,0.578265
1351,0.482763
1352,0.466955
1353,0.511625
1354,0.568404
1355,0.538635
1356,0.493492
1357,0.611537
1358,0.627821
1359,0.642757
1360,0.654662
1361,0.659008
1362,0.834905
1363,0.916464
1364,0.921261
1365,0.979428
1366,0.977173
1367,0.979958
1368,0.978198
1369,0.978855
1370,0.977671
1371,0.97674
1372,0.90263
1373,0.832985
1374,0.559357
1375,0.53191
1376,0.717779
1377,0.743138
1378,0.651148
1379,0.64373
1380,0.76073
1381,0.727136
1382,0.745304
1383,0.726851
1384,0.800436
1385,0.773432
1386,0.560514
1387,0.542294
1388,0.4614
1389,0.553628
1390,0.652486
1391,0.682068
1392,0.714796
1393,0.65961
1394,0.665902
1395,0.724203
1396,0.764497
1397,0.810839
1398,0.848436
1399,0.831765
1400,0.824505
1401,0.84467
1402,0.859671
1403,0.866736
1404,0.860964
1405,0.881361
1406,0.872765
1407,0.84564
1408,0.839878
1409,0.834777
1410,0.805334
1411,0.799822
1412,0.836063
1413,0.838701
1414,0.882185
1415,0.880782
1416,0.939325
1417,0.960062
1418,0.971258
1419,0.971043
1420,0.982334
1421,0.978661
1422,0.976738
1423,0.976548
1424,0.977783
1425,0.979983
1426,0.970562
1427,0.903666
1428,0.89476
1429,0.841916
1430,0.841305
1431,0.804956
1432,0.780288
1433,0.768469
1434,0.784042
1435,0.6673
1436,0.660871
1437,0.679043
1438,0.908368
1439,0.787795
1440,0.748433
1441,0.593378
1442,0.603632
1443,0.536243
1444,0.523613
1445,0.480367
1446,0.476027
1447,0.451679
1448,0.505048
1449,0.480771
1450,0.723359
1451,0.762495
1452,0.889381
1453,0.812269
1454,0.964815
1455,0.981629
1456,0.989714
1457,0.989804
1458,0.989539
1459,0.98955
1460,0.988808
1461,0.988283
1462,0.987716
1463,0.986877
1464,0.98577
1465,0.909557
1466,0.576339
1467,0.832115
1468,0.774573
1469,0.294841
1470,0.541564
1471,0.651034
1472,0.52278
1473,0.508398
1474,0.413045
1475,0.309783
1476,0.533143
1477,0.733283
1478,0.832604
1479,0.893777
1480,0.929827
1481,0.942343
1482,0.943029
1483,0.952401
1484,0.936708
1485,0.950217
1486,0.959141
1487,0.965782
1488,0.963524
1489,0.956685
1490,0.971944
1491,0.977486
1492,0.978685
1493,0.981808
1494,0.980972
1495,0.982902
1496,0.982775
1497,0.982937
1498,0.970393
1499,0.957487
1500,0.961146
1501,0.959042
1502,0.973138
1503,0.973893
1504,0.971506
1505,0.967286
1506,0.967368
1507,0.961922
1508,0.933065
1509,0.904459
1510,0.899274
1511,0.816034
1512,0.667173
1513,0.580912
1514,0.465656
1515,0.485794
1516,0.419727
1517,0.514976
1518,0.541358
1519,0.840867
1520,0.958274
1521,0.882816
1522,0.967677
1523,0.954386
1524,0.953718
1525,0.963128
1526,0.977724
1527,0.977325
1528,0.979476
1529,0.978374
1530,0.965161
1531,0.953312
1532,0.930294
1533,0.834376
1534,0.767209
1535,0.769551
1536,0.676355
1537,0.592189
1538,0.568762
1539,0.583892
1540,0.519873
1541,0.469185
1542,0.469113
1543,0.502705
1544,0.484083
1545,0.500152
1546,0.5478
1547,0.536878
1548,0.441213
1549,0.344496
1550,0.524861
1551,0.53914
1552,0.617776
1553,0.604042
1554,0.618324
1555,0.615799
1556,0.708407
1557,0.806215
1558,0.838617
1559,0.895482
1560,0.893437
1561,0.962019
1562,0.983141
1563,0.98089
1564,0.980954
1565,0.96156
1566,0.986864
1567,0.978909
1568,0.962846
1569,0.968231
1570,0.967594
1571,0.980206
1572,0.969769
1573,0.987001
1574,0.981476
1575,0.948145
1576,0.745694
1577,0.863976
1578,0.764965
1579,0.814943
1580,0.779878
1581,0.739354
1582,0.71295
1583,0.715085
1584,0.429271
1585,0.345463
1586,0.230736
1587,0.213376
1588,0.196743
1589,0.246897
1590,0.206054
1591,0.192713
1592,0.197506
1593,0.212355
1594,0.432146
1595,0.300772
1596,0.368075
1597,0.750075
1598,0.869603
1599,0.929588
1600,0.950886
1601,0.96872
1602,0.976013
1603,0.971287
1604,0.966977
1605,0.968167
1606,0.970574
1607,0.940271
1608,0.879162
1609,0.800961
1610,0.739946
1611,0.82222
1612,0.820154
1613,0.788417
1614,0.746508
1615,0.77215
1616,0.656815
1617,0.555452
1618,0.540541
1619,0.608629
1620,0.512745
1621,0.59133
1622,0.623044
1623,0.687364
1624,0.630186
1625,0.575375
1626,0.598516
1627,0.648604
1628,0.586902
1629,0.586772
1630,0.508176
1631,0.413135
1632,0.391294
1633,0.437624
1634,0.388052
1635,0.435842
1636,0.351035
1637,0.424968
1638,0.520086
1639,0.427365
1640,0.487198
1641,0.432023
1642,0.449169
1643,0.341645
1644,0.435698
1645,0.365978
1646,0.416184
1647,0.301063
1648,0.361088
1649,0.389038
1650,0.436205
1651,0.384103
1652,0.423079
1653,0.480916
1654,0.454812
1655,0.443336
1656,0.424719
1657,0.392261
1658,0.453806
1659,0.49789
1660,0.51487
1661,0.464575
1662,0.404537
1663,0.45897
1664,0.403811
1665,0.309054
1666,0.347023
1667,0.295914
1668,0.377689
1669,0.414117
1670,0.395992
1671,0.465184
1672,0.471645
1673,0.473244
1674,0.507413
1675,0.567772
1676,0.922063
1677,0.950615
1678,0.946307
1679,0.961376
1680,0.957687
1681,0.961884
1682,0.93774
1683,0.601366
1684,0.629728
1685,0.707889
1686,0.567603
1687,0.417526
1688,0.119185
1689,0.456493
1690,0.473377
1691,0.382351
1692,0.473535
1693,0.326629
1694,0.288793
1695,0.291863
1696,0.356281
1697,0.332838
1698,0.352407
1699,0.338664
1700,0.377164
1701,0.356309
1702,0.280529
1703,0.285813
1704,0.279947
1705,0.385305
1706,0.373174
1707,0.409043
1708,0.386057
1709,0.358272
1710,0.327005
1711,0.354498
1712,0.344972
1713,0.327994
1714,0.349109
1715,0.355166
1716,0.395753
1717,0.395623
1718,0.398217
1719,0.392549
1720,0.388348
1721,0.316131
1722,0.392583
1723,0.42329
1724,0.455672
1725,0.447862
1726,0.442728
1727,0.518889
1728,0.5175
1729,0.114007
1730,0.100733
1731,0.113693
1732,0.120806
1733,0.09389
1734,0.124969
1735,0.175189
1736,0.148758
1737,0.175603
1738,0.164004
1739,0.437163
1740,0.447656
1741,0.321845
1742,0.361787
1743,0.137917
1744,0.658705
1745,0.891348
1746,0.944693
1747,0.949005
1748,0.966243
1749,0.96455
1750,0.968006
1751,0.683546
1752,0.417957
1753,0.260979
1754,0.233774
1755,0.280672
1756,0.28759
1757,0.336485
1758,0.363507
1759,0.384808
1760,0.30228
1761,0.331219
1762,0.337389
1763,0.357456
1764,0.336486
1765,0.081385
1766,0.079472
1767,0.073961
1768,0.105386
1769,0.112657
1770,0.109967
1771,0.113829
1772,0.090488
1773,0.100832
1774,0.30473
1775,0.257684
1776,0.253497
1777,0.330355
1778,0.330672
1779,0.370797
1780,0.414896
1781,0.419984
1782,0.347076
1783,0.357679
1784,0.38026
1785,0.367096
1786,0.390939
1787,0.367575
1788,0.328549
1789,0.310802
1790,0.348795
1791,0.335998
1792,0.342833
1793,0.394371
1794,0.386
1795,0.398812
1796,0.420462
1797,0.413599
1798,0.380069
1799,0.448011
1800,0.503748
1801,0.564803
1802,0.596463
1803,0.619911
1804,0.548135
1805,0.626943
1806,0.555223
1807,0.547917
1808,0.558836
1809,0.552062
1810,0.549302
1811,0.542145
1812,0.50812
1813,0.381763
1814,0.372342
1815,0.373706
1816,0.358948
1817,0.290166
1818,0.382674
1819,0.301259
1820,0.335693
1821,0.286393
1822,0.281858
1823,0.311193
1824,0.285252
1825,0.272254
1826,0.257031
1827,0.243356
1828,0.204048
1829,0.195037
1830,0.269879
1831,0.254195
1832,0.222754
1833,0.261813
1834,0.300386
1835,0.279448
1836,0.305797
1837,0.38157
1838,0.297499
1839,0.287275
1840,0.311539
1841,0.285987
1842,0.297152
1843,0.31681
1844,0.268297
1845,0.26932
1846,0.263524
1847,0.258662
1848,0.252454
1849,0.175022
1850,0.221459
1851,0.225026
1852,0.251565
1853,0.223939
1854,0.22958
1855,0.177565
1856,0.330819
1857,0.27471
1858,0.25052
1859,0.208644
1860,0.161562
1861,0.197758
1862,0.202742
1863,0.180042
1864,0.143069
1865,0.161311
1866,0.17368
1867,0.231204
1868,0.247832
1869,0.24406
1870,0.25856
1871,0.307355
1872,0.372037
1873,0.712768
1874,0.941036
1875,0.935173
1876,0.950423
1877,0.96117
1878,0.963327
1879,0.96587
1880,0.966696
1881,0.966436
1882,0.962528
1883,0.817983
1884,0.323774
1885,0.436624
1886,0.365979
1887,0.310234
1888,0.343366
1889,0.369615
1890,0.375459
1891,0.35892
1892,0.367378
1893,0.420887
1894,0.403336
1895,0.394442
1896,0.371398
1897,0.257449
1898,0.273852
1899,0.28518
1900,0.265871
1901,0.23751
1902,0.374523
1903,0.336301
1904,0.369257
1905,0.366464
1906,0.322181
1907,0.332218
1908,0.274455
1909,0.2107
1910,0.267334
1911,0.274482
1912,0.252364
1913,0.428508
1914,0.906675
1915,0.963641
1916,0.973566
1917,0.974207
1918,0.975847
1919,0.976826
1920,0.979196
1921,0.98443
1922,0.819119
1923,0.468475
1924,0.381241
1925,0.223425
1926,0.23194
1927,0.248219
1928,0.250893
1929,0.26179
1930,0.245282
1931,0.183603
1932,0.207512
1933,0.192351
1934,0.253196
1935,0.750617
1936,0.918687
1937,0.928499
1938,0.952778
1939,0.945877
1940,0.958428
1941,0.957564
1942,0.964548
1943,0.97102
1944,0.879015
1945,0.531363
1946,0.505564
1947,0.380411
1948,0.21061
1949,0.265591
1950,0.329441
1951,0.319611
1952,0.268266
1953,0.240036
1954,0.256105
1955,0.240057
1956,0.264494
1957,0.182787
1958,0.174961
1959,0.174075
1960,0.253178
1961,0.364793
1962,0.322695
1963,0.375288
1964,0.825736
1965,0.910354
1966,0.868483
1967,0.948673
1968,0.877541
1969,0.903672
1970,0.899173
1971,0.895939
1972,0.866218
1973,0.81507
1974,0.819888
1975,0.460017
1976,0.339051
1977,0.478799
1978,0.375365
1979,0.409457
1980,0.339228
1981,0.17072
1982,0.26387
1983,0.304979
1984,0.445268
1985,0.340005
1986,0.40957
1987,0.32818
1988,0.301449
1989,0.256047
1990,0.358063
1991,0.301345
1992,0.157034
1993,0.286337
1994,0.199035
1995,0.662942
1996,0.840001
1997,0.711054
1998,0.768992
1999,0.808286
2000,0.836987
2001,0.895385
2002,0.942716
2003,0.954547
2004,0.963521
2005,0.950792
2006,0.946349
2007,0.952522
2008,0.942812
2009,0.926077
2010,0.884166
2011,0.621008
2012,0.730735
2013,0.774209
2014,0.852375
2015,0.793376
2016,0.914647
2017,0.971999
2018,0.974991
2019,0.974926
2020,0.972776
2021,0.958403
2022,0.958102
2023,0.960385
2024,0.960693
2025,0.971987
2026,0.972249
2027,0.969822
2028,0.973648
2029,0.843671
2030,0.463457
2031,0.393323
2032,0.361149
2033,0.388072
2034,0.438277
2035,0.469237
2036,0.420161
2037,0.386836
2038,0.370058
2039,0.405959
2040,0.42575
2041,0.484875
2042,0.48255
2043,0.454339
2044,0.517561
2045,0.30998
2046,0.282909
2047,0.270445
2048,0.26201
2049,0.2662
2050,0.288856
2051,0.337153
2052,0.436239
2053,0.394232
2054,0.396284
2055,0.380764
2056,0.400237
2057,0.448887
2058,0.439475
2059,0.473602
2060,0.350038
2061,0.404103
2062,0.500566
2063,0.465435
2064,0.455308
2065,0.507856
2066,0.431623
2067,0.352538
2068,0.45206
2069,0.524445
2070,0.694026
2071,0.891731
2072,0.910177
2073,0.882482
2074,0.97102
2075,0.971935
2076,0.99044
2077,0.970725
2078,0.964329
2079,0.990091
2080,0.921414
2081,0.687579
2082,0.657412
2083,0.583959
2084,0.474163
2085,0.459346
2086,0.523148
2087,0.425534
2088,0.546515
2089,0.522047
2090,0.575681
2091,0.532399
2092,0.517969
2093,0.531148
2094,0.501716
2095,0.608648
2096,0.538907
2097,0.438197
2098,0.412176
2099,0.514535
2100,0.459075
2101,0.413358
2102,0.389476
2103,0.403333
2104,0.434613
2105,0.3794
2106,0.375006
2107,0.369457
2108,0.380809
2109,0.383686
2110,0.394522
2111,0.332507
2112,0.330691
2113,0.25488
2114,0.273114
2115,0.213435
2116,0.223504
2117,0.195766
2118,0.197421
2119,0.271496
2120,0.283594
2121,0.273424
2122,0.242659
2123,0.274446
2124,0.268639
2125,0.424997
2126,0.276702
2127,0.307979
2128,0.302117
2129,0.295493
2130,0.374553
2131,0.340385
2132,0.34204
2133,0.3644
2134,0.361611
2135,0.2633
2136,0.366287
2137,0.271125
2138,0.391294
2139,0.269023
2140,0.757697
2141,0.947079
2142,0.981598
2143,0.979052
2144,0.976948
2145,0.979237
2146,0.980227
2147,0.976275
2148,0.881376
2149,0.478993
2150,0.522855
2151,0.544014
2152,0.542163
2153,0.469281
2154,0.479602
2155,0.558921
2156,0.465376
2157,0.429304
2158,0.386634
2159,0.341562
2160,0.330241
2161,0.263175
2162,0.343812
2163,0.476146
2164,0.538269
2165,0.489816
2166,0.461882
2167,0.597581
2168,0.597778
2169,0.62412
2170,0.618011
2171,0.617298
2172,0.607985
2173,0.583766
2174,0.56303
2175,0.569502
2176,0.709051
2177,0.712373
2178,0.720122
2179,0.696171
2180,0.693456
2181,0.685073
2182,0.656025
2183,0.671336
2184,0.69028
2185,0.718248
2186,0.713528
2187,0.510975
2188,0.548295
2189,0.416796
2190,0.346436
2191,0.478092
2192,0.474701
2193,0.534887
2194,0.546342
2195,0.588514
2196,0.614361
2197,0.737637
2198,0.851475
2199,0.948555
2200,0.956678
2201,0.958089
2202,0.952907
2203,0.951115
2204,0.948549
2205,0.960182
2206,0.960478
2207,0.963055
2208,0.962351
2209,0.956398
2210,0.963325
2211,0.970615
2212,0.96169
2213,0.903677
2214,0.668566
2215,0.636348
2216,0.639601
2217,0.598435
2218,0.596544
2219,0.549492
2220,0.576074
2221,0.826412
2222,0.822316
2223,0.902263
2224,0.954941
2225,0.917338
2226,0.963975
2227,0.976803
2228,0.979173
2229,0.980748
2230,0.981858
2231,0.981369
2232,0.9828
2233,0.982485
2234,0.975602
2235,0.980607
2236,0.981522
2237,0.986571
2238,0.984471
2239,0.986527
2240,0.981683
2241,0.985001
2242,0.991733
2243,0.99242
2244,0.990898
2245,0.983535
2246,0.992483
2247,0.992682
2248,0.987464
2249,0.991853
2250,0.986714
2251,0.994369
2252,0.994351
2253,0.994593
2254,0.994866
2255,0.994338
2256,0.994432
2257,0.992025
2258,0.992927
2259,0.992508
2260,0.992035
2261,0.935484
2262,0.58137
2263,0.479731
2264,0.351909
2265,0.332128
2266,0.381256
2267,0.370305
2268,0.348236
2269,0.392386
2270,0.394639
2271,0.399281
2272,0.328752
2273,0.410796
2274,0.611227
2275,0.947665
2276,0.97433
2277,0.979642
2278,0.987911
2279,0.986509
2280,0.978675
2281,0.985422
2282,0.982009
2283,0.985255
2284,0.986443
2285,0.986511
2286,0.987695
2287,0.988713
2288,0.987071
2289,0.86681
2290,0.24316
2291,0.256796
2292,0.325583
2293,0.368875
2294,0.48417
2295,0.471743
2296,0.365717
2297,0.320572
2298,0.288113
2299,0.319654
2300,0.350946
2301,0.385163
2302,0.386554
2303,0.369114
2304,0.373456
2305,0.311438
2306,0.319439
2307,0.303716
2308,0.341485
2309,0.298492
2310,0.331492
2311,0.317632
2312,0.389954
2313,0.367616
2314,0.444777
2315,0.38941
2316,0.407829
2317,0.315004
2318,0.305908
2319,0.290327
2320,0.305134
2321,0.256153
2322,0.2543
2323,0.298206
2324,0.424383
2325,0.801084
2326,0.979857
2327,0.978595
2328,0.979599
2329,0.986938
2330,0.986963
2331,0.987581
2332,0.986227
2333,0.985705
2334,0.986156
2335,0.506566
2336,0.281204
2337,0.280873
2338,0.309982
2339,0.35766
2340,0.412508
2341,0.331163
2342,0.385112
2343,0.459422
2344,0.459085
2345,0.545574
2346,0.611318
2347,0.582181
2348,0.517465
2349,0.403271
2350,0.492791
2351,0.453421
2352,0.42118
2353,0.500273
2354,0.439522
2355,0.35068
2356,0.310438
2357,0.391337
2358,0.389819
2359,0.425587
2360,0.417492
2361,0.467841
2362,0.312919
2363,0.372658
2364,0.357066
2365,0.311438
2366,0.280528
2367,0.24042
2368,0.29437
2369,0.266055
2370,0.261771
2371,0.248481
2372,0.292031
2373,0.264959
2374,0.282664
2375,0.212472
2376,0.223864
2377,0.291874
2378,0.670516
2379,0.606304
2380,0.585741
2381,0.337396
2382,0.369071
2383,0.309913
2384,0.318281
2385,0.460933
2386,0.484304
2387,0.424278
2388,0.373519
2389,0.260522
2390,0.291533
2391,0.259415
2392,0.322996
2393,0.467247
2394,0.600207
2395,0.909364
2396,0.97624
2397,0.977916
2398,0.977585
2399,0.986452
2400,0.986894
2401,0.988283
2402,0.986456
2403,0.987997
2404,0.988055
2405,0.87921
2406,0.645015
2407,0.603913
2408,0.599627
2409,0.857036
2410,0.481766
2411,0.544171
2412,0.540241
2413,0.583413
2414,0.577038
2415,0.573185
2416,0.593122
2417,0.554821
2418,0.587768
2419,0.594061
2420,0.540852
2421,0.606419
2422,0.523809
2423,0.834622
2424,0.887061
2425,0.961318
2426,0.974324
2427,0.975738
2428,0.974862
2429,0.985872
2430,0.984589
2431,0.983035
2432,0.95674
2433,0.608191
2434,0.40274
2435,0.253928
2436,0.210351
2437,0.239985
2438,0.147442
2439,0.121693
2440,0.133635
2441,0.231399
2442,0.191649
2443,0.191947
2444,0.221308
2445,0.176942
2446,0.294303
2447,0.280083
2448,0.305063
2449,0.279793
2450,0.310618
2451,0.315997
2452,0.351838
2453,0.382677
2454,0.383806
2455,0.355392
2456,0.374985
2457,0.355105
2458,0.383278
2459,0.346917
2460,0.308839
2461,0.287121
2462,0.349537
2463,0.359921
2464,0.330147
2465,0.329323
2466,0.456362
2467,0.491542
2468,0.510091
2469,0.503953
2470,0.505114
2471,0.741973
2472,0.929816
2473,0.955428
2474,0.95434
2475,0.955011
2476,0.956052
2477,0.958685
2478,0.960747
2479,0.962844
2480,0.801114
2481,0.456468
2482,0.491853
2483,0.719216
2484,0.68606
2485,0.558929
2486,0.586503
2487,0.597936
2488,0.356758
2489,0.35511
2490,0.353329
2491,0.404009
2492,0.791132
2493,0.97267
2494,0.968467
2495,0.979267
2496,0.973688
2497,0.971664
2498,0.979545
2499,0.980404
2500,0.980177
2501,0.899634
2502,0.613077
2503,0.444786
2504,0.367266
2505,0.328956
2506,0.420869
2507,0.527618
2508,0.420958
2509,0.340554
2510,0.349542
2511,0.356416
2512,0.355182
2513,0.380151
2514,0.37487
2515,0.43387
2516,0.421004
2517,0.393576
2518,0.334578
2519,0.400308
2520,0.678109
2521,0.753898
2522,0.714912
2523,0.665566
2524,0.673375
2525,0.65533
2526,0.627571
2527,0.658735
2528,0.676126
2529,0.669095
2530,0.44288
2531,0.447526
2532,0.452692
2533,0.455892
2534,0.46244
2535,0.496065
2536,0.510761
2537,0.439262
2538,0.47445
2539,0.444975
2540,0.441924
2541,0.401398
2542,0.365252
2543,0.429763
2544,0.654975
2545,0.896781
2546,0.953056
2547,0.948572
2548,0.953157
2549,0.955058
2550,0.960124
2551,0.974198
2552,0.80368
2553,0.582891
2554,0.676245
2555,0.671205
2556,0.654672
2557,0.60156
2558,0.498271
2559,0.640479
2560,0.617519
2561,0.588294
2562,0.586197
2563,0.565141
2564,0.564532
2565,0.616077
2566,0.640638
2567,0.594963
2568,0.5353
2569,0.489222
2570,0.53045
2571,0.514124
2572,0.521579
2573,0.543792
2574,0.752054
2575,0.930831
2576,0.974823
2577,0.975695
2578,0.982107
2579,0.981989
2580,0.981615
2581,0.987205
2582,0.949603
2583,0.591548
2584,0.564863
2585,0.554431
2586,0.468943
2587,0.402639
2588,0.345759
2589,0.253243
2590,0.226747
2591,0.316143
2592,0.313332
2593,0.243005
2594,0.316494
2595,0.37982
2596,0.358405
2597,0.298043
2598,0.284619
2599,0.281382
2600,0.379849
2601,0.230232
2602,0.303153
2603,0.410847
2604,0.324096
2605,0.249143
2606,0.239038
2607,0.242343
2608,0.288201
2609,0.234024
2610,0.088063
2611,0.108642
2612,0.066813
2613,0.072607
2614,0.113803
2615,0.06663
2616,0.281003
2617,0.433399
2618,0.450281
2619,0.437926
2620,0.503717
2621,0.515191
2622,0.547496
2623,0.521422
2624,0.567281
2625,0.604825
2626,0.581843
2627,0.523563
2628,0.478396
2629,0.508128
2630,0.54192
2631,0.503443
2632,0.559689
2633,0.53242
2634,0.739091
2635,0.896853
2636,0.965505
2637,0.970941
2638,0.976097
2639,0.980283
2640,0.981212
2641,0.979181
2642,0.978292
2643,0.903428
2644,0.855912
2645,0.817754
2646,0.823778
2647,0.860969
2648,0.818423
2649,0.814058
2650,0.775827
2651,0.718693
2652,0.696083
2653,0.626989
2654,0.669271
2655,0.647589
2656,0.638307
2657,0.634288
2658,0.399387
2659,0.662599
2660,0.433696
2661,0.628758
2662,0.712623
2663,0.388947
2664,0.411537
2665,0.45148
2666,0.436715
2667,0.701147
2668,0.684679
2669,0.715872
2670,0.73161
2671,0.719276
2672,0.688636
2673,0.679817
2674,0.70173
2675,0.618511
2676,0.68393
2677,0.634144
2678,0.696376
2679,0.637259
2680,0.664238
2681,0.640472
2682,0.664021
2683,0.667145
2684,0.40833
2685,0.651594
2686,0.651323
2687,0.658947
2688,0.669794
2689,0.58987
2690,0.338427
2691,0.543123
2692,0.298676
2693,0.321804
2694,0.598839
2695,0.572944
2696,0.41841
2697,0.601254
2698,0.301874
2699,0.56468
2700,0.284519
2701,0.367411
2702,0.336952
2703,0.367354
2704,0.352694
2705,0.408442
2706,0.336102
2707,0.416541
2708,0.398316
2709,0.603596
2710,0.58239
2711,0.280509
2712,0.294387
2713,0.427396
2714,0.407457
2715,0.532427
2716,0.58131
2717,0.647568
2718,0.581023
2719,0.58645
2720,0.617024
2721,0.619938
2722,0.604215
2723,0.557453
2724,0.6069
2725,0.580068
2726,0.555828
2727,0.583229
2728,0.578301
2729,0.599911
2730,0.463681
2731,0.385133
2732,0.408612
2733,0.326951
2734,0.356628
2735,0.403862
2736,0.384494
2737,0.435286
2738,0.44435
2739,0.495723
2740,0.538487
2741,0.560239
2742,0.497449
2743,0.207605
2744,0.206852
2745,0.154847
2746,0.21101
2747,0.558561
2748,0.598162
2749,0.709079
2750,0.560381
2751,0.316529
2752,0.334905
2753,0.351371
2754,0.378626
2755,0.454346
2756,0.51957
2757,0.432334
2758,0.494992
2759,0.501027
2760,0.483105
2761,0.52582
2762,0.506577
2763,0.521294
2764,0.475282
2765,0.438931
2766,0.484007
2767,0.460387
2768,0.48399
2769,0.530445
2770,0.526972
2771,0.57018
2772,0.636456
2773,0.498519
2774,0.544492
2775,0.666717
2776,0.60897
2777,0.524802
2778,0.435836
2779,0.423864
2780,0.749172
2781,0.962308
2782,0.969218
2783,0.976167
2784,0.976702
2785,0.991655
2786,0.986044
2787,0.987363
2788,0.991013
2789,0.991219
2790,0.990196
2791,0.988859
2792,0.988125
2793,0.98922
2794,0.988543
2795,0.992043
2796,0.992205
2797,0.992753
2798,0.991429
2799,0.987914
2800,0.98718
2801,0.987632
2802,0.993299
2803,0.986779
2804,0.985627
2805,0.992645
2806,0.991089
2807,0.993253
2808,0.992964
2809,0.986726
2810,0.989863
2811,0.985332
2812,0.987169
2813,0.979343
2814,0.93243
2815,0.892515
2816,0.697686
2817,0.69262
2818,0.568868
2819,0.415431
2820,0.55434
2821,0.899409
2822,0.952994
2823,0.9783
2824,0.991636
2825,0.981544
2826,0.989248
2827,0.993981
2828,0.994664
2829,0.997508
2830,0.997435
2831,0.996407
2832,0.938294
2833,0.909289
2834,0.849424
2835,0.353766
2836,0.535251
2837,0.445359
2838,0.452913
2839,0.326988
2840,0.28133
2841,0.316816
2842,0.494865
2843,0.564042
2844,0.62419
2845,0.507431
2846,0.410161
2847,0.388283
2848,0.342431
2849,0.359211
2850,0.384838
2851,0.377835
2852,0.368349
2853,0.359941
2854,0.354066
2855,0.460747
2856,0.352585
2857,0.253297
2858,0.128581
2859,0.191786
2860,0.159272
2861,0.146431
2862,0.168799
2863,0.276823
2864,0.440613
2865,0.795618
2866,0.969897
2867,0.97385
2868,0.981589
2869,0.969649
2870,0.973036
2871,0.940344
2872,0.634512
2873,0.524573
2874,0.542612
2875,0.593147
2876,0.573249
2877,0.538246
2878,0.630089
2879,0.561313
2880,0.554854
2881,0.378675
2882,0.441089
2883,0.46692
2884,0.533605
2885,0.496382
2886,0.542049
2887,0.571659
2888,0.537971
2889,0.540759
2890,0.436013
2891,0.468159
2892,0.429585
2893,0.32021
2894,0.389515
2895,0.34738
2896,0.14144
2897,0.100139
2898,0.09462
2899,0.091241
2900,0.074678
2901,0.065323
2902,0.084915
2903,0.102709
2904,0.089191
2905,0.134992
2906,0.154898
2907,0.13574
2908,0.096427
2909,0.124018
2910,0.151559
2911,0.134509
2912,0.121596
2913,0.131355
2914,0.107333
2915,0.067938
2916,0.068122
2917,0.035621
2918,0.026124
2919,0.040061
2920,0.133237
2921,0.125857
2922,0.173866
2923,0.643881
2924,0.934073
2925,0.972979
2926,0.974677
2927,0.948808
2928,0.957695
2929,0.9662
2930,0.984661
2931,0.988165
