1,0.982478
2,0.984097
3,0.984519
4,0.981926
5,0.982846
6,0.981318
7,0.983897
8,0.98205
9,0.981638
10,0.983247
11,0.981507
12,0.975934
13,0.987467
14,0.982892
15,0.978166
16,0.94506
17,0.805791
18,0.541725
19,0.811681
20,0.787236
21,0.728053
22,0.380101
23,0.412636
24,0.430692
25,0.231599
26,0.217135
27,0.427417
28,0.472257
29,0.515952
30,0.532089
31,0.731552
32,0.543454
33,0.653241
34,0.634368
35,0.638276
36,0.537699
37,0.527817
38,0.536212
39,0.441571
40,0.493372
41,0.555463
42,0.548513
43,0.585843
44,0.83816
45,0.949373
46,0.980358
47,0.988841
48,0.977897
49,0.977639
50,0.979922
51,0.967242
52,0.966413
53,0.959747
54,0.965327
55,0.945044
56,0.953849
57,0.959103
58,0.956383
59,0.934792
60,0.944962
61,0.895042
62,0.83916
63,0.867789
64,0.833844
65,0.814666
66,0.79634
67,0.829021
68,0.862947
69,0.882497
70,0.870296
71,0.880191
72,0.895759
73,0.844659
74,0.868807
75,0.887561
76,0.894091
77,0.909252
78,0.87262
79,0.8775
80,0.761508
81,0.766122
82,0.85204
83,0.773259
84,0.733064
85,0.651415
86,0.652495
87,0.687264
88,0.840921
89,0.853551
90,0.903672
91,0.880417
92,0.869188
93,0.86334
94,0.846185
95,0.835511
96,0.859358
97,0.912628
98,0.905802
99,0.895266
100,0.896262
101,0.883656
102,0.926851
103,0.941626
104,0.952057
105,0.919631
106,0.909287
107,0.924679
108,0.929345
109,0.924565
110,0.922521
111,0.915911
112,0.92877
113,0.786205
114,0.411929
115,0.487989
116,0.446788
117,0.453334
118,0.451264
119,0.410207
120,0.336025
121,0.452145
122,0.448128
123,0.423061
124,0.850619
125,0.964913
126,0.965335
127,0.957969
128,0.969602
129,0.963611
130,0.968599
131,0.963843
132,0.963989
133,0.358899
134,0.197663
135,0.254553
136,0.220711
137,0.240195
138,0.164265
139,0.164468
140,0.189843
141,0.168921
142,0.124734
143,0.222741
144,0.189308
145,0.127247
146,0.125995
147,0.249912
148,0.22148
149,0.245164
150,0.139028
151,0.219469
152,0.150564
153,0.143802
154,0.172806
155,0.134003
156,0.151756
157,0.110721
158,0.167587
159,0.213743
160,0.318004
161,0.311745
162,0.179418
163,0.222836
164,0.211794
165,0.205327
166,0.23977
167,0.233762
168,0.374932
169,0.192146
170,0.113787
171,0.348865
172,0.378439
173,0.500292
174,0.329118
175,0.292246
176,0.233872
177,0.197516
178,0.173832
179,0.200431
180,0.30749
181,0.27714
182,0.477873
183,0.557674
184,0.731434
185,0.980059
186,0.993617
187,0.994248
188,0.995195
189,0.996273
190,0.997518
191,0.99696
192,0.997249
193,0.997565
194,0.996897
195,0.996902
196,0.998776
197,0.998768
198,0.998317
199,0.998482
200,0.998568
201,0.998497
202,0.998358
203,0.998225
204,0.998496
205,0.99815
206,0.998102
207,0.998192
208,0.998022
209,0.998202
210,0.998075
211,0.997951
212,0.997552
213,0.997362
214,0.996947
215,0.983318
216,0.559783
217,0.425439
218,0.695749
219,0.541051
220,0.486704
221,0.417953
222,0.33157
223,0.379195
224,0.341084
225,0.375845
226,0.336261
227,0.336692
228,0.352672
229,0.317091
230,0.302955
231,0.334195
232,0.361159
233,0.375893
234,0.367954
235,0.376604
236,0.357233
237,0.403091
238,0.361546
239,0.662786
240,0.695106
241,0.88235
242,0.96703
243,0.978705
244,0.976716
245,0.978802
246,0.983221
247,0.983246
248,0.976348
249,0.968337
250,0.508209
251,0.290782
252,0.272751
253,0.427086
254,0.418673
255,0.357208
256,0.202037
257,0.201954
258,0.239148
259,0.26239
260,0.274907
261,0.223042
262,0.243342
263,0.375141
264,0.376159
265,0.517196
266,0.736243
267,0.86305
268,0.902702
269,0.886488
270,0.965481
271,0.972391
272,0.973514
273,0.979257
274,0.978203
275,0.983279
276,0.988343
277,0.972821
278,0.96995
279,0.972783
280,0.974962
281,0.987498
282,0.986714
283,0.985953
284,0.986045
285,0.985202
286,0.982973
287,0.980793
288,0.983354
289,0.979652
290,0.989688
291,0.988638
292,0.987429
293,0.986287
294,0.795171
295,0.316991
296,0.290918
297,0.337407
298,0.331624
299,0.341149
300,0.334606
301,0.256804
302,0.243443
303,0.283421
304,0.329287
305,0.254568
306,0.222785
307,0.562756
308,0.461103
309,0.826
310,0.954537
311,0.980946
312,0.982624
313,0.990782
314,0.990759
315,0.990031
316,0.994922
317,0.996817
318,0.995825
319,0.995874
320,0.995595
321,0.995389
322,0.996093
323,0.995321
324,0.995236
325,0.995733
326,0.982587
327,0.384948
328,0.433161
329,0.420786
330,0.473078
331,0.468579
332,0.488692
333,0.501896
334,0.502935
335,0.564794
336,0.547511
337,0.491175
338,0.505231
339,0.631667
340,0.6141
341,0.603563
342,0.546723
343,0.484414
344,0.50692
345,0.78835
346,0.956395
347,0.985292
348,0.991201
349,0.994722
350,0.994826
351,0.995177
352,0.994939
353,0.996223
354,0.996055
355,0.996395
356,0.996498
357,0.996241
358,0.99571
359,0.992516
360,0.889476
361,0.321809
362,0.439838
363,0.49636
364,0.517079
365,0.515126
366,0.483121
367,0.482114
368,0.512034
369,0.500034
370,0.536108
371,0.604778
372,0.980548
373,0.995605
374,0.995499
375,0.996284
376,0.996075
377,0.997046
378,0.997033
379,0.997258
380,0.997551
381,0.997315
382,0.99715
383,0.997136
384,0.995381
385,0.994559
386,0.996395
387,0.996746
388,0.996825
389,0.996009
390,0.994461
391,0.994566
392,0.99483
393,0.995569
394,0.994994
395,0.978364
396,0.592561
397,0.471408
398,0.506281
399,0.540247
400,0.553635
401,0.528745
402,0.628586
403,0.547941
404,0.575953
405,0.505153
406,0.48572
407,0.46848
408,0.435879
409,0.348595
410,0.380202
411,0.458205
412,0.512035
413,0.46655
414,0.450113
415,0.333746
416,0.230524
417,0.963595
418,0.981247
419,0.987787
420,0.995374
421,0.996755
422,0.996955
423,0.996935
424,0.997242
425,0.997169
426,0.997071
427,0.997042
428,0.996273
429,0.996241
430,0.996837
431,0.996842
432,0.997152
433,0.996518
434,0.996718
435,0.996941
436,0.997167
437,0.99724
438,0.997837
439,0.99728
440,0.997089
441,0.99709
442,0.99705
443,0.996503
444,0.992969
445,0.767922
446,0.813235
447,0.813872
448,0.811391
449,0.776667
450,0.78984
451,0.762234
452,0.744455
453,0.37627
454,0.469559
455,0.752361
456,0.76748
457,0.68815
458,0.823232
459,0.654995
460,0.876389
461,0.976727
462,0.981588
463,0.978299
464,0.976547
465,0.989487
466,0.992344
467,0.994273
468,0.994408
469,0.994905
470,0.995074
471,0.994861
472,0.994743
473,0.994535
474,0.994719
475,0.994787
476,0.995434
477,0.995117
478,0.995368
479,0.998334
480,0.948788
481,0.637605
482,0.7137
483,0.551626
484,0.465724
485,0.42168
486,0.513196
487,0.610654
488,0.638497
489,0.713538
490,0.698686
491,0.722745
492,0.768335
493,0.801998
494,0.701201
495,0.839223
496,0.98192
497,0.98647
498,0.991943
499,0.984791
500,0.97971
501,0.995846
502,0.996129
503,0.995795
504,0.995348
505,0.991818
506,0.992082
507,0.993003
508,0.994807
509,0.996244
510,0.995838
511,0.996774
512,0.996212
513,0.996432
514,0.996577
515,0.90991
516,0.803946
517,0.785419
518,0.667007
519,0.582292
520,0.515354
521,0.527688
522,0.574762
523,0.680144
524,0.57607
525,0.670164
526,0.597401
527,0.932287
528,0.966645
529,0.980272
530,0.987524
531,0.990272
532,0.991281
533,0.990688
534,0.992211
535,0.99289
536,0.943283
537,0.722777
538,0.727682
539,0.760988
540,0.687502
541,0.652375
542,0.672764
543,0.648902
544,0.621202
545,0.742623
546,0.716844
547,0.656712
548,0.729388
549,0.734056
550,0.673243
551,0.602663
552,0.555965
553,0.639313
554,0.918269
555,0.979463
556,0.9869
557,0.988625
558,0.991381
559,0.993571
560,0.994737
561,0.994895
562,0.994576
563,0.993801
564,0.994768
565,0.995225
566,0.97937
567,0.491451
568,0.446792
569,0.613166
570,0.571
571,0.577043
572,0.584499
573,0.624045
574,0.640446
575,0.648361
576,0.653153
577,0.445365
578,0.496104
579,0.485416
580,0.503779
581,0.522534
582,0.548934
583,0.49915
584,0.509096
585,0.583084
586,0.611865
587,0.666556
588,0.589371
589,0.554898
590,0.602904
591,0.609851
592,0.632713
593,0.642929
594,0.623511
595,0.564926
596,0.555707
597,0.60252
598,0.5729
599,0.561675
600,0.586307
601,0.484386
602,0.478314
603,0.472955
604,0.489204
605,0.482969
606,0.500982
607,0.588401
608,0.575222
609,0.531567
610,0.552171
611,0.569578
612,0.566965
613,0.385527
614,0.394541
615,0.448401
616,0.466831
617,0.430686
618,0.465536
619,0.452099
620,0.519346
621,0.543197
622,0.544202
623,0.601898
624,0.936303
625,0.981064
626,0.993866
627,0.995326
628,0.995098
629,0.995368
630,0.995283
631,0.994602
632,0.994976
633,0.99497
634,0.714487
635,0.698366
636,0.663077
637,0.604396
638,0.587394
639,0.577708
640,0.613359
641,0.590621
642,0.57728
643,0.557893
644,0.546379
645,0.535805
646,0.450899
647,0.501775
648,0.507344
649,0.584821
650,0.564433
651,0.648381
652,0.618828
653,0.69818
654,0.719734
655,0.750248
656,0.68896
657,0.704724
658,0.704539
659,0.660501
660,0.678147
661,0.47476
662,0.454513
663,0.516778
664,0.499875
665,0.516954
666,0.586039
667,0.500589
668,0.44203
669,0.451204
670,0.455973
671,0.501616
672,0.449744
673,0.483787
674,0.482368
675,0.563345
676,0.659913
677,0.634375
678,0.651549
679,0.722155
680,0.745573
681,0.717063
682,0.749382
683,0.750054
684,0.735524
685,0.85238
686,0.980903
687,0.993584
688,0.993679
689,0.988507
690,0.992611
691,0.994324
692,0.995855
693,0.99544
694,0.995527
695,0.996566
696,0.996169
697,0.997219
698,0.997306
699,0.995617
700,0.997685
701,0.997827
702,0.997685
703,0.997568
704,0.997934
705,0.997696
706,0.997933
707,0.997681
708,0.998123
709,0.997227
710,0.997188
711,0.997536
712,0.99701
713,0.988628
714,0.729592
715,0.235804
716,0.384616
717,0.487781
718,0.532111
719,0.591314
720,0.601528
721,0.420478
722,0.398183
723,0.416565
724,0.539022
725,0.532409
726,0.579328
727,0.556801
728,0.586381
729,0.750004
730,0.708229
731,0.764505
732,0.799366
733,0.704347
734,0.73166
735,0.729806
736,0.740167
737,0.697955
738,0.72099
739,0.671744
740,0.674647
741,0.707309
742,0.700591
743,0.725905
744,0.726623
745,0.636697
746,0.750788
747,0.801609
748,0.939702
749,0.978884
750,0.991965
751,0.992519
752,0.994131
753,0.994052
754,0.995568
755,0.994146
756,0.996428
757,0.994787
758,0.995293
759,0.996204
760,0.996516
761,0.997084
762,0.996923
763,0.996897
764,0.996776
765,0.996499
766,0.996378
767,0.995746
768,0.995257
769,0.995621
770,0.995753
771,0.995193
772,0.995197
773,0.994995
774,0.995659
775,0.996763
776,0.996302
777,0.987819
778,0.989091
779,0.984644
780,0.982444
781,0.980925
782,0.977186
783,0.989704
784,0.990551
785,0.977273
786,0.961753
787,0.953557
788,0.958733
789,0.94645
790,0.840407
791,0.864809
792,0.849446
793,0.730043
794,0.888895
795,0.955206
796,0.968718
797,0.978607
798,0.968333
799,0.9777
800,0.980375
801,0.976958
802,0.964739
803,0.538024
804,0.543311
805,0.389743
806,0.395874
807,0.383361
808,0.590499
809,0.508752
810,0.391708
811,0.310901
812,0.707634
813,0.726859
814,0.574275
815,0.536696
816,0.542063
817,0.579864
818,0.537126
819,0.228693
820,0.295101
821,0.302358
822,0.296855
823,0.364733
824,0.29274
825,0.660956
826,0.985833
827,0.99645
828,0.997368
829,0.986812
830,0.998365
831,0.998125
832,0.997904
833,0.997399
834,0.997063
835,0.997204
836,0.996906
837,0.99698
838,0.996425
839,0.997081
840,0.997571
841,0.997345
842,0.996845
843,0.996365
844,0.995291
845,0.995345
846,0.995119
847,0.994616
848,0.98964
849,0.991905
850,0.99261
851,0.990607
852,0.987049
853,0.990116
854,0.990322
855,0.988628
856,0.984606
857,0.990581
858,0.990359
859,0.990113
860,0.960846
861,0.902536
862,0.879159
863,0.723711
864,0.582803
865,0.651835
866,0.729827
867,0.790515
868,0.950895
869,0.990104
870,0.991896
871,0.994913
872,0.995381
873,0.995797
874,0.994884
875,0.994259
876,0.992581
877,0.991838
878,0.992054
879,0.995112
880,0.995343
881,0.995911
882,0.995663
883,0.994927
884,0.995932
885,0.995996
886,0.996815
887,0.996288
888,0.995106
889,0.99475
890,0.995019
891,0.993544
892,0.993977
893,0.995399
894,0.995582
895,0.996592
896,0.99649
897,0.995674
898,0.995952
899,0.995264
900,0.994477
