1,0.091873
2,0.098259
3,0.053819
4,0.062776
5,0.097413
6,0.093671
7,0.10772
8,0.07275
9,0.08238
10,0.078861
11,0.045713
12,0.058511
13,0.053734
14,0.472015
15,0.904537
16,0.912405
17,0.885419
18,0.903675
19,0.954196
20,0.934468
21,0.97433
22,0.981167
23,0.986493
24,0.985707
25,0.979835
26,0.917667
27,0.250405
28,0.212961
29,0.141051
30,0.190604
31,0.199262
32,0.256951
33,0.227751
34,0.238638
35,0.309958
36,0.240807
37,0.16539
38,0.174991
39,0.175662
40,0.219254
41,0.265673
42,0.974753
43,0.983358
44,0.981538
45,0.983796
46,0.984429
47,0.983401
48,0.980401
49,0.981987
50,0.983323
51,0.949909
52,0.431251
53,0.16149
54,0.091069
55,0.180065
56,0.15612
57,0.178851
58,0.167148
59,0.16855
60,0.194231
61,0.096126
62,0.062529
63,0.051486
64,0.055735
65,0.029696
66,0.025511
67,0.05917
68,0.088736
69,0.10566
70,0.096557
71,0.078892
72,0.23915
73,0.793499
74,0.932494
75,0.842344
76,0.920992
77,0.883253
78,0.920435
79,0.924144
80,0.829761
81,0.546545
82,0.288749
83,0.193426
84,0.093339
85,0.056279
86,0.063912
87,0.075004
88,0.097925
89,0.069463
90,0.081789
91,0.045962
92,0.051368
93,0.034214
94,0.051111
95,0.050596
96,0.036035
97,0.049703
98,0.05086
99,0.045929
100,0.049342
101,0.048817
102,0.055853
103,0.067061
104,0.101225
105,0.830288
106,0.903887
107,0.973647
108,0.971495
109,0.966909
110,0.911407
111,0.923285
112,0.936361
113,0.962725
114,0.956243
115,0.940164
116,0.946425
117,0.953918
118,0.963886
119,0.973334
120,0.960886
121,0.954185
122,0.952666
123,0.955806
124,0.944949
125,0.945053
126,0.940309
127,0.931829
128,0.583089
129,0.274852
130,0.204731
131,0.256076
132,0.204624
133,0.170254
134,0.110844
135,0.111487
136,0.132843
137,0.18796
138,0.222661
139,0.147773
140,0.187752
141,0.164311
142,0.152579
143,0.131146
144,0.128398
145,0.166976
146,0.535795
147,0.850631
148,0.917299
149,0.976649
150,0.988178
151,0.985294
152,0.984616
153,0.980008
154,0.981834
155,0.850459
156,0.221088
157,0.188915
158,0.174006
159,0.199039
160,0.103942
161,0.15709
162,0.16499
163,0.122849
164,0.100498
165,0.193073
166,0.123559
167,0.171374
168,0.252014
169,0.148279
170,0.154319
171,0.131428
172,0.119407
173,0.12376
174,0.152262
175,0.17144
176,0.067417
177,0.076129
178,0.116764
179,0.07724
180,0.059887
181,0.107417
182,0.340497
183,0.938
184,0.994827
185,0.993521
186,0.985554
187,0.987649
188,0.987001
189,0.984358
190,0.98389
191,0.979872
192,0.975124
193,0.991807
194,0.990735
195,0.971076
196,0.524821
197,0.353791
198,0.204307
199,0.302367
200,0.307988
201,0.237652
202,0.259085
203,0.136863
204,0.223275
205,0.643121
206,0.891547
207,0.967698
208,0.963373
209,0.975571
210,0.980767
211,0.977502
212,0.97778
213,0.869452
214,0.396353
215,0.260267
216,0.204965
217,0.050037
218,0.090675
219,0.099501
220,0.092018
221,0.098148
222,0.104079
223,0.102433
224,0.078015
225,0.047343
226,0.050437
227,0.078097
228,0.029761
229,0.02195
230,0.028034
231,0.035795
232,0.015245
233,0.03882
234,0.02783
235,0.038882
236,0.035946
237,0.032644
238,0.034899
239,0.04412
240,0.054886
241,0.034557
242,0.044286
243,0.056119
244,0.049725
245,0.015226
246,0.014123
247,0.012087
248,0.015013
249,0.018431
250,0.021239
251,0.013418
252,0.020694
253,0.031712
254,0.023023
255,0.067471
256,0.109467
257,0.1289
258,0.131787
259,0.386778
260,0.512046
261,0.262304
262,0.281541
263,0.259421
264,0.28769
265,0.221071
266,0.236351
267,0.224461
268,0.240314
269,0.288113
270,0.26259
271,0.247663
272,0.361685
273,0.331841
274,0.305401
275,0.284546
276,0.912769
277,0.981406
278,0.984467
279,0.982337
280,0.984682
281,0.971514
282,0.976838
283,0.976985
284,0.978156
285,0.979237
286,0.977644
287,0.982216
288,0.977203
289,0.985637
290,0.987532
291,0.990678
292,0.851254
293,0.266108
294,0.235115
295,0.201856
296,0.224219
297,0.231995
298,0.2685
299,0.247536
300,0.185864
301,0.244093
302,0.232199
303,0.151472
304,0.449554
305,0.622369
306,0.870318
307,0.987411
308,0.985222
309,0.984082
310,0.983644
311,0.988644
312,0.989322
313,0.988875
314,0.990799
315,0.990037
316,0.989362
317,0.462417
318,0.188735
319,0.160747
320,0.2255
321,0.15687
322,0.219105
323,0.178637
324,0.141199
325,0.139213
326,0.104314
327,0.107937
328,0.151551
329,0.172989
330,0.145177
331,0.162962
332,0.244036
333,0.257115
334,0.237138
335,0.210423
336,0.236833
337,0.237989
338,0.22709
339,0.193241
340,0.224149
341,0.164836
342,0.160881
343,0.203285
344,0.2521
345,0.289121
346,0.401556
347,0.393681
348,0.495786
349,0.557322
350,0.943751
351,0.986756
352,0.989966
353,0.981664
354,0.982006
355,0.987434
356,0.991314
357,0.9926
358,0.992499
359,0.992084
360,0.991573
361,0.981772
362,0.979338
363,0.987176
364,0.99453
365,0.994387
366,0.994564
367,0.994275
368,0.994268
369,0.986704
370,0.945499
371,0.561143
372,0.222166
373,0.28317
374,0.147319
375,0.101758
376,0.163132
377,0.087001
378,0.109781
379,0.11036
380,0.062704
381,0.066722
382,0.114708
383,0.187646
384,0.30664
385,0.861716
386,0.982184
387,0.977751
388,0.985303
389,0.99158
390,0.991736
391,0.991033
392,0.991922
393,0.992612
394,0.920105
395,0.79048
396,0.766986
397,0.351633
398,0.345011
399,0.289925
400,0.335242
401,0.350335
402,0.343379
403,0.676323
404,0.698969
405,0.741203
406,0.767275
407,0.811999
408,0.838234
409,0.735794
410,0.651317
411,0.579677
412,0.859399
413,0.978337
414,0.982057
415,0.981963
416,0.984444
417,0.976358
418,0.991088
419,0.987942
420,0.987325
421,0.98691
422,0.952368
423,0.537781
424,0.494784
425,0.447368
426,0.443181
427,0.257617
428,0.367829
429,0.191373
430,0.159824
431,0.13139
432,0.054346
433,0.063735
434,0.113347
435,0.052436
436,0.078428
437,0.086942
438,0.049021
439,0.062774
440,0.073926
441,0.104423
442,0.159312
443,0.278299
444,0.331665
445,0.915098
446,0.981252
447,0.987822
448,0.98666
449,0.989622
450,0.99152
451,0.981195
452,0.99016
453,0.990921
454,0.996098
455,0.996057
456,0.995153
457,0.985651
458,0.975155
459,0.984201
460,0.991635
461,0.986764
462,0.99099
463,0.992253
464,0.981209
465,0.592127
466,0.298743
467,0.093263
468,0.061416
469,0.054106
470,0.062831
471,0.047767
472,0.096827
473,0.112337
474,0.109484
475,0.056006
476,0.031642
477,0.030873
478,0.030634
479,0.034471
480,0.045498
481,0.048408
482,0.037831
483,0.045221
484,0.09648
485,0.07224
486,0.062805
487,0.086744
488,0.093049
489,0.102082
490,0.07846
491,0.467197
492,0.962729
493,0.981882
494,0.984098
495,0.985704
496,0.97915
497,0.98562
498,0.984794
499,0.987788
500,0.987888
501,0.991132
502,0.990799
503,0.991096
504,0.828443
505,0.625548
506,0.225098
507,0.131325
508,0.177457
509,0.065433
510,0.095278
511,0.080114
512,0.061503
513,0.043117
514,0.040344
515,0.089466
516,0.081051
517,0.114131
518,0.188115
519,0.237
520,0.198091
521,0.162379
522,0.155773
523,0.136332
524,0.14302
525,0.151027
526,0.116253
527,0.189217
528,0.182688
529,0.161083
530,0.204542
531,0.190323
532,0.227858
533,0.190517
534,0.168895
535,0.169507
536,0.116158
537,0.100838
538,0.11011
539,0.073157
540,0.109056
541,0.105176
542,0.098142
543,0.100279
544,0.124626
545,0.128287
546,0.189998
547,0.675177
548,0.97216
549,0.974155
550,0.966549
551,0.976042
552,0.988682
553,0.988349
554,0.952722
555,0.484228
556,0.39005
557,0.387465
558,0.41127
559,0.398218
560,0.368698
561,0.365954
562,0.107569
563,0.098063
564,0.08638
565,0.126961
566,0.125318
567,0.108954
568,0.081985
569,0.085243
570,0.087095
571,0.740005
572,0.984127
573,0.987472
574,0.956837
575,0.969095
576,0.934526
577,0.897386
578,0.903763
579,0.932375
580,0.928133
581,0.929223
582,0.884802
583,0.931738
584,0.969626
585,0.9638
586,0.967219
587,0.967776
588,0.970259
589,0.920281
590,0.895842
591,0.39967
592,0.077235
593,0.12362
594,0.093286
595,0.08723
596,0.099581
597,0.103738
598,0.086071
599,0.088637
600,0.112554
601,0.113101
602,0.134558
603,0.168183
604,0.187534
605,0.061946
606,0.059401
607,0.06235
608,0.055292
609,0.054353
610,0.040049
611,0.035504
612,0.086845
613,0.376749
614,0.568321
615,0.884638
616,0.851211
617,0.917807
618,0.93216
619,0.955791
620,0.947635
621,0.917326
622,0.872816
623,0.830093
624,0.853378
625,0.643896
626,0.433441
627,0.278543
628,0.299338
629,0.29502
630,0.279244
631,0.221469
632,0.203121
633,0.236276
634,0.295064
635,0.216141
636,0.206316
637,0.254594
638,0.238622
639,0.167626
640,0.120733
641,0.123635
642,0.113962
643,0.124864
644,0.164217
645,0.163675
646,0.132616
647,0.115293
648,0.15266
649,0.224328
650,0.220608
651,0.222638
652,0.801403
653,0.971776
654,0.959952
655,0.972312
656,0.975132
657,0.977363
658,0.981492
659,0.975234
660,0.974723
661,0.594854
662,0.357805
663,0.388298
664,0.333422
665,0.268588
666,0.272743
667,0.252465
668,0.244076
669,0.244965
670,0.209379
671,0.18304
672,0.185929
673,0.214748
674,0.189691
675,0.245053
676,0.286214
677,0.311189
678,0.397834
679,0.386193
680,0.309459
681,0.208022
682,0.314311
683,0.658571
684,0.97039
685,0.991775
686,0.994217
687,0.993556
688,0.992521
689,0.992569
690,0.992492
691,0.991638
692,0.99394
693,0.661824
694,0.642206
695,0.258504
696,0.206163
697,0.242119
698,0.213815
699,0.168681
700,0.16514
701,0.155482
702,0.182801
703,0.18302
704,0.168703
705,0.248431
706,0.21705
707,0.222398
708,0.169129
709,0.138524
710,0.872441
711,0.966432
712,0.981216
713,0.978689
714,0.978287
715,0.975488
716,0.97609
717,0.980213
718,0.518199
719,0.115693
720,0.056272
721,0.105144
722,0.074998
723,0.076667
724,0.098355
725,0.079185
726,0.087428
727,0.065481
728,0.055389
729,0.044777
730,0.095742
731,0.10437
732,0.152016
733,0.216958
734,0.068424
735,0.059148
736,0.040463
737,0.053096
738,0.055994
739,0.068616
740,0.092972
741,0.064713
742,0.119182
743,0.092286
744,0.083688
745,0.077413
746,0.049616
747,0.026362
748,0.1602
749,0.790888
750,0.958385
751,0.912344
752,0.904234
753,0.907052
754,0.883961
755,0.783736
756,0.300471
757,0.223924
758,0.205882
759,0.29553
760,0.292339
761,0.177275
762,0.19212
763,0.164667
764,0.167412
765,0.20923
766,0.172777
767,0.123106
768,0.145134
769,0.177929
770,0.140339
771,0.115374
772,0.153317
773,0.170209
774,0.096947
775,0.104718
776,0.085165
777,0.169536
778,0.157345
779,0.134446
780,0.166561
781,0.25846
782,0.624093
783,0.799834
784,0.811411
785,0.814172
786,0.804844
787,0.798946
788,0.778578
789,0.47423
790,0.135762
791,0.200536
792,0.221763
793,0.251588
794,0.250202
795,0.111725
796,0.121034
797,0.121266
798,0.244557
799,0.105683
800,0.156733
801,0.167457
802,0.368928
803,0.83789
804,0.953585
805,0.91799
806,0.955351
807,0.932183
808,0.952456
809,0.88228
810,0.862533
811,0.736162
812,0.235512
813,0.257017
814,0.165448
815,0.231525
816,0.166591
817,0.133574
818,0.163994
819,0.237332
820,0.254103
821,0.419191
822,0.799129
823,0.943562
824,0.922674
825,0.917634
826,0.952657
827,0.972668
828,0.951272
829,0.941823
830,0.229399
831,0.127641
832,0.187754
833,0.168482
834,0.143544
835,0.132178
836,0.282799
837,0.109616
838,0.29321
839,0.14971
840,0.072292
841,0.111312
842,0.146612
843,0.163267
844,0.111722
845,0.11925
846,0.135165
847,0.141668
848,0.135415
849,0.11958
850,0.10599
851,0.112544
852,0.106534
853,0.083086
854,0.058743
855,0.053846
856,0.071138
857,0.062913
858,0.045237
859,0.07388
860,0.095783
861,0.121864
862,0.171365
863,0.13593
864,0.202429
865,0.455321
866,0.436568
867,0.444543
868,0.432961
869,0.473072
870,0.517765
871,0.775562
872,0.980007
873,0.989771
874,0.990025
875,0.988312
876,0.98726
877,0.994645
878,0.991003
879,0.99366
880,0.901209
881,0.367624
882,0.386535
883,0.212958
884,0.179676
885,0.129643
886,0.172008
887,0.155639
888,0.231223
889,0.161462
890,0.151639
891,0.195426
892,0.113835
893,0.170024
894,0.162271
895,0.170487
896,0.19165
897,0.178943
898,0.230168
899,0.425964
900,0.915784
901,0.988793
902,0.988923
903,0.990619
904,0.990893
905,0.991545
906,0.98974
907,0.989431
908,0.950294
909,0.350625
910,0.194356
911,0.153476
912,0.194403
913,0.207287
914,0.150549
915,0.1164
916,0.232686
917,0.12376
918,0.092398
919,0.078834
920,0.063927
921,0.062666
922,0.033855
923,0.043617
924,0.051235
925,0.047795
926,0.027685
927,0.02664
928,0.024393
929,0.020434
930,0.01809
931,0.01673
932,0.018867
933,0.01806
934,0.749155
935,0.947635
936,0.965635
937,0.980122
938,0.979701
939,0.983816
940,0.979741
941,0.979464
942,0.651909
943,0.271285
944,0.197739
945,0.171241
946,0.088926
947,0.085583
948,0.064236
949,0.076747
950,0.105582
951,0.050897
952,0.06498
953,0.062854
954,0.075024
955,0.066997
956,0.062557
957,0.08683
958,0.065831
959,0.145964
960,0.155727
961,0.133709
962,0.126422
963,0.116044
964,0.114913
965,0.10865
966,0.104812
967,0.101754
968,0.100308
969,0.072468
970,0.031183
971,0.036587
972,0.032497
973,0.02465
974,0.009385
975,0.031812
976,0.03564
977,0.040555
978,0.015082
979,0.019518
980,0.00921
981,0.018362
982,0.03753
983,0.020825
984,0.060638
985,0.44866
986,0.915055
987,0.957048
988,0.979991
989,0.978868
990,0.976443
991,0.979251
992,0.978754
993,0.978318
994,0.980173
995,0.982899
996,0.984182
997,0.984045
998,0.989283
999,0.985641
1000,0.986823
1001,0.984716
1002,0.984305
1003,0.985101
1004,0.373224
1005,0.288135
1006,0.156909
1007,0.05086
1008,0.057325
1009,0.092055
1010,0.026396
1011,0.021551
1012,0.016974
1013,0.020257
1014,0.028608
1015,0.032039
1016,0.033895
1017,0.039211
1018,0.04509
1019,0.038873
1020,0.029288
1021,0.039688
1022,0.268822
1023,0.97861
1024,0.989144
1025,0.986406
1026,0.986587
1027,0.985483
1028,0.983942
1029,0.982321
1030,0.977658
1031,0.978799
1032,0.989928
1033,0.994518
1034,0.992699
1035,0.992565
1036,0.992274
1037,0.992118
1038,0.990015
1039,0.992352
1040,0.911095
1041,0.674867
1042,0.416712
1043,0.467077
1044,0.418625
1045,0.150415
1046,0.132383
1047,0.232918
1048,0.305245
1049,0.303815
1050,0.319259
1051,0.417352
1052,0.431828
1053,0.557287
1054,0.627551
1055,0.824741
1056,0.897758
1057,0.967656
1058,0.97612
1059,0.984877
1060,0.982694
1061,0.983432
1062,0.9792
1063,0.987248
1064,0.985694
1065,0.986872
1066,0.982878
1067,0.989979
1068,0.973553
1069,0.815607
1070,0.463806
1071,0.246623
1072,0.156933
1073,0.199493
1074,0.168652
1075,0.164822
1076,0.160035
1077,0.229636
1078,0.5901
1079,0.94718
1080,0.95218
1081,0.983973
1082,0.987208
1083,0.986822
1084,0.98503
1085,0.986248
1086,0.981431
1087,0.984096
1088,0.984029
1089,0.982608
1090,0.973947
1091,0.974951
1092,0.980088
1093,0.972631
