1,0.986717
2,0.986506
3,0.987324
4,0.988853
5,0.990695
6,0.989021
7,0.990341
8,0.991534
9,0.993458
10,0.993997
11,0.972102
12,0.465824
13,0.246676
14,0.486345
15,0.348941
16,0.298468
17,0.328006
18,0.32349
19,0.34113
20,0.254845
21,0.289712
22,0.289839
23,0.330907
24,0.252817
25,0.123571
26,0.321949
27,0.938385
28,0.985209
29,0.990818
30,0.997933
31,0.997957
32,0.997779
33,0.995838
34,0.993514
35,0.991548
36,0.994634
37,0.991199
38,0.987121
39,0.989192
40,0.989268
41,0.986926
42,0.97718
43,0.989479
44,0.993728
45,0.995037
46,0.99562
47,0.998207
48,0.998291
49,0.99825
50,0.996966
51,0.975561
52,0.677534
53,0.226534
54,0.190461
55,0.275281
56,0.219106
57,0.297506
58,0.515816
59,0.919578
60,0.946045
61,0.960661
62,0.979239
63,0.971783
64,0.974601
65,0.970611
66,0.974103
67,0.96549
68,0.967211
69,0.965247
70,0.946164
71,0.9647
72,0.971453
73,0.973826
74,0.965895
75,0.955927
76,0.810806
77,0.428003
78,0.355036
79,0.362401
80,0.313
81,0.479812
82,0.333475
83,0.460536
84,0.433311
85,0.474712
86,0.393545
87,0.383466
88,0.25961
89,0.235544
90,0.224537
91,0.237706
92,0.151155
93,0.177782
94,0.196423
95,0.283589
96,0.930064
97,0.944903
98,0.97004
99,0.965268
100,0.950565
101,0.958639
102,0.952823
103,0.960844
104,0.947397
105,0.873422
106,0.503893
107,0.17092
108,0.067446
109,0.043624
110,0.069662
111,0.065306
112,0.09999
113,0.153212
114,0.171332
115,0.150621
116,0.226801
117,0.243568
118,0.202191
119,0.166273
120,0.087533
121,0.108318
122,0.124819
123,0.124537
124,0.036524
125,0.029916
126,0.3288
127,0.933868
128,0.986654
129,0.991255
130,0.994723
131,0.992482
132,0.992634
133,0.994189
134,0.994369
135,0.995451
136,0.994397
137,0.965749
138,0.877093
139,0.653964
140,0.401031
141,0.333954
142,0.401991
143,0.529921
144,0.572125
145,0.45055
146,0.578534
147,0.184808
148,0.244434
149,0.333028
150,0.315733
151,0.211439
152,0.199273
153,0.326716
154,0.515855
155,0.571864
156,0.607943
157,0.979765
158,0.993921
159,0.995318
160,0.996451
161,0.996009
162,0.995805
163,0.995752
164,0.995294
165,0.234804
166,0.137907
167,0.096961
168,0.086033
169,0.07114
170,0.104439
171,0.099289
172,0.105359
173,0.061347
174,0.071766
175,0.05647
176,0.04969
177,0.037113
178,0.032279
179,0.042712
180,0.050324
181,0.087274
182,0.06317
183,0.065205
184,0.056654
185,0.06518
186,0.060644
187,0.038404
188,0.027181
189,0.030849
190,0.201823
191,0.061517
192,0.067665
193,0.129888
194,0.229673
195,0.162714
196,0.38897
197,0.473176
198,0.271583
199,0.187632
200,0.324005
201,0.102717
202,0.067867
203,0.038227
204,0.048147
205,0.067753
206,0.387204
207,0.850399
208,0.908254
209,0.924946
210,0.92358
211,0.924215
212,0.973326
213,0.913104
214,0.97249
215,0.994868
216,0.994817
217,0.994795
218,0.994655
219,0.994869
220,0.99457
221,0.987826
222,0.985296
223,0.968421
224,0.806405
225,0.850749
226,0.822678
227,0.637874
228,0.60973
229,0.187637
230,0.201339
231,0.120826
232,0.126184
233,0.121992
234,0.515627
235,0.920707
236,0.893819
237,0.918943
238,0.901649
239,0.895337
240,0.871115
241,0.857858
242,0.899965
243,0.924543
244,0.919054
245,0.98338
246,0.989878
247,0.92737
248,0.161244
249,0.182886
250,0.185968
251,0.112824
252,0.094059
253,0.105167
254,0.109356
255,0.158716
256,0.486809
257,0.860385
258,0.971142
259,0.987814
260,0.978705
261,0.989056
262,0.985736
263,0.982426
264,0.969574
265,0.918893
266,0.856667
267,0.861766
268,0.8466
269,0.905196
270,0.892538
271,0.902934
272,0.916825
273,0.924326
274,0.953835
275,0.966505
276,0.964766
277,0.967835
278,0.939249
279,0.909399
280,0.946128
281,0.94921
282,0.976645
283,0.984216
284,0.987498
285,0.978897
286,0.96905
287,0.968293
288,0.968151
289,0.973837
290,0.97939
291,0.972994
292,0.979423
293,0.979482
294,0.976522
295,0.967154
296,0.981493
297,0.982217
298,0.983772
299,0.979912
300,0.978539
301,0.989043
302,0.989309
303,0.986672
304,0.990704
305,0.992307
306,0.989768
307,0.990741
308,0.990781
309,0.991092
310,0.991028
311,0.990603
312,0.988361
313,0.985025
314,0.983348
315,0.986658
316,0.993659
317,0.994081
318,0.990484
319,0.988957
320,0.988328
321,0.982428
322,0.991434
323,0.984678
324,0.985136
325,0.983288
326,0.995236
327,0.994767
328,0.984821
329,0.995373
330,0.995461
331,0.994959
332,0.995736
333,0.995272
334,0.985801
335,0.995526
336,0.995779
337,0.994485
338,0.993972
339,0.994076
340,0.994101
341,0.994577
342,0.994598
343,0.993988
344,0.9946
345,0.994914
346,0.99493
347,0.994756
348,0.995244
349,0.995773
350,0.995703
351,0.995808
352,0.995746
353,0.996057
354,0.995906
355,0.995722
356,0.99584
357,0.995791
358,0.995887
359,0.996088
360,0.995749
361,0.994295
362,0.994563
363,0.994066
364,0.994718
365,0.995066
366,0.994809
367,0.992408
368,0.995482
369,0.992562
370,0.992459
371,0.993451
372,0.993601
373,0.993484
374,0.993775
375,0.99404
376,0.993519
377,0.994585
378,0.994854
379,0.994513
380,0.994451
381,0.995357
382,0.994764
383,0.944735
384,0.929546
385,0.941636
386,0.898897
387,0.58142
388,0.383628
389,0.367571
390,0.349569
391,0.339733
392,0.252999
393,0.248401
394,0.49882
395,0.26435
396,0.563708
397,0.476346
398,0.470354
399,0.452432
400,0.432266
401,0.477411
402,0.831868
403,0.987578
404,0.992231
405,0.99341
406,0.9928
407,0.995793
408,0.994041
409,0.993108
410,0.992777
411,0.992636
412,0.992416
413,0.992886
414,0.992839
415,0.99268
416,0.990099
417,0.991559
418,0.993691
419,0.990964
420,0.993041
421,0.994157
422,0.968864
423,0.242842
424,0.105792
425,0.11486
426,0.107149
427,0.10462
428,0.091129
429,0.143827
430,0.180443
431,0.231611
432,0.257678
433,0.200948
434,0.239808
435,0.265175
436,0.215913
437,0.250411
438,0.324974
439,0.327046
440,0.349529
441,0.335556
442,0.430074
443,0.456777
444,0.752117
445,0.977082
446,0.98076
447,0.986075
448,0.992429
449,0.992273
450,0.992224
451,0.994672
452,0.990245
453,0.996048
454,0.993455
455,0.993903
456,0.993085
457,0.993484
458,0.994154
459,0.992953
460,0.993165
461,0.992207
462,0.993554
463,0.99273
464,0.99224
465,0.992381
466,0.992057
467,0.991018
468,0.98901
469,0.989858
470,0.996367
471,0.996314
472,0.996173
473,0.996139
474,0.996115
475,0.995932
476,0.987886
477,0.981985
478,0.958293
479,0.898807
480,0.722919
481,0.888309
482,0.850386
483,0.830273
484,0.854889
485,0.854259
486,0.859201
487,0.973043
488,0.975034
489,0.983119
490,0.98331
491,0.985217
492,0.987624
493,0.987158
494,0.989604
495,0.988977
496,0.989439
497,0.988824
498,0.990249
499,0.990821
500,0.988766
501,0.989757
502,0.990688
503,0.827999
504,0.451872
505,0.549537
506,0.608976
507,0.605338
508,0.586318
509,0.488979
510,0.380802
511,0.367884
512,0.378881
513,0.460921
514,0.894775
515,0.906799
516,0.9743
517,0.982541
518,0.981857
519,0.986784
520,0.986177
521,0.988057
522,0.98893
523,0.991256
524,0.992256
525,0.995721
526,0.995414
527,0.992015
528,0.991192
529,0.992521
530,0.993484
531,0.991148
532,0.990344
533,0.989095
534,0.990574
535,0.991594
536,0.991879
537,0.991606
538,0.991847
539,0.991107
540,0.991507
541,0.991322
542,0.990126
543,0.989823
544,0.987555
545,0.989818
546,0.98947
547,0.98722
548,0.985233
549,0.985262
550,0.978464
551,0.4351
552,0.380183
553,0.359311
554,0.434868
555,0.451515
556,0.510985
557,0.518139
558,0.44073
559,0.420469
560,0.518006
561,0.722723
562,0.91277
563,0.983774
564,0.986604
565,0.992648
566,0.992899
567,0.991824
568,0.985137
569,0.990149
570,0.987269
571,0.9843
572,0.990292
573,0.808363
574,0.516187
575,0.510003
576,0.594962
577,0.604842
578,0.632227
579,0.656452
580,0.694301
581,0.657124
582,0.660323
583,0.600967
584,0.529174
585,0.449409
586,0.449623
587,0.472149
588,0.459298
589,0.293583
590,0.309846
591,0.853815
592,0.962554
593,0.988529
594,0.993615
595,0.994003
596,0.994033
597,0.988051
598,0.359848
599,0.295776
600,0.308582
601,0.215918
602,0.234178
603,0.239171
604,0.240474
605,0.183367
606,0.134464
607,0.13739
608,0.159863
609,0.162914
610,0.133774
611,0.130902
612,0.107121
613,0.073304
614,0.083191
615,0.066595
616,0.071244
617,0.081361
618,0.090137
619,0.069125
620,0.086788
621,0.094144
622,0.121968
623,0.141533
624,0.125952
625,0.138327
626,0.15905
627,0.196195
628,0.21813
629,0.202623
630,0.298159
631,0.284484
632,0.264122
633,0.212813
634,0.181085
635,0.161659
636,0.264751
637,0.408232
638,0.4118
639,0.345506
640,0.198824
641,0.160954
642,0.258298
643,0.245349
644,0.264422
645,0.240597
646,0.256898
647,0.48912
648,0.478072
649,0.401577
650,0.55964
651,0.45291
652,0.453681
653,0.442193
654,0.382003
655,0.280135
656,0.180931
657,0.173856
658,0.289417
659,0.223204
660,0.205012
661,0.157489
662,0.12919
663,0.142247
664,0.147983
665,0.244012
666,0.182585
667,0.298985
668,0.180179
669,0.220033
670,0.889887
671,0.903884
672,0.99074
673,0.966223
674,0.961216
675,0.991389
676,0.994792
677,0.994422
678,0.99456
679,0.993864
680,0.991767
681,0.990656
682,0.91547
683,0.563796
684,0.347705
685,0.188015
686,0.27502
687,0.360986
688,0.463016
689,0.42206
690,0.544142
691,0.355444
692,0.391827
693,0.526116
694,0.464381
695,0.375098
696,0.692546
697,0.869745
698,0.980841
699,0.99068
700,0.982624
701,0.986263
702,0.983643
703,0.985773
704,0.984232
705,0.98372
706,0.98485
707,0.980092
708,0.968377
709,0.963463
710,0.980675
711,0.985296
712,0.977385
713,0.870153
714,0.771651
715,0.699901
716,0.645237
717,0.576674
718,0.708632
719,0.689213
720,0.64817
721,0.433142
722,0.458392
723,0.471185
724,0.446147
725,0.511018
726,0.482572
727,0.530501
728,0.517364
729,0.406146
730,0.410477
731,0.499337
732,0.466476
733,0.540383
734,0.616942
735,0.592715
736,0.566762
737,0.595512
738,0.612037
739,0.67589
740,0.550742
741,0.547624
742,0.621641
743,0.597925
744,0.615854
745,0.72161
746,0.68821
747,0.665712
748,0.653533
749,0.63708
750,0.650099
751,0.673069
752,0.780377
753,0.700885
754,0.589122
755,0.591448
756,0.593856
757,0.607156
758,0.5935
759,0.557723
760,0.585475
761,0.576774
762,0.621726
763,0.642993
764,0.656705
765,0.753176
766,0.964402
767,0.923357
768,0.927752
769,0.909843
770,0.869985
771,0.888499
772,0.9106
773,0.868703
774,0.554598
775,0.234296
776,0.179838
777,0.226389
778,0.233156
779,0.263887
780,0.266391
781,0.512443
782,0.46474
783,0.486856
784,0.577904
785,0.597496
786,0.576461
787,0.658115
788,0.664686
789,0.672116
790,0.634789
791,0.609246
792,0.693007
793,0.634854
794,0.58386
795,0.55634
796,0.59372
797,0.544304
798,0.568414
799,0.455131
800,0.697536
801,0.768969
802,0.919378
803,0.965066
804,0.887273
805,0.907285
806,0.96676
807,0.976605
808,0.971071
809,0.971621
810,0.97072
811,0.876354
812,0.868903
813,0.864676
814,0.978256
815,0.837317
816,0.774148
817,0.769831
818,0.557227
819,0.52618
820,0.659301
821,0.780405
822,0.790898
823,0.725067
824,0.907055
825,0.951851
826,0.942581
827,0.932796
828,0.918763
829,0.932245
830,0.929746
831,0.941884
832,0.940597
833,0.92784
834,0.945183
835,0.965962
836,0.968515
837,0.974682
838,0.97437
839,0.971157
840,0.972767
841,0.982187
842,0.984316
843,0.985932
844,0.985954
845,0.889174
846,0.457483
847,0.45598
848,0.472817
849,0.42917
850,0.406341
851,0.395836
852,0.415815
853,0.399683
854,0.950875
855,0.932669
856,0.975651
857,0.979668
858,0.984662
859,0.986649
860,0.991785
861,0.991586
862,0.991161
863,0.991098
864,0.989259
865,0.989263
866,0.989012
867,0.990061
868,0.987915
869,0.989521
870,0.987159
871,0.987243
872,0.98085
873,0.982238
874,0.983608
875,0.982121
876,0.978942
877,0.969903
878,0.968891
879,0.968629
880,0.970464
881,0.969797
882,0.971077
883,0.97153
884,0.971221
885,0.971046
886,0.973679
887,0.972478
888,0.976012
889,0.985819
890,0.978557
891,0.98447
892,0.98428
893,0.984242
894,0.980661
895,0.97629
896,0.975054
897,0.977521
898,0.977955
899,0.977083
900,0.974053
901,0.98087
902,0.981995
903,0.98016
904,0.98149
905,0.986029
906,0.977178
907,0.985886
908,0.979053
909,0.977509
910,0.978149
911,0.980384
912,0.981048
913,0.97999
914,0.981068
915,0.981122
916,0.979351
917,0.979345
918,0.981352
919,0.980666
920,0.982064
921,0.984343
922,0.984537
923,0.984242
924,0.98514
925,0.975933
926,0.976054
927,0.97594
928,0.783062
929,0.535667
930,0.698522
931,0.539159
932,0.335813
933,0.351068
934,0.387247
935,0.401759
936,0.388825
937,0.379452
938,0.501206
939,0.821628
940,0.967049
941,0.977184
942,0.975638
943,0.975911
944,0.975217
945,0.968328
946,0.965732
947,0.967345
948,0.963968
949,0.964756
950,0.966211
951,0.949939
952,0.945357
953,0.949873
954,0.945281
955,0.943912
956,0.956692
957,0.9685
958,0.976217
959,0.976508
960,0.983629
961,0.983564
962,0.983272
963,0.983297
964,0.977243
965,0.978315
966,0.978289
967,0.979295
968,0.980256
969,0.978529
970,0.483008
971,0.326951
972,0.380348
973,0.239563
974,0.225807
975,0.206782
976,0.248257
977,0.270614
978,0.275723
979,0.292245
980,0.316296
981,0.317754
982,0.29742
983,0.287973
984,0.285788
985,0.220183
986,0.194956
987,0.193691
988,0.249656
989,0.331802
990,0.277368
991,0.33744
992,0.317217
993,0.266576
994,0.230462
995,0.176706
996,0.206941
997,0.327436
998,0.351422
999,0.381387
1000,0.33958
1001,0.312255
1002,0.283578
1003,0.377104
1004,0.444894
1005,0.442111
1006,0.402318
1007,0.499007
1008,0.498349
1009,0.554912
1010,0.593262
1011,0.620051
1012,0.67828
1013,0.510439
1014,0.46489
1015,0.549726
1016,0.520578
1017,0.507732
1018,0.507232
1019,0.38959
1020,0.492401
1021,0.591317
1022,0.605873
1023,0.607969
1024,0.670986
1025,0.612032
1026,0.593501
1027,0.606051
1028,0.7609
1029,0.983286
1030,0.980501
1031,0.989667
1032,0.994419
1033,0.987138
1034,0.992414
1035,0.986936
1036,0.989483
1037,0.988123
1038,0.978907
1039,0.978402
1040,0.984486
1041,0.983187
1042,0.985878
1043,0.990442
1044,0.991272
1045,0.98819
1046,0.990203
1047,0.99211
1048,0.992825
1049,0.994829
1050,0.994316
1051,0.991934
1052,0.985713
1053,0.954739
1054,0.47657
1055,0.465851
1056,0.560106
1057,0.477384
1058,0.507077
1059,0.376814
1060,0.333637
1061,0.379508
1062,0.369058
1063,0.381319
1064,0.420165
1065,0.507953
1066,0.505293
1067,0.456984
1068,0.532095
1069,0.70339
1070,0.91535
1071,0.947656
1072,0.987494
1073,0.988998
1074,0.983509
1075,0.990446
1076,0.990957
1077,0.99013
1078,0.988056
1079,0.989112
1080,0.899821
1081,0.494821
1082,0.264634
1083,0.177394
1084,0.170653
1085,0.174036
1086,0.193809
1087,0.208638
1088,0.322237
1089,0.310822
1090,0.218168
1091,0.175986
1092,0.158509
1093,0.15029
1094,0.528839
1095,0.956045
1096,0.990043
1097,0.990627
1098,0.988925
1099,0.990249
1100,0.990532
1101,0.989714
1102,0.989637
1103,0.989471
1104,0.98937
1105,0.991847
1106,0.989963
1107,0.989768
1108,0.986018
1109,0.549475
1110,0.131762
1111,0.042645
1112,0.061231
1113,0.033156
1114,0.033524
1115,0.048749
1116,0.036157
1117,0.068397
1118,0.094574
1119,0.099253
1120,0.123305
1121,0.161762
1122,0.162099
1123,0.216319
1124,0.272354
1125,0.267079
1126,0.280962
1127,0.350573
1128,0.347489
1129,0.416869
1130,0.467636
1131,0.51062
1132,0.539863
1133,0.545961
1134,0.486969
1135,0.498604
1136,0.487421
1137,0.457349
1138,0.459051
1139,0.430618
1140,0.465456
1141,0.48666
1142,0.56825
1143,0.472412
1144,0.423981
1145,0.437773
1146,0.47463
1147,0.42234
1148,0.487924
1149,0.506943
1150,0.51743
1151,0.318691
1152,0.317618
1153,0.318461
1154,0.352319
1155,0.379675
1156,0.436256
1157,0.387925
1158,0.481503
1159,0.520051
1160,0.454293
1161,0.419874
1162,0.396709
1163,0.285891
1164,0.287378
1165,0.224545
1166,0.201848
1167,0.814217
1168,0.993809
1169,0.995007
1170,0.995704
1171,0.993662
1172,0.991619
1173,0.989317
1174,0.991836
1175,0.993893
1176,0.995056
1177,0.994193
1178,0.994819
1179,0.99324
1180,0.99536
1181,0.994459
1182,0.992446
1183,0.996466
1184,0.986722
1185,0.984379
1186,0.941074
1187,0.871485
1188,0.543815
1189,0.661127
1190,0.615403
1191,0.793747
1192,0.665466
1193,0.736664
1194,0.691295
1195,0.756511
1196,0.396612
1197,0.453039
1198,0.443375
1199,0.403802
1200,0.443224
1201,0.421953
1202,0.415333
1203,0.492396
1204,0.626518
1205,0.842501
1206,0.895886
1207,0.978779
1208,0.980738
1209,0.989504
1210,0.991174
1211,0.990458
1212,0.987155
1213,0.971889
1214,0.990609
1215,0.981836
1216,0.984734
1217,0.992264
1218,0.950233
1219,0.388588
1220,0.194866
1221,0.195702
1222,0.481709
1223,0.487615
1224,0.485204
1225,0.296624
1226,0.237505
1227,0.22345
1228,0.097618
1229,0.114898
1230,0.071265
1231,0.08328
1232,0.481903
1233,0.359988
1234,0.29065
1235,0.931572
1236,0.929595
1237,0.973603
1238,0.96465
1239,0.97229
1240,0.963996
1241,0.905326
1242,0.601976
1243,0.53488
1244,0.522019
1245,0.31947
1246,0.304181
1247,0.209068
1248,0.320178
1249,0.247868
1250,0.126216
1251,0.064397
1252,0.023101
1253,0.022197
1254,0.044051
1255,0.058153
1256,0.092515
1257,0.075494
1258,0.061973
1259,0.088401
1260,0.067926
1261,0.033852
1262,0.030769
1263,0.041077
1264,0.051611
1265,0.073917
1266,0.098246
1267,0.116516
1268,0.106991
1269,0.131761
1270,0.158782
1271,0.24124
1272,0.312177
1273,0.258353
1274,0.32819
1275,0.277433
1276,0.226876
1277,0.12571
1278,0.215354
1279,0.258615
1280,0.114568
1281,0.141806
1282,0.280044
1283,0.234754
1284,0.192827
1285,0.222764
1286,0.262613
1287,0.20648
1288,0.276532
1289,0.317261
1290,0.331484
1291,0.245536
1292,0.235093
1293,0.183017
1294,0.21866
1295,0.178112
1296,0.147986
1297,0.106727
1298,0.101706
1299,0.090838
1300,0.121223
1301,0.082089
1302,0.077253
1303,0.08833
1304,0.078626
1305,0.075612
1306,0.054327
1307,0.065996
1308,0.122751
1309,0.630017
1310,0.86556
1311,0.650362
1312,0.828131
1313,0.846608
1314,0.748736
1315,0.327308
1316,0.041258
1317,0.028349
1318,0.110361
1319,0.093016
1320,0.054998
1321,0.083274
1322,0.08323
1323,0.079467
1324,0.076811
1325,0.074138
1326,0.095688
1327,0.090025
1328,0.073194
1329,0.05879
1330,0.051144
1331,0.047728
1332,0.058641
1333,0.065468
1334,0.088057
1335,0.196245
1336,0.107022
1337,0.087792
1338,0.059503
1339,0.059291
1340,0.036818
1341,0.038219
1342,0.056283
1343,0.081464
1344,0.084825
1345,0.10322
1346,0.091635
1347,0.130793
1348,0.172166
1349,0.202094
1350,0.190561
1351,0.187591
1352,0.229306
1353,0.261814
1354,0.231861
1355,0.230213
1356,0.251558
1357,0.585087
1358,0.615576
1359,0.607978
1360,0.916769
1361,0.904437
1362,0.922218
1363,0.925286
1364,0.923379
1365,0.807293
1366,0.766046
1367,0.971635
1368,0.961962
1369,0.974213
1370,0.98088
1371,0.890187
1372,0.731547
1373,0.733572
1374,0.73088
1375,0.746671
1376,0.741792
1377,0.733958
1378,0.72352
1379,0.736834
1380,0.686468
1381,0.653073
1382,0.638739
1383,0.638736
1384,0.630508
1385,0.633428
1386,0.619119
1387,0.643923
1388,0.659179
1389,0.677333
1390,0.680072
1391,0.679775
1392,0.680478
1393,0.683136
1394,0.66014
1395,0.633522
1396,0.677888
1397,0.66747
1398,0.588562
1399,0.588455
1400,0.578247
1401,0.626107
1402,0.60746
1403,0.602158
1404,0.576625
1405,0.587851
1406,0.563605
1407,0.613643
1408,0.636458
1409,0.594802
1410,0.594745
1411,0.589791
1412,0.560486
1413,0.554449
1414,0.51572
1415,0.484754
1416,0.569655
1417,0.955949
1418,0.967588
1419,0.986272
1420,0.97782
1421,0.97504
1422,0.980428
1423,0.989194
1424,0.991161
1425,0.993477
1426,0.995196
1427,0.995703
1428,0.996575
1429,0.996212
1430,0.944115
1431,0.416368
1432,0.434463
1433,0.298006
1434,0.207145
1435,0.18014
1436,0.272734
1437,0.214458
1438,0.243508
1439,0.25259
1440,0.259483
1441,0.262915
1442,0.236579
1443,0.265664
1444,0.449048
1445,0.786841
1446,0.947934
1447,0.951537
1448,0.949755
1449,0.966905
1450,0.977353
1451,0.985612
1452,0.987345
1453,0.976093
1454,0.981858
1455,0.980447
1456,0.978767
1457,0.981583
1458,0.955453
1459,0.965188
1460,0.963325
1461,0.973333
1462,0.966844
1463,0.951595
1464,0.356786
1465,0.247803
1466,0.305688
1467,0.412859
1468,0.346045
1469,0.343689
1470,0.27579
1471,0.175814
1472,0.170979
1473,0.338947
1474,0.713072
1475,0.862189
1476,0.89492
1477,0.894117
1478,0.896078
1479,0.911172
1480,0.938011
1481,0.930814
1482,0.927007
1483,0.900181
1484,0.905382
1485,0.90994
1486,0.935457
1487,0.803588
1488,0.890422
1489,0.89863
1490,0.886657
1491,0.871121
1492,0.828495
1493,0.842456
1494,0.893956
1495,0.892246
1496,0.858656
1497,0.93669
1498,0.965851
1499,0.955702
1500,0.951815
1501,0.953163
1502,0.949499
1503,0.950966
1504,0.942829
1505,0.941847
1506,0.937431
1507,0.934369
1508,0.967943
1509,0.975106
1510,0.95388
1511,0.954178
1512,0.965932
1513,0.971339
1514,0.970297
1515,0.971546
1516,0.968762
1517,0.968296
1518,0.973081
1519,0.976074
1520,0.961671
1521,0.960512
1522,0.939034
1523,0.188825
1524,0.083305
1525,0.087085
1526,0.082235
1527,0.066563
1528,0.069489
1529,0.070433
1530,0.064297
1531,0.271953
1532,0.494544
1533,0.951149
1534,0.97118
1535,0.982559
1536,0.9816
1537,0.985416
1538,0.986763
1539,0.989056
1540,0.988304
1541,0.989249
1542,0.989408
1543,0.989528
1544,0.99076
1545,0.988919
1546,0.987357
1547,0.984738
1548,0.985493
1549,0.985458
1550,0.986003
1551,0.986334
1552,0.98622
1553,0.983472
1554,0.365621
1555,0.140203
1556,0.159357
1557,0.129764
1558,0.10138
1559,0.056417
1560,0.048442
1561,0.064929
1562,0.072181
1563,0.045718
1564,0.055673
1565,0.040115
1566,0.039482
1567,0.04361
1568,0.041829
1569,0.074058
1570,0.083393
1571,0.079796
1572,0.081567
1573,0.065446
1574,0.073676
1575,0.098692
1576,0.106941
1577,0.106428
1578,0.105158
1579,0.109318
1580,0.105187
1581,0.095868
1582,0.088724
1583,0.073252
1584,0.07836
1585,0.061479
1586,0.049374
1587,0.282304
1588,0.406499
1589,0.889163
1590,0.982339
1591,0.983109
1592,0.989824
1593,0.991146
1594,0.989239
1595,0.986857
1596,0.985941
1597,0.988474
1598,0.988913
1599,0.99028
1600,0.987663
1601,0.988694
1602,0.990912
1603,0.989308
1604,0.987822
1605,0.989873
1606,0.989696
1607,0.991365
1608,0.992969
1609,0.973814
1610,0.410074
1611,0.182886
1612,0.084047
1613,0.078763
1614,0.04411
1615,0.045641
1616,0.04855
1617,0.040386
1618,0.090799
1619,0.105188
1620,0.110622
1621,0.152464
1622,0.154107
1623,0.062012
1624,0.061923
1625,0.070615
1626,0.078277
1627,0.092288
1628,0.139734
1629,0.178201
1630,0.205668
1631,0.194032
1632,0.141725
1633,0.12063
1634,0.095688
1635,0.130861
1636,0.725842
1637,0.893497
1638,0.927995
1639,0.965832
1640,0.936194
1641,0.921834
1642,0.975126
1643,0.986341
1644,0.984055
1645,0.98741
1646,0.988014
1647,0.985577
1648,0.980245
1649,0.966343
1650,0.903974
1651,0.724665
1652,0.565109
1653,0.461715
1654,0.488364
1655,0.531834
1656,0.498455
1657,0.398949
1658,0.472174
1659,0.450013
1660,0.17425
1661,0.130218
1662,0.144702
1663,0.177189
1664,0.236006
1665,0.234118
1666,0.309753
1667,0.260326
1668,0.349298
1669,0.357444
1670,0.299471
1671,0.288247
1672,0.304543
1673,0.289179
1674,0.345425
1675,0.308011
1676,0.245068
1677,0.336248
1678,0.131445
1679,0.145084
1680,0.139813
1681,0.160892
1682,0.126687
1683,0.769664
1684,0.761447
1685,0.910123
1686,0.961499
1687,0.968961
1688,0.97599
1689,0.97391
1690,0.978309
1691,0.977301
1692,0.975725
1693,0.978625
1694,0.971626
1695,0.823647
1696,0.57326
1697,0.48844
1698,0.649954
1699,0.529731
1700,0.483344
1701,0.213127
1702,0.247559
1703,0.233274
1704,0.228124
1705,0.235246
1706,0.149
1707,0.061017
1708,0.075266
1709,0.0422
1710,0.039142
1711,0.024563
1712,0.045774
1713,0.045438
1714,0.046234
1715,0.048855
1716,0.032602
1717,0.01558
1718,0.031399
1719,0.114621
1720,0.094316
1721,0.024639
1722,0.015063
1723,0.035511
1724,0.039918
1725,0.030079
1726,0.036667
1727,0.042303
1728,0.073964
1729,0.0848
1730,0.069744
1731,0.195519
1732,0.232252
1733,0.50872
1734,0.771165
1735,0.812181
1736,0.755988
1737,0.852877
1738,0.925772
1739,0.94525
1740,0.963183
1741,0.984537
1742,0.99127
1743,0.992069
1744,0.994009
1745,0.993012
1746,0.992152
1747,0.689335
1748,0.298348
1749,0.23403
1750,0.113224
1751,0.092048
1752,0.115956
1753,0.08319
1754,0.131921
1755,0.048052
1756,0.104481
1757,0.082196
1758,0.095958
1759,0.219959
1760,0.287125
1761,0.378218
1762,0.341347
1763,0.40647
1764,0.40938
1765,0.351338
1766,0.41345
1767,0.37905
1768,0.374862
1769,0.490711
1770,0.391062
1771,0.092327
1772,0.063378
1773,0.13739
1774,0.16499
1775,0.281244
1776,0.41244
1777,0.385046
1778,0.215586
1779,0.28354
1780,0.249295
1781,0.257204
1782,0.209834
1783,0.214363
1784,0.192188
1785,0.145979
1786,0.135961
1787,0.097544
1788,0.106809
1789,0.180355
1790,0.160685
1791,0.145972
1792,0.210929
1793,0.152068
1794,0.217259
1795,0.266606
1796,0.267437
1797,0.268687
1798,0.310364
1799,0.280537
1800,0.263215
1801,0.354269
1802,0.312652
1803,0.358817
1804,0.340635
1805,0.285752
1806,0.296097
1807,0.25126
1808,0.219551
1809,0.247755
1810,0.195581
1811,0.149966
1812,0.105705
1813,0.09277
1814,0.075476
1815,0.084564
1816,0.099701
1817,0.072218
1818,0.070211
1819,0.090294
1820,0.091527
1821,0.103028
1822,0.100787
1823,0.067295
1824,0.104447
1825,0.120802
1826,0.182941
1827,0.157053
1828,0.217191
1829,0.184279
1830,0.031965
1831,0.015899
1832,0.013906
1833,0.013104
1834,0.009141
1835,0.006362
1836,0.008746
1837,0.01395
1838,0.009321
1839,0.007
1840,0.004349
1841,0.002826
1842,0.003791
1843,0.005986
1844,0.012035
1845,0.02062
1846,0.025852
1847,0.025347
1848,0.047414
1849,0.05919
1850,0.044251
1851,0.03106
1852,0.029586
1853,0.030852
1854,0.028398
1855,0.029421
1856,0.033283
1857,0.0412
1858,0.058181
1859,0.09098
1860,0.507623
1861,0.94535
1862,0.983859
1863,0.962089
1864,0.964811
1865,0.974587
1866,0.957985
1867,0.215155
1868,0.076287
1869,0.044694
1870,0.0277
1871,0.045112
1872,0.038749
1873,0.02771
1874,0.027433
1875,0.020312
1876,0.018679
1877,0.01546
1878,0.050092
1879,0.038824
1880,0.038796
1881,0.05125
1882,0.050456
1883,0.045829
1884,0.062734
1885,0.094189
1886,0.079471
1887,0.071444
1888,0.080017
1889,0.07178
1890,0.063216
1891,0.040272
1892,0.054979
1893,0.098137
1894,0.088473
1895,0.048501
1896,0.045497
1897,0.030485
1898,0.027051
1899,0.020328
1900,0.021316
1901,0.026039
1902,0.033848
1903,0.027855
1904,0.025025
1905,0.019456
1906,0.015193
1907,0.014901
1908,0.011294
1909,0.012943
1910,0.014263
1911,0.015415
1912,0.017849
1913,0.026905
1914,0.028372
1915,0.025199
1916,0.017236
1917,0.065506
1918,0.069754
1919,0.051666
1920,0.033955
1921,0.025348
1922,0.029003
1923,0.023484
1924,0.020831
1925,0.021785
1926,0.015393
1927,0.01733
1928,0.024697
1929,0.02495
1930,0.025615
1931,0.018776
1932,0.129746
1933,0.164076
1934,0.494938
1935,0.861138
1936,0.887378
1937,0.844915
1938,0.624355
1939,0.74293
1940,0.85798
1941,0.941869
1942,0.76615
1943,0.7973
1944,0.610404
1945,0.141431
1946,0.100413
1947,0.100004
1948,0.062729
1949,0.052467
1950,0.05213
1951,0.037226
1952,0.031125
1953,0.037484
1954,0.039049
1955,0.048394
1956,0.1016
1957,0.097877
1958,0.11893
1959,0.159254
1960,0.171463
1961,0.275201
1962,0.277459
1963,0.279278
1964,0.248143
1965,0.098331
1966,0.100702
1967,0.112073
1968,0.112489
1969,0.117263
1970,0.114744
1971,0.13666
1972,0.137639
1973,0.119849
1974,0.111763
1975,0.089784
1976,0.073555
1977,0.14153
1978,0.158146
1979,0.119963
1980,0.124225
1981,0.654356
1982,0.781351
1983,0.797784
1984,0.649813
1985,0.737585
1986,0.780802
1987,0.811352
1988,0.84273
1989,0.813921
1990,0.817222
1991,0.773996
1992,0.720571
1993,0.276074
1994,0.15009
1995,0.146975
1996,0.148646
1997,0.156813
1998,0.158805
1999,0.157743
2000,0.144976
2001,0.168568
2002,0.131126
2003,0.151714
2004,0.154849
2005,0.220363
2006,0.274106
2007,0.759954
2008,0.771937
2009,0.858238
2010,0.802955
2011,0.791903
2012,0.850323
2013,0.800433
2014,0.742461
2015,0.783143
2016,0.419478
2017,0.153285
2018,0.132564
2019,0.145556
2020,0.154974
2021,0.150648
2022,0.150247
2023,0.24441
2024,0.257349
2025,0.236554
2026,0.317567
2027,0.61722
2028,0.945633
2029,0.9473
2030,0.956661
2031,0.978977
2032,0.951375
2033,0.974821
2034,0.97772
2035,0.975069
2036,0.407794
2037,0.149223
2038,0.117718
2039,0.205953
2040,0.204955
2041,0.23486
2042,0.195144
2043,0.199145
2044,0.171121
2045,0.177305
2046,0.165214
2047,0.182971
2048,0.1611
2049,0.156005
2050,0.11493
2051,0.098049
2052,0.085095
2053,0.132977
2054,0.181817
2055,0.189423
2056,0.171337
2057,0.163997
2058,0.520789
2059,0.935507
2060,0.982453
2061,0.98279
2062,0.986414
2063,0.991364
2064,0.989334
2065,0.994567
2066,0.994089
2067,0.993391
2068,0.991615
2069,0.989475
2070,0.984487
2071,0.982481
2072,0.988161
2073,0.615861
2074,0.126036
2075,0.079473
2076,0.078708
2077,0.078024
2078,0.118293
2079,0.11358
2080,0.111999
2081,0.169852
2082,0.1593
2083,0.169097
2084,0.185263
2085,0.141612
2086,0.133057
2087,0.17328
2088,0.149157
2089,0.120836
2090,0.169975
2091,0.164408
2092,0.416894
2093,0.94804
2094,0.977201
2095,0.981991
2096,0.97091
2097,0.979672
2098,0.972816
2099,0.956566
2100,0.949969
2101,0.947104
2102,0.978468
2103,0.911295
2104,0.241045
2105,0.100653
2106,0.214663
2107,0.130803
2108,0.138769
2109,0.058569
2110,0.04899
2111,0.032769
2112,0.095843
2113,0.075142
2114,0.08136
2115,0.08624
2116,0.067887
2117,0.090358
2118,0.099383
2119,0.090747
2120,0.093483
2121,0.104447
2122,0.050972
2123,0.055722
2124,0.088235
2125,0.09074
2126,0.047344
2127,0.11491
2128,0.103117
2129,0.152461
2130,0.176257
2131,0.127665
2132,0.289626
2133,0.507421
2134,0.765887
2135,0.94895
2136,0.962976
2137,0.983019
2138,0.986499
2139,0.983874
2140,0.979928
2141,0.990117
2142,0.989734
2143,0.991427
2144,0.991658
2145,0.992785
2146,0.991741
2147,0.9833
2148,0.574128
2149,0.276243
2150,0.278955
2151,0.370636
2152,0.221188
2153,0.214468
2154,0.146383
2155,0.166779
2156,0.153725
2157,0.156795
2158,0.191813
2159,0.157625
2160,0.17958
2161,0.229318
2162,0.269386
2163,0.576591
2164,0.844727
2165,0.878292
2166,0.933076
2167,0.927134
2168,0.962039
2169,0.97896
2170,0.974089
2171,0.973113
2172,0.978307
2173,0.985108
2174,0.986223
2175,0.987126
2176,0.986452
2177,0.980321
2178,0.976211
2179,0.985011
2180,0.982102
2181,0.986288
2182,0.974215
2183,0.966315
2184,0.925656
2185,0.954766
2186,0.941796
2187,0.945835
2188,0.938819
2189,0.946584
2190,0.899071
2191,0.913356
2192,0.88845
2193,0.910187
2194,0.976728
2195,0.98295
2196,0.987237
2197,0.988351
2198,0.988051
2199,0.988354
2200,0.990373
2201,0.989739
2202,0.988285
2203,0.989053
2204,0.98874
2205,0.988074
2206,0.98991
2207,0.984336
2208,0.98572
2209,0.983049
2210,0.983401
2211,0.982135
2212,0.977196
2213,0.976696
2214,0.978623
2215,0.978309
2216,0.980014
2217,0.978225
2218,0.980576
2219,0.977255
2220,0.981046
2221,0.979507
2222,0.979998
2223,0.982959
2224,0.98529
2225,0.986139
2226,0.986709
2227,0.985763
2228,0.984813
2229,0.990842
2230,0.990703
2231,0.992457
2232,0.993337
2233,0.992535
2234,0.986771
2235,0.982521
2236,0.988879
2237,0.992069
2238,0.994748
2239,0.994473
2240,0.99546
2241,0.994778
2242,0.993645
2243,0.992618
2244,0.994259
2245,0.994512
2246,0.992823
2247,0.987191
2248,0.992516
2249,0.992122
2250,0.989171
2251,0.986748
2252,0.984712
2253,0.987904
2254,0.987974
2255,0.98953
2256,0.987896
2257,0.983696
2258,0.983864
2259,0.983043
2260,0.983161
2261,0.983699
2262,0.981988
2263,0.984521
2264,0.981896
2265,0.97612
2266,0.982389
2267,0.982138
2268,0.984292
2269,0.985423
2270,0.988268
2271,0.988598
2272,0.987291
2273,0.988961
2274,0.988607
2275,0.988504
2276,0.991287
2277,0.99062
2278,0.989022
2279,0.993344
2280,0.99209
2281,0.989717
2282,0.990583
2283,0.991931
2284,0.989176
2285,0.988352
2286,0.991174
2287,0.991381
2288,0.99068
2289,0.989308
2290,0.991807
2291,0.991596
2292,0.994175
2293,0.993724
2294,0.987264
2295,0.987924
2296,0.987545
2297,0.98561
2298,0.994277
2299,0.993725
2300,0.994604
2301,0.993858
2302,0.983582
2303,0.981738
2304,0.975732
2305,0.954247
2306,0.361705
2307,0.073196
2308,0.074879
2309,0.113876
2310,0.127028
2311,0.108239
2312,0.121852
2313,0.121767
2314,0.124923
2315,0.23977
2316,0.858266
2317,0.944332
2318,0.973017
2319,0.978005
2320,0.982108
2321,0.984657
2322,0.983421
2323,0.98555
2324,0.98168
2325,0.984028
2326,0.985469
2327,0.985439
2328,0.984257
2329,0.983838
2330,0.983929
2331,0.574278
2332,0.158175
2333,0.235474
2334,0.255382
2335,0.276423
2336,0.226785
2337,0.186641
2338,0.194631
2339,0.27246
2340,0.722429
2341,0.975875
2342,0.974197
2343,0.974312
2344,0.977628
2345,0.973553
2346,0.976236
2347,0.97402
2348,0.974142
2349,0.972123
2350,0.971318
2351,0.975782
2352,0.972764
2353,0.979813
2354,0.978563
2355,0.977971
2356,0.976633
2357,0.979186
2358,0.976257
2359,0.972697
2360,0.978928
2361,0.978738
2362,0.975626
2363,0.609848
2364,0.145786
2365,0.175248
2366,0.149534
2367,0.156702
2368,0.145847
2369,0.138786
2370,0.132654
2371,0.132823
2372,0.120995
2373,0.131871
2374,0.105081
2375,0.085043
2376,0.086137
2377,0.059052
2378,0.080126
2379,0.080215
2380,0.092
2381,0.058781
2382,0.088886
2383,0.085242
2384,0.070543
2385,0.069354
2386,0.072332
2387,0.10222
2388,0.045456
2389,0.050444
2390,0.044691
2391,0.039671
2392,0.04192
2393,0.031383
2394,0.095624
2395,0.134606
2396,0.380708
2397,0.771891
2398,0.964772
2399,0.981901
2400,0.980678
2401,0.983418
2402,0.986914
2403,0.989669
2404,0.961666
2405,0.345554
2406,0.114251
2407,0.171508
2408,0.084303
2409,0.062219
2410,0.084162
2411,0.077166
2412,0.086098
2413,0.103391
2414,0.110903
2415,0.111163
2416,0.143403
2417,0.087579
2418,0.095383
2419,0.101064
2420,0.170445
2421,0.084032
2422,0.186892
2423,0.172281
2424,0.163795
2425,0.091547
2426,0.093718
2427,0.097044
2428,0.072023
2429,0.091473
2430,0.122297
2431,0.122852
2432,0.203895
2433,0.200404
2434,0.196154
2435,0.167096
2436,0.136513
2437,0.175914
2438,0.142393
2439,0.162539
2440,0.1901
2441,0.466706
2442,0.862878
2443,0.96127
2444,0.984856
2445,0.98097
2446,0.977088
2447,0.980984
2448,0.982908
2449,0.990982
2450,0.99099
2451,0.989447
2452,0.989725
2453,0.988238
2454,0.987698
2455,0.968912
2456,0.947712
2457,0.973954
2458,0.980968
2459,0.904099
2460,0.612774
2461,0.373111
2462,0.388096
2463,0.259145
2464,0.259331
2465,0.035879
2466,0.11275
2467,0.079186
2468,0.053197
2469,0.040204
2470,0.031828
2471,0.02183
2472,0.027589
2473,0.03198
2474,0.021482
2475,0.020399
2476,0.009245
2477,0.011573
2478,0.012118
2479,0.012777
2480,0.014236
2481,0.026337
2482,0.030587
2483,0.044516
2484,0.058437
2485,0.101941
2486,0.054966
2487,0.057366
2488,0.049955
2489,0.041116
2490,0.071857
2491,0.075821
2492,0.066818
2493,0.062575
2494,0.037299
2495,0.05139
2496,0.046812
2497,0.09209
2498,0.083673
2499,0.068656
2500,0.05711
2501,0.032953
2502,0.032897
2503,0.034823
2504,0.042706
2505,0.043068
2506,0.040773
2507,0.026822
2508,0.018353
2509,0.021393
2510,0.021566
2511,0.018964
2512,0.023688
2513,0.015159
2514,0.011772
2515,0.009614
2516,0.007634
2517,0.010803
2518,0.010016
2519,0.013643
2520,0.012718
2521,0.023238
2522,0.014411
2523,0.010857
2524,0.018977
2525,0.030854
2526,0.720029
2527,0.924648
2528,0.95333
2529,0.959696
2530,0.956366
2531,0.975717
2532,0.972585
2533,0.954802
2534,0.374549
2535,0.113176
2536,0.095936
2537,0.09608
2538,0.056079
2539,0.027689
2540,0.018219
2541,0.015983
2542,0.02173
2543,0.019734
2544,0.021502
2545,0.019838
2546,0.017357
2547,0.020545
2548,0.01865
2549,0.0234
2550,0.023175
2551,0.025306
2552,0.024338
2553,0.018327
2554,0.014623
2555,0.017036
2556,0.016314
2557,0.022951
2558,0.025749
2559,0.021341
2560,0.028508
2561,0.034119
2562,0.025808
2563,0.019945
2564,0.015876
2565,0.015252
2566,0.007781
2567,0.012889
2568,0.006818
2569,0.005294
2570,0.004867
2571,0.0075
2572,0.00628
2573,0.007439
2574,0.007543
2575,0.006491
2576,0.010349
2577,0.008933
2578,0.006954
2579,0.005899
2580,0.008281
2581,0.018777
2582,0.010746
2583,0.027019
2584,0.019489
2585,0.016177
2586,0.016873
2587,0.013413
2588,0.035483
2589,0.029812
2590,0.035427
2591,0.020261
2592,0.029012
2593,0.014779
2594,0.013538
2595,0.011648
2596,0.017052
2597,0.01275
2598,0.020771
2599,0.030741
2600,0.031986
2601,0.031945
2602,0.0308
2603,0.020067
2604,0.036891
2605,0.026889
2606,0.042128
2607,0.042453
2608,0.049368
2609,0.039302
2610,0.044202
2611,0.036273
2612,0.031402
2613,0.021441
2614,0.485287
2615,0.913863
2616,0.980527
2617,0.977694
2618,0.975271
2619,0.9798
2620,0.980997
2621,0.975174
2622,0.982238
2623,0.807687
2624,0.504549
2625,0.353775
2626,0.296533
2627,0.308001
2628,0.247052
2629,0.150324
2630,0.146323
2631,0.146289
2632,0.120416
2633,0.143013
2634,0.113025
2635,0.111013
2636,0.113307
2637,0.101057
2638,0.128115
2639,0.142832
2640,0.14769
2641,0.193607
2642,0.145438
2643,0.19514
2644,0.264942
2645,0.284004
2646,0.19429
2647,0.2239
2648,0.167117
2649,0.080232
2650,0.088557
2651,0.141035
2652,0.116806
2653,0.139693
2654,0.150127
2655,0.116273
2656,0.138609
2657,0.112083
2658,0.113455
2659,0.114143
2660,0.118317
2661,0.125587
2662,0.204012
2663,0.196528
2664,0.178353
2665,0.19673
2666,0.13288
2667,0.116088
2668,0.060239
2669,0.068053
2670,0.048538
2671,0.060155
2672,0.06073
2673,0.077698
2674,0.089829
2675,0.188343
2676,0.459791
2677,0.83253
2678,0.919516
2679,0.932963
2680,0.975182
2681,0.975322
2682,0.964927
2683,0.924278
2684,0.228507
2685,0.110621
2686,0.11231
2687,0.104788
2688,0.132788
2689,0.110932
2690,0.088554
2691,0.068454
2692,0.03097
2693,0.022757
2694,0.017342
2695,0.014427
2696,0.02071
2697,0.027922
2698,0.04744
2699,0.042593
2700,0.031411
2701,0.026548
2702,0.02348
2703,0.02465
2704,0.013543
2705,0.011044
2706,0.018031
2707,0.139716
2708,0.687177
2709,0.816603
2710,0.802049
2711,0.869284
2712,0.912209
2713,0.870467
2714,0.906637
2715,0.929527
2716,0.926525
2717,0.919322
2718,0.828834
2719,0.141201
2720,0.07855
2721,0.108294
2722,0.105773
2723,0.111492
2724,0.084312
2725,0.079758
2726,0.126642
2727,0.146285
2728,0.109959
2729,0.074487
2730,0.071782
2731,0.05913
2732,0.042223
2733,0.034567
2734,0.03893
2735,0.03463
2736,0.019467
2737,0.031263
2738,0.038446
2739,0.048375
2740,0.041736
2741,0.042935
2742,0.038601
2743,0.027383
2744,0.038315
2745,0.063022
2746,0.044912
2747,0.096423
2748,0.117873
2749,0.195418
2750,0.786002
2751,0.966296
2752,0.973887
2753,0.97678
2754,0.97812
2755,0.98254
2756,0.984661
2757,0.98417
2758,0.989426
2759,0.990705
2760,0.991802
2761,0.985302
2762,0.983772
2763,0.985051
2764,0.987635
2765,0.984053
2766,0.979481
2767,0.984466
2768,0.986448
2769,0.98505
2770,0.978762
2771,0.986537
2772,0.987416
2773,0.987462
2774,0.985157
2775,0.984486
2776,0.974515
2777,0.988074
2778,0.978594
2779,0.989041
2780,0.987519
2781,0.989906
2782,0.984167
2783,0.989657
2784,0.98512
2785,0.984863
2786,0.985274
2787,0.981848
2788,0.984273
2789,0.982707
2790,0.982423
2791,0.981927
2792,0.981441
2793,0.980148
2794,0.97884
2795,0.980784
2796,0.979511
2797,0.963889
2798,0.922925
2799,0.962442
2800,0.978661
2801,0.972791
2802,0.977434
2803,0.981103
2804,0.972369
2805,0.984276
2806,0.984329
2807,0.987933
2808,0.985333
2809,0.987381
2810,0.984253
2811,0.983201
2812,0.984496
2813,0.983413
2814,0.986885
2815,0.689364
2816,0.236477
2817,0.16902
2818,0.16873
2819,0.239995
2820,0.158412
2821,0.239475
2822,0.210044
2823,0.167173
2824,0.14452
2825,0.142989
2826,0.11677
2827,0.112424
2828,0.069144
2829,0.143893
2830,0.058916
2831,0.123733
2832,0.151529
2833,0.174597
2834,0.156966
2835,0.116886
2836,0.110717
2837,0.112632
2838,0.253777
2839,0.264148
2840,0.480173
2841,0.702818
2842,0.943189
2843,0.960496
2844,0.964484
2845,0.978015
2846,0.976964
2847,0.976054
2848,0.959202
2849,0.39536
2850,0.165302
2851,0.166874
2852,0.163709
2853,0.186658
2854,0.20136
2855,0.220977
2856,0.212233
2857,0.44791
2858,0.68953
2859,0.893818
2860,0.90269
2861,0.893551
2862,0.86419
2863,0.86684
2864,0.880698
2865,0.876303
2866,0.868667
2867,0.868845
2868,0.877474
2869,0.939554
2870,0.914669
2871,0.911852
2872,0.943735
2873,0.963978
2874,0.948548
2875,0.973359
2876,0.971631
2877,0.968635
2878,0.972831
2879,0.953227
2880,0.963045
2881,0.937461
2882,0.934216
2883,0.940362
2884,0.913651
2885,0.923355
2886,0.951997
2887,0.955029
2888,0.953341
2889,0.958329
2890,0.680776
2891,0.275997
2892,0.26832
2893,0.077267
2894,0.020902
2895,0.017176
2896,0.067182
2897,0.067862
2898,0.033952
2899,0.045449
2900,0.036247
2901,0.033614
2902,0.1142
2903,0.522517
2904,0.736792
2905,0.849876
2906,0.795335
2907,0.952964
2908,0.952889
2909,0.95582
2910,0.955994
2911,0.963436
2912,0.971348
2913,0.971679
2914,0.975442
2915,0.978291
2916,0.977192
2917,0.978406
2918,0.97443
2919,0.977867
2920,0.979443
2921,0.974972
2922,0.975167
2923,0.969295
2924,0.970817
2925,0.973068
2926,0.97321
2927,0.97576
2928,0.96722
2929,0.976838
2930,0.975784
2931,0.972425
2932,0.971548
2933,0.969043
2934,0.905352
2935,0.854857
2936,0.534712
2937,0.561097
2938,0.476525
2939,0.508407
2940,0.317284
2941,0.258282
2942,0.347193
2943,0.344043
2944,0.312686
2945,0.260744
2946,0.215413
2947,0.156916
2948,0.513335
2949,0.73683
2950,0.72389
2951,0.862563
2952,0.864043
2953,0.908356
2954,0.895436
2955,0.900978
2956,0.886653
2957,0.923866
2958,0.872834
2959,0.923366
2960,0.921057
2961,0.92377
2962,0.924748
2963,0.919626
2964,0.931159
2965,0.947972
2966,0.944829
2967,0.963876
2968,0.953117
2969,0.963228
2970,0.958633
2971,0.957303
2972,0.943497
2973,0.959947
2974,0.851634
2975,0.305367
2976,0.105336
2977,0.127175
2978,0.097418
2979,0.103226
2980,0.102126
2981,0.12022
2982,0.152395
2983,0.17415
2984,0.433441
2985,0.572365
2986,0.804742
2987,0.875088
2988,0.880365
2989,0.876382
2990,0.881097
2991,0.922807
2992,0.938731
2993,0.96108
2994,0.872602
2995,0.263711
2996,0.017927
2997,0.079584
2998,0.054216
2999,0.116556
3000,0.094142
3001,0.044312
3002,0.038042
3003,0.039318
3004,0.042995
3005,0.043474
3006,0.057601
3007,0.097004
3008,0.631656
3009,0.802168
3010,0.844514
3011,0.855291
3012,0.735786
3013,0.833281
3014,0.824865
3015,0.225507
3016,0.010321
3017,0.00531
3018,0.026904
3019,0.022831
3020,0.022132
3021,0.018177
3022,0.038027
3023,0.025168
3024,0.027984
3025,0.019052
3026,0.022765
3027,0.024711
3028,0.040983
3029,0.031802
3030,0.028953
3031,0.029429
3032,0.035434
3033,0.027863
3034,0.036348
3035,0.026465
3036,0.035215
3037,0.025523
3038,0.027766
3039,0.04381
3040,0.047999
3041,0.039769
3042,0.038088
3043,0.049121
3044,0.04819
3045,0.044332
3046,0.016842
3047,0.016758
3048,0.006873
3049,0.005515
3050,0.007044
3051,0.00712
3052,0.006362
3053,0.006061
3054,0.015711
3055,0.048741
3056,0.070038
3057,0.042441
3058,0.0193
3059,0.003055
3060,0.017965
3061,0.05987
3062,0.0434
3063,0.048463
3064,0.057125
3065,0.037272
3066,0.030355
3067,0.029677
3068,0.025501
3069,0.022726
3070,0.013269
3071,0.018275
3072,0.023294
3073,0.029732
3074,0.036932
3075,0.031447
3076,0.012664
3077,0.011667
3078,0.016629
3079,0.029051
3080,0.023438
3081,0.082365
3082,0.118667
3083,0.155246
3084,0.11293
3085,0.118687
3086,0.385168
3087,0.876544
3088,0.969447
3089,0.963869
3090,0.986213
3091,0.990043
3092,0.9857
3093,0.986738
3094,0.986401
3095,0.986959
3096,0.987305
3097,0.98978
3098,0.986681
3099,0.987525
3100,0.992128
3101,0.989142
3102,0.991759
3103,0.991944
3104,0.98875
3105,0.984303
3106,0.726122
3107,0.546855
3108,0.36463
3109,0.383082
