1,0.987033
2,0.988226
3,0.988711
4,0.987491
5,0.988645
6,0.986113
7,0.986421
8,0.986931
9,0.985125
10,0.982972
11,0.983963
12,0.984126
13,0.993108
14,0.992731
15,0.985556
16,0.989439
17,0.989919
18,0.989463
19,0.99049
20,0.989528
21,0.990144
22,0.990744
23,0.990866
24,0.990134
25,0.987126
26,0.987368
27,0.987431
28,0.987583
29,0.987559
30,0.988093
31,0.988077
32,0.987803
33,0.988179
34,0.987749
35,0.979656
36,0.980251
37,0.973812
38,0.975565
39,0.976842
40,0.977924
41,0.978581
42,0.977865
43,0.977397
44,0.97554
45,0.975015
46,0.974409
47,0.971927
48,0.970524
49,0.985069
50,0.966872
51,0.966911
52,0.967626
53,0.970412
54,0.972973
55,0.976995
56,0.971356
57,0.97448
58,0.975654
59,0.97476
60,0.969715
61,0.961191
62,0.959458
63,0.959187
64,0.956375
65,0.962303
66,0.974751
67,0.972729
68,0.968622
69,0.970618
70,0.969041
71,0.971709
72,0.97243
73,0.952518
74,0.963158
75,0.963942
76,0.962481
77,0.968381
78,0.96556
79,0.960854
80,0.965239
81,0.959842
82,0.956926
83,0.958176
84,0.961358
85,0.968035
86,0.970304
87,0.970195
88,0.967608
89,0.965298
90,0.96403
91,0.964236
92,0.961045
93,0.957609
94,0.958449
95,0.95874
96,0.958786
97,0.953784
98,0.950206
99,0.946691
100,0.944222
101,0.951214
102,0.942255
103,0.90643
104,0.931135
105,0.968572
106,0.963117
107,0.962842
108,0.954649
109,0.911931
110,0.908801
111,0.912078
112,0.910298
113,0.930236
114,0.943926
115,0.943942
116,0.945731
117,0.939038
118,0.917433
119,0.919463
120,0.925161
121,0.946777
122,0.948858
123,0.956423
124,0.964805
125,0.964779
126,0.961041
127,0.955235
128,0.960535
129,0.967337
130,0.961514
131,0.964239
132,0.968466
133,0.965476
134,0.964529
135,0.96805
136,0.954859
137,0.85853
138,0.93191
139,0.954981
140,0.973355
141,0.978097
142,0.96863
143,0.968733
144,0.965743
145,0.979337
146,0.97877
147,0.979949
148,0.978904
149,0.980676
150,0.980873
151,0.98124
152,0.981552
153,0.981068
154,0.981462
155,0.981982
156,0.980601
157,0.982428
158,0.98156
159,0.981614
160,0.982204
161,0.981857
162,0.981257
163,0.983298
164,0.984437
165,0.985072
166,0.985388
167,0.987056
168,0.987034
169,0.98327
170,0.983382
171,0.984978
172,0.985164
173,0.985003
174,0.985863
175,0.984534
176,0.98459
177,0.985077
178,0.984972
179,0.984958
180,0.985248
181,0.982575
182,0.982126
183,0.98236
184,0.982354
185,0.982104
186,0.981659
187,0.982707
188,0.982912
189,0.976311
190,0.976016
191,0.976821
192,0.977072
193,0.982249
194,0.982456
195,0.981618
196,0.982075
197,0.982631
198,0.983338
199,0.983024
200,0.983034
201,0.983151
202,0.983484
203,0.985689
204,0.987682
205,0.987027
206,0.986148
207,0.985555
208,0.986567
209,0.98762
210,0.987782
211,0.987597
212,0.987391
213,0.98798
214,0.987548
215,0.987665
216,0.98813
217,0.986928
218,0.9881
219,0.988876
220,0.989102
221,0.988013
222,0.988338
223,0.988804
224,0.988663
225,0.988185
226,0.98835
227,0.988119
228,0.988291
229,0.986952
230,0.986766
231,0.984723
232,0.985631
233,0.986326
234,0.986169
235,0.983264
236,0.983827
237,0.98317
238,0.984127
239,0.982776
240,0.982657
241,0.987002
242,0.987344
243,0.986827
244,0.986629
245,0.987484
246,0.989016
247,0.989233
248,0.988982
249,0.989
250,0.98098
251,0.983487
252,0.984124
253,0.969376
254,0.970149
255,0.966822
256,0.955608
257,0.951886
258,0.968279
259,0.970577
260,0.971298
261,0.971009
262,0.971839
263,0.97213
264,0.970807
265,0.97332
266,0.972445
267,0.97738
268,0.976149
269,0.974249
270,0.977902
271,0.977417
272,0.978482
273,0.977965
274,0.977801
275,0.977364
276,0.977147
277,0.978229
278,0.977504
279,0.977614
280,0.973964
281,0.977168
282,0.974897
283,0.972337
284,0.972879
285,0.972688
286,0.972231
287,0.966958
288,0.963832
289,0.961704
290,0.961487
291,0.963762
292,0.961257
293,0.970011
294,0.977261
295,0.98278
296,0.97983
297,0.980746
298,0.982386
299,0.983211
300,0.98543
301,0.984289
302,0.988024
303,0.988205
304,0.982052
305,0.985099
306,0.984754
307,0.981744
308,0.981771
309,0.981824
310,0.983387
311,0.981384
312,0.981739
313,0.982291
314,0.981099
315,0.981917
316,0.980025
317,0.979765
318,0.852818
319,0.868555
320,0.934263
321,0.947748
322,0.956552
323,0.959949
324,0.967354
325,0.96676
326,0.967047
327,0.975337
328,0.97441
329,0.974511
330,0.973655
331,0.974717
332,0.975013
333,0.974977
334,0.974343
335,0.975179
336,0.976393
337,0.982272
338,0.980633
339,0.9805
340,0.981467
341,0.981169
342,0.982692
343,0.983469
344,0.983923
345,0.985679
346,0.985128
347,0.983417
348,0.983311
349,0.977965
350,0.978528
351,0.977992
352,0.978816
353,0.978702
354,0.871983
355,0.419067
356,0.789836
357,0.810375
358,0.901782
359,0.963445
360,0.965821
361,0.98001
362,0.982232
363,0.973903
364,0.977256
365,0.979633
366,0.986957
367,0.986815
368,0.990745
369,0.990131
370,0.991121
371,0.991192
372,0.990649
373,0.971388
374,0.966035
375,0.966321
376,0.964889
377,0.965288
378,0.963277
379,0.963461
380,0.96624
381,0.963184
382,0.964441
383,0.962027
384,0.966445
385,0.962193
386,0.957415
387,0.956609
388,0.959515
389,0.961605
390,0.965293
391,0.969763
392,0.969017
393,0.966532
394,0.967928
395,0.973503
396,0.968591
397,0.979348
398,0.978664
399,0.979624
400,0.978561
401,0.97853
402,0.977473
403,0.978546
404,0.977118
405,0.98771
406,0.974741
407,0.989218
408,0.976066
409,0.988845
410,0.988981
411,0.98824
412,0.989092
413,0.979032
414,0.989091
415,0.98916
416,0.988759
417,0.989426
418,0.989911
419,0.988941
420,0.990031
421,0.977532
422,0.979821
423,0.974624
424,0.974097
425,0.97592
426,0.975991
427,0.983369
428,0.983879
429,0.985379
430,0.984519
431,0.984813
432,0.983785
433,0.980731
434,0.982427
435,0.981244
436,0.982611
437,0.981712
438,0.983658
439,0.980281
440,0.979799
441,0.97741
442,0.977483
443,0.97904
444,0.981365
445,0.979372
446,0.978995
447,0.977475
448,0.979061
449,0.979626
450,0.975851
451,0.979992
452,0.975012
453,0.974749
454,0.972165
455,0.976351
456,0.977113
457,0.972578
458,0.970107
459,0.967345
460,0.968199
461,0.967961
462,0.97079
463,0.942214
464,0.944496
465,0.942107
466,0.971351
467,0.973315
468,0.964796
469,0.9437
470,0.941849
471,0.936521
472,0.94579
473,0.936733
474,0.929011
475,0.940619
476,0.939277
477,0.945289
478,0.947266
479,0.940786
480,0.973292
481,0.930982
482,0.966041
483,0.973404
484,0.900526
485,0.913778
486,0.919628
487,0.949773
488,0.947143
489,0.956404
490,0.957203
491,0.948961
492,0.9502
493,0.949553
494,0.943322
495,0.951393
496,0.954795
497,0.951723
498,0.952225
499,0.928806
500,0.942295
501,0.952025
502,0.955289
503,0.93826
504,0.929345
505,0.979326
506,0.975683
507,0.976417
508,0.973708
509,0.972401
510,0.97682
511,0.979142
512,0.978349
513,0.977201
514,0.977677
515,0.977932
516,0.977064
517,0.980882
518,0.980777
519,0.980223
520,0.981616
521,0.981913
522,0.981905
523,0.983112
524,0.983995
525,0.984484
526,0.983144
527,0.982936
528,0.982437
529,0.980046
530,0.96265
531,0.958942
532,0.977445
533,0.979033
534,0.978756
535,0.983634
536,0.983918
537,0.982809
538,0.984155
539,0.986897
540,0.988463
541,0.987374
542,0.987313
543,0.988117
544,0.98789
545,0.988027
546,0.98764
547,0.98779
548,0.985892
549,0.986041
550,0.986689
551,0.984594
552,0.9857
553,0.986028
554,0.986107
555,0.98592
556,0.982818
557,0.982555
558,0.982554
559,0.985012
560,0.984494
561,0.982004
562,0.983069
563,0.981221
564,0.981626
565,0.975855
566,0.972317
567,0.971512
568,0.972983
569,0.96998
570,0.946871
571,0.965455
572,0.971138
573,0.973282
574,0.974493
575,0.972782
576,0.973511
577,0.971675
578,0.971976
579,0.973469
580,0.977276
581,0.977484
582,0.969095
583,0.979304
584,0.977268
585,0.978402
586,0.976696
587,0.969794
588,0.971463
589,0.967237
590,0.970606
591,0.956598
592,0.96657
593,0.966349
594,0.964506
595,0.96523
596,0.966216
597,0.969005
598,0.958188
599,0.954958
600,0.954615
601,0.961633
602,0.961465
603,0.955708
604,0.96273
605,0.965512
606,0.962724
607,0.946979
608,0.918335
609,0.965721
610,0.96824
611,0.969997
612,0.980245
613,0.977045
614,0.980853
615,0.9802
616,0.98129
617,0.980035
618,0.98019
619,0.982579
620,0.982936
621,0.982693
622,0.982683
623,0.984159
624,0.983601
625,0.985177
626,0.983768
627,0.982479
628,0.983867
629,0.98461
630,0.984172
631,0.983066
632,0.982825
633,0.983851
634,0.986108
635,0.986179
636,0.986623
637,0.985558
638,0.985144
639,0.98486
640,0.987314
641,0.988737
642,0.988462
643,0.988705
644,0.989161
645,0.990001
646,0.98955
647,0.987791
648,0.98878
649,0.984232
650,0.987016
651,0.987439
652,0.985797
653,0.985819
654,0.984939
655,0.983678
656,0.981535
657,0.982507
658,0.972538
659,0.980386
660,0.976688
661,0.977564
662,0.976451
663,0.978468
664,0.980013
665,0.978546
666,0.97696
667,0.974055
668,0.977742
669,0.979716
670,0.980025
671,0.982241
672,0.979542
673,0.977054
674,0.969055
675,0.969036
676,0.949981
677,0.957596
678,0.943979
679,0.943808
680,0.949804
681,0.931379
682,0.931642
683,0.934417
684,0.954394
685,0.966121
686,0.981158
687,0.979315
688,0.956177
689,0.953327
690,0.977359
691,0.973491
692,0.953127
693,0.950561
694,0.96942
695,0.972849
696,0.974143
697,0.97754
698,0.974254
699,0.969733
700,0.970434
701,0.982497
702,0.978811
703,0.978553
704,0.955366
705,0.938428
706,0.905299
707,0.967496
708,0.958008
709,0.957287
710,0.965093
711,0.9639
712,0.975437
713,0.97474
714,0.976358
715,0.981402
716,0.984254
717,0.984269
718,0.981827
719,0.982398
720,0.987473
721,0.986284
722,0.986817
723,0.985572
724,0.983893
725,0.982278
726,0.982167
727,0.983747
728,0.983809
729,0.982067
730,0.980511
731,0.983506
732,0.980851
733,0.979721
734,0.980372
735,0.968188
736,0.924913
737,0.926403
738,0.974143
739,0.97018
740,0.977372
741,0.979929
742,0.981811
743,0.982884
744,0.982686
745,0.970341
746,0.969952
747,0.967429
748,0.967743
749,0.967063
750,0.968839
751,0.979433
752,0.972682
753,0.970792
754,0.972887
755,0.974782
756,0.965171
757,0.944532
758,0.923006
759,0.931862
760,0.920732
761,0.944486
762,0.946502
763,0.941768
764,0.949852
765,0.953059
766,0.944669
767,0.918234
768,0.887919
769,0.904243
770,0.872146
771,0.861673
772,0.713349
773,0.735496
774,0.842099
775,0.883261
776,0.705798
777,0.812117
778,0.848867
779,0.903638
780,0.890126
781,0.961144
782,0.949727
783,0.945081
784,0.826287
785,0.929965
786,0.920251
787,0.883725
788,0.879789
789,0.658966
790,0.846929
791,0.844028
792,0.855179
793,0.918322
794,0.923826
795,0.914055
796,0.913604
797,0.927261
798,0.932829
799,0.934348
800,0.942953
801,0.941883
802,0.955007
803,0.971942
804,0.975004
805,0.966148
806,0.96795
807,0.95141
808,0.949427
809,0.957528
810,0.959312
811,0.948041
812,0.94566
813,0.956002
814,0.948432
815,0.93878
816,0.967632
817,0.968951
818,0.969128
819,0.973748
820,0.978758
821,0.981821
822,0.991877
823,0.994165
824,0.992533
825,0.993131
826,0.984702
827,0.983676
828,0.977545
829,0.987128
830,0.985064
831,0.985378
832,0.984734
833,0.983723
834,0.982956
835,0.983664
836,0.985814
837,0.98755
838,0.988211
839,0.988617
840,0.985814
841,0.984585
842,0.985316
843,0.983518
844,0.9829
845,0.983328
846,0.982947
847,0.981054
848,0.984335
849,0.982238
850,0.983624
851,0.984327
852,0.986251
853,0.982989
854,0.986668
855,0.988986
856,0.989504
857,0.988358
858,0.982093
859,0.979665
860,0.976443
861,0.977327
862,0.967816
863,0.97429
864,0.979747
865,0.961173
866,0.967783
867,0.951203
868,0.972845
869,0.961864
870,0.971904
871,0.972651
872,0.955753
873,0.953526
874,0.945652
875,0.944384
876,0.955458
877,0.974202
878,0.974812
879,0.974248
880,0.974212
881,0.953964
882,0.90404
883,0.895561
884,0.812839
885,0.812437
886,0.877959
887,0.94709
888,0.961982
889,0.978174
890,0.980229
891,0.97882
892,0.980046
893,0.980588
894,0.978771
895,0.979533
896,0.981163
897,0.969024
898,0.93405
899,0.912871
900,0.86922
901,0.52248
902,0.640374
903,0.820668
904,0.899704
905,0.922671
906,0.946097
907,0.965483
908,0.967655
909,0.973581
910,0.955452
911,0.971194
912,0.966018
913,0.972826
914,0.973319
915,0.968461
916,0.971441
917,0.969688
918,0.973305
919,0.971211
920,0.973379
921,0.971865
922,0.963828
923,0.965556
924,0.968277
925,0.981344
926,0.978927
927,0.97515
928,0.97633
929,0.978493
930,0.983609
931,0.986361
932,0.9868
933,0.989768
934,0.988588
935,0.988437
936,0.987756
937,0.984518
938,0.984053
939,0.983169
940,0.984175
941,0.98359
942,0.983539
943,0.981706
944,0.982487
945,0.981808
946,0.982301
947,0.984391
948,0.984379
949,0.980445
950,0.980918
951,0.980931
952,0.982521
953,0.980229
954,0.979882
955,0.98344
956,0.987654
957,0.986853
958,0.985947
959,0.985396
960,0.986226
961,0.981309
962,0.95007
963,0.926133
964,0.963862
965,0.968046
966,0.974649
967,0.97753
968,0.978381
969,0.983099
970,0.978539
971,0.980851
972,0.979566
973,0.981489
974,0.98184
975,0.983648
976,0.983526
977,0.986025
978,0.984383
979,0.982992
980,0.983563
981,0.98285
982,0.981486
983,0.980346
984,0.979586
985,0.970889
986,0.975668
987,0.976452
988,0.973997
989,0.974797
990,0.97268
991,0.968478
992,0.968899
993,0.971738
994,0.971953
995,0.969979
996,0.977677
997,0.978375
998,0.977327
999,0.979661
1000,0.98512
1001,0.986926
1002,0.982605
1003,0.982741
1004,0.981491
1005,0.985574
1006,0.985752
1007,0.969984
1008,0.940759
1009,0.943036
1010,0.97395
1011,0.981376
1012,0.975189
1013,0.975682
1014,0.958403
1015,0.979033
1016,0.978248
1017,0.979288
1018,0.979935
1019,0.979678
1020,0.980631
1021,0.989177
1022,0.986722
1023,0.986546
1024,0.987698
1025,0.986297
1026,0.985672
1027,0.986318
1028,0.986148
1029,0.987483
1030,0.987057
1031,0.988306
1032,0.988151
1033,0.987718
1034,0.986448
1035,0.99168
1036,0.988374
1037,0.989413
1038,0.990056
1039,0.990034
1040,0.990199
1041,0.990748
1042,0.990752
1043,0.990216
1044,0.990759
1045,0.991975
1046,0.99288
1047,0.987761
1048,0.986174
1049,0.900768
1050,0.929049
1051,0.943228
1052,0.979406
1053,0.984987
1054,0.982131
1055,0.979926
1056,0.971537
1057,0.984648
1058,0.985519
1059,0.985995
1060,0.989019
1061,0.988398
1062,0.989026
1063,0.989412
1064,0.990369
1065,0.99006
1066,0.992275
1067,0.992273
1068,0.99279
1069,0.993465
1070,0.993336
1071,0.993106
1072,0.992735
1073,0.993149
1074,0.992955
1075,0.993209
1076,0.993097
1077,0.993172
1078,0.99417
1079,0.990134
1080,0.904467
1081,0.890836
1082,0.946049
1083,0.945847
1084,0.95304
1085,0.974721
1086,0.979978
1087,0.98441
1088,0.985986
1089,0.977906
1090,0.991287
1091,0.99235
1092,0.99282
1093,0.995194
1094,0.995028
1095,0.994768
1096,0.994615
1097,0.994383
1098,0.994089
1099,0.993313
1100,0.994112
1101,0.994218
1102,0.994059
1103,0.994005
1104,0.993591
1105,0.994514
1106,0.994784
1107,0.99471
1108,0.994228
1109,0.99412
1110,0.993449
1111,0.993071
1112,0.994405
1113,0.986368
1114,0.994392
1115,0.987398
1116,0.987223
1117,0.983975
1118,0.983324
1119,0.983466
1120,0.984224
1121,0.984599
1122,0.984189
1123,0.98369
1124,0.983565
1125,0.983285
1126,0.984773
1127,0.98499
1128,0.984335
1129,0.993996
1130,0.993376
1131,0.986449
1132,0.993734
1133,0.994229
1134,0.994253
1135,0.986426
1136,0.987103
1137,0.987553
1138,0.987353
1139,0.98854
1140,0.989861
1141,0.986487
1142,0.986811
1143,0.987158
1144,0.986193
1145,0.896588
1146,0.924467
1147,0.970615
1148,0.972681
1149,0.979435
1150,0.9779
1151,0.982099
1152,0.981574
1153,0.982937
1154,0.984215
1155,0.981634
1156,0.984591
1157,0.984501
1158,0.985511
1159,0.984336
1160,0.985532
1161,0.985103
1162,0.983525
1163,0.982024
1164,0.981296
1165,0.983956
1166,0.983965
1167,0.98354
1168,0.982248
1169,0.980417
1170,0.981268
1171,0.983189
1172,0.982243
1173,0.984212
1174,0.985312
1175,0.986243
1176,0.985781
1177,0.987405
1178,0.99127
1179,0.987774
1180,0.987387
1181,0.992024
1182,0.990267
1183,0.987118
1184,0.986559
1185,0.98486
1186,0.985982
1187,0.985811
1188,0.985915
1189,0.993559
1190,0.993349
1191,0.992915
1192,0.993219
1193,0.988247
1194,0.988823
1195,0.993575
1196,0.988785
1197,0.993658
1198,0.993512
1199,0.987475
1200,0.993081
1201,0.988705
1202,0.953498
1203,0.980362
1204,0.98256
1205,0.978368
1206,0.973366
1207,0.977388
1208,0.977297
1209,0.977462
1210,0.974058
1211,0.98171
1212,0.980865
1213,0.980674
1214,0.980323
1215,0.980743
1216,0.979825
1217,0.980947
1218,0.979851
1219,0.979999
1220,0.980295
1221,0.980414
1222,0.980051
1223,0.981883
1224,0.982773
1225,0.988967
1226,0.987698
1227,0.988132
1228,0.988179
1229,0.987737
1230,0.987929
1231,0.98862
1232,0.988858
1233,0.988694
1234,0.988652
1235,0.988235
1236,0.988774
1237,0.993539
1238,0.993721
1239,0.994009
1240,0.993896
1241,0.988763
1242,0.993677
1243,0.992975
1244,0.940755
1245,0.934299
1246,0.971081
1247,0.973052
1248,0.976457
1249,0.971632
1250,0.973238
1251,0.980868
1252,0.979425
1253,0.982984
1254,0.981623
1255,0.981366
1256,0.980243
1257,0.978644
1258,0.973851
1259,0.975636
1260,0.977502
1261,0.973779
1262,0.973921
1263,0.972647
1264,0.971879
1265,0.974117
1266,0.965099
1267,0.968749
1268,0.965044
1269,0.971646
1270,0.969203
1271,0.970137
1272,0.958612
1273,0.954759
1274,0.956975
1275,0.960427
1276,0.950659
1277,0.931351
1278,0.890101
1279,0.893379
1280,0.929305
1281,0.929658
1282,0.918402
1283,0.91195
1284,0.915973
1285,0.880457
1286,0.912931
1287,0.912219
1288,0.893133
1289,0.922957
1290,0.928469
1291,0.936875
1292,0.940763
1293,0.938776
1294,0.933118
1295,0.931337
1296,0.922826
1297,0.880363
1298,0.893223
1299,0.911914
1300,0.8959
1301,0.895453
1302,0.910223
1303,0.909856
1304,0.933252
1305,0.93627
1306,0.942959
1307,0.94199
1308,0.934988
1309,0.885309
1310,0.892659
1311,0.882777
1312,0.95975
1313,0.951706
1314,0.942069
1315,0.932356
1316,0.959514
1317,0.955034
1318,0.948018
1319,0.938875
1320,0.949943
1321,0.943075
1322,0.950189
1323,0.959413
1324,0.967801
1325,0.97016
1326,0.967373
1327,0.968668
1328,0.967155
1329,0.971432
1330,0.976945
1331,0.977351
1332,0.977297
1333,0.980442
1334,0.979658
1335,0.976707
1336,0.976976
1337,0.978
1338,0.979249
1339,0.977681
1340,0.978516
1341,0.980491
1342,0.980682
1343,0.981689
1344,0.981336
1345,0.983136
1346,0.984858
1347,0.98288
1348,0.984573
1349,0.984261
1350,0.984298
1351,0.984487
1352,0.982549
1353,0.98444
