1,0.996238
2,0.995953
3,0.994903
4,0.99472
5,0.995276
6,0.995421
7,0.996314
8,0.996575
9,0.995998
10,0.996309
11,0.995705
12,0.99433
13,0.992501
14,0.9934
15,0.993436
16,0.996026
17,0.995643
18,0.996151
19,0.996824
20,0.997439
21,0.997624
22,0.997354
23,0.997962
24,0.998183
25,0.997765
26,0.99815
27,0.998218
28,0.997966
29,0.997994
30,0.99811
31,0.998206
32,0.998213
33,0.997905
34,0.997769
35,0.99794
36,0.998128
37,0.997824
38,0.997147
39,0.996372
40,0.993813
41,0.990772
42,0.990089
43,0.986106
44,0.987074
45,0.986654
46,0.985305
47,0.986339
48,0.982947
49,0.978054
50,0.978503
51,0.966192
52,0.970822
53,0.972439
54,0.97081
55,0.964171
56,0.956773
57,0.961436
58,0.953313
59,0.950146
60,0.978544
61,0.977073
62,0.445914
63,0.881389
64,0.730681
65,0.585573
66,0.712022
67,0.634154
68,0.908229
69,0.907067
70,0.889141
71,0.839992
72,0.882351
73,0.894674
74,0.914131
75,0.873433
76,0.838595
77,0.8601
78,0.856686
79,0.809782
80,0.751116
81,0.832134
82,0.904837
83,0.897715
84,0.908432
85,0.882322
86,0.860519
87,0.855969
88,0.857248
89,0.795835
90,0.834175
91,0.844242
92,0.926961
93,0.956199
94,0.940295
95,0.967902
96,0.890731
97,0.903416
98,0.92586
99,0.951462
100,0.934938
101,0.928565
102,0.940656
103,0.928456
104,0.925386
105,0.912129
106,0.927896
107,0.885035
108,0.913101
109,0.887344
110,0.826884
111,0.894658
112,0.930641
113,0.958279
114,0.987176
115,0.978062
116,0.983508
117,0.987882
118,0.9684
119,0.976265
120,0.979004
121,0.987283
122,0.988981
123,0.989471
124,0.98916
125,0.991153
126,0.991699
127,0.99152
128,0.991349
129,0.99168
130,0.974103
131,0.990162
132,0.982237
133,0.984146
134,0.984033
135,0.987956
136,0.993644
137,0.994527
138,0.994753
139,0.995984
140,0.995602
141,0.994483
142,0.99433
143,0.993596
144,0.993016
145,0.990499
146,0.992234
147,0.992798
148,0.98838
149,0.991734
150,0.990837
151,0.992589
152,0.993768
153,0.993762
154,0.993826
155,0.99424
156,0.993682
157,0.995516
158,0.996676
159,0.995342
160,0.995917
161,0.995767
162,0.995377
163,0.993799
164,0.994785
165,0.994186
166,0.995355
167,0.995366
168,0.996679
169,0.993274
170,0.994103
171,0.994993
172,0.991651
173,0.993125
174,0.992316
175,0.993231
176,0.996102
177,0.994472
178,0.99153
179,0.992044
180,0.995548
181,0.994724
182,0.993704
183,0.994713
184,0.995473
185,0.998129
186,0.996463
187,0.994792
188,0.9937
189,0.989515
190,0.991435
191,0.993555
192,0.991592
193,0.993603
194,0.99275
195,0.984419
196,0.985039
197,0.984517
198,0.985363
199,0.985433
200,0.505061
201,0.005538
202,0.021461
203,0.001379
204,0.001758
205,0.011279
206,0.011276
207,0.008863
208,0.011504
209,0.01469
210,0.015103
211,0.012493
212,0.012626
213,0.140023
214,0.532383
215,0.888295
216,0.968164
217,0.968444
218,0.964836
219,0.953825
220,0.960834
221,0.958306
222,0.956302
223,0.933981
224,0.963591
225,0.923327
226,0.971246
227,0.972199
228,0.966137
229,0.958702
230,0.96446
231,0.96391
232,0.966542
233,0.58323
234,0.04529
235,0.004984
236,0.018511
237,0.02134
238,0.003321
239,0.002807
240,0.00105
241,0.001805
242,0.002062
243,0.002061
244,0.001588
245,0.001282
246,0.00371
247,0.002407
248,0.002383
249,0.000953
250,0.000797
251,0.002053
252,0.003854
253,0.002024
254,0.000985
255,0.000761
256,0.001267
257,0.048087
258,0.46404
259,0.616314
260,0.625152
261,0.76879
262,0.776117
263,0.783194
264,0.746079
265,0.854437
266,0.828419
267,0.766518
268,0.629855
269,0.875244
270,0.363955
271,0.881516
272,0.638916
273,0.530932
274,0.853745
275,0.833502
276,0.962688
277,0.587691
278,0.948722
279,0.223619
280,0.000372
281,0.000271
282,0.00062
283,0.000508
284,0.000355
285,0.000389
286,0.0004
287,0.000476
288,0.000368
289,0.000243
290,0.000339
291,0.000359
292,0.000523
293,0.000694
294,0.001355
295,0.000951
296,0.000877
297,0.000991
298,0.001441
299,0.001396
300,0.001637
301,0.001695
302,0.00153
303,0.001553
304,0.001427
305,0.002618
306,0.001749
307,0.001855
308,0.001382
309,0.001248
310,0.001212
311,0.002458
312,0.004334
313,0.005368
314,0.003595
315,0.005289
316,0.007323
317,0.002298
318,0.002156
319,0.0005
320,0.000238
321,0.000226
322,0.000223
323,0.00015
324,0.000254
325,0.0016
326,0.029744
327,0.06198
328,0.935256
329,0.969292
330,0.973449
331,0.974019
332,0.988643
333,0.985822
334,0.990338
335,0.991924
336,0.989369
337,0.991408
338,0.980449
339,0.971155
340,0.936193
341,0.011457
342,0.006472
343,0.017614
344,0.012237
345,0.004902
346,0.00445
347,0.003702
348,0.014894
349,0.020468
350,0.024777
351,0.018421
352,0.008878
353,0.009048
354,0.010906
355,0.007066
356,0.007356
357,0.007301
358,0.003417
359,0.002758
360,0.001674
361,0.001637
362,0.002494
363,0.001695
364,0.002152
365,0.002557
366,0.001664
367,0.001699
368,0.001506
369,0.00189
370,0.001404
371,0.001797
372,0.007106
373,0.024044
374,0.794424
375,0.947525
376,0.961568
377,0.974082
378,0.966318
379,0.967207
380,0.969016
381,0.958482
382,0.952909
383,0.963411
384,0.950435
385,0.920517
386,0.921033
387,0.93347
388,0.097055
389,0.01184
390,0.002217
391,0.012173
392,0.001209
393,0.001237
394,0.003858
395,0.001414
396,0.001088
397,0.002915
398,0.006163
399,0.003182
400,0.002164
401,0.001753
402,0.001837
403,0.001492
404,0.001955
405,0.00275
406,0.001269
407,0.001543
408,0.001297
409,0.001943
410,0.001487
411,0.002112
412,0.002174
413,0.004021
414,0.002492
415,0.002674
416,0.002235
417,0.0038
418,0.003986
419,0.003387
420,0.003903
421,0.009225
422,0.007133
423,0.004974
424,0.001069
425,0.00228
426,0.004727
427,0.007313
428,0.003814
429,0.00213
430,0.002582
431,0.001763
432,0.001926
433,0.001962
434,0.001285
435,0.001117
436,0.001185
437,0.001383
438,0.000734
439,0.001195
440,0.00161
441,0.002491
442,0.003391
443,0.001382
444,0.000397
445,0.000878
446,0.003847
447,0.002347
448,0.005431
449,0.001088
450,0.000854
451,0.004227
452,0.00519
453,0.001747
454,0.000622
455,0.000722
456,0.000836
457,0.000434
458,0.000286
459,0.000264
460,0.000293
461,0.006448
462,0.032352
463,0.062545
464,0.429546
465,0.926112
466,0.953062
467,0.904361
468,0.801949
469,0.760722
470,0.952191
471,0.934143
472,0.914871
473,0.903848
474,0.858817
475,0.820121
476,0.777747
477,0.89911
478,0.08634
479,0.010043
480,0.002356
481,0.000438
482,0.000226
483,9.6e-05
484,0.000255
485,0.000566
486,0.00093
487,0.000356
488,0.000176
489,0.00076
490,0.000486
491,0.001206
492,0.000291
493,0.000481
494,0.000444
495,0.000716
496,0.000349
497,0.000282
498,0.000314
499,0.000314
500,0.000258
501,0.000199
502,0.000217
503,0.000277
504,0.00067
505,0.000466
506,0.000934
507,0.000748
508,0.000681
509,0.000374
510,0.000266
511,0.00014
512,0.000137
513,0.001202
514,0.003184
515,0.000801
516,0.001703
517,0.006571
518,0.007305
519,0.00169
520,0.001296
521,0.000855
522,0.000538
523,0.000376
524,0.000359
525,0.001086
526,0.00159
527,0.002028
528,0.003221
529,0.001783
530,0.002818
531,0.004378
532,0.004359
533,0.002381
534,0.002288
535,0.000279
536,0.000225
537,0.000609
538,0.001234
539,0.000408
540,0.00039
541,0.001375
542,0.001734
543,0.001675
544,0.002346
545,0.003221
546,0.001071
547,0.028227
548,0.130775
549,0.710445
550,0.888022
551,0.885353
552,0.841546
553,0.728745
554,0.740013
555,0.767746
556,0.758036
557,0.706656
558,0.542429
559,0.43981
560,0.336368
561,0.551613
562,0.002852
563,0.001156
564,0.000961
565,0.000415
566,0.000186
567,0.000242
568,0.000104
569,0.000294
570,0.000279
571,8.8e-05
572,0.000262
573,0.000146
574,0.000957
575,0.000792
576,0.000844
577,0.000581
578,0.000857
579,0.000598
580,0.000689
581,0.00051
582,0.001632
583,0.000826
584,0.000582
585,0.000285
586,0.000437
587,6.2e-05
588,7.3e-05
589,9.9e-05
590,0.000436
591,0.033899
592,0.315875
593,0.71906
594,0.560795
595,0.30098
596,0.797696
597,0.691406
598,0.570226
599,0.758919
600,0.877539
601,0.927101
602,0.934775
603,0.970022
604,0.959002
605,0.924777
606,0.938418
607,0.962882
608,0.958753
609,0.939686
610,0.946483
611,0.9548
612,0.955921
613,0.9494
614,0.950376
615,0.964819
616,0.975895
617,0.980187
618,0.984481
619,0.984919
620,0.980549
621,0.973646
622,0.949296
623,0.916046
624,0.298438
625,0.196859
626,0.016614
627,0.001375
628,0.000655
629,0.000183
630,0.003372
631,0.002245
632,0.004837
633,0.004505
634,0.004626
635,0.00513
636,0.001179
637,0.00136
638,0.006579
639,0.000879
640,0.005395
641,0.004981
642,0.006225
643,0.004189
644,0.021953
645,0.00523
646,0.003927
647,0.00267
648,0.007064
649,0.000904
650,0.000677
651,0.000464
652,0.000384
653,0.000349
654,0.00073
655,0.000543
656,0.001312
657,0.003264
658,0.001557
659,0.001717
660,0.001876
661,0.004781
662,0.00486
663,0.000926
664,0.000915
665,0.000232
666,0.000458
667,0.002026
668,0.003186
669,0.003405
670,0.004001
671,0.00345
672,0.004713
673,0.003493
674,0.005258
675,0.004797
676,0.005241
677,0.003628
678,0.0036
679,0.003825
680,0.001053
681,0.001342
682,0.001583
683,0.000806
684,0.001939
685,0.003128
686,0.002951
687,0.000931
688,0.001327
689,0.001167
690,0.001332
691,0.001117
692,0.001215
693,0.000959
694,0.001283
695,0.002049
696,0.0014
697,0.001588
698,0.019516
699,0.560609
700,0.88969
701,0.947128
702,0.97923
703,0.972432
704,0.983615
705,0.990007
706,0.989515
707,0.991653
708,0.988737
709,0.989922
710,0.95052
711,0.931711
712,0.947349
713,0.987219
714,0.986858
715,0.978847
716,0.98649
717,0.974959
718,0.945279
719,0.840079
720,0.777676
721,0.714576
722,0.775585
723,0.675814
724,0.739557
725,0.750558
726,0.714616
727,0.678964
728,0.871971
729,0.867682
730,0.891965
731,0.867563
732,0.837497
733,0.83449
734,0.835413
735,0.814987
736,0.809921
737,0.787574
738,0.761247
739,0.387368
740,0.422562
741,0.420702
742,0.365577
743,0.326777
744,0.580075
745,0.715012
746,0.703602
747,0.774322
748,0.609565
749,0.733224
750,0.54486
751,0.661479
752,0.658517
753,0.707309
754,0.449053
755,0.228371
756,0.674424
757,0.66744
758,0.799047
759,0.634338
760,0.745973
761,0.908056
762,0.727716
763,0.722949
764,0.386085
765,0.683118
766,0.822975
767,0.895832
768,0.743853
769,0.768907
770,0.810057
771,0.770383
772,0.955268
773,0.955983
774,0.913904
775,0.952422
776,0.921916
777,0.889547
778,0.857242
779,0.800178
780,0.752845
781,0.147795
782,0.884208
783,0.876494
784,0.89627
785,0.891896
786,0.879373
787,0.868757
788,0.922845
789,0.947173
790,0.840877
791,0.772268
792,0.765242
793,0.795252
794,0.848859
795,0.796843
796,0.765628
797,0.70983
798,0.664355
799,0.625154
800,0.656654
801,0.692629
802,0.823907
803,0.917625
804,0.898381
805,0.867083
806,0.791914
807,0.810755
808,0.776089
809,0.818238
810,0.844157
811,0.916158
812,0.900442
813,0.931819
814,0.908194
815,0.908056
816,0.938345
817,0.984386
818,0.96901
819,0.988305
820,0.992698
821,0.995166
822,0.992849
823,0.988744
824,0.492139
825,0.05083
826,0.028032
827,0.012224
828,0.008124
829,0.003592
830,0.004749
831,0.002018
832,0.002856
833,0.004094
834,0.002313
835,0.005234
836,0.001149
837,0.001195
838,0.001133
839,0.001209
840,0.001114
841,0.001028
842,0.001364
843,0.000773
844,0.000674
845,0.000815
846,0.000525
847,0.000568
848,0.003682
849,0.012798
850,0.685755
851,0.979367
852,0.993494
853,0.996579
854,0.996256
855,0.996435
856,0.996301
857,0.996976
858,0.997242
859,0.996125
860,0.995991
861,0.996604
862,0.995907
863,0.996523
864,0.996359
865,0.996268
866,0.993018
867,0.994837
868,0.997041
869,0.997527
870,0.997447
871,0.997271
872,0.997104
873,0.996905
874,0.995104
875,0.995284
876,0.995495
877,0.996015
878,0.995492
879,0.995845
880,0.996145
881,0.994326
882,0.994853
883,0.99558
884,0.995449
885,0.995751
886,0.997292
887,0.996557
888,0.997133
889,0.996921
890,0.997149
891,0.996954
892,0.99759
893,0.997955
894,0.998314
895,0.997528
896,0.996011
897,0.996534
898,0.993928
899,0.995457
900,0.995086
901,0.992189
902,0.994677
903,0.994313
904,0.995589
905,0.99695
906,0.996801
907,0.994559
908,0.99437
909,0.993776
910,0.98754
911,0.982888
912,0.979612
913,0.977925
914,0.994323
915,0.994904
916,0.994559
917,0.993425
918,0.99329
919,0.993583
920,0.993261
921,0.992485
922,0.993185
923,0.992342
924,0.988277
925,0.991926
926,0.9927
927,0.992388
928,0.990697
929,0.993136
930,0.992561
931,0.99218
932,0.991669
933,0.989618
934,0.989801
935,0.989915
936,0.98974
937,0.991019
938,0.990826
939,0.991529
940,0.992094
941,0.992449
942,0.994801
943,0.995739
944,0.994849
945,0.994868
946,0.992631
947,0.992546
948,0.992984
949,0.989707
950,0.995839
951,0.995291
952,0.995166
953,0.994948
954,0.994768
955,0.99504
956,0.994827
957,0.994538
958,0.994378
959,0.993992
960,0.993227
961,0.995954
962,0.996493
963,0.996231
964,0.995979
965,0.995718
966,0.996333
967,0.995814
968,0.99625
969,0.99609
970,0.995969
971,0.996309
972,0.996026
973,0.994409
974,0.993275
975,0.986588
976,0.139197
977,0.000523
978,0.000458
979,0.000371
980,0.000203
981,0.000176
982,0.000164
983,0.000229
984,0.000324
985,0.000118
986,0.00014
987,0.000111
988,0.00011
989,0.04075
990,0.162804
991,0.940381
992,0.984166
993,0.99248
994,0.993226
995,0.993636
996,0.994572
997,0.995045
998,0.994995
999,0.994659
1000,0.994296
1001,0.995674
1002,0.99474
1003,0.996131
1004,0.996662
1005,0.996389
1006,0.996996
1007,0.997391
1008,0.997534
1009,0.996835
1010,0.997264
1011,0.997443
1012,0.997368
1013,0.997138
1014,0.997213
1015,0.997173
1016,0.997212
1017,0.997267
1018,0.997633
1019,0.997652
1020,0.997221
1021,0.99678
1022,0.99694
1023,0.997118
1024,0.996983
1025,0.997227
1026,0.997347
1027,0.996832
1028,0.997176
1029,0.997214
1030,0.997038
1031,0.997023
1032,0.997065
1033,0.99732
1034,0.997411
1035,0.997494
1036,0.997721
1037,0.997824
1038,0.997498
1039,0.997462
1040,0.325384
1041,0.002432
1042,0.000249
1043,0.00014
1044,0.007449
1045,0.002756
1046,0.001457
1047,0.000643
1048,0.000464
1049,0.000454
1050,0.000419
1051,0.000246
1052,0.000423
1053,0.111887
1054,0.887882
1055,0.983882
1056,0.979883
1057,0.97552
1058,0.985708
1059,0.99031
1060,0.99006
1061,0.991219
1062,0.991967
1063,0.992919
1064,0.992346
1065,0.993065
1066,0.993172
1067,0.99324
1068,0.995242
1069,0.991935
1070,0.99127
1071,0.991649
1072,0.991742
1073,0.990953
1074,0.99006
1075,0.987503
1076,0.987775
1077,0.991798
1078,0.990281
1079,0.987073
1080,0.988868
1081,0.986025
1082,0.986012
1083,0.986955
1084,0.988727
1085,0.987977
1086,0.988952
1087,0.988462
1088,0.991054
1089,0.993074
1090,0.992245
1091,0.991225
1092,0.988862
1093,0.990302
1094,0.989822
1095,0.98873
1096,0.988447
1097,0.988144
1098,0.98758
1099,0.990501
1100,0.992161
1101,0.991442
1102,0.991371
1103,0.991939
1104,0.992142
1105,0.991135
1106,0.992227
1107,0.992119
1108,0.993034
1109,0.990317
1110,0.979037
1111,0.910529
1112,0.839489
1113,0.730848
1114,0.959322
1115,0.97086
1116,0.970915
1117,0.987524
1118,0.988398
1119,0.983657
1120,0.984694
1121,0.98214
1122,0.984014
1123,0.986435
1124,0.989004
1125,0.990203
1126,0.993438
1127,0.994021
1128,0.993907
1129,0.994013
1130,0.990939
1131,0.991274
1132,0.988644
1133,0.986388
1134,0.989609
1135,0.98695
1136,0.988918
1137,0.989168
1138,0.99013
1139,0.991437
1140,0.991912
1141,0.991672
1142,0.992575
1143,0.99311
1144,0.993003
1145,0.997239
1146,0.997374
1147,0.988396
1148,0.989279
1149,0.9897
1150,0.993644
1151,0.990382
1152,0.988854
1153,0.988652
1154,0.987407
1155,0.793849
1156,0.694072
1157,0.123504
1158,0.001078
1159,0.033667
1160,0.015406
1161,0.013942
1162,0.005531
1163,0.00336
1164,0.003532
1165,0.005343
1166,0.005625
1167,0.002561
1168,0.00989
1169,0.047205
1170,0.767096
1171,0.971916
1172,0.979445
1173,0.970352
1174,0.956425
1175,0.98737
1176,0.985442
1177,0.982927
1178,0.981744
1179,0.979333
1180,0.982258
1181,0.982615
1182,0.985262
1183,0.985535
1184,0.99603
1185,0.995892
1186,0.996472
1187,0.9971
1188,0.989091
1189,0.993225
1190,0.993658
1191,0.997909
1192,0.997816
1193,0.997646
1194,0.997286
1195,0.997517
1196,0.997521
1197,0.993529
1198,0.992966
1199,0.993509
1200,0.99696
1201,0.997428
1202,0.997587
1203,0.994003
1204,0.994805
1205,0.996259
1206,0.996242
1207,0.996472
1208,0.996299
1209,0.995056
1210,0.994993
1211,0.994619
1212,0.993397
1213,0.992453
1214,0.993824
1215,0.994116
1216,0.991663
1217,0.991506
1218,0.992257
1219,0.992909
1220,0.987908
1221,0.992682
1222,0.523033
1223,0.004038
1224,0.003186
1225,0.017873
1226,0.015388
1227,0.012376
1228,0.04613
1229,0.027507
1230,0.011549
1231,0.006873
1232,0.012431
1233,0.009992
1234,0.019319
1235,0.011691
1236,0.004899
1237,0.002986
1238,0.003339
1239,0.002045
1240,0.00218
1241,0.000911
1242,0.001603
1243,0.002452
1244,0.002348
1245,0.002098
1246,0.002032
1247,0.001469
1248,0.003527
1249,0.005823
1250,0.001895
1251,0.001308
1252,0.001394
1253,0.000665
1254,0.001039
1255,0.000852
1256,0.096431
1257,0.374036
1258,0.483443
1259,0.567341
1260,0.561513
1261,0.497392
1262,0.444114
1263,0.367411
1264,0.450817
1265,0.265781
1266,0.231519
1267,0.149623
1268,0.2025
1269,0.766508
1270,0.220409
1271,0.630372
1272,0.625323
1273,0.46642
1274,0.458977
1275,0.642196
1276,0.621136
1277,0.508272
1278,0.518723
1279,0.526503
1280,0.542739
1281,0.584689
1282,0.54859
1283,0.585993
1284,0.66157
1285,0.952286
1286,0.94887
1287,0.944889
1288,0.939292
1289,0.347433
1290,0.887019
1291,0.884956
1292,0.313284
1293,0.270075
1294,0.304504
1295,0.440723
1296,0.46719
1297,0.292261
1298,0.304487
1299,0.3342
1300,0.318024
1301,0.388696
1302,0.451401
1303,0.447841
1304,0.741785
1305,0.73001
1306,0.845356
1307,0.685559
1308,0.787302
1309,0.846163
1310,0.708565
1311,0.483301
1312,0.771511
1313,0.715067
1314,0.193808
1315,0.10039
1316,0.073072
1317,0.032146
1318,0.038409
1319,0.105046
1320,0.661891
1321,0.846248
1322,0.954374
1323,0.970828
1324,0.972887
1325,0.979934
1326,0.977206
1327,0.9836
1328,0.98669
1329,0.98775
1330,0.982803
1331,0.980277
1332,0.978656
1333,0.982132
1334,0.982538
1335,0.978278
1336,0.971766
1337,0.974604
1338,0.98148
1339,0.97769
1340,0.989042
1341,0.991911
1342,0.992727
1343,0.985691
1344,0.986982
1345,0.976475
1346,0.974442
1347,0.986107
1348,0.989254
1349,0.989229
1350,0.990735
1351,0.988881
1352,0.989759
1353,0.99011
1354,0.990596
1355,0.992247
1356,0.98423
1357,0.987043
1358,0.986266
1359,0.987387
1360,0.986641
1361,0.981701
1362,0.98329
1363,0.993796
1364,0.992906
1365,0.992995
1366,0.990576
1367,0.991817
1368,0.992726
1369,0.993609
1370,0.99289
1371,0.993699
1372,0.993534
1373,0.993896
1374,0.994418
1375,0.994422
1376,0.994862
1377,0.994509
1378,0.994506
1379,0.993912
1380,0.993917
1381,0.992292
1382,0.966135
1383,0.992075
1384,0.992977
1385,0.993156
1386,0.993506
1387,0.992082
1388,0.971272
1389,0.990208
1390,0.991592
1391,0.99001
1392,0.988882
1393,0.988982
1394,0.987628
1395,0.989092
1396,0.989147
1397,0.988873
1398,0.984971
1399,0.980647
1400,0.985216
1401,0.978444
1402,0.97824
1403,0.977726
1404,0.970243
1405,0.974496
1406,0.97657
1407,0.972835
1408,0.978089
1409,0.963017
1410,0.948528
1411,0.949673
1412,0.954797
1413,0.94609
1414,0.951892
1415,0.938879
1416,0.973379
1417,0.980199
1418,0.979872
1419,0.889375
1420,0.921119
1421,0.871531
1422,0.894842
1423,0.89671
1424,0.942338
1425,0.948311
1426,0.954128
1427,0.977105
1428,0.976449
1429,0.983849
1430,0.979443
1431,0.974353
1432,0.974897
1433,0.977764
1434,0.970153
1435,0.967876
1436,0.949605
1437,0.944845
1438,0.95267
1439,0.942124
1440,0.930517
1441,0.932126
1442,0.774383
1443,0.8214
1444,0.933244
1445,0.877
1446,0.905777
1447,0.942662
1448,0.940425
1449,0.930717
1450,0.943315
1451,0.944414
1452,0.93035
1453,0.933221
1454,0.932755
1455,0.897508
1456,0.903637
1457,0.879591
1458,0.91362
1459,0.938663
1460,0.897585
1461,0.918876
1462,0.936401
1463,0.916733
1464,0.912791
1465,0.911403
1466,0.921844
1467,0.937184
1468,0.950418
1469,0.947991
1470,0.960572
1471,0.951164
1472,0.940747
1473,0.965794
1474,0.959543
1475,0.969164
1476,0.968587
1477,0.96576
1478,0.279553
1479,0.217822
1480,0.808063
1481,0.964228
1482,0.956288
1483,0.935008
1484,0.911123
1485,0.014265
1486,0.002111
1487,0.000713
1488,0.003617
1489,0.00447
1490,0.001848
1491,0.000998
1492,0.000694
1493,0.000535
1494,0.000171
1495,0.000139
1496,0.000265
1497,0.000225
1498,0.002782
1499,0.003796
1500,0.001364
1501,0.004191
1502,0.002911
1503,0.00089
1504,0.000817
1505,0.000638
1506,0.000477
1507,0.000482
1508,0.000914
1509,0.001179
1510,0.001476
1511,0.001916
1512,0.00169
1513,0.002254
1514,0.001888
1515,0.002138
1516,0.001753
1517,0.001427
1518,0.002857
1519,0.001698
1520,0.001401
1521,0.001023
1522,0.000795
1523,0.000904
1524,0.000767
1525,0.001782
1526,0.001174
1527,0.00174
1528,0.001838
1529,0.002238
1530,0.006784
1531,0.011413
1532,0.95896
1533,0.988684
1534,0.992589
1535,0.993065
1536,0.992683
1537,0.995579
1538,0.993992
1539,0.995936
1540,0.995787
1541,0.996724
1542,0.997059
1543,0.996978
1544,0.997015
1545,0.997435
1546,0.997287
1547,0.997135
1548,0.996536
1549,0.998003
1550,0.9985
1551,0.998005
1552,0.998285
1553,0.997999
1554,0.998233
1555,0.997751
1556,0.99463
1557,0.99439
1558,0.994301
1559,0.994458
1560,0.995324
1561,0.993743
1562,0.990554
1563,0.919284
1564,0.916729
1565,0.889278
1566,0.917421
1567,0.926086
1568,0.881099
1569,0.919823
1570,0.908154
1571,0.920265
1572,0.925444
1573,0.943774
1574,0.934829
1575,0.938425
1576,0.970893
1577,0.992066
1578,0.660449
1579,0.033901
1580,0.003039
1581,0.005429
1582,0.004502
1583,0.026082
1584,0.049661
1585,0.030751
1586,0.043192
1587,0.020535
1588,0.071418
1589,0.962295
1590,0.992315
1591,0.990371
1592,0.981205
1593,0.986506
1594,0.979395
1595,0.986581
1596,0.980935
1597,0.993562
1598,0.994034
1599,0.993049
1600,0.990566
1601,0.988646
1602,0.992448
1603,0.74622
1604,0.11637
1605,0.013067
1606,0.006056
1607,0.006262
1608,0.015345
1609,0.010409
1610,0.015051
1611,0.017121
1612,0.020158
1613,0.021867
1614,0.025357
1615,0.025265
1616,0.036058
1617,0.022137
1618,0.022159
1619,0.039982
1620,0.32377
1621,0.953026
1622,0.976694
1623,0.980237
1624,0.995369
1625,0.993947
1626,0.995713
1627,0.996071
1628,0.996064
1629,0.996434
1630,0.996382
1631,0.996571
1632,0.996699
1633,0.996727
1634,0.992688
1635,0.989539
1636,0.986591
1637,0.981299
1638,0.976113
1639,0.975027
1640,0.969753
1641,0.950464
1642,0.981955
1643,0.981893
1644,0.983511
1645,0.973017
1646,0.107475
1647,0.051517
1648,0.030426
1649,0.020108
1650,0.002932
1651,0.004776
1652,0.002648
1653,0.002084
1654,0.003026
1655,0.003361
1656,0.002636
1657,0.000821
1658,0.000885
1659,0.000711
1660,0.000786
1661,0.000722
1662,0.000517
1663,0.000671
1664,0.000673
1665,0.001237
1666,0.000609
1667,0.000887
1668,0.001043
1669,0.000849
1670,0.000691
1671,0.000212
1672,0.000291
1673,0.000275
1674,0.000419
1675,0.00061
1676,0.000947
1677,0.000715
1678,0.000558
1679,0.000242
1680,0.003064
1681,0.127112
1682,0.810604
1683,0.950637
1684,0.964042
1685,0.977752
1686,0.979587
1687,0.989906
1688,0.989467
1689,0.99292
1690,0.993095
1691,0.994163
1692,0.994318
1693,0.996895
1694,0.995735
1695,0.993409
1696,0.996476
1697,0.996455
1698,0.994958
1699,0.995324
1700,0.994505
1701,0.995559
1702,0.995772
1703,0.993066
1704,0.993449
1705,0.983177
1706,0.987882
1707,0.991777
1708,0.988701
1709,0.982714
1710,0.990092
1711,0.902339
1712,0.398957
1713,0.030558
1714,0.035745
1715,0.002295
1716,0.009675
1717,0.008102
1718,0.001847
1719,0.001144
1720,0.00112
1721,0.003227
1722,0.000373
1723,0.000723
1724,0.001578
1725,0.000842
1726,0.000462
1727,0.001053
1728,0.000413
1729,0.001667
1730,0.003245
1731,0.000849
1732,0.006497
1733,0.007012
1734,0.009078
1735,0.006378
1736,0.009519
1737,0.005757
1738,0.002547
1739,0.006591
1740,0.006692
1741,0.005701
1742,0.009731
1743,0.014002
1744,0.010991
1745,0.01258
1746,0.00053
1747,0.006305
1748,0.002531
1749,0.003822
1750,0.002168
1751,0.000858
1752,0.001194
1753,0.002442
1754,0.001746
1755,0.000553
1756,0.035584
1757,0.097024
1758,0.755144
1759,0.899261
1760,0.945989
1761,0.952266
1762,0.94691
1763,0.946569
1764,0.96024
1765,0.895847
1766,0.091537
1767,0.000419
1768,1.8e-05
1769,8.9e-05
1770,0.0002
1771,0.000182
1772,8.6e-05
1773,7.9e-05
1774,0.000151
1775,0.000175
1776,0.000505
1777,0.001372
1778,0.000878
1779,0.000568
1780,0.00098
1781,0.00204
1782,0.001008
1783,0.000288
1784,0.000359
1785,0.001659
1786,0.00219
1787,0.005066
1788,0.011237
1789,0.000754
1790,0.000308
1791,0.000278
1792,0.000512
1793,0.000616
1794,0.000476
1795,0.000751
1796,0.003065
1797,0.011681
1798,0.02007
1799,0.012644
1800,0.008573
1801,0.013529
1802,0.009075
1803,0.019444
1804,0.014912
1805,0.022943
1806,0.021603
1807,0.024575
1808,0.012518
1809,0.014226
1810,0.013816
1811,0.02291
1812,0.019096
1813,0.01566
1814,0.014199
1815,0.010796
1816,0.004181
1817,0.004816
1818,0.003678
1819,0.004382
1820,0.009863
1821,0.016427
1822,0.013907
1823,0.029722
1824,0.03883
1825,0.028306
1826,0.019835
1827,0.017165
1828,0.009722
1829,0.009952
1830,0.003525
1831,0.003947
1832,0.060106
1833,0.447434
1834,0.781854
1835,0.884026
1836,0.901389
1837,0.955051
1838,0.778014
1839,0.860026
1840,0.848542
1841,0.853339
1842,0.803364
1843,0.838585
1844,0.874576
1845,0.882951
1846,0.939299
1847,0.944765
1848,0.958383
1849,0.931553
1850,0.775305
1851,0.032379
1852,0.004957
1853,0.001018
1854,0.002823
1855,0.002369
1856,0.00119
1857,0.000485
1858,0.000223
1859,0.000195
1860,0.000608
1861,0.000567
1862,0.000593
1863,0.000353
1864,0.000447
1865,0.000437
1866,0.001036
1867,0.00134
1868,0.001291
1869,0.002898
1870,0.002607
1871,0.002307
1872,0.001654
1873,0.004135
1874,0.005139
1875,0.003393
1876,0.004956
1877,0.002643
1878,0.002984
1879,0.003528
1880,0.011488
1881,0.015008
1882,0.009218
1883,0.33309
1884,0.891632
1885,0.922709
1886,0.92281
1887,0.93832
1888,0.979832
1889,0.979425
1890,0.983599
1891,0.984621
1892,0.985152
1893,0.986426
1894,0.984328
1895,0.982962
1896,0.977847
1897,0.984932
1898,0.982989
1899,0.971514
1900,0.953448
1901,0.911612
1902,0.97393
1903,0.662534
1904,0.020019
1905,0.025289
1906,0.000333
1907,0.000622
1908,0.000413
1909,8.4e-05
1910,0.000211
1911,0.000316
1912,0.000378
1913,0.000302
1914,0.000415
1915,0.000163
1916,0.000542
1917,0.000465
1918,3.6e-05
1919,0.000562
1920,0.000702
1921,0.000206
1922,0.000439
1923,0.000443
1924,8.6e-05
1925,0.000446
1926,0.000557
1927,0.018096
1928,0.528786
1929,0.902116
1930,0.785825
1931,0.851793
1932,0.87117
1933,0.873209
1934,0.91442
1935,0.881595
1936,0.911544
1937,0.894139
1938,0.88013
1939,0.804524
1940,0.827809
1941,0.803338
1942,0.690231
1943,0.475275
1944,0.532255
1945,0.540575
1946,0.731981
1947,0.678473
1948,0.460225
1949,0.331952
1950,0.4003
1951,0.24194
1952,0.264697
1953,0.552201
1954,0.541336
1955,0.267976
1956,0.275366
1957,0.184888
1958,0.234701
1959,0.175241
1960,0.241719
1961,0.216416
1962,0.575295
1963,0.307952
1964,0.261829
1965,0.483472
1966,0.481346
1967,0.524645
1968,0.462965
1969,0.326202
1970,0.500696
1971,0.603869
1972,0.521911
1973,0.405402
1974,0.608468
1975,0.839704
1976,0.318874
1977,0.309677
1978,0.181476
1979,0.163128
1980,0.293836
1981,0.170893
1982,0.190485
1983,0.215949
1984,0.191994
1985,0.012341
1986,0.000447
1987,0.000116
1988,3.3e-05
1989,8.6e-05
1990,0.000108
1991,0.00021
1992,0.000181
1993,0.000117
1994,0.000153
1995,0.000131
1996,0.000414
1997,0.000279
1998,0.000434
1999,0.000426
2000,0.000552
2001,0.000419
2002,0.000257
2003,0.000392
2004,0.000324
2005,0.000268
2006,0.000249
2007,0.000226
2008,0.000405
2009,0.000524
2010,0.05583
2011,0.514923
2012,0.825861
2013,0.89587
2014,0.839758
2015,0.81827
2016,0.571418
2017,0.81117
2018,0.872801
2019,0.915106
2020,0.869692
2021,0.899713
2022,0.860245
2023,0.865981
2024,0.017109
2025,0.002888
2026,0.00279
2027,0.000106
2028,0.000679
2029,0.00186
2030,0.001963
2031,0.002005
2032,0.002949
2033,0.001599
2034,0.001321
2035,0.000916
2036,0.001235
2037,0.001067
2038,0.001356
2039,0.001245
2040,0.001707
2041,0.000569
2042,0.000593
2043,0.000374
2044,0.000771
2045,0.001054
2046,0.003855
2047,0.006622
2048,0.004058
2049,0.001972
2050,0.001518
2051,0.000974
2052,0.001771
2053,0.003434
2054,0.001901
2055,0.000916
2056,0.000484
2057,0.000681
2058,0.000705
2059,0.000423
2060,0.000208
2061,3.8e-05
2062,0.000245
2063,0.000256
2064,0.000227
2065,0.000174
2066,0.000225
2067,0.000278
2068,0.000197
2069,0.000187
2070,0.001365
2071,0.006257
2072,0.091006
2073,0.484549
2074,0.945041
2075,0.940037
2076,0.970022
2077,0.975885
2078,0.978044
2079,0.976372
2080,0.960547
2081,0.949711
2082,0.962144
2083,0.699839
2084,0.000982
2085,0.000348
2086,7.5e-05
2087,0.000101
2088,0.00022
2089,0.000142
2090,0.000177
2091,0.000184
2092,0.000204
2093,0.000255
2094,0.000193
2095,8.5e-05
2096,5.4e-05
2097,0.000181
2098,0.000135
2099,0.000135
2100,8.4e-05
2101,0.000193
2102,0.000269
2103,0.000215
2104,0.000327
2105,0.00033
2106,0.000348
2107,0.00034
2108,0.000173
2109,0.000104
2110,0.000202
2111,0.010302
2112,0.096474
2113,0.664269
2114,0.952124
2115,0.981005
2116,0.974707
2117,0.975329
2118,0.989977
2119,0.989565
2120,0.99072
2121,0.988042
2122,0.977606
2123,0.963027
2124,0.943137
2125,0.646497
2126,0.064351
2127,0.000661
2128,0.0036
2129,0.006801
2130,0.003771
2131,0.002483
2132,0.004396
2133,0.003011
2134,0.000504
2135,0.000947
2136,0.005762
2137,0.001219
2138,0.002278
2139,0.002802
2140,0.002865
2141,0.002566
2142,0.001269
2143,0.230719
2144,0.539172
2145,0.899748
2146,0.956835
2147,0.902706
2148,0.892302
2149,0.926017
2150,0.913987
2151,0.688586
2152,0.544388
2153,0.544391
2154,0.41263
2155,0.527378
2156,0.901983
2157,0.844242
2158,0.927585
2159,0.906139
2160,0.68498
2161,0.720128
2162,0.513565
2163,0.32018
2164,0.104338
2165,0.003955
2166,0.000367
2167,0.000801
2168,0.001615
2169,0.001264
2170,0.001357
2171,0.001466
2172,0.002147
2173,0.00142
2174,0.001011
2175,0.00074
2176,0.000918
2177,0.000523
2178,0.000387
2179,0.000517
2180,0.000307
2181,0.0002
2182,0.000163
2183,0.000257
2184,0.000798
2185,0.001018
2186,0.000783
2187,0.001874
2188,0.002777
2189,0.001562
2190,0.001443
2191,0.002567
2192,0.001886
2193,0.001457
2194,0.000723
2195,0.00072
2196,0.0005
2197,0.00064
2198,0.000371
2199,0.000466
2200,0.000636
2201,0.00053
2202,0.000293
2203,0.000527
2204,0.000804
2205,0.000962
2206,0.001282
2207,0.001739
2208,0.001359
2209,0.001943
2210,0.00229
2211,0.001871
2212,0.0015
2213,0.001199
2214,0.001107
2215,0.001089
2216,0.004485
2217,0.004126
2218,0.001891
2219,0.002055
2220,0.002186
2221,0.003616
2222,0.002369
2223,0.002259
2224,0.001877
2225,0.001381
2226,0.001345
2227,0.001951
2228,0.001217
2229,0.001123
2230,0.002027
2231,0.001897
2232,0.001564
2233,0.001184
2234,0.0015
2235,0.000238
2236,6.8e-05
2237,0.000332
2238,0.00099
2239,0.04005
2240,0.771235
2241,0.972935
2242,0.964988
2243,0.976782
2244,0.979631
2245,0.976959
2246,0.980299
2247,0.989016
2248,0.989172
2249,0.988432
2250,0.988569
2251,0.982759
2252,0.977342
2253,0.98192
2254,0.950279
2255,0.019333
2256,0.000116
2257,0.000218
2258,0.000307
2259,0.000167
2260,0.000115
2261,0.00014
2262,0.000329
2263,0.000572
2264,0.000952
2265,0.00053
2266,0.001177
2267,0.001848
2268,0.002388
2269,0.002723
2270,0.002499
2271,0.003011
2272,0.002934
2273,0.001995
2274,0.001995
2275,0.001334
2276,0.001299
2277,0.001452
2278,0.001462
2279,0.001255
2280,0.001469
2281,0.002527
2282,0.001745
2283,0.001241
2284,0.001283
2285,0.001403
2286,0.001223
2287,0.000881
2288,0.000612
2289,0.00074
2290,0.000625
2291,0.000599
2292,0.000686
2293,0.001803
2294,0.00186
2295,0.001309
2296,0.001205
2297,0.00123
2298,0.002036
2299,0.001539
2300,0.000385
2301,0.0031
2302,0.000555
2303,0.008549
2304,0.022938
2305,0.07917
2306,0.75229
2307,0.93264
2308,0.972143
2309,0.942719
2310,0.954321
2311,0.947661
2312,0.935825
2313,0.929917
2314,0.761431
2315,0.639277
2316,0.87572
2317,0.405281
2318,0.008142
2319,0.000544
2320,0.000858
2321,0.000744
2322,0.001948
2323,0.000575
2324,0.00086
2325,0.000781
2326,0.00122
2327,0.002697
2328,0.005809
2329,0.005526
2330,0.00435
2331,0.004304
2332,0.005366
2333,0.007235
2334,0.006816
2335,0.005626
2336,0.004402
2337,0.003703
2338,0.004808
2339,0.005596
2340,0.004341
2341,0.0103
2342,0.008327
2343,0.006536
2344,0.006856
2345,0.005591
2346,0.004747
2347,0.00585
2348,0.004086
2349,0.000754
2350,0.000999
2351,0.002349
2352,0.001339
2353,0.000296
2354,0.002037
2355,0.00164
2356,0.001864
2357,0.000233
2358,0.000247
2359,0.000204
2360,0.00021
2361,0.000181
2362,0.001331
2363,0.000554
2364,0.000749
2365,0.000469
2366,0.000345
2367,0.000201
2368,0.001334
2369,0.00094
2370,0.00171
2371,0.029665
2372,0.39202
2373,0.551486
2374,0.851287
2375,0.882988
2376,0.810565
2377,0.898277
2378,0.868269
2379,0.847279
2380,0.881269
2381,0.885992
2382,0.935224
2383,0.306329
2384,0.006332
2385,0.000725
2386,0.000832
2387,0.000547
2388,0.000204
2389,0.00016
2390,0.00013
2391,7.5e-05
2392,0.00011
2393,0.000199
2394,0.000215
2395,0.000596
2396,0.000326
2397,0.000471
2398,0.000379
2399,0.000412
2400,0.000406
2401,0.000471
2402,0.000657
2403,0.000656
2404,0.000731
2405,0.000847
2406,0.001476
2407,0.000771
2408,0.00106
2409,0.000856
2410,0.000573
2411,0.000498
2412,0.000283
2413,0.001272
2414,0.000772
2415,0.000626
2416,0.000632
2417,0.000942
2418,0.00113
2419,0.001291
2420,0.001547
2421,0.000768
2422,0.000586
2423,0.000498
2424,0.000443
2425,0.000949
2426,0.001582
2427,0.004554
2428,0.009163
2429,0.187785
2430,0.763562
2431,0.715196
2432,0.7803
2433,0.892603
2434,0.940951
2435,0.909032
2436,0.817469
2437,0.876463
2438,0.572259
2439,0.473774
2440,0.32067
2441,0.346681
2442,0.213562
2443,0.130203
2444,0.143415
2445,0.076189
2446,0.09798
2447,0.118607
2448,0.099784
2449,0.161414
2450,0.125726
2451,0.373515
2452,0.23876
2453,0.158114
2454,0.082617
2455,0.081263
2456,0.078245
2457,0.082707
2458,0.07537
2459,0.046677
2460,0.083656
2461,0.030046
2462,0.0628
2463,0.140137
2464,0.082915
2465,0.649957
2466,0.004432
2467,0.002202
2468,0.000969
2469,0.0045
2470,0.002697
2471,0.003027
2472,0.000727
2473,0.002894
2474,0.001103
2475,0.00089
2476,0.000686
2477,0.00045
2478,0.000851
2479,0.006025
2480,0.001355
2481,0.000898
2482,0.000612
2483,0.002274
2484,0.00258
2485,0.001685
2486,0.001826
2487,0.001787
2488,0.002169
2489,0.002373
2490,0.00283
2491,0.002899
2492,0.006343
2493,0.005284
2494,0.006553
2495,0.007437
2496,0.009646
2497,0.653779
2498,0.628621
2499,0.828093
2500,0.434905
2501,0.752045
2502,0.294972
2503,0.246815
2504,0.414217
2505,0.388179
2506,0.388337
2507,0.246596
2508,0.405415
2509,0.122588
2510,0.010491
2511,0.000158
2512,0.000247
2513,0.001713
2514,0.002799
2515,0.002831
2516,0.003168
2517,0.003714
2518,0.002847
2519,0.001647
2520,0.001058
2521,0.001844
2522,0.002093
2523,0.002525
2524,0.003021
2525,0.003561
2526,0.002906
2527,0.00362
2528,0.003769
2529,0.002818
2530,0.003999
2531,0.002966
2532,0.002626
2533,0.001539
2534,0.002105
2535,0.00272
2536,0.002081
2537,0.001388
2538,0.001332
2539,0.001211
2540,0.001229
2541,0.001287
2542,0.001568
2543,0.001089
2544,0.002013
2545,0.000801
2546,0.000729
2547,0.000506
2548,0.000598
2549,0.000249
2550,0.000166
2551,0.000173
2552,0.000197
2553,0.000677
2554,0.000321
2555,0.000683
2556,0.001186
2557,0.000781
2558,0.000809
2559,0.000885
2560,0.000283
2561,0.036385
2562,0.145119
2563,0.880601
2564,0.895953
2565,0.935427
2566,0.971135
2567,0.963439
2568,0.948329
2569,0.927585
2570,0.782138
2571,0.012052
2572,0.000125
2573,5.4e-05
2574,0.000324
2575,0.000371
2576,0.000424
2577,0.000524
2578,0.000522
2579,0.000299
2580,0.000444
2581,0.000312
2582,0.000647
2583,0.000787
2584,0.000945
2585,0.001082
2586,0.000997
2587,0.000639
2588,0.000828
2589,0.000767
2590,0.000355
2591,0.000449
2592,0.000345
2593,0.000337
2594,0.000807
2595,0.000616
2596,0.000785
2597,0.000467
2598,0.00043
2599,0.000429
2600,0.000521
2601,0.000634
2602,0.000762
2603,0.001412
2604,0.001339
2605,0.000878
2606,0.000655
2607,0.00065
2608,0.000667
2609,0.000809
2610,0.002529
2611,0.003999
2612,0.130884
2613,0.888875
2614,0.971009
2615,0.899192
2616,0.925301
2617,0.979623
2618,0.979228
2619,0.983301
2620,0.985154
2621,0.945869
2622,0.853096
2623,0.001149
2624,0.001252
2625,0.000403
2626,0.000603
2627,0.003043
2628,0.001921
2629,0.003718
2630,0.00275
2631,0.000263
2632,0.000631
2633,0.001734
2634,0.000174
2635,0.00018
2636,0.000193
2637,0.000166
2638,0.000291
2639,0.000489
2640,0.000623
2641,0.000919
2642,0.000882
2643,0.000942
2644,0.001195
2645,0.001827
2646,0.004498
2647,0.00454
2648,0.002898
2649,0.003931
2650,0.004638
2651,0.002885
2652,0.003562
2653,0.006207
2654,0.007024
2655,0.008438
2656,0.006652
2657,0.004143
2658,0.003561
2659,0.004682
2660,0.004846
2661,0.004755
2662,0.003771
2663,0.002862
2664,0.00298
2665,0.003706
2666,0.003698
2667,0.002521
2668,0.001474
2669,0.001149
2670,0.002896
2671,0.002699
2672,0.00139
2673,0.002335
2674,0.001343
2675,0.000967
2676,0.001528
2677,0.005818
2678,0.003627
2679,0.002058
2680,0.000955
2681,0.006375
2682,0.010626
2683,0.001086
2684,0.002924
2685,0.000619
2686,0.00043
2687,0.000508
2688,0.23605
2689,0.95
2690,0.9102
2691,0.925246
2692,0.869844
2693,0.885197
2694,0.961837
2695,0.980402
2696,0.987307
2697,0.982445
2698,0.985052
2699,0.989006
2700,0.983656
2701,0.98866
2702,0.988018
2703,0.98526
2704,0.984322
2705,0.966082
2706,0.978238
2707,0.973498
2708,0.971981
2709,0.968189
2710,0.985594
2711,0.983882
2712,0.989304
2713,0.988671
2714,0.989962
2715,0.979491
2716,0.987912
2717,0.934879
2718,0.981844
2719,0.973275
2720,0.979656
2721,0.990513
2722,0.990466
2723,0.989383
2724,0.99109
2725,0.988707
2726,0.986513
2727,0.98894
2728,0.990292
2729,0.988829
2730,0.993701
2731,0.9947
2732,0.99517
2733,0.995391
2734,0.99453
2735,0.992828
2736,0.978087
2737,0.957596
2738,0.987159
2739,0.994283
2740,0.95849
2741,0.955086
2742,0.982541
2743,0.98285
2744,0.979685
