1,0.994336
2,0.99461
3,0.994718
4,0.994073
5,0.994188
6,0.996377
7,0.997158
8,0.997729
9,0.998023
10,0.998388
11,0.99813
12,0.998176
13,0.991338
14,0.990627
15,0.993151
16,0.99796
17,0.097585
18,0.002675
19,0.00095
20,0.000837
21,0.000522
22,0.000498
23,0.001082
24,0.001584
25,0.00147
26,0.001658
27,0.001113
28,0.001601
29,0.000948
30,0.000746
31,0.000855
32,0.00096
33,0.000998
34,0.001081
35,0.001435
36,0.001399
37,0.001589
38,0.001055
39,0.000806
40,0.736342
41,0.979155
42,0.990729
43,0.991876
44,0.991542
45,0.991439
46,0.989324
47,0.991011
48,0.971141
49,0.923917
50,0.894262
51,0.975382
52,0.967378
53,0.967354
54,0.979194
55,0.982012
56,0.953447
57,0.927865
58,0.97319
59,0.964115
60,0.951666
61,0.928844
62,0.92824
63,0.889671
64,0.257956
65,0.008732
66,0.004544
67,0.029175
68,0.033363
69,0.026964
70,0.002029
71,0.012965
72,0.004046
73,0.001569
74,0.001958
75,0.002001
76,0.001582
77,0.001831
78,0.012941
79,0.867283
80,0.90347
81,0.881817
82,0.847157
83,0.906402
84,0.897519
85,0.878709
86,0.933708
87,0.954803
88,0.957919
89,0.965676
90,0.967441
91,0.912117
92,0.886712
93,0.961588
94,0.965286
95,0.965141
96,0.945863
97,0.913536
98,0.887831
99,0.891117
100,0.929684
101,0.957688
102,0.939018
103,0.9273
104,0.919108
105,0.930977
106,0.951775
107,0.938024
108,0.953132
109,0.954795
110,0.961328
111,0.954368
112,0.962115
113,0.90405
114,0.967598
115,0.971962
116,0.966949
117,0.969704
118,0.966058
119,0.974463
120,0.976462
121,0.972539
122,0.974177
123,0.963669
124,0.976843
125,0.980128
126,0.986425
127,0.988761
128,0.988489
129,0.989239
130,0.989624
131,0.989668
132,0.989927
133,0.979498
134,0.124423
135,0.000674
136,0.000119
137,0.00172
138,0.000893
139,0.001656
140,0.002532
141,0.002712
142,0.00421
143,0.003837
144,0.003314
145,0.004079
146,0.002911
147,0.002051
148,0.002938
149,0.005444
150,0.003924
151,0.005195
152,0.005074
153,0.004002
154,0.009399
155,0.001466
156,0.00156
157,0.001163
158,0.00067
159,0.006287
160,0.001403
161,0.002705
162,0.00213
163,0.015248
164,0.01043
165,0.011802
166,0.004728
167,0.009874
168,0.010646
169,0.01639
170,0.009954
171,0.005576
172,0.007747
173,0.028213
174,0.043117
175,0.046406
176,0.045455
177,0.033726
178,0.027679
179,0.03911
180,0.041336
181,0.032828
182,0.008272
183,0.024643
184,0.923015
185,0.949475
186,0.960252
187,0.936603
188,0.985953
189,0.991746
190,0.934494
191,0.967302
192,0.959701
193,0.996082
194,0.997263
195,0.992241
196,0.991387
197,0.991684
198,0.989297
199,0.990865
200,0.991375
201,0.990823
202,0.991316
203,0.991409
204,0.993659
205,0.993933
206,0.994063
207,0.993483
208,0.994057
209,0.989613
210,0.99077
211,0.991977
212,0.99351
213,0.993693
214,0.990991
215,0.991919
216,0.991484
217,0.983285
218,0.9881
219,0.985686
220,0.985546
221,0.988015
222,0.983166
223,0.990912
224,0.991474
225,0.992722
226,0.992487
227,0.991868
228,0.991566
229,0.990087
230,0.98894
231,0.989909
232,0.989932
233,0.988324
234,0.989539
235,0.987987
236,0.986446
237,0.987605
238,0.987465
239,0.989389
240,0.989661
241,0.991562
242,0.990685
243,0.99147
244,0.990996
245,0.990549
246,0.990874
247,0.990928
248,0.990153
249,0.991075
250,0.954491
251,0.961384
252,0.941165
253,0.974211
254,0.865439
255,0.987701
256,0.725661
257,0.746364
258,0.581035
259,0.984565
260,0.983927
261,0.985958
262,0.980424
263,0.868584
264,0.976364
265,0.927848
266,0.987065
267,0.992975
268,0.993158
269,0.99327
270,0.993439
271,0.99194
272,0.996871
273,0.993363
274,0.987587
275,0.988838
276,0.990773
277,0.984526
278,0.986528
279,0.984354
280,0.983657
281,0.982407
282,0.990694
283,0.989447
284,0.991247
285,0.989688
286,0.986483
287,0.988841
288,0.978102
289,0.897813
290,0.142951
291,0.089874
292,0.011061
293,0.041284
294,0.042495
295,0.042619
296,0.022929
297,0.016061
298,0.016819
299,0.016256
300,0.012178
301,0.032503
302,0.018159
303,0.009526
304,0.009006
305,0.007794
306,0.011308
307,0.01059
308,0.011253
309,0.008604
310,0.013369
311,0.008353
312,0.016621
313,0.34199
314,0.83952
315,0.959513
316,0.959227
317,0.956689
318,0.985045
319,0.975479
320,0.977843
321,0.973788
322,0.956282
323,0.959124
324,0.935542
325,0.968624
326,0.967337
327,0.957743
328,0.948112
329,0.958894
330,0.970208
331,0.972616
332,0.959513
333,0.967311
334,0.962053
335,0.949834
336,0.935866
337,0.905805
338,0.814133
339,0.609992
340,0.031144
341,0.002619
342,0.002739
343,0.003744
344,0.004505
345,0.006069
346,0.003604
347,0.002359
348,0.004049
349,0.002256
350,0.002
351,0.006533
352,0.00593
353,0.006576
354,0.00752
355,0.009251
356,0.008447
357,0.005658
358,0.011485
359,0.001264
360,0.001147
361,0.014166
362,0.023627
363,0.026935
364,0.016974
365,0.779426
366,0.951623
367,0.934302
368,0.936129
369,0.919446
370,0.936074
371,0.936984
372,0.918476
373,0.982485
374,0.984991
375,0.984427
376,0.915008
377,0.125552
378,0.010471
379,0.013001
380,0.006791
381,0.00131
382,0.011824
383,0.008853
384,0.015216
385,0.007392
386,0.00197
387,0.003599
388,0.003473
389,0.003932
390,0.006387
391,0.007533
392,0.499533
393,0.833189
394,0.824219
395,0.934953
396,0.927522
397,0.866464
398,0.891358
399,0.924093
400,0.923654
401,0.919541
402,0.931289
403,0.924764
404,0.955423
405,0.975855
406,0.963373
407,0.920671
408,0.923819
409,0.861287
410,0.947843
411,0.948901
412,0.966667
413,0.968849
414,0.986061
415,0.96092
416,0.051312
417,0.00159
418,0.003619
419,0.000137
420,0.000551
421,0.000633
422,0.004019
423,0.003225
424,0.003154
425,0.00236
426,0.001783
427,0.001222
428,0.001132
429,0.001712
430,0.002857
431,0.0034
432,0.003958
433,0.007691
434,0.007456
435,0.012915
436,0.008834
437,0.097334
438,0.229025
439,0.886093
440,0.959718
441,0.961219
442,0.980357
443,0.971815
444,0.972502
445,0.987013
446,0.99097
447,0.98141
448,0.975917
449,0.972669
450,0.974316
451,0.972323
452,0.97452
453,0.982916
454,0.98638
455,0.98834
456,0.987173
457,0.983163
458,0.976805
459,0.974343
460,0.983033
461,0.895372
462,0.049133
463,0.002749
464,0.002323
465,0.000965
466,0.00026
467,0.00044
468,0.000714
469,0.001001
470,0.003056
471,0.003313
472,0.002874
473,0.001504
474,0.001938
475,0.001635
476,0.002181
477,0.002148
478,0.001783
479,0.00169
480,0.002069
481,0.003942
482,0.025892
483,0.180601
484,0.908374
485,0.940809
486,0.983337
487,0.985907
488,0.937549
489,0.916018
490,0.90106
491,0.895183
492,0.932402
493,0.881288
494,0.868376
495,0.874026
496,0.857861
497,0.868093
498,0.963228
499,0.971649
500,0.978966
501,0.970434
502,0.95672
503,0.935337
504,0.951465
505,0.900224
506,0.914608
507,0.984387
508,0.68139
509,0.008939
510,0.000218
511,0.000157
512,0.000117
513,0.000196
514,0.000289
515,0.001466
516,0.00069
517,0.001043
518,0.001524
519,0.00082
520,0.001328
521,0.001275
522,0.001672
523,0.001233
524,0.00176
525,0.00114
526,0.000987
527,0.001064
528,0.001318
529,0.002109
530,0.00189
531,0.000964
532,0.001248
533,0.217363
534,0.805906
535,0.883779
536,0.867541
537,0.927189
538,0.92563
539,0.922874
540,0.930257
541,0.910508
542,0.926066
543,0.928576
544,0.901563
545,0.889577
546,0.843567
547,0.872359
548,0.885516
549,0.876128
550,0.776951
551,0.732122
552,0.770943
553,0.695819
554,0.713983
555,0.830093
556,0.786101
557,0.799864
558,0.746187
559,0.760875
560,0.756096
561,0.772022
562,0.79187
563,0.653547
564,0.739034
565,0.727483
566,0.414082
567,0.46103
568,0.355267
569,0.336474
570,0.399487
571,0.334346
572,0.753864
573,0.737707
574,0.747149
575,0.698059
576,0.762245
577,0.674147
578,0.638915
579,0.605649
580,0.602186
581,0.546145
582,0.540671
583,0.477542
584,0.559881
585,0.613105
586,0.622429
587,0.654993
588,0.607728
589,0.591254
590,0.501841
591,0.536203
592,0.520845
593,0.392146
594,0.353017
595,0.349362
596,0.319739
597,0.296338
598,0.554872
599,0.004722
600,0.000935
601,0.000462
602,0.000518
603,0.000183
604,0.000189
605,0.000194
606,0.000117
607,0.000438
608,0.000372
609,0.000324
610,0.000272
611,0.000294
612,0.000366
613,0.000503
614,0.001705
615,0.004723
616,0.00688
617,0.005576
618,0.006321
619,0.007409
620,0.009495
621,0.008796
622,0.00398
623,0.012297
624,0.003802
625,0.00306
626,0.003072
627,0.004657
628,0.000725
629,0.002812
630,0.611987
631,0.849537
632,0.954464
633,0.979034
634,0.959701
635,0.96657
636,0.970315
637,0.969869
638,0.966878
639,0.990058
640,0.991708
641,0.992308
642,0.993622
643,0.986424
644,0.992552
645,0.992431
646,0.99281
647,0.994775
648,0.989497
649,0.991605
650,0.98754
651,0.989886
652,0.989575
653,0.983636
654,0.978371
655,0.978203
656,0.986719
657,0.987347
658,0.98744
659,0.987433
660,0.984471
661,0.987427
662,0.989029
663,0.989381
664,0.987619
665,0.98558
666,0.983873
667,0.972269
668,0.025137
669,0.006519
670,0.001382
671,0.000659
672,0.000698
673,0.000844
674,0.001883
675,0.002015
676,0.003483
677,0.002535
678,0.002862
679,0.00223
680,0.004013
681,0.004664
682,0.597235
683,0.897277
684,0.932566
685,0.976713
686,0.94758
687,0.969715
688,0.97893
689,0.977512
690,0.982971
691,0.986332
692,0.986839
693,0.989823
694,0.991971
695,0.99379
696,0.992438
697,0.981329
698,0.978824
699,0.978678
700,0.97896
701,0.979323
702,0.980416
703,0.983509
704,0.984579
705,0.984551
706,0.982324
707,0.724819
708,0.001275
709,0.002431
710,0.000412
711,0.000831
712,0.003351
713,0.002335
714,0.00585
715,0.004816
716,0.007773
717,0.006964
718,0.001233
719,0.002365
720,0.001221
721,0.00068
722,0.000862
723,0.001375
724,0.001808
725,0.001576
726,0.007984
727,0.004753
728,0.105036
729,0.842299
730,0.953853
731,0.955719
732,0.947321
733,0.959428
734,0.88897
735,0.795514
736,0.706114
737,0.786727
738,0.837919
739,0.883901
740,0.791753
741,0.734477
742,0.531446
743,0.575881
744,0.347148
745,0.399972
746,0.755199
747,0.959096
748,0.97048
749,0.838215
750,0.946152
751,0.978449
752,0.985869
753,0.983895
754,0.929869
755,0.934072
756,0.945753
757,0.930229
758,0.887562
759,0.774995
760,0.789111
761,0.839319
762,0.618341
763,0.884713
764,0.622508
765,0.640618
766,0.817252
767,0.807029
768,0.849337
769,0.828149
770,0.77929
771,0.723405
772,0.677914
773,0.537115
774,0.521167
775,0.377624
776,0.389541
777,0.554537
778,0.403446
779,0.332068
780,0.306838
781,0.482818
782,0.430823
783,0.231233
784,0.159097
785,0.195205
786,0.217873
787,0.110695
788,0.118799
789,0.239143
790,0.226447
791,0.350107
792,0.582096
793,0.328763
794,0.208265
795,0.303893
796,0.213064
797,0.191463
798,0.301258
799,0.389115
800,0.425358
801,0.439146
802,0.487241
803,0.437719
804,0.352756
805,0.368449
806,0.421923
807,0.418309
808,0.51672
809,0.552398
810,0.570257
811,0.023088
812,0.001603
813,0.001872
814,0.003599
815,0.002697
816,0.002267
817,0.001758
818,0.001806
819,0.00199
820,0.002197
821,0.00202
822,0.001909
823,0.001626
824,0.001296
825,0.001106
826,0.001663
827,0.004093
828,0.001357
829,0.000974
830,0.001826
831,0.001019
832,0.001146
833,0.000589
834,0.000837
835,0.000844
836,0.000733
837,0.000851
838,0.000922
839,0.001253
840,0.003773
841,0.003235
842,0.004386
843,0.000471
844,0.000415
845,0.000274
846,0.000509
847,0.002821
848,0.160332
849,0.685376
850,0.870114
851,0.853232
852,0.882145
853,0.938664
854,0.938567
855,0.964565
856,0.970443
857,0.980907
858,0.823509
859,0.839405
860,0.87224
861,0.917741
862,0.86107
863,0.866763
864,0.320308
865,0.005065
866,0.000444
867,0.000106
868,0.000469
869,0.004178
870,0.008622
871,0.004204
872,0.005897
873,0.007411
874,0.01474
875,0.017986
876,0.022449
877,0.061861
878,0.026708
879,0.022389
880,0.025116
881,0.025307
882,0.040532
883,0.042854
884,0.068955
885,0.483063
886,0.245833
887,0.073975
888,0.382556
889,0.720043
890,0.743256
891,0.82333
892,0.729084
893,0.675559
894,0.617019
895,0.676107
896,0.693459
897,0.690351
898,0.675966
899,0.738076
900,0.776375
901,0.71826
902,0.734584
903,0.282058
904,0.009087
905,0.013248
906,0.027756
907,0.026924
908,0.006303
909,0.001841
910,0.015518
911,0.021767
912,0.029959
913,0.048218
914,0.027677
915,0.023609
916,0.015649
917,0.011771
918,0.011986
919,0.014364
920,0.012299
921,0.013168
922,0.012698
923,0.009225
924,0
925,0.00418
926,0.002139
927,0.206308
928,0.033208
929,0.565798
930,0.781681
931,0.719379
932,0.708839
933,0.728513
934,0.654155
935,0.570057
936,0.558153
937,0.582839
938,0.542812
939,0.474345
940,0.465596
941,0.561808
942,0.335717
943,0.329132
944,0.57277
945,0.478783
946,0.496955
947,0.388442
948,0.006531
949,0.001061
950,0.002825
951,0.00261
952,0.002941
953,0.00206
954,0
955,0
956,0
957,0
958,0
959,0
960,0
961,0
962,0
963,0
964,0
965,0
966,0
967,0
968,0
969,0
970,0
971,0
972,0
973,0
974,0
975,0
976,0
977,0
978,0
979,0
980,0
981,0
982,0
983,0
984,0
985,0
986,0
987,0.0103
988,0.020705
989,0.014801
990,0.014842
991,0.041943
992,0.08217
993,0.046906
994,0.059853
995,0.023577
996,0.017139
997,0.00791
998,0.002242
999,0.000577
1000,0.000403
1001,0.000688
1002,0.000364
1003,0.002425
1004,0.006079
1005,0.003861
1006,0.109524
1007,0.488641
1008,0.82517
1009,0.847384
1010,0.914192
1011,0.928595
1012,0.916547
1013,0.893767
1014,0.861302
1015,0.828021
1016,0.802332
1017,0.774837
1018,0.766937
1019,0.728373
1020,0.76303
1021,0.756324
1022,0.726741
1023,0.689325
1024,0.724881
1025,0.728543
1026,0.816005
1027,0.862657
1028,0.85309
1029,0.842472
1030,0.819197
1031,0.76035
1032,0.861054
1033,0.107095
1034,0.000702
1035,0.000204
1036,0.00033
1037,0.000141
1038,0.001717
1039,0.000168
1040,0.000494
1041,0.001209
1042,0.000886
1043,0.000797
1044,0.008513
1045,0.007433
1046,0.007909
1047,0.005763
1048,0.006349
1049,0.00299
1050,0.001527
1051,0.001081
1052,0.000796
1053,0.000649
1054,0.292563
1055,0.349046
1056,0.393722
1057,0.705188
1058,0.676077
1059,0.828049
1060,0.890178
1061,0.862242
1062,0.857864
1063,0.868404
1064,0.903829
1065,0.889572
1066,0.893752
1067,0.89312
1068,0.878249
1069,0.862486
1070,0.870931
1071,0.460983
1072,0.00544
1073,0.029949
1074,0.002987
1075,0.004637
1076,0.001652
1077,0.001515
1078,0.00354
1079,0.006019
1080,0.004857
1081,0.002402
1082,0.003528
1083,0.036221
1084,0.022505
1085,0.154394
1086,0.006146
1087,0.010775
1088,0.007772
1089,0.013021
1090,0.006763
1091,0.00563
1092,0.006769
1093,0.014378
1094,0.029606
1095,0.035608
1096,0.037035
1097,0.03991
1098,0.097253
1099,0.088799
1100,0.082221
1101,0.142532
1102,0.154223
1103,0.209633
1104,0.416226
1105,0.69729
1106,0.728508
1107,0.719578
1108,0.835319
1109,0.796394
1110,0.715482
1111,0.623287
1112,0.651508
1113,0.762101
1114,0.713464
1115,0.659732
1116,0.609495
1117,0.145333
1118,0.014155
1119,0.025804
1120,0.018428
1121,0.002144
1122,0.023831
1123,0
1124,0
1125,0
1126,0
1127,0
1128,0
1129,0
1130,0
1131,0
1132,0
1133,0
1134,0
1135,0
1136,0
1137,0
1138,0
1139,0
1140,0
1141,0
1142,0
1143,0
1144,0
1145,0.06481
1146,0.055412
1147,0.160414
1148,0.411754
1149,0.253641
1150,0.262228
1151,0.633311
1152,0.460552
1153,0.550656
1154,0.560193
1155,0.720965
1156,0.787759
1157,0.805146
1158,0.773474
1159,0.739033
1160,0.754355
1161,0.790558
1162,0.493116
1163,0.002126
1164,0.000743
1165,0.0057
1166,0.000396
1167,0.001304
1168,0.004883
1169,0.001354
1170,0.001463
1171,0.000498
1172,0.001185
1173,0.001351
1174,0.002138
1175,0.00181
1176,0.001488
1177,0.000813
1178,0.002922
1179,0.001033
1180,0.001335
1181,0.001102
1182,0.001003
1183,0.000879
1184,0.000864
1185,0.000603
1186,0.000468
1187,0.000648
1188,0.001097
1189,0.001214
1190,0.001216
1191,0.002303
1192,0.000735
1193,0.000731
1194,0.000793
1195,0.000711
1196,0.000685
1197,0.000694
1198,0.000748
1199,0.001296
1200,0.000602
1201,0.000659
1202,0.000681
1203,0.000458
1204,0.000887
1205,0.000683
1206,0.002089
1207,0.002739
1208,0.002447
1209,0.002678
1210,0.003328
1211,0.006163
1212,0.009914
1213,0.004138
1214,0.002513
1215,0.003612
1216,0.001967
1217,0.000452
1218,0.000202
1219,0.003361
1220,0.426177
1221,0.586531
1222,0.767956
1223,0.685705
1224,0.710088
1225,0.775727
1226,0.743381
1227,0.694073
1228,0.578377
1229,0.520402
1230,0.362541
1231,0.192625
1232,0.244413
1233,0.567427
1234,0.009786
1235,0.000925
1236,0.00769
1237,0.033612
1238,0.018528
1239,0.004823
1240,0
1241,0
1242,0
1243,0
1244,0
1245,0
1246,0
1247,0
1248,0
1249,0
1250,0
1251,0
1252,0
1253,0
1254,0
1255,0
1256,0
1257,0
1258,0
1259,0
1260,0
1261,0
1262,0
1263,0
1264,0
1265,0
1266,0
1267,0
1268,0
1269,0
1270,0
1271,0
1272,0
1273,0
1274,0
1275,0
1276,0
1277,0
1278,0
1279,0
1280,0
1281,0
1282,0
1283,0
1284,0
1285,0
1286,0
1287,0
1288,0
1289,0
1290,0
1291,0
1292,0
1293,0
1294,0
1295,0
1296,0
1297,0
1298,0
1299,0
1300,0
1301,0
1302,0
1303,0.174609
1304,0.129558
1305,0.216741
1306,0.569851
1307,0.634921
1308,0.606412
1309,0.594882
1310,0.66381
1311,0.66261
1312,0.772577
1313,0.590745
1314,0.785403
1315,0.81543
1316,0.79554
1317,0.857099
1318,0.847495
1319,0.820004
1320,0.92411
1321,0.924076
1322,0.928719
1323,0.937656
1324,0.937188
1325,0.936182
1326,0.936821
1327,0.942756
1328,0.955451
1329,0.938446
1330,0.940402
1331,0.936422
1332,0.927036
1333,0.895341
1334,0.964438
1335,0.865638
1336,0.966988
1337,0.971147
1338,0.968369
1339,0.954403
1340,0.950964
1341,0.933053
1342,0.941248
1343,0.931756
1344,0.934676
1345,0.932126
1346,0.929568
1347,0.924497
1348,0.930984
1349,0.945359
1350,0.953794
1351,0.720541
1352,0.765538
1353,0.771196
1354,0.777755
1355,0.780399
1356,0.828956
1357,0.818277
1358,0.847189
1359,0.787715
1360,0.915291
1361,0.91549
1362,0.950901
1363,0.962936
1364,0.957412
1365,0.867408
1366,0.851321
1367,0.962312
1368,0
1369,0.779846
1370,0.916442
1371,0.922967
1372,0.895194
1373,0
1374,0
1375,0
1376,0
1377,0
1378,0
1379,0
1380,0
1381,0
1382,0
1383,0
1384,0
1385,0
1386,0
1387,0
1388,0
1389,0
1390,0
1391,0
1392,0
1393,0
1394,0
1395,0
1396,0
1397,0
1398,0
1399,0
1400,0
1401,0
1402,0
1403,0
1404,0
1405,0
1406,0
1407,0
1408,0
1409,0
1410,0
1411,0
1412,0
1413,0
1414,0
1415,0
1416,0
1417,0
1418,0
1419,0
1420,0
1421,0
1422,0
1423,0
1424,0
1425,0
1426,0
1427,0
1428,0
1429,0
1430,0
1431,0
1432,0
1433,0
1434,0
1435,0
1436,0
1437,0
1438,0
1439,0
1440,0
1441,0
1442,0
1443,0
1444,0
1445,0
1446,0
1447,0
1448,0
1449,0
1450,0
1451,0
1452,0
1453,0
1454,0
1455,0
1456,0
1457,0
1458,0
1459,0
1460,0
1461,0
1462,0
1463,0
1464,0
1465,0
1466,0
1467,0
1468,0
1469,0
1470,0
1471,0
1472,0
1473,0
1474,0
1475,0
1476,0
1477,0
1478,0
1479,0
1480,0
1481,0
1482,0.573504
1483,0.435052
1484,0.602231
1485,0.693158
1486,0.349834
1487,0.469227
1488,0.610014
1489,0.856464
1490,0.851473
1491,0.837418
1492,0.815366
1493,0.823662
1494,0.958336
1495,0.950011
1496,0.961492
1497,0.973711
1498,0.97168
1499,0.985423
1500,0.95702
1501,0.974163
1502,0.981707
1503,0.976405
1504,0.989318
1505,0.991547
1506,0.99399
1507,0.990887
1508,0.985473
1509,0.981275
1510,0.988334
1511,0.989304
1512,0.986189
1513,0.967085
1514,0.971625
1515,0.97982
1516,0.981416
1517,0.982723
1518,0.987976
1519,0.986596
1520,0.991497
1521,0.991436
1522,0.983129
1523,0.991044
1524,0.985252
1525,0.746778
1526,0.082603
1527,0.079974
1528,0.002465
1529,0.015826
1530,0.007632
1531,0.001917
1532,0.00263
1533,0.003472
1534,0.005143
1535,0.005691
1536,0.010232
1537,0.00507
1538,0.006465
1539,0.002076
1540,0.002862
1541,0.001966
1542,0.005523
1543,0.006023
1544,0.014935
1545,0.00813
1546,0.009036
1547,0.004489
1548,0.00531
1549,0.00355
1550,0.000735
1551,0.001875
1552,0.001758
1553,0.001494
1554,0.002116
1555,0.001544
1556,0.001921
1557,0.02097
1558,0.003463
1559,0.002801
1560,0.001698
1561,0.006999
1562,0.009035
1563,0.003247
1564,0.002312
1565,0.143764
1566,0.196971
1567,0.633674
1568,0.957752
1569,0.991933
1570,0.97838
1571,0.979095
1572,0.978143
1573,0.97044
1574,0.949565
1575,0.934591
1576,0.868391
1577,0.787783
1578,0.809543
1579,0.858199
1580,0.831333
1581,0.829358
1582,0.793598
1583,0.857916
1584,0.900692
1585,0.901945
1586,0.984919
1587,0.990613
1588,0.9929
1589,0.987279
1590,0.994625
1591,0.990963
1592,0.987822
1593,0.987511
1594,0.979993
1595,0.954919
1596,0.963378
1597,0.96685
1598,0.936961
1599,0.267118
1600,0.005272
1601,0.004533
1602,0.003579
1603,0.001844
1604,0.005493
1605,0.003517
1606,0.005737
1607,0.009153
1608,0.021711
1609,0.011817
1610,0.007267
1611,0.007732
1612,0.009169
1613,0.007674
1614,0.013007
1615,0.008567
1616,0.013272
1617,0.01001
1618,0.006853
1619,0.008141
1620,0.013146
1621,0.015922
1622,0.015649
1623,0.007677
1624,0.011817
1625,0.00851
1626,0.02506
1627,0.004251
1628,0.011732
1629,0.007317
1630,0.006595
1631,0.005282
1632,0.012204
1633,0.020957
1634,0.021667
1635,0.020855
1636,0.01319
1637,0.007784
1638,0.010512
1639,0.001693
1640,0.002019
1641,0.002026
1642,0.001884
1643,0.002017
1644,0.001915
1645,0.003771
1646,0.02948
1647,0.233139
1648,0.133831
1649,0.499169
1650,0.926056
1651,0.911104
1652,0.975942
1653,0.984951
1654,0.987076
1655,0.98552
1656,0.986117
1657,0.990884
1658,0.978793
1659,0.988675
1660,0.980272
1661,0.981107
1662,0.975764
1663,0.967503
1664,0.965282
1665,0.954593
1666,0.750302
1667,0.019256
1668,0.000591
1669,0.0009
1670,0.002583
1671,0.592707
1672,0.531385
1673,0.515285
1674,0.604012
1675,0.604277
1676,0.611995
1677,0.743306
1678,0.7399
1679,0.66098
1680,0.48245
1681,0.006751
1682,0.088922
1683,0.396569
1684,0.897341
1685,0.972632
1686,0.969162
1687,0.990032
1688,0.963493
1689,0.958292
1690,0.959104
1691,0.976656
1692,0.988403
1693,0.991139
1694,0.990673
1695,0.98912
1696,0.985283
1697,0.972743
1698,0.871728
1699,0.134034
1700,0.000765
1701,0.000234
1702,0.003671
1703,0.000257
1704,0.000976
1705,0.001852
1706,0.000758
1707,0.002314
1708,0.002072
1709,0.001438
1710,0.00236
1711,0.002964
1712,0.000855
1713,0.001666
1714,0.001362
1715,0.002378
1716,0.003223
1717,0.003492
1718,0.006507
1719,0.00466
1720,0.004917
1721,0.006963
1722,0.020444
1723,0.015689
1724,0.008418
1725,0.012758
1726,0.006628
1727,0.004822
1728,0.003108
1729,0.004882
1730,0.005739
1731,0.003356
1732,0.004714
1733,0.010238
1734,0.011995
1735,0.01019
1736,0.006615
1737,0.017026
1738,0.034331
1739,0.031613
1740,0.013234
1741,0.007298
1742,0.007435
1743,0.011474
1744,0.031243
1745,0.043424
1746,0.021227
1747,0.013389
1748,0.009673
1749,0.00612
1750,0.01543
1751,0.005786
1752,0.034911
1753,0.131494
1754,0.589975
1755,0.802241
1756,0.894031
1757,0.984598
1758,0.984952
1759,0.983908
1760,0.986111
1761,0.979327
1762,0.984626
1763,0.976662
1764,0.968515
1765,0.514709
1766,0.096762
1767,0.010388
1768,0.002497
1769,0.001432
1770,0.001338
1771,0.000713
1772,0.0036
1773,0.006689
1774,0.004234
1775,0.003583
1776,0.00252
1777,0.007448
1778,0.003148
1779,0.001513
1780,0.001288
1781,0.001276
1782,0.003894
1783,0.010362
1784,0.004611
1785,0.001631
1786,0.001166
1787,0.001909
1788,0.001998
1789,0.007715
1790,0.002171
1791,0.000454
1792,0.000238
1793,0.000198
1794,0.000313
1795,0.000295
1796,0.000306
1797,0.000244
1798,0.000324
1799,0.000392
1800,0.000424
1801,0.000218
1802,0.000287
1803,0.000142
1804,0.000151
1805,0.000173
1806,0.000263
1807,0.000277
1808,0.000147
1809,0.000144
1810,0.000199
1811,0.000414
1812,0.000454
1813,0.000321
1814,0.000311
1815,0.000411
1816,0.000823
1817,0.00062
1818,0.000904
1819,0.000691
1820,0.00039
1821,0.000365
1822,0.000372
1823,0.000951
1824,0.001017
1825,0.006143
1826,0.001526
1827,0.000842
1828,0.000264
1829,0.000388
1830,0.00091
1831,0.00095
1832,0.000673
1833,0.000552
1834,0.000173
1835,0.000124
1836,0.000111
1837,0.000183
1838,0.000438
1839,0.000175
1840,0.002415
1841,0.437038
1842,0.625223
1843,0.926543
1844,0.902709
1845,0.900368
1846,0.940308
1847,0.948953
1848,0.952431
1849,0.960195
1850,0.938262
1851,0.94688
1852,0.950991
1853,0.912652
1854,0.912979
1855,0.893018
1856,0.858778
1857,0.82851
1858,0.833811
1859,0.84047
1860,0.797854
1861,0.129315
1862,0.000651
1863,0.003116
1864,0.001541
1865,0.000713
1866,0.00061
1867,0.000342
1868,0.000941
1869,0.00165
1870,0.001358
1871,0.001066
1872,0.001869
1873,0.001167
1874,0.001154
1875,0.001019
1876,0.001261
1877,0.001659
1878,0.001381
1879,0.001801
1880,0.002702
1881,0.002231
1882,0.003783
1883,0.003299
1884,0.003368
1885,0.006762
1886,0.008644
1887,0.005047
1888,0.003774
1889,0.001388
1890,0.000935
1891,0.001754
1892,0.00238
1893,0.000568
1894,0.0004
1895,0.000124
1896,0.000454
1897,0.000897
1898,0.000592
1899,0.000629
1900,0.000722
1901,0.000555
1902,0.001527
1903,0.002497
1904,0.002903
1905,0.007931
1906,0.008804
1907,0.010527
1908,0.009591
1909,0.007283
1910,0.010075
1911,0.013491
1912,0.029733
1913,0.029544
1914,0.017753
1915,0.005532
1916,0.26131
1917,0.628859
1918,0.503275
1919,0.850521
1920,0.934027
1921,0.917243
1922,0.871278
1923,0.898284
1924,0.862306
1925,0.854377
1926,0.731973
1927,0.858584
1928,0.781191
1929,0.810005
1930,0.128688
1931,0.008499
1932,0.00022
1933,0.000844
1934,0.002033
1935,0.002297
1936,0.008437
1937,0.004825
1938,0.01424
1939,0
1940,0
1941,0
1942,0
1943,0
1944,0
1945,0
1946,0
1947,0
1948,0
1949,0
1950,0
1951,0.003381
1952,0.009684
1953,0.002065
1954,0.001144
1955,0.000236
1956,0.001794
1957,0.001177
1958,0.001487
1959,0.000326
1960,0.002639
1961,0.0017
1962,0.001156
1963,0.000558
1964,0.000888
1965,0.0031
1966,0.003235
1967,0.00181
1968,0.032363
1969,0.372097
1970,0.773248
1971,0.783903
1972,0.582595
1973,0.404522
1974,0.388281
1975,0.325925
1976,0.240527
1977,0.215432
1978,0.204429
1979,0.494981
1980,0.021322
1981,0.000865
1982,0.000213
1983,0.000278
1984,0.0006
1985,0.000635
1986,0.001025
1987,0.000722
1988,0.00098
1989,0.001145
1990,0.001019
1991,0.001026
1992,0.002462
1993,0.000984
1994,0.002387
1995,0.002151
1996,0.00273
1997,0.002541
1998,0.00379
1999,0.003723
2000,0.00382
2001,0.003364
2002,0.002082
2003,0.002214
2004,0.002539
2005,0.005403
2006,0.007617
2007,0.008309
2008,0.006713
2009,0.006884
2010,0.006633
2011,0.002932
2012,0.003487
2013,0.00322
2014,0.005589
2015,0.006873
2016,0.009442
2017,0.005442
2018,0.006161
2019,0.005299
2020,0.00472
2021,0.006598
2022,0.005383
2023,0.002721
2024,0.003332
2025,0.001874
2026,0.351866
2027,0.621403
2028,0.649327
2029,0.896937
2030,0.905701
2031,0.751494
2032,0.766002
2033,0.91899
2034,0.947883
2035,0.962196
2036,0.982892
2037,0.984682
2038,0.969186
2039,0.979101
2040,0.979662
2041,0.9345
2042,0.96935
2043,0.960436
2044,0.95184
2045,0.954773
2046,0.97006
2047,0.485287
2048,0.015735
2049,0.000963
2050,0.000687
2051,0.001503
2052,0.001773
2053,0.003624
2054,0.003807
2055,0.00228
2056,0.001799
2057,0.002261
2058,0.004181
2059,0.002725
2060,0.002713
2061,0.002774
2062,0.006457
2063,0.014774
2064,0.006945
2065,0.048746
2066,0.047424
2067,0.042376
2068,0.285937
2069,0.922609
2070,0.892529
2071,0.938321
2072,0.972151
2073,0.977082
2074,0.986834
2075,0.987324
2076,0.975242
2077,0.961725
2078,0.303207
2079,0.041864
2080,0.002592
2081,0.001663
2082,0.003563
2083,0.004139
2084,0.006784
2085,0.029479
2086,0.012397
2087,0.012126
2088,0.00855
2089,0.013782
2090,0.019721
2091,0.023747
2092,0.015454
2093,0.035557
2094,0.028332
2095,0.03244
2096,0.022798
2097,0.03902
2098,0.008744
2099,0.007579
2100,0.005357
2101,0.001953
2102,0.004559
2103,0.001166
2104,0.001726
2105,0.005156
2106,0.005266
2107,0.004051
2108,0.005351
2109,0.004899
2110,0.003473
2111,0.003876
2112,0.004635
2113,0.004672
2114,0.00216
2115,0.002107
2116,0.002836
2117,0.002486
2118,0.005495
2119,0.007304
2120,0.006597
2121,0.005046
2122,0.007406
2123,0.00575
2124,0.005347
2125,0.005052
2126,0.005584
2127,0.003717
2128,0.00425
2129,0.002732
2130,0.002668
2131,0.002216
2132,0.002142
2133,0.001312
2134,0.001197
2135,0.001422
2136,0.001475
2137,0.001353
2138,0.001573
2139,0.001853
2140,0.002774
2141,0.003049
2142,0.002249
2143,0.001046
2144,0.002461
2145,0.001883
2146,0.001163
2147,0.004382
2148,0.005775
2149,0.006816
2150,0.008673
2151,0.012253
2152,0.012701
2153,0.008024
2154,0.00922
2155,0.007226
2156,0.00304
2157,0.001611
2158,0.00298
2159,0.003727
2160,0.003986
2161,0.010934
2162,0.00823
2163,0.007847
2164,0.006744
2165,0.006504
2166,0.005973
2167,0.004993
2168,0.006038
2169,0.00646
2170,0.006576
2171,0.007535
2172,0.00749
2173,0.009715
2174,0.011403
2175,0.007533
2176,0.008546
2177,0.007773
2178,0.009425
2179,0.007669
2180,0.009992
2181,0.009247
2182,0.009985
2183,0.011017
2184,0.013205
2185,0.028531
2186,0.02563
2187,0.031059
2188,0.022813
2189,0.025564
2190,0.02987
2191,0.037222
2192,0.02424
2193,0.011675
2194,0.014358
2195,0.029199
2196,0.059703
2197,0.159102
2198,0.686385
2199,0.823334
2200,0.805866
2201,0.907046
2202,0.902479
2203,0.938367
2204,0.936794
2205,0.982359
2206,0.980779
2207,0.948068
2208,0.945658
2209,0.937976
2210,0.910731
2211,0.923164
2212,0.928882
2213,0.928628
2214,0.949222
2215,0.914838
2216,0.954026
2217,0.790811
2218,0.203097
2219,0.178539
2220,0.13379
2221,0.038085
2222,0.037473
2223,0.020817
2224,0.019439
2225,0.03553
2226,0.033991
2227,0.026343
2228,0.024275
2229,0.01929
2230,0.016448
2231,0.01784
2232,0.01661
2233,0.024367
2234,0.020709
2235,0.013564
2236,0.002624
2237,0.003452
2238,0.002967
2239,0.004751
2240,0.005257
2241,0.00818
2242,0.015619
2243,0.018372
2244,0.018892
2245,0.01339
2246,0.014182
2247,0.013522
2248,0.047337
2249,0.040943
2250,0.039633
2251,0.064818
2252,0.052437
2253,0.039695
2254,0.05143
2255,0.04216
2256,0.038635
2257,0.014142
2258,0.00853
2259,0.01089
2260,0.007782
2261,0.007135
2262,0.004907
2263,0.010516
2264,0.009829
2265,0.006017
2266,0.010314
2267,0.002516
2268,0.006826
2269,0.005355
2270,0.004398
2271,0.002474
2272,0.001728
2273,0.000244
2274,0.000771
2275,0.002239
2276,0.003356
2277,0.005543
2278,0.010163
2279,0.011219
2280,0.016797
2281,0.018457
2282,0.01825
2283,0.016546
2284,0.01835
2285,0.007002
2286,0.007253
2287,0.002014
2288,0.002776
2289,0.007411
2290,0.015628
2291,0.382169
2292,0.886806
2293,0.635872
2294,0.849994
2295,0.976321
2296,0.986292
2297,0.952028
2298,0.961961
2299,0.962245
2300,0.952292
2301,0.943333
2302,0.94207
2303,0.909125
2304,0.897914
2305,0.931198
2306,0.903401
2307,0.984526
2308,0.987449
2309,0.981481
2310,0.975582
2311,0.961415
2312,0.475611
2313,0.014984
2314,0.00054
2315,0.000203
2316,0.002153
2317,0.004106
2318,0.001562
2319,0.000625
2320,7.8e-05
2321,0.001427
2322,0.001722
2323,0.002214
2324,0.003285
2325,0.00387
2326,0.005209
2327,0.005599
2328,0.004888
2329,0.001735
2330,0.000149
2331,0.000198
2332,0.000271
2333,0.000521
2334,0.000849
2335,0.001132
2336,0.001464
2337,0.001273
2338,0.001319
2339,0.001632
2340,0.001895
2341,0.00101
2342,0.001808
2343,0.001942
2344,0.002489
2345,0.004845
2346,0.003965
2347,0.004035
2348,0.004045
2349,0.007153
2350,0.00545
2351,0.005596
2352,0.007638
2353,0.004198
2354,0.004138
2355,0.003428
2356,0.00345
2357,0.002823
2358,0.002708
2359,0.002092
2360,0.001671
2361,0.001383
2362,0.00143
2363,0.001083
2364,0.00225
2365,0.003071
2366,0.058859
2367,0.367322
2368,0.694594
2369,0.516228
2370,0.854822
2371,0.621898
2372,0.803212
2373,0.877207
2374,0.913292
2375,0.770348
2376,0.903477
2377,0.835831
2378,0.827201
2379,0.404359
2380,0.012023
2381,0.000452
2382,0.000644
2383,0.001995
2384,0.000754
2385,0.000621
2386,0.001998
2387,0.000769
2388,0.00061
2389,0.001452
2390,0.002354
2391,0.003919
2392,0.004898
2393,0.002905
2394,0.00426
2395,0.003617
2396,0.003619
2397,0.001406
2398,0.001849
2399,0.011357
2400,0.00787
2401,0.007015
2402,0.008517
2403,0.005912
2404,0.004841
2405,0.003039
2406,0.004209
2407,0.005514
2408,0.005672
2409,0.004584
2410,0.007382
2411,0.005181
2412,0.005705
2413,0.009216
2414,0.008515
2415,0.005716
2416,0.005952
2417,0.007404
2418,0.003919
2419,0.006391
2420,0.001288
2421,0.004474
2422,0.004688
2423,0.003178
2424,0.00249
2425,0.002856
2426,0.001989
2427,0.002544
2428,0.003202
2429,0.002031
2430,0.002192
2431,0.001694
2432,0.003596
2433,0.003535
2434,0.004332
2435,0.005187
2436,0.005892
2437,0.010096
2438,0.006345
2439,0.004647
2440,0.005108
2441,0.004113
2442,0.002968
2443,0.002576
2444,0.001572
2445,0.001427
2446,0.001641
2447,0.001241
2448,0.001552
2449,0.001521
2450,0.001109
2451,0.00145
2452,0.002595
2453,0.002926
2454,0.002836
2455,0.002794
2456,0.00318
2457,0.002735
2458,0.003634
2459,0.002325
2460,0.00249
2461,0.002206
2462,0.003476
2463,0.002412
2464,0.002088
2465,0.001414
2466,0.002184
2467,0.00099
2468,0.001354
2469,0.001262
2470,0.001941
2471,0.003677
2472,0.003604
2473,0.144611
2474,0.659082
2475,0.647674
2476,0.494681
2477,0.571137
2478,0.470433
2479,0.569227
2480,0.4845
2481,0.347022
2482,0.349102
2483,0.295947
2484,0.323731
2485,0.253576
2486,0.21736
2487,0.391171
2488,0.608387
2489,0.007242
2490,0.001485
2491,0.004997
2492,0.00382
2493,0.005065
2494,0.009297
2495,0.003513
2496,0.004052
2497,0.005229
2498,0.004388
2499,0.006993
2500,0.007692
2501,0.006146
2502,0.004717
2503,0.003122
2504,0.003457
2505,0.000711
2506,0.003121
2507,0.002468
2508,0.000459
2509,0.000414
2510,0.000589
2511,0.000945
2512,0.001543
2513,0.00085
2514,0.002867
2515,0.005695
2516,0.005623
2517,0.002235
2518,0.000777
2519,0.000738
2520,0.00221
2521,0.003655
2522,0.001057
2523,0.001624
2524,0.002847
2525,0.002964
2526,0.002865
2527,0.000843
2528,0.000623
2529,0.002596
2530,0.007081
2531,0.01338
2532,0.007869
2533,0.012403
2534,0.008778
2535,0.013285
2536,0.010874
2537,0.004177
2538,0.013508
2539,0.039164
2540,0.323846
2541,0.252331
2542,0.515381
2543,0.770893
2544,0.512236
2545,0.499011
2546,0.34241
2547,0.440452
2548,0.461585
2549,0.740305
2550,0.730817
2551,0.660507
2552,0.063814
2553,0.009675
2554,0.002998
2555,0.001839
2556,0.001854
2557,0.001673
2558,0.001632
2559,0.00248
2560,0.002969
2561,0.001161
2562,0.003921
2563,0.003829
2564,0.003633
2565,0.004198
2566,0.003616
2567,0.001522
2568,0.001376
2569,0.001559
2570,0.001868
2571,0.001615
2572,0.002263
2573,0.001209
2574,0.001771
2575,0.001345
2576,0.002165
2577,0.001184
2578,0.001037
2579,0.001515
2580,0.002046
2581,0.00159
2582,0.002557
2583,0.005238
2584,0.004813
2585,0.006068
2586,0.005555
2587,0.008907
2588,0.008022
2589,0.006038
2590,0.008556
2591,0.008204
2592,0.006887
2593,0.007073
2594,0.007132
2595,0.00618
2596,0.009001
2597,0.006897
2598,0.010318
2599,0.005408
2600,0.004967
2601,0.004809
2602,0.005556
2603,0.005924
2604,0.008076
2605,0.011221
2606,0.017966
2607,0.016255
2608,0.014379
2609,0.010461
2610,0.011613
2611,0.009321
2612,0.014807
2613,0.019193
2614,0.013977
2615,0.012129
2616,0.010563
2617,0.00376
2618,0.004936
2619,0.00542
2620,0.003501
2621,0.002985
2622,0.00122
2623,0.000971
2624,0.001025
2625,0.000771
2626,0.000964
2627,0.065148
2628,0.621338
2629,0.57585
2630,0.905211
2631,0.906383
2632,0.910464
2633,0.927726
2634,0.924575
2635,0.963557
2636,0.95826
2637,0.955692
2638,0.947429
2639,0.758405
2640,0.704689
2641,0.537369
2642,0.511518
2643,0.041041
2644,0.000484
2645,9.5e-05
2646,0.001752
2647,0.00165
2648,0.000896
2649,0.000325
2650,0.001763
2651,0.000426
2652,0.000742
2653,0.00154
2654,0.00249
2655,0.005008
2656,0.003792
2657,0.00222
2658,0.001607
2659,0.003665
2660,0.003976
2661,0.006034
2662,0.00259
2663,0.003444
2664,0.002329
2665,0.001624
2666,0.001603
2667,0.001143
2668,0.000726
2669,0.000641
2670,0.001109
2671,0.000761
2672,0.00132
2673,0.001147
2674,0.001066
2675,0.000905
2676,0.001253
2677,0.002369
2678,0.003048
2679,0.003386
2680,0.003779
2681,0.004281
2682,0.003753
2683,0.003159
2684,0.004375
2685,0.004111
2686,0.002533
2687,0.001483
2688,0.000985
2689,0.000929
2690,0.000729
2691,0.00066
2692,0.000585
2693,0.000588
2694,0.000625
2695,0.00046
2696,0.000615
2697,0.00063
2698,0.000907
2699,0.001036
2700,0.000844
2701,0.000834
2702,0.000698
2703,0.001921
2704,0.010293
2705,0.002444
2706,0.001008
2707,0.024066
2708,0.414344
2709,0.60239
2710,0.73761
2711,0.876266
2712,0.776952
2713,0.786542
2714,0.647103
2715,0.721533
2716,0.598111
2717,0.894958
2718,0.825041
2719,0.750939
2720,0.823612
2721,0.877394
2722,0.900233
2723,0.2494
2724,0.002814
2725,0.000208
2726,0.004527
2727,0.000718
2728,0.00098
2729,0.001216
2730,0.001821
2731,0.002053
2732,0.003818
2733,0.004916
2734,0.006257
2735,0.005288
2736,0.003486
2737,0.003237
2738,0.004127
2739,0.002321
2740,0.004447
2741,0.00476
2742,0.004982
2743,0.001749
2744,0.001223
2745,0.001064
2746,0.001005
2747,0.000636
2748,0.000816
2749,0.000729
2750,0.001596
2751,0.001383
2752,0.001057
2753,0.000575
2754,0.000755
2755,0.000659
2756,0.000737
2757,0.000709
2758,0.000577
2759,0.000431
2760,0.000726
2761,0.000365
2762,0.000735
2763,0.00084
2764,0.000351
2765,0.00079
2766,0.001977
2767,0.044157
2768,0.142668
2769,0.281853
2770,0.696468
2771,0.679054
2772,0.73052
2773,0.583544
2774,0.333888
2775,0.239083
2776,0.231116
2777,0.249487
2778,0.873593
2779,0.924903
2780,0.924988
2781,0.938986
2782,0.896312
2783,0.919696
2784,0.640819
2785,0.036518
2786,0.015371
2787,0.00173
2788,0.000531
2789,0.000365
2790,0.000641
2791,0.00187
2792,0.003978
2793,0.002126
2794,0.003527
2795,0.001862
2796,0.002139
2797,0.001574
2798,0.002041
2799,0.002187
2800,0.001792
2801,0.001353
2802,0.001171
2803,0.001987
2804,0.001756
2805,0.001848
2806,0.001805
2807,0.001578
2808,0.001504
2809,0.000938
2810,0.00103
2811,0.000614
2812,0.000453
2813,0.00023
2814,0.000157
2815,0.000115
2816,0.000891
2817,0.000487
2818,0.000562
2819,0.000558
2820,0.000853
2821,0.000612
2822,0.000792
2823,0.000694
2824,0.000676
2825,0.000562
2826,0.0005
2827,0.000517
2828,0.000626
2829,0.000474
2830,0.001534
2831,0.099056
2832,0.567604
2833,0.72597
2834,0.857711
2835,0.716263
2836,0.767457
2837,0.694165
2838,0.911295
2839,0.888762
2840,0.902936
2841,0.904386
2842,0.88737
2843,0.908566
2844,0.953243
2845,0.966971
2846,0.968086
2847,0.857278
2848,0.788769
2849,0.441359
2850,0.069
2851,0.008233
2852,0.001146
2853,0.000525
2854,0.000607
2855,0.003575
2856,0.006443
2857,0.012134
2858,0.013864
2859,0.027875
2860,0.015983
2861,0.062604
2862,0.044477
2863,0.034593
2864,0.031014
2865,0.03019
2866,0.053526
2867,0.024507
2868,0.045089
2869,0.008431
2870,0.01436
2871,0.011702
2872,0.009359
2873,0.006841
2874,0.003464
2875,0.00231
2876,0.004599
2877,0.004004
2878,0.005601
2879,0.007413
2880,0.00662
2881,0.007404
2882,0.003731
2883,0.003543
2884,0.003866
2885,0.006321
2886,0.012782
2887,0.003289
2888,0.007395
2889,0.006036
2890,0.005775
2891,0.011742
2892,0.003394
2893,0.001311
2894,0.193111
2895,0.275325
2896,0.295626
2897,0.549665
2898,0.458029
2899,0.248748
2900,0.315058
2901,0.241935
2902,0.567002
2903,0.70529
2904,0.614248
2905,0.549473
2906,0.681312
2907,0.855886
2908,0.90251
2909,0.912328
2910,0.896548
2911,0.871094
2912,0.596507
2913,0.676426
2914,0.130799
2915,0.006604
2916,0.007221
2917,0.000385
2918,0.001107
2919,0.005444
2920,0.004542
2921,0.005769
2922,0.013317
2923,0.007036
2924,0.005829
2925,0.004135
2926,0.005059
2927,0.005881
2928,0.005106
2929,0.006193
2930,0.008714
2931,0.006728
2932,0.005123
2933,0.005231
2934,0.368845
2935,0.6001
2936,0.713877
2937,0.873915
2938,0.914525
2939,0.866945
2940,0.906234
2941,0.926091
2942,0.93249
2943,0.905698
2944,0.868966
2945,0.833224
2946,0.663619
2947,0.673346
2948,0.410244
2949,0.003676
2950,0.00011
2951,0.000358
2952,0.001857
2953,0.009456
2954,0.009146
2955,0.004432
2956,0.003243
2957,0.005072
2958,0.004974
2959,0.003747
2960,0.004545
2961,0.008126
2962,0.006453
2963,0.00459
2964,0.002415
2965,0.00237
2966,0.00098
2967,0.000548
2968,0.000837
2969,0.000658
2970,0.001824
2971,0.001771
2972,0.000553
2973,0.000428
2974,0.000153
2975,0.000495
2976,0.00417
2977,0.016231
2978,0.014237
2979,0.019142
2980,0.034345
2981,0.036745
2982,0.025552
2983,0.015416
2984,0.013425
2985,0.010947
2986,0.005277
2987,0.000485
2988,0.00382
2989,0.014928
2990,0.615542
2991,0.565145
2992,0.73298
2993,0.176989
2994,0.253801
2995,0.414066
2996,0.433978
2997,0.430824
2998,0.516064
2999,0.414382
3000,0.316809
3001,0.136061
3002,0.125281
3003,0.026247
3004,0.016561
3005,0.090969
3006,0.096412
3007,0.103143
3008,0.243574
3009,0.118287
3010,0.119918
3011,0.087472
3012,0.099551
3013,0.149702
3014,0.131829
3015,0.131115
3016,0.111882
3017,0.105031
3018,0.079542
3019,0.072235
3020,0.04451
3021,0.07935
3022,0.060951
3023,0.179769
3024,0.216592
3025,0.194029
3026,0.322899
3027,0.072555
3028,0.035783
3029,0.012086
3030,0
3031,0
3032,0
3033,0
3034,0
3035,0
3036,0
3037,0
3038,0
3039,0
3040,0
3041,0
3042,0
3043,0
3044,0
3045,0
3046,0
3047,0
3048,0
3049,0
3050,0
3051,0
3052,0
3053,0
3054,0.006821
3055,0.003764
3056,0.000803
3057,0.00278
3058,0.003523
3059,0.00338
3060,0.002361
3061,0.002423
3062,0.00362
3063,0.002976
3064,0.000687
3065,0.001641
3066,0.001337
3067,0.0007
3068,0.000178
3069,0.000209
3070,0.000688
3071,0.000214
3072,0.00031
3073,0.000284
3074,0.000227
3075,0.000418
3076,0.000397
3077,0.000387
3078,0.000775
3079,0.000496
3080,0.000536
3081,0.000423
3082,0.000539
3083,0.000509
3084,0.000437
3085,0.000629
3086,0.000671
3087,0.000549
3088,0.000848
3089,0.001518
3090,0.001469
3091,0.001388
3092,0.000799
3093,0.000785
3094,0.000655
3095,0.00069
3096,0.00061
3097,0.000899
3098,0.001565
3099,0.001412
3100,0.002215
3101,0.001972
3102,0.001061
3103,0.000638
3104,0.001684
3105,0.006463
3106,0.0098
3107,0.009108
3108,0.008818
3109,0.017195
3110,0.11858
3111,0.820806
3112,0.897936
3113,0.899291
3114,0.898671
3115,0.878928
3116,0.922003
3117,0.922342
3118,0.963662
3119,0.963898
3120,0.950191
3121,0.945477
3122,0.94318
3123,0.928635
3124,0.923132
3125,0.863243
3126,0.871828
3127,0.901469
3128,0.916011
3129,0.926852
3130,0.804496
3131,0.011104
3132,0.002085
3133,0.00099
3134,0.050526
3135,0.003248
3136,0.003831
3137,0.003493
3138,0.005217
3139,0.008106
3140,0.004857
3141,0.004049
3142,0.003224
3143,0.003338
3144,0.003386
3145,0.003086
3146,0.003636
3147,0.004967
3148,0.00656
3149,0.003117
3150,0.002975
3151,0.001423
3152,0.001423
3153,0.001149
3154,0.000747
3155,0.001113
3156,0.000577
3157,0.000315
3158,0.000402
3159,0.000351
3160,0.000534
3161,0.000725
3162,0.00058
3163,0.000449
3164,0.000796
3165,0.000791
3166,0.000871
3167,0.000854
3168,0.000606
3169,0.000965
3170,0.001304
3171,0.003176
3172,0.005126
3173,0.004213
3174,0.009201
3175,0.006942
3176,0.007621
3177,0.005766
3178,0.003737
3179,0.003201
3180,0.002706
3181,0.008397
3182,0.479876
3183,0.821734
3184,0.887281
3185,0.900487
3186,0.84303
3187,0.942735
3188,0.957029
3189,0.96099
3190,0.961262
3191,0.959532
3192,0.943281
3193,0.941941
3194,0.936496
3195,0.94807
3196,0.94561
3197,0.940327
3198,0.949124
3199,0.956606
3200,0.941825
3201,0.930089
3202,0.898852
3203,0.846373
3204,0.651906
3205,0.040728
3206,0.004311
3207,0.0061
3208,0.001021
3209,0.003012
3210,0.003835
3211,0.001625
3212,0.001833
3213,0.001979
3214,0.001684
3215,0.00129
3216,0.005191
3217,0.005294
3218,0.00127
3219,0.000823
3220,0.000788
3221,0.00076
3222,0.001587
3223,0.003246
3224,0.000812
3225,0.004669
3226,0.007473
3227,0.002858
3228,0.004019
3229,0.000786
3230,0.000708
3231,0.00135
3232,0.001167
3233,0.000841
3234,0.000297
3235,8.9e-05
3236,0.000141
3237,0.000175
3238,0.000184
3239,0.000248
3240,0.000231
3241,0.000284
3242,0.000324
3243,0.000575
3244,0.000618
3245,0.000806
3246,0.001122
3247,0.001991
3248,0.002641
3249,0.002079
3250,0.001596
3251,0.001241
3252,0.001413
3253,0.001
3254,0.001256
3255,0.001917
3256,0.001428
3257,0.001224
3258,0.001378
3259,0.001318
3260,0.000945
3261,0.001092
3262,0.001739
3263,0.001531
3264,0.00199
3265,0.000744
3266,0.001455
3267,0.001013
3268,0.001421
3269,0.00057
3270,0.000742
3271,0.000627
3272,0.001194
3273,0.000953
3274,0.001222
3275,0.001289
3276,0.001525
3277,0.002937
3278,0.002112
3279,0.004142
3280,0.001846
3281,0.000691
3282,0.000871
3283,0.001781
3284,0.002957
3285,0.003417
3286,0.007684
3287,0.005026
3288,0.010051
3289,0.012317
3290,0.010307
3291,0.01012
3292,0.009053
3293,0.004966
3294,0.022957
3295,0.04438
3296,0.247996
3297,0.199371
3298,0.867365
3299,0.97323
3300,0.947698
3301,0.882083
3302,0.968554
3303,0.919226
3304,0.920114
3305,0.919353
3306,0.930037
3307,0.964548
3308,0.975836
3309,0.769793
3310,0.948746
3311,0.964969
3312,0.971379
3313,0.973254
3314,0.891735
3315,0.189486
3316,0.007999
3317,0.002938
3318,0.001141
3319,0.001645
3320,0.001706
3321,0.006588
3322,0.01124
3323,0.020221
3324,0.018294
3325,0.042162
3326,0.027021
3327,0.022524
3328,0.034293
3329,0.03442
3330,0.048746
3331,0.04472
3332,0.037161
3333,0.026229
3334,0.055194
3335,0.037752
3336,0.01399
3337,0.025699
3338,0.018408
3339,0.020245
3340,0.026087
3341,0.021167
3342,0.019184
3343,0.02022
3344,0.018038
3345,0.007457
3346,0.011138
3347,0.008157
3348,0.006547
3349,0.004481
3350,0.010938
3351,0.014509
3352,0.014455
3353,0.021888
3354,0.025751
3355,0.027639
3356,0.029963
3357,0.05724
3358,0.065303
3359,0.189034
3360,0.228303
3361,0.142032
3362,0.053008
3363,0.038475
3364,0.004619
3365,0.013215
3366,0.034013
3367,0.00261
3368,0.002085
3369,0.001278
3370,0.008155
3371,0.298708
3372,0.570671
3373,0.242748
3374,0.803901
3375,0.402339
3376,0.735514
3377,0.598778
3378,0.689853
3379,0.705052
3380,0.661008
3381,0.505395
3382,0.554328
3383,0.503623
3384,0.101715
3385,9.8e-05
3386,8.8e-05
3387,0.000129
3388,0.000391
3389,0.000313
3390,0.000598
3391,0.001257
3392,0.004177
3393,0.002191
3394,0.003722
3395,0.002852
3396,0.001964
3397,0.001156
3398,0.001187
3399,0.001332
3400,0.000755
3401,0.001041
3402,0.001096
3403,0.001311
3404,0.001455
3405,0.000997
3406,0.000658
3407,0.000795
3408,0.001098
3409,0.005415
3410,0.187954
3411,0.331817
3412,0.4953
3413,0.821158
3414,0.86764
3415,0.894818
3416,0.860659
3417,0.611897
3418,0.64155
3419,0.554253
3420,0.767595
3421,0.787513
3422,0.867474
3423,0.834123
3424,0.927509
3425,0.956423
3426,0.934063
3427,0.934913
3428,0.956729
3429,0.946995
3430,0.959353
3431,0.953857
3432,0.924244
3433,0.90594
3434,0.90114
3435,0.904263
3436,0.905313
3437,0.939203
3438,0.952958
3439,0.948632
3440,0.960541
3441,0.961653
3442,0.959222
3443,0.96579
3444,0.959906
3445,0.947351
3446,0.942393
3447,0.933587
3448,0.917764
3449,0.877398
3450,0.618584
3451,0.002898
3452,0.000874
3453,0.000798
3454,0.000967
3455,0.002182
3456,0.002144
3457,0.001004
3458,0.001447
3459,0.001785
3460,0.001544
3461,0.001095
3462,0.001394
3463,0.001363
3464,0.002041
3465,0.001275
3466,0.000517
3467,0.000218
3468,0.000926
3469,0.000869
3470,0.000379
3471,0.000208
3472,5.7e-05
3473,0.129907
3474,0.71283
3475,0.685548
3476,0.761003
3477,0.698884
3478,0.759045
3479,0.739306
3480,0.82276
3481,0.80907
3482,0.678474
3483,0.624362
3484,0.617287
3485,0.697393
3486,0.717669
3487,0.699954
3488,0.779803
3489,0.87708
3490,0.976602
3491,0.97449
3492,0.912209
3493,0.890414
3494,0.918366
3495,0.907417
3496,0.912315
3497,0.923353
3498,0.907956
3499,0.899957
3500,0.9119
3501,0.863134
3502,0.906082
3503,0.862927
3504,0.901065
3505,0.942023
3506,0.866924
3507,0.030557
3508,0.002741
3509,0.000276
3510,0.000246
3511,0.001182
3512,0.000315
3513,0.000901
3514,0.000478
3515,0.003198
3516,0.006217
3517,0.039044
3518,0.058034
3519,0.028337
3520,0.043754
3521,0.009973
3522,0.007989
3523,0.027997
3524,0.036505
3525,0.024567
3526,0.007242
3527,0.004453
3528,0.001438
3529,0.000248
3530,0.000823
3531,0.003622
3532,0.024015
3533,0.716296
3534,0.895563
3535,0.984146
3536,0.975831
3537,0.976185
3538,0.906992
3539,0.990268
3540,0.99222
3541,0.990161
3542,0.986828
3543,0.944273
3544,0.82901
3545,0.07737
3546,0.000837
3547,0.001103
3548,0.001951
3549,0.002421
3550,0.003979
3551,0.003305
3552,0.000599
3553,0.000148
3554,0.000282
3555,0.000351
3556,0.000313
3557,0.00018
3558,0.000434
3559,0.00127
3560,0.001149
3561,0.002776
3562,0.003284
3563,0.003149
3564,0.003574
3565,0.007902
3566,0.014656
3567,0.342351
3568,0.673608
3569,0.711944
3570,0.613378
3571,0.547538
3572,0.72682
3573,0.792663
3574,0.625092
3575,0.564256
3576,0.329075
3577,0.197791
3578,0.144643
3579,0.294693
3580,0.370966
3581,0.669508
3582,0.643625
3583,0.655172
3584,0.703594
3585,0.725024
3586,0.736885
3587,0.406944
3588,0.387459
3589,0.185628
3590,0.024651
3591,0.00358
3592,0.013966
3593,0.009695
3594,0.006826
3595,0.006043
3596,0.005272
3597,0.004432
3598,0.005615
3599,0.004129
3600,0.00336
3601,0.001689
3602,0.001148
3603,0.000994
3604,0.00036
3605,0.00029
3606,9e-05
3607,0.000234
3608,0.109857
3609,0.689443
3610,0.867033
3611,0.919179
3612,0.932962
3613,0.903938
3614,0.948358
3615,0.938433
3616,0.889532
3617,0.827581
3618,0.91225
3619,0.945506
3620,0.95066
3621,0.958407
3622,0.962424
3623,0.780977
3624,0.00734
3625,0.000414
3626,0.000369
3627,9.1e-05
3628,0.000676
3629,0.000621
3630,0.001182
3631,0.00183
3632,0.002376
3633,0.000804
3634,0.000982
3635,0.00106
3636,0.001069
3637,0.001504
3638,0.003273
3639,0.001966
3640,0.001137
3641,0.000899
3642,0.000654
3643,0.000867
3644,0.00049
3645,0.000361
3646,0.000834
3647,0.001165
3648,0.005104
3649,0.003037
3650,0.003622
3651,0.002453
3652,0.002556
3653,0.002054
3654,0.00658
3655,0.004884
3656,0.010255
3657,0.005898
3658,0.007396
3659,0.005125
3660,0.004737
3661,0.003811
3662,0.002477
3663,0.002048
3664,0.001153
3665,0.003096
3666,0.385803
3667,0.570166
3668,0.506305
3669,0.639306
3670,0.793068
3671,0.7529
3672,0.601015
3673,0.716384
3674,0.716986
3675,0.829132
3676,0.795166
3677,0.851049
3678,0.78099
3679,0.731341
3680,0.746274
3681,0.800945
3682,0.802485
3683,0.852128
3684,0.378126
3685,0.006743
3686,0.00177
3687,0.002402
3688,0.002303
3689,0.002862
3690,0.001863
3691,0.00384
3692,0.002773
3693,0.001032
3694,0.004964
3695,0.005042
3696,0.005364
3697,0.004116
3698,0.002788
3699,0.001329
3700,0.00098
3701,0.000925
3702,0.000778
3703,0.001449
3704,0.000976
3705,0.003433
3706,0.003922
3707,0.004744
3708,0.004319
3709,0.004031
3710,0.003147
3711,0.001576
3712,0.001573
3713,0.001374
3714,0.001148
3715,0.000912
3716,0.001163
3717,0.000975
3718,0.000655
3719,0.000499
3720,0.00111
3721,0.000603
3722,0.000542
3723,0.000672
3724,0.000947
3725,0.000959
3726,0.001052
3727,0.001263
3728,0.002515
3729,0.002505
3730,0.002097
3731,0.001036
3732,0.001132
3733,0.003193
3734,0.00214
3735,0.000626
3736,0.001473
3737,0.002303
3738,0.006427
3739,0.002075
3740,0.001017
3741,0.001009
3742,0.001076
3743,0.001271
3744,0.00038
3745,0.00169
3746,0.002192
3747,0.002005
3748,0.002278
3749,0.018159
3750,0.636186
3751,0.741245
3752,0.913188
3753,0.913542
3754,0.918035
3755,0.915262
3756,0.927785
3757,0.938657
3758,0.939979
3759,0.936692
3760,0.919995
3761,0.922733
3762,0.903473
3763,0.936946
3764,0.944623
3765,0.932615
3766,0.923967
3767,0.836508
3768,0.733133
3769,0.786751
3770,0.398917
3771,0.020929
3772,0.001877
3773,0.001422
3774,0.000254
3775,0.000504
3776,0.001848
3777,0.00265
3778,0.00309
3779,0.001821
3780,0.002548
3781,0.001098
3782,0.001532
3783,0.001372
3784,0.002306
3785,0.002794
3786,0.002929
3787,0.002992
3788,0.003473
3789,0.004016
3790,0.003583
3791,0.002021
3792,0.002977
3793,0.003363
3794,0.002382
3795,0.006991
3796,0.424331
3797,0.348919
3798,0.062473
3799,0.375843
3800,0.95078
3801,0.967459
3802,0.960432
3803,0.95807
3804,0.891414
3805,0.8889
3806,0.905339
3807,0.909994
3808,0.94237
3809,0.931154
3810,0.886102
3811,0.830537
3812,0.929923
3813,0.764687
3814,0.711042
3815,0.65711
3816,0.683868
3817,0.625871
3818,0.48254
3819,0.025856
3820,0.00835
3821,0.056017
3822,0.002078
3823,0.015132
3824,0.017326
3825,0.029208
3826,0.01822
3827,0.008485
3828,0.010271
3829,0.008327
3830,0.008261
3831,0.00683
3832,0.008137
3833,0.00634
3834,0.010607
3835,0.008855
3836,0.009853
3837,0.011138
3838,0.012231
3839,0.008667
3840,0.011911
3841,0.007757
3842,0.007367
3843,0.010072
3844,0.01081
3845,0.01352
3846,0.014178
3847,0.01057
3848,0.012511
3849,0.011021
3850,0.014867
3851,0.007575
3852,0.004833
3853,0.006411
3854,0.005289
3855,0.003463
3856,0.002658
3857,0.002239
3858,0.002627
3859,0.002387
3860,0.00421
3861,0.010784
3862,0.008349
3863,0.007412
3864,0.002375
3865,0.002418
3866,0.00275
3867,0.001996
3868,0.002135
3869,0.003264
3870,0.004592
3871,0.01278
3872,0.014118
3873,0.010832
3874,0.011444
3875,0.007849
3876,0.005789
3877,0.004663
3878,0.005341
3879,0.007405
3880,0.013102
3881,0.006182
3882,0.003427
3883,0.001584
3884,0.002348
3885,0.001525
3886,0.001195
3887,0.000876
3888,0.000651
3889,0.001042
3890,0.000958
3891,0.001415
3892,0.001456
3893,0.001254
3894,0.001824
3895,0.001682
3896,0.005911
3897,0.003867
3898,0.008185
3899,0.016296
3900,0.017314
3901,0.007966
3902,0.005114
3903,0.009064
3904,0.006952
3905,0.013737
3906,0.014586
3907,0.012257
3908,0.036974
3909,0.08259
3910,0.061067
3911,0.02757
3912,0.253886
3913,0.750559
3914,0.892886
3915,0.903171
3916,0.860209
3917,0.922803
3918,0.903674
3919,0.937795
3920,0.927473
3921,0.920057
3922,0.928516
3923,0.941599
3924,0.942409
3925,0.936325
3926,0.930461
3927,0.907967
3928,0.916342
3929,0.695334
3930,0.004922
3931,0.003979
3932,0.003993
3933,0.001821
3934,0.001553
3935,0.008005
3936,0.023712
3937,0.026275
3938,0.014988
3939,0.013714
3940,0.013844
3941,0.016389
3942,0.015448
3943,0.014819
3944,0.011296
3945,0.009419
3946,0.015362
3947,0.012382
3948,0.011274
3949,0.025637
3950,0.025599
3951,0.016143
3952,0.011078
3953,0.006716
3954,0.003493
3955,0.001511
3956,0.001251
3957,0.001538
3958,0.001811
3959,0.001911
3960,0.004217
3961,0.363827
3962,0.077102
3963,0.429271
3964,0.364883
3965,0.472251
3966,0.486737
3967,0.466377
3968,0.396605
3969,0.836254
3970,0.716562
3971,0.631615
3972,0.500234
3973,0.534335
3974,0.666779
3975,0.809381
3976,0.786031
3977,0.85661
3978,0.846527
3979,0.850065
3980,0.820363
3981,0.770331
3982,0.76044
3983,0.798214
3984,0.796824
3985,0.794464
3986,0.783592
3987,0.787932
3988,0.800597
3989,0.79219
3990,0.697268
3991,0.668585
3992,0.771276
3993,0.695982
3994,0.669168
3995,0.732996
3996,0.703671
3997,0.659711
3998,0.67728
3999,0.736403
4000,0.771397
4001,0.772614
4002,0.77088
4003,0.790012
4004,0.853633
4005,0.887377
4006,0.895898
4007,0.828116
4008,0.867988
4009,0.826194
4010,0.872641
4011,0.867288
4012,0.903287
4013,0.899879
4014,0.922893
4015,0.896892
4016,0.925829
4017,0.933276
4018,0.929591
4019,0.946923
4020,0.965214
4021,0.961734
4022,0.983269
4023,0.98237
4024,0.979072
4025,0.978576
4026,0.970314
4027,0.962746
4028,0.954598
4029,0.953145
4030,0.942882
4031,0.958121
4032,0.968638
4033,0.982283
4034,0.985382
4035,0.985627
4036,0.986625
4037,0.986555
4038,0.983486
4039,0.983837
4040,0.981435
4041,0.959361
4042,0.964262
4043,0.892006
4044,0.933576
4045,0.963565
4046,0.940979
4047,0.923769
4048,0.933216
4049,0.929653
4050,0.931309
4051,0.929285
4052,0.920201
4053,0.912923
4054,0.908095
4055,0.871705
4056,0.857876
4057,0.756339
4058,0.837234
4059,0.712109
4060,0.727835
4061,0.684635
4062,0.787368
4063,0.860162
4064,0.863261
4065,0.835523
4066,0.790714
4067,0.720101
4068,0.755349
4069,0.816767
4070,0.709015
4071,0.124577
4072,0.001143
4073,0.000213
4074,0.000202
4075,0.000342
4076,0.00052
4077,0.000578
4078,0.000788
4079,0.001948
4080,0.003377
4081,0.003832
4082,0.004734
4083,0.331169
4084,0.385994
4085,0.511408
4086,0.649901
4087,0.684693
4088,0.734121
4089,0.717511
4090,0.552479
4091,0.829542
4092,0.899743
4093,0.858392
4094,0.80632
4095,0.675379
4096,0.864958
4097,0.89632
4098,0.861818
4099,0.875785
4100,0.856764
4101,0.894221
4102,0.901061
4103,0.900661
4104,0.902399
4105,0.90271
4106,0.920941
4107,0.894526
4108,0.88357
4109,0.866846
4110,0.86997
4111,0.885134
4112,0.888192
4113,0.890102
4114,0.895329
4115,0.761938
4116,0.687524
4117,0.888792
4118,0.889344
4119,0.885609
4120,0.909864
4121,0.904149
4122,0.902655
4123,0.892645
4124,0.894698
4125,0.888763
4126,0.888544
4127,0.950826
4128,0.959113
4129,0.983787
4130,0.977989
4131,0.977744
4132,0.975333
4133,0.96816
4134,0.969588
4135,0.973895
4136,0.974824
4137,0.974805
4138,0.982001
4139,0.98118
4140,0.980784
4141,0.979141
4142,0.978883
4143,0.977729
4144,0.991029
4145,0.989848
4146,0.990408
4147,0.991595
4148,0.993493
4149,0.994925
4150,0.995996
4151,0.99527
4152,0.99506
4153,0.996667
4154,0.997416
4155,0.996433
4156,0.996167
4157,0.994845
4158,0.993894
4159,0.99506
4160,0.992833
4161,0.991957
4162,0.993449
4163,0.993115
4164,0.964622
4165,0.958898
4166,0.949199
4167,0.976052
4168,0.980619
4169,0.986944
4170,0.986884
4171,0.991089
4172,0.99097
4173,0.993106
4174,0.99507
4175,0.994942
4176,0.996171
4177,0.997817
4178,0.997729
4179,0.99762
4180,0.997821
4181,0.997566
4182,0.997695
4183,0.997278
4184,0.997383
4185,0.997545
4186,0.996793
4187,0.996819
4188,0.997221
4189,0.996671
4190,0.997478
4191,0.99761
4192,0.999017
4193,0.998917
4194,0.997834
4195,0.99812
4196,0.998008
4197,0.998631
4198,0.997956
4199,0.998292
4200,0.998135
4201,0.998028
4202,0.998162
4203,0.998206
4204,0.998641
4205,0.998907
4206,0.999132
4207,0.99922
4208,0.999073
4209,0.998528
4210,0.997561
4211,0.995473
4212,0.995862
4213,0.995919
4214,0.997077
4215,0.996472
4216,0.997176
4217,0.997001
4218,0.996243
4219,0.996341
4220,0.996355
4221,0.997332
4222,0.997369
4223,0.997747
4224,0.99753
4225,0.99735
4226,0.997305
4227,0.979112
4228,0.986504
4229,0.997321
4230,0.997204
4231,0.985351
4232,0.98055
4233,0.980457
4234,0.99296
4235,0.970161
4236,0.955765
4237,0.954687
4238,0.960885
4239,0.946445
4240,0.954247
4241,0.940871
4242,0.900369
4243,0.930866
4244,0.916742
4245,0.87614
4246,0.904878
4247,0.954782
4248,0.978766
4249,0.966101
4250,0.98966
4251,0.989487
4252,0.980315
4253,0.977214
4254,0.972957
4255,0.967882
4256,0.96578
4257,0.966906
4258,0.959248
4259,0.946618
4260,0.968532
4261,0.978726
4262,0.984802
4263,0.981906
4264,0.97952
4265,0.994251
4266,0.993959
4267,0.994978
4268,0.993602
4269,0.997537
4270,0.996894
4271,0.998064
4272,0.997561
4273,0.996003
4274,0.996697
4275,0.994743
4276,0.995825
4277,0.989769
4278,0.983281
4279,0.902187
4280,0.90312
4281,0.98763
4282,0.994763
4283,0.978974
4284,0.99114
4285,0.990344
4286,0.986762
4287,0.989139
4288,0.986981
4289,0.968456
4290,0.938988
4291,0.930875
4292,0.894986
4293,0.929016
4294,0.954699
4295,0.966454
4296,0.881676
4297,0.965595
4298,0.927391
4299,0.92106
4300,0.917729
4301,0.960435
4302,0.945999
4303,0.967161
4304,0.633336
4305,0.328617
4306,0.213916
4307,0.11467
4308,0.103996
4309,0.079212
4310,0.079069
4311,0.072255
4312,0.050676
4313,0.060055
4314,0.093062
4315,0.07404
4316,0.039054
4317,0.065274
4318,0.061751
4319,0.039053
4320,0.064978
4321,0.04663
4322,0.046925
4323,0.061269
4324,0.028976
4325,0.0281
4326,0.018693
4327,0.010579
4328,0.009779
4329,0.010346
4330,0.00734
4331,0.002561
4332,0.009273
4333,0.02004
4334,0.042718
4335,0.527603
4336,0.879408
4337,0.827539
4338,0.866673
4339,0.959712
4340,0.96462
4341,0.975148
4342,0.972564
4343,0.978764
4344,0.895922
4345,0.864095
4346,0.87735
4347,0.865798
4348,0.882922
4349,0.907465
4350,0.925671
4351,0.982154
4352,0.978541
4353,0.968237
4354,0.940306
4355,0.916727
4356,0.923045
4357,0.929233
4358,0.936693
4359,0.937877
4360,0.912366
4361,0.921054
4362,0.909371
4363,0.894797
4364,0.872602
4365,0.545188
4366,0.009109
4367,0.000602
4368,0.001066
4369,0.001027
4370,0.003463
4371,0.011479
4372,0.018323
4373,0.008393
4374,0.019339
4375,0.052838
4376,0.039942
4377,0.013841
4378,0.008034
4379,0.008362
4380,0.007173
4381,0.005414
4382,0.00379
4383,0.003403
4384,0.003333
4385,0.002212
4386,0.002053
4387,0.128948
4388,0.341354
4389,0.401088
4390,0.476946
4391,0.289193
4392,0.351977
4393,0.233649
4394,0.448174
4395,0.510757
4396,0.561963
4397,0.4991
4398,0.623436
4399,0.663532
4400,0.69891
4401,0.57764
4402,0.567834
4403,0.516424
4404,0.536092
4405,0.615026
4406,0.609835
4407,0.641427
4408,0.604546
4409,0.566718
4410,0.597321
4411,0.53506
4412,0.486132
4413,0.525673
4414,0.590538
4415,0.649069
4416,0.698982
4417,0.664643
4418,0.685439
4419,0.717237
4420,0.699093
4421,0.707512
4422,0.719537
4423,0.712591
4424,0.6883
4425,0.627835
4426,0.666301
4427,0.730583
4428,0.683399
4429,0.782558
4430,0.758629
4431,0.694996
4432,0.618232
4433,0.435474
4434,0.531466
4435,0.625911
4436,0.534907
4437,0.464397
4438,0.547118
4439,0.654653
4440,0.723664
4441,0.821926
4442,0.023151
4443,0.000628
4444,0.000543
4445,0.001089
4446,0.000248
4447,0.000565
4448,0.001463
4449,0.001127
4450,0.001592
4451,0.000793
4452,0.002031
4453,0.002332
4454,0.001068
4455,0.000259
4456,0.000419
4457,0.003199
4458,0.004779
4459,0.004523
4460,0.004556
4461,0.002951
4462,0.002325
4463,0.002313
4464,0.002546
4465,0.001412
4466,0.001748
4467,0.002748
4468,0.569101
4469,0.824205
4470,0.938208
4471,0.902491
4472,0.837199
4473,0.906858
4474,0.97816
4475,0.888071
4476,0.98105
4477,0.988475
4478,0.953798
4479,0.95716
4480,0.949217
4481,0.948356
4482,0.935461
4483,0.939748
4484,0.931109
4485,0.938449
4486,0.957901
4487,0.956245
4488,0.961754
4489,0.974243
4490,0.9695
4491,0.835303
4492,0.673763
4493,0.905386
4494,0.908031
4495,0.925438
4496,0.888294
4497,0.865463
4498,0.730744
4499,0.667417
4500,0.667198
4501,0.245052
4502,0.583049
4503,0.558625
4504,0.402643
4505,0.242624
4506,0.242236
4507,0.376636
4508,0.947883
4509,0.983057
4510,0.962527
4511,0.968487
4512,0.964826
4513,0.965419
4514,0.956876
4515,0.978352
4516,0.97966
4517,0.970305
4518,0.958958
4519,0.950571
4520,0.953121
4521,0.960178
4522,0.963745
4523,0.973974
4524,0.987401
4525,0.96753
4526,0.971167
4527,0.958797
4528,0.962394
4529,0.973155
4530,0.967123
4531,0.964446
4532,0.969779
4533,0.993042
4534,0.98914
4535,0.989926
4536,0.9784
4537,0.981099
4538,0.974214
4539,0.989075
4540,0.988613
4541,0.978164
4542,0.973995
4543,0.973198
4544,0.982856
4545,0.977945
4546,0.974581
4547,0.979141
4548,0.985364
4549,0.979863
4550,0.950729
4551,0.0676
4552,0.000489
4553,0.000299
4554,0.000487
4555,0.005027
4556,0.002579
4557,0.000408
4558,0.000686
4559,0.000553
4560,0.004198
4561,0.00244
4562,0.000852
4563,0.0017
4564,0.001435
4565,0.000981
4566,0.000603
4567,0.000311
4568,0.000493
4569,0.000429
4570,0.000235
4571,0.000398
4572,0.000632
4573,0.013919
4574,0.105656
4575,0.784902
4576,0.82121
4577,0.873755
4578,0.871047
4579,0.925316
4580,0.93341
4581,0.860042
4582,0.785829
4583,0.909055
4584,0.780939
4585,0.620805
4586,0.682525
4587,0.637411
4588,0.540581
4589,0.475358
4590,0.529901
4591,0.739309
4592,0.807033
4593,0.797707
4594,0.807209
4595,0.789114
4596,0.752881
4597,0.803672
4598,0.784031
4599,0.773412
4600,0.751329
4601,0.740492
4602,0.694207
4603,0.848566
4604,0.847512
4605,0.875013
4606,0.892105
4607,0.869912
4608,0.851961
4609,0.843861
4610,0.8319
4611,0.820825
4612,0.805844
4613,0.836216
4614,0.851253
4615,0.816384
4616,0.572922
4617,0.834244
4618,0.93748
4619,0.963053
4620,0.971842
4621,0.980819
4622,0.969758
4623,0.97677
4624,0.982053
4625,0.974913
4626,0.991445
4627,0.991107
4628,0.991742
4629,0.94991
4630,0.976888
4631,0.975412
4632,0.981696
4633,0.966215
4634,0.917168
4635,0.94276
4636,0.966202
4637,0.984333
4638,0.984551
4639,0.974108
4640,0.897445
4641,0.968132
4642,0.977936
4643,0.98917
4644,0.987577
4645,0.981811
4646,0.973547
4647,0.969965
4648,0.972457
4649,0.943377
4650,0.979309
4651,0.980249
4652,0.978214
4653,0.975132
4654,0.979368
4655,0.981164
4656,0.968748
4657,0.979891
4658,0.980229
4659,0.985904
4660,0.994453
4661,0.991759
4662,0.991498
4663,0.993677
4664,0.989929
4665,0.988031
4666,0.987528
4667,0.98445
4668,0.988227
4669,0.989335
4670,0.990036
4671,0.988136
4672,0.986302
4673,0.989355
4674,0.985525
4675,0.995126
4676,0.989783
4677,0.996394
4678,0.995359
4679,0.987513
4680,0.982866
4681,0.987991
4682,0.98869
4683,0.987068
4684,0.988248
4685,0.992458
4686,0.991619
4687,0.992306
4688,0.992955
4689,0.994378
4690,0.993837
4691,0.99542
4692,0.993418
4693,0.994116
4694,0.994167
4695,0.99176
4696,0.991342
4697,0.993639
4698,0.994972
4699,0.99465
4700,0.99396
4701,0.994901
4702,0.993741
4703,0.992704
4704,0.992417
4705,0.995232
4706,0.995128
4707,0.995596
4708,0.996062
4709,0.997467
4710,0.996311
4711,0.997247
4712,0.996841
4713,0.995965
4714,0.996116
4715,0.996406
4716,0.996048
4717,0.996329
4718,0.996519
4719,0.995685
4720,0.996269
4721,0.994839
4722,0.994491
4723,0.981298
4724,0.984799
4725,0.973959
4726,0.981929
4727,0.97901
4728,0.979452
4729,0.974889
4730,0.985595
4731,0.979544
4732,0.976545
4733,0.980949
4734,0.972454
4735,0.97438
4736,0.97543
4737,0.959209
4738,0.479784
4739,0.004766
4740,0.000112
4741,7.9e-05
4742,0.000193
4743,0.000141
4744,0.000454
4745,0.000478
4746,0.000407
4747,0.000237
4748,0.000429
4749,0.000408
4750,0.00056
4751,0.00096
4752,0.001203
4753,0.002528
4754,0.002476
4755,0.00699
4756,0.741088
4757,0.856866
4758,0.802851
4759,0.786451
4760,0.696336
4761,0.648739
4762,0.686397
4763,0.675507
4764,0.701122
4765,0.576477
4766,0.595517
4767,0.581744
4768,0.612793
4769,0.524304
4770,0.507166
4771,0.506121
4772,0.461314
4773,0.423432
4774,0.344091
4775,0.307706
4776,0.367685
4777,0.429919
4778,0.326367
4779,0.267378
4780,0.322547
4781,0.306876
4782,0.36168
4783,0.347447
4784,0.159829
4785,0.015862
4786,0.000625
4787,0.000431
4788,0.000786
4789,0.000401
4790,0.00034
4791,0.001458
4792,0.001272
4793,0.001455
4794,0.0003
4795,0.00089
4796,0.000418
4797,0.00042
4798,0.002134
4799,0.001094
4800,0.000173
4801,0.000777
4802,0.00063
4803,0.023826
4804,0.334461
4805,0.963139
4806,0.985304
4807,0.919828
4808,0.966364
4809,0.90246
4810,0.935925
4811,0.944868
4812,0.941144
4813,0.863931
4814,0.861444
4815,0.902164
4816,0.927497
4817,0.958043
4818,0.953402
4819,0.943443
4820,0.868723
4821,0.788325
4822,0.724594
4823,0.552666
4824,0.544958
4825,0.55222
4826,0.848677
4827,0.951637
4828,0.966782
4829,0.984262
4830,0.992218
4831,0.993838
4832,0.978481
4833,0.970608
4834,0.976681
4835,0.956313
4836,0.98123
4837,0.977375
4838,0.978427
4839,0.951559
4840,0.981782
4841,0.988475
4842,0.991272
4843,0.983698
4844,0.984656
4845,0.992711
4846,0.996684
4847,0.997195
4848,0.998579
4849,0.998982
4850,0.998814
4851,0.998994
4852,0.998342
4853,0.998122
4854,0.993842
4855,0.997954
4856,0.997895
4857,0.998007
4858,0.997989
4859,0.986683
4860,0.994762
4861,0.995501
4862,0.996172
4863,0.99611
4864,0.995901
4865,0.996138
4866,0.996184
4867,0.995089
4868,0.995555
4869,0.995425
4870,0.997359
4871,0.997227
4872,0.997521
4873,0.997322
4874,0.99817
4875,0.996955
4876,0.99406
4877,0.993839
4878,0.99515
4879,0.999003
4880,0.994794
4881,0.997537
4882,0.997169
4883,0.999171
4884,0.9992
4885,0.999175
4886,0.999072
4887,0.999026
4888,0.99891
4889,0.998513
4890,0.99875
4891,0.998548
4892,0.998914
4893,0.998861
4894,0.998679
4895,0.998053
4896,0.997428
4897,0.995749
4898,0.996781
4899,0.997603
4900,0.995261
4901,0.592026
4902,0.019398
4903,0.018708
4904,0.012889
4905,0.062065
4906,0.019682
4907,0.022581
4908,0.012824
4909,0.027955
4910,0.014969
4911,0.015788
4912,0.043445
4913,0.47082
4914,0.972417
4915,0.978628
4916,0.984547
4917,0.989433
4918,0.99348
4919,0.994368
4920,0.99401
4921,0.993605
4922,0.995296
4923,0.995639
4924,0.994902
4925,0.99524
4926,0.996599
4927,0.996407
4928,0.996996
4929,0.997483
4930,0.998162
4931,0.998474
4932,0.998167
4933,0.99864
4934,0.998693
4935,0.998673
4936,0.998602
4937,0.99854
4938,0.998505
4939,0.998566
4940,0.99838
4941,0.997916
4942,0.998019
4943,0.998049
4944,0.9981
4945,0.998034
4946,0.99778
4947,0.913469
4948,0.80595
4949,0.696189
4950,0.651777
4951,0.593844
4952,0.559871
4953,0.96851
4954,0.997625
4955,0.996402
4956,0.996992
4957,0.996704
4958,0.996801
4959,0.996117
4960,0.971116
4961,0.104168
4962,0.005573
4963,0.001699
4964,0.001528
4965,0.00124
4966,0.001376
4967,0.001058
4968,0.000782
4969,0.000932
4970,0.001465
4971,0.001518
4972,0.001572
4973,0.001538
4974,0.028048
4975,0.883219
4976,0.983567
4977,0.989044
4978,0.991718
4979,0.99211
4980,0.991994
4981,0.992228
4982,0.985318
4983,0.993411
4984,0.994645
4985,0.99156
4986,0.991762
4987,0.992374
4988,0.992259
4989,0.993344
4990,0.990316
4991,0.9922
4992,0.992554
4993,0.993794
4994,0.994089
4995,0.993845
4996,0.993284
4997,0.993431
4998,0.991969
4999,0.993049
5000,0.297169
5001,0.004001
5002,0.000489
5003,0.000415
5004,0.000926
5005,0.000525
5006,0.000739
5007,0.000413
5008,0.000388
5009,0.000504
5010,0.000735
5011,0.001021
5012,0.000623
5013,0.000426
5014,0.00061
5015,0.001267
5016,0.002588
5017,0.001574
5018,0.002137
5019,0.003514
5020,0.003697
5021,0.004338
5022,0.003687
5023,0.003444
5024,0.002316
5025,0.002706
5026,0.170831
5027,0.225095
5028,0.628012
5029,0.90599
5030,0.956776
5031,0.956339
5032,0.956509
5033,0.971612
5034,0.970882
5035,0.958934
5036,0.970374
5037,0.97076
5038,0.979882
5039,0.979502
5040,0.986574
5041,0.98542
5042,0.984161
5043,0.976008
5044,0.943396
5045,0.961696
5046,0.973284
5047,0.95877
5048,0.961324
5049,0.960434
5050,0.9558
5051,0.911605
5052,0.922266
5053,0.97636
5054,0.971828
5055,0.976455
5056,0.979904
5057,0.974762
5058,0.977522
5059,0.980276
5060,0.982744
5061,0.988738
5062,0.985857
5063,0.987655
5064,0.981012
5065,0.983302
5066,0.982526
5067,0.988038
5068,0.99019
5069,0.990379
5070,0.992982
5071,0.990676
5072,0.992069
5073,0.991695
5074,0.992686
5075,0.992098
5076,0.992204
5077,0.979828
5078,0.991392
5079,0.979366
5080,0.987283
5081,0.987229
5082,0.988137
5083,0.98212
5084,0.979946
5085,0.9811
5086,0.984042
5087,0.987593
5088,0.987801
5089,0.990368
5090,0.990377
5091,0.986932
5092,0.662006
5093,0.001861
5094,0.00016
5095,3.6e-05
5096,4.5e-05
5097,0.000105
5098,0.000329
5099,0.000307
5100,0.000366
5101,0.000598
5102,0.000527
5103,0.000899
5104,0.009303
5105,0.101785
5106,0.872334
5107,0.980577
5108,0.987657
5109,0.986719
5110,0.98769
5111,0.985615
5112,0.985546
5113,0.982806
5114,0.987916
5115,0.989201
5116,0.989928
5117,0.990412
5118,0.992275
5119,0.991663
5120,0.991045
5121,0.991812
5122,0.985136
5123,0.269007
5124,0.001449
5125,0.000561
5126,0.000533
5127,0.000936
5128,0.00164
5129,0.000717
5130,0.00083
5131,0.000563
5132,0.00065
5133,0.000452
5134,0.001202
5135,0.00227
5136,0.02418
5137,0.385296
5138,0.766065
5139,0.951423
5140,0.972939
5141,0.98851
5142,0.990307
5143,0.992226
5144,0.992243
5145,0.991651
5146,0.990817
5147,0.990154
5148,0.99427
5149,0.997001
5150,0.997547
5151,0.99735
5152,0.99657
5153,0.99694
5154,0.997145
5155,0.997136
5156,0.997174
5157,0.996879
5158,0.996967
5159,0.996966
5160,0.894732
5161,0.007148
5162,0.001752
5163,0.000256
5164,0.000195
5165,0.000186
5166,0.000228
5167,0.000194
5168,0.000237
5169,0.000169
5170,0.000307
5171,0.000187
5172,0.000207
5173,0.000288
5174,0.003589
5175,0.026568
5176,0.940295
5177,0.958571
5178,0.98952
5179,0.989472
5180,0.989525
5181,0.98864
5182,0.985972
5183,0.985875
5184,0.98755
5185,0.987362
5186,0.988128
5187,0.945654
5188,0.384222
5189,0.002112
5190,0.000315
5191,0.00022
5192,9.7e-05
5193,0.000129
5194,0.000287
5195,0.000686
5196,0.000662
5197,0.000622
5198,0.000804
5199,0.00043
5200,0.000346
5201,0.002206
5202,0.615773
5203,0.981314
5204,0.990463
5205,0.987094
5206,0.991699
5207,0.991128
5208,0.989554
5209,0.98975
5210,0.987007
5211,0.988025
5212,0.987885
5213,0.990409
5214,0.992409
5215,0.991598
5216,0.990584
5217,0.992242
5218,0.989832
5219,0.982696
5220,0.981847
5221,0.984843
5222,0.98962
5223,0.987678
5224,0.974404
5225,0.963438
5226,0.988264
5227,0.95545
5228,0.033525
5229,0.005007
5230,0.001143
5231,0.004063
5232,0.000438
5233,0.002251
5234,0.005603
5235,0.006789
5236,0.003123
5237,0.012309
5238,0.007014
5239,0.078706
5240,0.813678
5241,0.601434
5242,0.598708
5243,0.461034
5244,0.932932
5245,0.900972
5246,0.896679
5247,0.884457
5248,0.8794
5249,0.890937
5250,0.868162
5251,0.909974
5252,0.809215
5253,0.761576
5254,0.739668
5255,0.58957
5256,0.550483
5257,0.676549
5258,0.754021
5259,0.72584
5260,0.791475
5261,0.8225
5262,0.827861
5263,0.821649
5264,0.6358
5265,0.937424
5266,0.864833
5267,0.780483
5268,0.588148
5269,0.562779
5270,0.358849
5271,0.284559
5272,0.370625
5273,0.29062
5274,0.585356
5275,0.563087
5276,0.409442
5277,0.841854
5278,0.851643
5279,0.561689
5280,0.522815
5281,0.345663
5282,0.415275
5283,0.310045
5284,0.284612
5285,0.324912
5286,0.448649
5287,0.537994
5288,0.341966
5289,0.528032
5290,0.788128
5291,0.383408
5292,0.536981
5293,0.607871
5294,0.695371
5295,0.617018
5296,0.502747
5297,0.617851
5298,0.857635
5299,0.913338
5300,0.838385
5301,0.570538
5302,0.875028
5303,0.865409
5304,0.881179
5305,0.889615
5306,0.91231
5307,0.885269
5308,0.844453
5309,0.750161
5310,0.738712
5311,0.968988
5312,0.971938
5313,0.898843
5314,0.925298
5315,0.918267
5316,0.835772
5317,0.945173
5318,0.976989
5319,0.980523
5320,0.975677
5321,0.975868
5322,0.980025
5323,0.988142
5324,0.986838
5325,0.983193
5326,0.976774
5327,0.982233
5328,0.97554
5329,0.98309
5330,0.985909
5331,0.989615
5332,0.989953
5333,0.9886
5334,0.992264
5335,0.991503
5336,0.991776
5337,0.992816
5338,0.992639
5339,0.99326
5340,0.994702
5341,0.993835
5342,0.993916
5343,0.993115
5344,0.994116
5345,0.995237
5346,0.996678
5347,0.996591
5348,0.995718
5349,0.995496
5350,0.989993
5351,0.954204
5352,0.026519
5353,0.000166
5354,0.000208
5355,0.000183
5356,0.000257
5357,0.000194
5358,0.000252
5359,0.00021
5360,0.000142
5361,0.000176
5362,5.2e-05
5363,5.8e-05
5364,6.5e-05
5365,7.1e-05
5366,0.385465
5367,0.604478
5368,0.933409
5369,0.985712
5370,0.991841
5371,0.988555
5372,0.994501
5373,0.995351
5374,0.994381
5375,0.99466
5376,0.994422
5377,0.990821
5378,0.947977
5379,0.948177
5380,0.889988
5381,0.838299
5382,0.892599
5383,0.984962
5384,0.986745
5385,0.98584
5386,0.982287
5387,0.982948
5388,0.982217
5389,0.970499
5390,0.970822
5391,0.970761
5392,0.978888
5393,0.954954
5394,0.968034
5395,0.974137
5396,0.980825
5397,0.974637
5398,0.980022
5399,0.991597
5400,0.850176
5401,0.990042
5402,0.990909
5403,0.992127
5404,0.957346
5405,0.995556
5406,0.996195
5407,0.952295
5408,0.027513
5409,0.00106
5410,0.001563
5411,0.001126
5412,0.000638
5413,0.001649
5414,0.001219
5415,0.000178
5416,0.000117
5417,0.001751
5418,0.00307
5419,0.014703
5420,0.136841
5421,0.910658
5422,0.97724
5423,0.994056
5424,0.993226
5425,0.995753
5426,0.99353
5427,0.993752
5428,0.995101
5429,0.996665
5430,0.997015
5431,0.994734
5432,0.996945
5433,0.995356
5434,0.996911
5435,0.996351
5436,0.988613
5437,0.985778
5438,0.989515
5439,0.991846
5440,0.99444
5441,0.993896
5442,0.996111
5443,0.998026
5444,0.995804
5445,0.991821
5446,0.991154
5447,0.978732
5448,0.982947
5449,0.993709
5450,0.989393
5451,0.992303
5452,0.996794
5453,0.996315
5454,0.996628
5455,0.991507
5456,0.998095
5457,0.99694
5458,0.994387
5459,0.991808
5460,0.996061
5461,0.994575
5462,0.991377
5463,0.994862
5464,0.997009
5465,0.99555
5466,0.992382
5467,0.982966
5468,0.979155
5469,0.33642
5470,0.100667
5471,0.039684
5472,0.037322
5473,0.009189
5474,0.007166
5475,0.005222
5476,0.008526
5477,0.015056
5478,0.008043
5479,0.00456
5480,0.004376
5481,0.003165
5482,0.005381
5483,0.005486
5484,0.006446
5485,0.005265
5486,0.004232
5487,0.006655
5488,0.005456
5489,0.352433
5490,0.975471
5491,0.989057
5492,0.898823
5493,0.877897
5494,0.956889
5495,0.961906
5496,0.969547
5497,0.946815
5498,0.921778
5499,0.958754
5500,0.964918
5501,0.963398
5502,0.966008
5503,0.974107
5504,0.969159
5505,0.978374
5506,0.966601
5507,0.930593
5508,0.925798
5509,0.952759
5510,0.952806
5511,0.130923
5512,0.025996
5513,0.009599
5514,0.013138
5515,0.000758
5516,0.000493
5517,0.000793
5518,0.000721
5519,0.001126
5520,0.000633
5521,0.000669
5522,0.000505
5523,0.000621
5524,0.000817
5525,0.014243
5526,0.021947
5527,0.011101
5528,0.010492
5529,0.011454
5530,0.027737
5531,0.002307
5532,0.00182
5533,0.002102
5534,0.003735
5535,0.011184
5536,0.009043
5537,0.01353
5538,0.017882
5539,0.000569
5540,0.002072
5541,0.004455
5542,0.007516
5543,0.004242
5544,0.004167
5545,0.004973
5546,0.005675
5547,0.002134
5548,0.006842
5549,0.028405
5550,0.024111
5551,0.005195
5552,0.002499
5553,0.001116
5554,0.000813
5555,0.000513
5556,0.000709
5557,0.019001
5558,0.006731
5559,0.417479
5560,0.891884
5561,0.958009
5562,0.975615
5563,0.969273
5564,0.975179
5565,0.973306
5566,0.981837
5567,0.962962
5568,0.972231
5569,0.976223
5570,0.966132
5571,0.707763
5572,0.045688
5573,0.009595
5574,0.003347
5575,0.012828
5576,0.018303
5577,0.008549
5578,0.044175
5579,0.030854
5580,0.031286
5581,0.06562
5582,0.057135
5583,0.045719
5584,0.029888
5585,0.032693
5586,0.018127
5587,0.019111
5588,0.017035
5589,0.019906
5590,0.008884
5591,0.014946
5592,0.252892
5593,0.604604
5594,0.906757
5595,0.920428
5596,0.958672
5597,0.981149
5598,0.978017
5599,0.918126
5600,0.973917
5601,0.977527
5602,0.972331
5603,0.974001
5604,0.968088
5605,0.943495
5606,0.919695
5607,0.016182
5608,0.006189
5609,0.004865
5610,0.004209
5611,0.001864
5612,0.004103
5613,0.003246
5614,0.004886
5615,0.001431
5616,0.00428
5617,0.009114
5618,0.005685
5619,0.017118
5620,0.009104
5621,0.007862
5622,0.007102
5623,0.009845
5624,0.020023
5625,0.015164
5626,0.010864
5627,0.011818
5628,0.015821
5629,0.023053
5630,0.024637
5631,0.021516
5632,0.025829
5633,0.025987
5634,0.022829
5635,0.017047
5636,0.015018
5637,0.0139
5638,0.01332
5639,0.006137
5640,0.008309
5641,0.009037
5642,0.009938
5643,0.009232
5644,0.006797
5645,0.017932
5646,0.00263
5647,0.001591
5648,0.010986
5649,0.056394
5650,0.053923
5651,0.397533
5652,0.662435
5653,0.923262
5654,0.916888
5655,0.908768
5656,0.851715
5657,0.893318
5658,0.948747
5659,0.940728
5660,0.944927
5661,0.932436
5662,0.779986
5663,0.018177
5664,0.000805
5665,0.000446
5666,0.000329
5667,0.000231
5668,0.000174
5669,0.000146
5670,0.000252
5671,0.000211
5672,0.000436
5673,0.000749
5674,0.00066
5675,0.000681
5676,0.000425
5677,0.002169
5678,0.002651
5679,0.00229
5680,0.002255
5681,0.000692
5682,0.001523
5683,0.002027
5684,0.010414
5685,0.029113
5686,0.085924
5687,0.024645
5688,0.763051
5689,0.641644
5690,0.617313
5691,0.707497
5692,0.803204
5693,0.976648
5694,0.970449
5695,0.971722
5696,0.907993
5697,0.927885
5698,0.839531
5699,0.802702
5700,0.85433
5701,0.809404
5702,0.797925
5703,0.798741
5704,0.634219
5705,0.642469
5706,0.73705
5707,0.72086
5708,0.704365
5709,0.734379
5710,0.751623
5711,0.81169
5712,0.622287
5713,0.004321
5714,0.00015
5715,0.00022
5716,0.001012
5717,0.002879
5718,0.003722
5719,0.001845
5720,0.001903
5721,0.00313
5722,0.002589
5723,0.001738
5724,0.003485
5725,0.000766
5726,0.00135
5727,0.000639
5728,0.001633
5729,0.001116
5730,0.002221
5731,0.007724
5732,0.009259
5733,0.006623
5734,0.002724
5735,0.00191
5736,0.002872
5737,0.002867
5738,0.002794
5739,0.002848
5740,0.018332
5741,0.017787
5742,0.02336
5743,0.016608
5744,0.019009
5745,0.019558
5746,0.028152
5747,0.019762
5748,0.005759
5749,0.006957
5750,0.00846
5751,0.000514
5752,0.002668
5753,0.002005
5754,0.001356
5755,0.000606
5756,0.00049
5757,0.000329
5758,0.000205
5759,0.000608
5760,0.001605
5761,0.000364
5762,0.000456
5763,0.000343
5764,0.000327
5765,0.000329
5766,0.001915
5767,0.29365
5768,0.762125
5769,0.889713
5770,0.967313
5771,0.972257
5772,0.975336
5773,0.957757
5774,0.95061
5775,0.906639
5776,0.1463
5777,0.007279
5778,0.002398
5779,0.009553
5780,0.04065
5781,0.142296
5782,0
5783,0
5784,0
5785,0
5786,0
5787,0
5788,0
5789,0
5790,0
5791,0
5792,0
5793,0
5794,0
5795,0
5796,0
5797,0.133439
5798,0.184638
5799,0.132734
5800,0.108638
5801,0.049583
5802,0.071054
5803,0
5804,0
5805,0
5806,0
5807,0
5808,0
5809,0
5810,0
5811,0
5812,0
5813,0
5814,0
5815,0
5816,0
5817,0
5818,0
5819,0
5820,0.362804
5821,0.769626
5822,0.800738
5823,0.891842
5824,0.830249
5825,0.875479
5826,0.905515
5827,0.929808
5828,0.936122
5829,0.931909
5830,0.953032
5831,0.955841
5832,0.962087
5833,0.94048
5834,0.921639
5835,0.901367
5836,0.945977
5837,0.965899
5838,0.960792
5839,0.949267
5840,0.962873
5841,0.986564
5842,0.989571
5843,0.931042
5844,0.989043
5845,0.996293
5846,0.990763
5847,0.963285
5848,0.243594
5849,0.029886
5850,0.015123
5851,0.009635
5852,0.154763
5853,0
5854,0
5855,0
5856,0
5857,0
5858,0
5859,0
5860,0.015398
5861,0.013452
5862,0.016036
5863,0
5864,0.011765
5865,0.011159
5866,0.039991
5867,0.052884
5868,0.075224
5869,0.002797
5870,0.024696
5871,0.544358
5872,0.743878
5873,0.825249
5874,0.909499
5875,0.984654
5876,0.990629
5877,0.98881
5878,0.981567
5879,0.989425
5880,0.987522
5881,0.989334
5882,0.989478
5883,0.986867
5884,0.935858
5885,0.900123
5886,0.733602
5887,0.224846
5888,0.024435
5889,0.013698
5890,0
5891,0
5892,0
5893,0
5894,0
5895,0
5896,0
5897,0
5898,0
5899,0
5900,0
5901,0
5902,0
5903,0
5904,0
5905,0
5906,0
5907,0
5908,0.005708
5909,0.000849
5910,0.000786
5911,0.064671
5912,0.318668
5913,0.356447
5914,0.722457
5915,0.930456
5916,0.900633
5917,0.911445
5918,0.965607
5919,0.980171
5920,0.983721
5921,0.986027
5922,0.918194
5923,0.939757
5924,0.969845
5925,0.960304
5926,0.948253
5927,0.945205
5928,0.938205
5929,0.930088
5930,0.912716
5931,0.895928
5932,0.904972
5933,0.867609
5934,0.890021
5935,0.866437
5936,0.913699
5937,0.920559
5938,0.943477
5939,0.874022
5940,0.797548
5941,0.80657
5942,0.893037
5943,0.790621
5944,0.74261
5945,0.815276
5946,0.830661
5947,0.814625
5948,0.601267
5949,0.007462
5950,0.020896
5951,0.012755
5952,0.099874
5953,0.049803
5954,0.096454
5955,0.100448
5956,0.023385
5957,0.024032
5958,0.042035
5959,0.027701
5960,0.002266
5961,0.001526
5962,0.001516
5963,0.004208
5964,0.001508
5965,0.004494
5966,0.001715
5967,0.001647
5968,0.007903
5969,0.000825
5970,0.001257
5971,0.003586
5972,0.005414
5973,0.003408
5974,0.003499
5975,0.002222
5976,0.002063
5977,0.001334
5978,0.012243
5979,0.001262
5980,0.005979
5981,0.007944
5982,0.00315
5983,0.004087
5984,0.002855
5985,0.00349
5986,0.003612
5987,0.005667
5988,0.000564
5989,0.0015
5990,0.000613
5991,0.00054
5992,0.002392
5993,0.002491
5994,0.003857
5995,0.0013
5996,0.004233
5997,0.313801
5998,0.954634
5999,0.982352
6000,0.979691
6001,0.961157
6002,0.949954
6003,0.862585
6004,0.734901
6005,0.65053
6006,0.649744
6007,0.795922
6008,0.764371
6009,0.747641
6010,0.633706
6011,0.542476
6012,0.846654
6013,0.839728
6014,0.719277
6015,0.73327
6016,0.921944
6017,0.944422
6018,0.977099
6019,0.914002
6020,0.072562
6021,0.002537
6022,0.005674
6023,0.000344
6024,0.011092
6025,0.026637
6026,0.023872
6027,0.01417
6028,0.012006
6029,0.0083
6030,0.019405
6031,0.024728
6032,0.015272
6033,0.011333
6034,0.003845
6035,0.003654
6036,0.006846
6037,0.009378
6038,0.006454
6039,0.011078
6040,0.012588
6041,0.018685
6042,0.016113
6043,0.017657
6044,0.011043
6045,0.006068
6046,0.013889
6047,0.012991
6048,0.01128
6049,0.01381
6050,0.011811
6051,0.111111
6052,0.025349
6053,0.007792
6054,0.021464
6055,0.02228
6056,0.036508
6057,0.016652
6058,0.026439
6059,0.020942
6060,0.012736
6061,0.009214
6062,0.006725
6063,0.003768
6064,0.002542
6065,0.002489
6066,0.006464
6067,0.005038
6068,0.003876
6069,0.001501
6070,0.000575
6071,0.004351
6072,0.294324
6073,0.458382
6074,0.901622
6075,0.974474
6076,0.939343
6077,0.994132
6078,0.995295
6079,0.99346
6080,0.993034
6081,0.993193
6082,0.990522
6083,0.984855
6084,0.987164
6085,0.975149
6086,0.609872
6087,0.07836
6088,0.000712
6089,0.002478
6090,0.003295
6091,0.00642
6092,0.009339
6093,0.006048
6094,0.001938
6095,0.001284
6096,0.001244
6097,0.002129
6098,0.004767
6099,0.005287
6100,0.003457
6101,0.001817
6102,0.004627
6103,0.005931
6104,0.011737
6105,0.011423
6106,0.014155
6107,0.012566
6108,0.012782
6109,0.003188
6110,0.003194
6111,0.007617
6112,0.006325
6113,0.015094
6114,0.008714
6115,0.001536
6116,0.006684
6117,0.004681
6118,0.026884
6119,0.015424
6120,0.030446
6121,0.037759
6122,0.05188
6123,0.038844
6124,0.019859
6125,0.019598
6126,0.010919
6127,0.011858
6128,0.011574
6129,0.010347
6130,0.014805
6131,0.012003
6132,0.009573
6133,0.006795
6134,0.02085
6135,0.03341
6136,0.062665
6137,0.016872
6138,0.007809
6139,0.006673
6140,0.007041
6141,0.004578
6142,0.010573
6143,0.006574
6144,0.019916
6145,0.011755
6146,0.006753
6147,0.005943
6148,0.021564
6149,0.026334
6150,0.014041
6151,0.012543
6152,0.01307
6153,0.010635
6154,0.013011
6155,0.015665
6156,0.01051
6157,0.012246
6158,0.009297
6159,0.00383
6160,0.005796
6161,0.005424
6162,0.006282
6163,0.031292
6164,0.081153
6165,0.030588
6166,0.052138
6167,0.014963
6168,0.007212
6169,0.003827
6170,0.003633
6171,0.006436
6172,0.005377
6173,0.006676
6174,0.00567
6175,0.005191
6176,0.005521
6177,0.003808
6178,0.002077
6179,0.000647
6180,0.000496
6181,0.001019
6182,0.001422
6183,0.002423
6184,0.005143
6185,0.004732
6186,0.003732
6187,0.006339
6188,0.007332
6189,0.00841
6190,0.009137
6191,0.003427
6192,0.002862
6193,0.005096
6194,0.003415
6195,0.004355
6196,0.006241
6197,0.008289
6198,0.010719
6199,0.008705
6200,0.011726
6201,0.012963
6202,0.014518
6203,0.020302
6204,0.01879
6205,0.015445
6206,0.005798
6207,0.003373
6208,0.00793
6209,0.006085
6210,0.011171
6211,0.003105
6212,0.005527
6213,0.001156
6214,0.000493
6215,0.000766
6216,0.000868
6217,0.000514
6218,0.000957
6219,0.001015
6220,0.000585
6221,0.000285
6222,0.000112
6223,9.3e-05
6224,0.000166
6225,0.000211
6226,0.000584
6227,0.000639
6228,0.000904
6229,0.000624
6230,0.144247
6231,0.413789
6232,0.447299
6233,0.49805
6234,0.957973
6235,0.9105
6236,0.99242
6237,0.988798
6238,0.988244
6239,0.987711
6240,0.990336
6241,0.990818
6242,0.972233
6243,0.837101
6244,0.030044
6245,0.012061
6246,0.002466
6247,0.000814
6248,0.004673
6249,0.046053
6250,0.089277
6251,0.041323
6252,0.044211
6253,0.023641
6254,0.025524
6255,0.01659
6256,0.010585
6257,0.008835
6258,0.007096
6259,0.006815
6260,0.00676
6261,0.003739
6262,0.007864
6263,0.005927
6264,0.007374
6265,0.017452
6266,0.013943
6267,0.011373
6268,0.007953
6269,0.007248
6270,0.006028
6271,0.006953
6272,0.011849
6273,0.008327
6274,0.007233
6275,0.003269
6276,0.009117
6277,0.002672
6278,0.001462
6279,0.008851
6280,0.004761
6281,0.08668
6282,0.397725
6283,0.841912
6284,0.969392
6285,0.99161
6286,0.965339
6287,0.977336
6288,0.987268
6289,0.993975
6290,0.991671
6291,0.984382
6292,0.996375
6293,0.997806
6294,0.998226
6295,0.998005
6296,0.998451
6297,0.998606
6298,0.998418
6299,0.998418
6300,0.998281
6301,0.998863
6302,0.998903
6303,0.998827
6304,0.997234
6305,0.994665
6306,0.989157
6307,0.996016
6308,0.997328
6309,0.99767
6310,0.998291
6311,0.997717
6312,0.997161
6313,0.996881
6314,0.996647
6315,0.996655
6316,0.996482
6317,0.996325
6318,0.996416
6319,0.996732
6320,0.996387
6321,0.996464
6322,0.996722
6323,0.995515
6324,0.981993
6325,0.986823
6326,0.987539
6327,0.986796
6328,0.988149
6329,0.986172
6330,0.987762
6331,0.983441
6332,0.980133
6333,0.968203
6334,0.325792
6335,0.007207
6336,0.002168
6337,0.000654
6338,0.000651
6339,0.000383
6340,0.001001
6341,0.000686
6342,0.000627
6343,0.000699
6344,0.001862
6345,0.001456
6346,0.001602
6347,0.0005
6348,0.000672
6349,0.000745
6350,0.000521
6351,0.000768
6352,0.005839
6353,0.003308
6354,0.011325
6355,0.014778
6356,0.032059
6357,0.015339
6358,0.012483
6359,0.003446
6360,0.007148
6361,0.018358
6362,0.061248
6363,0.096445
6364,0.175802
6365,0.099837
6366,0.106036
6367,0.097006
6368,0.070829
6369,0.056998
6370,0.072337
6371,0.074047
6372,0.102475
6373,0.239163
6374,0.161285
6375,0.160801
6376,0.148187
6377,0.177556
6378,0.172066
6379,0.197134
6380,0.600878
6381,0.678044
6382,0.772501
6383,0.956884
6384,0.990833
6385,0.976715
6386,0.982083
6387,0.985823
6388,0.983386
6389,0.984175
6390,0.988377
6391,0.969352
6392,0.985261
6393,0.975166
6394,0.938621
6395,0.248833
6396,0.002595
6397,0.000871
6398,0.001517
6399,0.001545
6400,0.001325
6401,0.001515
6402,0.001947
6403,0.00166
6404,0.001335
6405,0.000675
6406,0.000741
6407,0.000824
6408,0.001881
6409,0.001455
6410,0.001526
6411,0.001527
6412,0.001243
6413,0.000936
6414,0.002095
6415,0.000587
6416,0.000571
6417,0.001
6418,0.002252
6419,0.000717
6420,0.000382
6421,0.000189
6422,0.000434
6423,0.000644
6424,0.001949
6425,0.002115
6426,0.00484
6427,0.009483
6428,0.048024
6429,0.018724
6430,0.042379
6431,0.029922
6432,0.034684
6433,0.05073
6434,0.080311
6435,0.042615
6436,0.021013
6437,0.052909
6438,0.060373
6439,0.014987
6440,0.005447
6441,0.008179
6442,0.021409
6443,0.018857
6444,0.004866
6445,0.003761
6446,0.003097
6447,0.005669
6448,0.004448
6449,0.008151
6450,0.006658
6451,0.010237
6452,0.006022
6453,0.00168
6454,0.001722
6455,0.001257
6456,0.001123
6457,0.015694
6458,0.018243
6459,0.004287
6460,0.002617
6461,0.00306
6462,0.002147
6463,0.001619
6464,0.001325
6465,0.000344
6466,0.00105
6467,0.001071
6468,0.003403
6469,0.001891
6470,0.001563
6471,0.003271
6472,0.039002
6473,0.404714
6474,0.588596
6475,0.811744
6476,0.77285
6477,0.539741
6478,0.859075
6479,0.885033
6480,0.897678
6481,0.804726
6482,0.800686
6483,0.802189
6484,0.722128
6485,0.825812
6486,0.789077
6487,0.862878
6488,0.709251
6489,0.261377
6490,0.00025
6491,0.000614
6492,0.000864
6493,0.002745
6494,0.002734
6495,0.000921
6496,0.002257
6497,0.00381
6498,0.002132
6499,0.010568
6500,0.00754
6501,0.004786
6502,0.008923
6503,0.008244
6504,0.208019
6505,0.547948
6506,0.834404
6507,0.702443
6508,0.77048
6509,0.617665
6510,0.622672
6511,0.793349
6512,0.676482
6513,0.592701
6514,0.440774
6515,0.613957
6516,0.569609
6517,0.644378
6518,0.072817
6519,0.002731
6520,0.002558
6521,0.000323
6522,0.022509
6523,0.012521
6524,0.021352
6525,0.025088
6526,0.051499
6527,0.132505
6528,0.148799
6529,0.203706
6530,0.32851
6531,0.109793
6532,0.424191
6533,0.284274
6534,0.290956
6535,0.391386
6536,0.476934
6537,0.460099
6538,0.263745
6539,0.232466
6540,0.174674
6541,0.335148
6542,0.105704
6543,0.096949
6544,0.100454
6545,0.101729
6546,0.088292
6547,0.104747
6548,0.181712
6549,0.242754
6550,0.158135
6551,0.225606
6552,0.23789
6553,0.099388
6554,0.116279
6555,0.263831
6556,0.461336
6557,0.241604
6558,0.581738
6559,0.937977
6560,0.949743
6561,0.919653
6562,0.925732
6563,0.921082
6564,0.977735
6565,0.978869
6566,0.981144
6567,0.961645
6568,0.960357
6569,0.980103
6570,0.985426
6571,0.98484
6572,0.985302
6573,0.985713
6574,0.988203
6575,0.991689
6576,0.992171
6577,0.98911
6578,0.987811
6579,0.986844
6580,0.833402
6581,0.084773
6582,0.021314
6583,0.016962
6584,0.005734
6585,0.001436
6586,0.01202
6587,0.142777
6588,0.087514
6589,0.025848
6590,0.022507
6591,0.005659
6592,0.005513
6593,0.001909
6594,0.001776
6595,0.00059
6596,0.000876
6597,0.01271
6598,0.008368
6599,0.00195
6600,0.004617
6601,0.011698
6602,0.017056
6603,0.011683
6604,0.002335
6605,0.002323
6606,0.003141
6607,0.004132
6608,0.002092
6609,0.003425
6610,0.003344
6611,0.00257
6612,0.000668
6613,0.000456
6614,0.000458
6615,0.000685
6616,0.001014
6617,0.000604
6618,0.007986
6619,0.218144
6620,0.318622
6621,0.575035
6622,0.843361
6623,0.971878
6624,0.976576
6625,0.953018
6626,0.976304
6627,0.984607
6628,0.989314
6629,0.989208
6630,0.973806
6631,0.943666
6632,0.979213
6633,0.978071
6634,0.975281
6635,0.975832
6636,0.98236
6637,0.811016
6638,0.899551
6639,0.900597
6640,0.895087
6641,0.910017
6642,0.919715
6643,0.908846
6644,0.907851
6645,0.886893
6646,0.905462
6647,0.836708
6648,0.01126
6649,0.000412
6650,0.000871
6651,0.000504
6652,0.001657
6653,0.00166
6654,0.004155
6655,0.003074
6656,0.002115
6657,0.001883
6658,0.001963
6659,0.002867
6660,0.004038
6661,0.00392
6662,0.001401
6663,0.001496
6664,0.001517
6665,0.001346
6666,0.000412
6667,0.000475
6668,0.000644
6669,0.001908
6670,0.006232
6671,0.001453
6672,0.002202
6673,0.001971
6674,0.004158
6675,0.002886
6676,0.002287
6677,0.002889
6678,0.002624
6679,0.002221
6680,0.003672
6681,0.005351
6682,0.005493
6683,0.005038
6684,0.007925
6685,0.001206
6686,0.00068
6687,0.001043
6688,0.002028
6689,0.013201
6690,0.050418
6691,0.045144
6692,0.059762
6693,0.749228
6694,0.907598
6695,0.927662
6696,0.942476
6697,0.955565
6698,0.942708
6699,0.932823
6700,0.919379
6701,0.66308
6702,0.682277
6703,0.956044
6704,0.94379
6705,0.936771
6706,0.859226
6707,0.905981
6708,0.93111
6709,0.916967
6710,0.969092
6711,0.964289
6712,0.959292
6713,0.967047
6714,0.957163
6715,0.972077
6716,0.961684
6717,0.977471
6718,0.981608
6719,0.990604
6720,0.989281
6721,0.99457
6722,0.995933
6723,0.995082
6724,0.993206
6725,0.991253
6726,0.991705
6727,0.985219
6728,0.98687
