1,0.364496
2,0.013462
3,0.012956
4,0.004523
5,0.004485
6,0.011464
7,0.003074
8,0.002296
9,0.001695
10,0.001435
11,0.001086
12,0.00189
13,0.003592
14,0.002177
15,0.003651
16,0.001281
17,0.000986
18,0.001189
19,0.001085
20,0.001637
21,0.001493
22,0.00174
23,0.003977
24,0.003372
25,0.006884
26,0.914944
27,0.974883
28,0.98077
29,0.9843
30,0.977229
31,0.985569
32,0.985845
33,0.989138
34,0.988336
35,0.980673
36,0.981255
37,0.983693
38,0.984017
39,0.990545
40,0.985966
41,0.979256
42,0.96358
43,0.964219
44,0.96946
45,0.966755
46,0.973792
47,0.974465
48,0.955939
49,0.945129
50,0.925297
51,0.784645
52,0.230104
53,0.000162
54,0.00016
55,0.00015
56,0.000956
57,0.001081
58,0.000608
59,0.000533
60,0.000423
61,0.000598
62,0.000774
63,0.000479
64,0.000352
65,0.000595
66,0.000817
67,0.000708
68,0.000924
69,0.000867
70,0.001038
71,0.000884
72,0.000713
73,0.000593
74,0.317796
75,0.948341
76,0.964078
77,0.954124
78,0.849435
79,0.832859
80,0.848661
81,0.855259
82,0.956378
83,0.961658
84,0.955996
85,0.535569
86,0.017588
87,0.0161
88,0.013395
89,0.016662
90,0.020374
91,0.020548
92,0.019545
93,0.024426
94,0.019743
95,0.018573
96,0.020642
97,0.014644
98,0.012337
99,0.012969
100,0.013245
101,0.01091
102,0.013125
103,0.00926
104,0.008113
105,0.006139
106,0.007508
107,0.006065
108,0.006229
109,0.009289
110,0.010487
111,0.011226
112,0.558267
113,0.678044
114,0.974841
115,0.981007
116,0.976611
117,0.981329
118,0.970029
119,0.977285
120,0.944574
121,0.929087
122,0.978415
123,0.989555
124,0.98388
125,0.982446
126,0.983145
127,0.981291
128,0.987243
129,0.990437
130,0.985177
131,0.99189
132,0.992931
133,0.996314
134,0.99314
135,0.993361
136,0.996082
137,0.996781
138,0.996964
139,0.996983
140,0.996604
141,0.995458
142,0.995953
143,0.996175
144,0.996979
145,0.996394
146,0.994174
147,0.989539
148,0.076731
149,0.000782
150,0.000202
151,0.00028
152,0.000565
153,0.00042
154,0.000734
155,0.000569
156,0.000607
157,0.000361
158,0.001124
159,0.001195
160,0.001525
161,0.002592
162,0.004908
163,0.00543
164,0.001349
165,0.000609
166,0.000721
167,0.0008
168,0.000823
169,0.008737
170,0.95135
171,0.987205
172,0.992609
173,0.993599
174,0.994994
175,0.994296
176,0.992872
177,0.990381
178,0.989637
179,0.995095
180,0.994383
181,0.995475
182,0.995311
183,0.995743
184,0.995032
185,0.996148
186,0.996316
187,0.99635
188,0.996514
189,0.996275
190,0.996912
191,0.996985
192,0.996461
193,0.996502
194,0.996875
195,0.996272
196,0.996024
197,0.995706
198,0.996389
199,0.995641
200,0.995543
201,0.995567
202,0.995505
203,0.995719
204,0.995294
