1,0.988707
2,0.995653
3,0.99521
4,0.995805
5,0.99615
6,0.995579
7,0.995287
8,0.99532
9,0.997037
10,0.996773
11,0.997246
12,0.996554
13,0.991329
14,0.99177
15,0.99739
16,0.997548
17,0.997908
18,0.994197
19,0.051072
20,0.000309
21,0.001356
22,0.002964
23,0.005346
24,0.003033
25,0.00041
26,0.002814
27,0.001585
28,0.001625
29,0.001214
30,0.001325
31,0.002349
32,0.001573
33,0.000917
34,0.000794
35,0.000161
36,0.015303
37,0.942871
38,0.947332
39,0.981114
40,0.97175
41,0.980681
42,0.985387
43,0.981582
44,0.897
45,0.904904
46,0.928822
47,0.811284
48,0.848462
49,0.830138
50,0.697104
51,0.810251
52,0.824166
53,0.784177
54,0.828622
55,0.668748
56,0.925076
57,0.69146
58,0.005124
59,0.003704
60,0.0043
61,0.009293
62,0.004247
63,0.003475
64,0.003392
65,0.002869
66,0.002457
67,0.001209
68,0.000664
69,0.0046
70,0.004633
71,0.003869
72,0.00177
73,0.001841
74,0.002564
75,0.00178
76,0.001596
77,0.001476
78,0.002179
79,0.001587
80,0.00099
81,0.001673
82,0.002464
83,0.002265
84,0.002605
85,0.003637
86,0.00346
87,0.003375
88,0.004937
89,0.003065
90,0.004094
91,0.003892
92,0.030393
93,0.35672
94,0.458531
95,0.488508
96,0.283496
97,0.322379
98,0.340521
99,0.88865
100,0.937899
101,0.889036
102,0.936708
103,0.942265
104,0.594953
105,0.578289
106,0.686322
107,0.734754
108,0.411329
109,0.140308
110,0.151519
111,0.23049
112,0.248485
113,0.019856
114,0.001763
115,0.001067
116,0.000997
117,0.000953
118,0.001279
119,0.000678
120,0.001118
121,0.000944
122,0.00093
123,0.000695
124,0.000777
125,0.000543
126,0.000441
127,0.000462
128,0.000413
129,0.000534
130,0.001308
131,0.002002
132,0.002344
133,0.00188
134,0.001632
135,0.001758
136,0.001427
137,0.001581
138,0.001815
139,0.001377
140,0.001192
141,0.001638
142,0.00127
143,0.000937
144,0.000724
145,0.000657
146,0.000832
147,0.000956
148,0.00092
149,0.001143
150,0.00096
151,0.001178
152,0.001018
153,0.000885
154,0.001033
155,0.001499
156,0.001955
157,0.003277
158,0.005227
159,0.006646
160,0.008378
161,0.011141
162,0.015488
163,0.012548
164,0.001145
165,0.000537
166,0.000717
167,0.000712
168,0.000644
169,0.01009
170,0.001231
171,0.00131
172,0.00091
173,0.01197
174,0.010203
175,0.007063
176,0.005824
177,0.011035
178,0.241071
179,0.866055
180,0.954303
181,0.953284
182,0.983809
183,0.982577
184,0.982795
185,0.987071
186,0.988749
187,0.991312
188,0.989343
189,0.985427
190,0.989718
191,0.857108
192,0.105871
193,0.007023
194,0.008352
195,0.004333
196,0.004057
197,0.003963
198,0.001728
199,0.000607
200,0.002147
201,0.003548
202,0.004923
203,0.003608
204,0.004041
205,0.005332
206,0.006128
207,0.003711
208,0.002126
209,0.002136
210,0.002165
211,0.001387
212,0.001732
213,0.001161
214,0.001236
215,0.001644
216,0.001896
217,0.002944
218,0.001268
219,0.002602
220,0.00284
221,0.003184
222,0.003737
223,0.006132
224,0.006178
225,0.005729
226,0.008266
227,0.005421
228,0.005073
229,0.009983
230,0.00621
231,0.010461
232,0.008181
233,0.006531
234,0.006699
235,0.008521
236,0.009035
237,0.007465
238,0.009891
239,0.007635
240,0.01117
241,0.017683
242,0.022423
243,0.015319
244,0.067181
245,0.898057
246,0.935356
247,0.917878
248,0.918571
249,0.922766
250,0.901549
251,0.920954
252,0.92139
253,0.859365
254,0.840053
255,0.963787
256,0.985671
257,0.973204
258,0.53406
259,0.057093
260,0.046151
261,0.105191
262,0.048203
263,0.023185
264,0.036598
265,0.035792
266,0.048694
267,0.060084
268,0.056411
269,0.049554
270,0.036335
271,0.048805
272,0.03598
273,0.022626
274,0.026805
275,0.019789
276,0.023055
277,0.011211
278,0.011564
279,0.015113
280,0.012378
281,0.00305
282,0.004089
283,0.003402
284,0.003148
285,0.002196
286,0.002498
287,0.002592
288,0.004472
289,0.007607
290,0.006818
291,0.008536
292,0.005991
293,0.00596
294,0.003912
295,0.002895
296,0.009687
297,0.003
298,0.002905
299,0.003621
300,0.005146
301,0.00927
302,0.010662
303,0.008995
304,0.029943
305,0.022515
306,0.020893
307,0.026311
308,0.030117
309,0.031717
310,0.038745
311,0.047912
312,0.048152
313,0.062422
314,0.075154
315,0.077978
316,0.054563
317,0.028195
318,0.042335
319,0.040539
320,0.047507
321,0.019911
322,0.029081
323,0.014472
324,0.014814
325,0.009416
326,0.006813
327,0.006688
328,0.005033
329,0.005417
330,0.007334
331,0.006736
332,0.007576
333,0.005956
334,0.005219
335,0.004889
336,0.002998
337,0.003938
338,0.002569
339,0.002054
340,0.001276
341,0.002232
342,0.004604
343,0.00432
344,0.003598
345,0.00227
346,0.002739
347,0.003701
348,0.004195
349,0.002885
350,0.002997
351,0.003703
352,0.004261
353,0.004049
354,0.004762
355,0.006564
356,0.003942
357,0.009143
358,0.009655
359,0.00565
360,0.008321
361,0.013819
362,0.90671
363,0.985457
364,0.992928
365,0.997073
366,0.996359
367,0.994875
368,0.994234
369,0.996269
370,0.996249
371,0.996289
372,0.996795
373,0.996256
374,0.997409
375,0.997496
376,0.997574
377,0.988288
378,0.986475
379,0.986892
380,0.200687
381,0.020346
382,0.008809
383,0.005044
384,0.010061
385,0.008225
386,0.008322
387,0.027551
388,0.003592
389,0.003206
390,0.010093
391,0.023813
392,0.019118
393,0.013817
394,0.022488
395,0.019166
396,0.017747
397,0.057231
398,0.019333
399,0.022982
400,0.049222
401,0.020144
402,0.02239
403,0.028045
404,0.014828
405,0.00939
406,0.020631
407,0.049082
408,0.02987
409,0.013278
410,0.012531
411,0.010015
412,0.003036
413,0.007637
414,0.010836
415,0.009168
416,0.005509
417,0.004768
418,0.007368
419,0.002148
420,0.002352
421,0.017234
422,0.137177
423,0.902358
424,0.972166
425,0.981728
426,0.98565
427,0.989976
428,0.993698
429,0.990742
430,0.993954
431,0.989744
432,0.975815
433,0.917111
434,0.894244
435,0.992404
436,0.993409
437,0.992566
438,0.993933
439,0.995135
440,0.994898
441,0.995519
442,0.99487
443,0.994789
444,0.994783
445,0.96708
446,0.752007
447,0.911352
448,0.785301
449,0.730469
450,0.844152
451,0.919836
452,0.979766
453,0.984054
454,0.985658
455,0.983203
456,0.982545
457,0.965449
458,0.964737
459,0.917686
460,0.993979
461,0.985715
462,0.978228
463,0.970481
464,0.973103
465,0.983863
466,0.987035
467,0.928847
468,0.933854
469,0.950428
470,0.93448
471,0.957912
472,0.950228
473,0.899508
474,0.932386
475,0.889529
476,0.851946
477,0.878337
478,0.928464
479,0.947597
480,0.924573
481,0.983184
482,0.930343
483,0.875911
484,0.91322
485,0.922279
486,0.992807
487,0.980795
488,0.980262
489,0.983056
490,0.978066
491,0.994347
492,0.991543
493,0.992399
494,0.994266
495,0.9948
496,0.995002
497,0.943169
498,0.993683
499,0.990544
500,0.942682
501,0.985582
502,0.9963
503,0.998091
504,0.998675
505,0.998263
506,0.99801
507,0.97729
508,0.990013
509,0.997555
510,0.997797
511,0.996085
512,0.994302
513,0.994832
514,0.993034
515,0.994673
516,0.99075
517,0.994767
518,0.997503
519,0.868777
520,0.968136
521,0.962651
522,0.939615
523,0.985833
524,0.914662
525,0.883482
526,0.622737
527,0.751845
528,0.815407
529,0.873928
530,0.899079
531,0.921745
532,0.903652
533,0.972646
534,0.976536
535,0.949852
536,0.988561
537,0.995353
538,0.758896
539,0.025052
540,0.034056
541,0.015256
542,0.007544
543,0.000102
544,0.001115
545,0.000182
546,0.000539
547,0.000356
548,0.024035
549,0.941676
550,0.987172
551,0.992421
552,0.99665
553,0.996071
554,0.996984
555,0.996959
556,0.996007
557,0.992155
558,0.992871
559,0.993555
560,0.989957
561,0.990291
562,0.992826
563,0.990358
564,0.987265
565,0.992936
566,0.988958
567,0.990783
568,0.989785
569,0.995
570,0.994967
571,0.994699
572,0.995089
573,0.993158
574,0.994747
575,0.993759
576,0.99069
577,0.986547
578,0.98577
579,0.993203
580,0.989252
581,0.982362
582,0.986292
583,0.990443
584,0.986595
585,0.986241
586,0.989114
587,0.986055
588,0.98673
589,0.98778
590,0.986051
591,0.987303
592,0.98823
593,0.988585
594,0.987152
595,0.992951
596,0.991965
597,0.986301
598,0.987172
599,0.979194
600,0.984068
601,0.948107
602,0.98747
603,0.975951
604,0.942595
605,0.929151
606,0.959786
607,0.957384
608,0.979429
609,0.982671
610,0.977278
611,0.980576
612,0.99648
613,0.992404
614,0.992261
615,0.989701
616,0.994389
617,0.994688
618,0.995625
619,0.996586
620,0.997447
621,0.997333
622,0.997073
623,0.997869
624,0.997216
625,0.997797
626,0.996283
627,0.371722
628,0.014983
629,0.003678
630,0.000396
631,0.000444
632,0.000712
633,0.00047
634,0.000785
635,0.002755
636,0.864071
637,0.984534
638,0.99295
639,0.996608
640,0.993544
641,0.99038
642,0.995477
643,0.996286
644,0.9966
645,0.99674
646,0.996218
647,0.996389
648,0.996205
649,0.996089
650,0.996646
651,0.997742
652,0.998242
653,0.9987
654,0.998619
655,0.982381
656,0.967531
657,0.966897
658,0.950751
659,0.933397
660,0.961996
661,0.899338
662,0.925895
663,0.903383
664,0.944697
665,0.94676
666,0.010199
667,0.001998
668,0.000637
669,0.00065
670,0.000291
671,0.000373
672,0.00058
673,0.000771
674,0.000465
675,0.003308
676,0.405701
677,0.786123
678,0.931363
679,0.985554
680,0.987405
681,0.969553
682,0.979357
683,0.978232
684,0.983003
685,0.988648
686,0.994941
687,0.995996
688,0.995783
689,0.996889
690,0.996269
691,0.997088
692,0.99687
693,0.986092
694,0.997125
695,0.997764
696,0.997521
697,0.997253
698,0.998135
699,0.998544
700,0.998328
701,0.998001
702,0.998391
703,0.998697
704,0.998508
705,0.99861
706,0.998794
707,0.998974
708,0.998624
709,0.998334
710,0.997829
711,0.997972
712,0.997683
713,0.99773
714,0.993696
715,0.996514
716,0.992081
717,0.987815
718,0.994739
719,0.996294
720,0.99492
721,0.994131
722,0.99302
723,0.995099
724,0.996176
725,0.997014
726,0.997793
727,0.998056
728,0.997925
729,0.996279
730,0.996846
731,0.965731
732,0.962603
733,0.983973
734,0.983521
735,0.905418
736,0.962489
737,0.965604
738,0.964563
739,0.939553
740,0.943772
741,0.939335
742,0.937211
743,0.92559
744,0.951396
745,0.917838
746,0.906405
747,0.88335
748,0.918828
749,0.88347
750,0.89068
751,0.904527
752,0.913817
753,0.915671
754,0.909179
755,0.914965
756,0.899078
757,0.943946
758,0.913114
759,0.939114
760,0.917749
761,0.892353
762,0.913701
763,0.904294
764,0.879882
765,0.850833
766,0.64051
767,0.361829
768,0.523438
769,0.583991
770,0.706929
771,0.757312
772,0.74397
773,0.754716
774,0.593447
775,0.724776
776,0.800092
777,0.850099
778,0.837598
779,0.840983
780,0.857819
781,0.932249
782,0.88477
783,0.918371
784,0.884283
785,0.872867
786,0.885582
787,0.614057
788,0.013052
789,0.001082
790,0.002709
791,0.003223
792,0.013702
793,0.012404
794,0.00319
795,0.003529
796,0.001288
797,0.055408
798,0.307967
799,0.916729
800,0.956115
801,0.961076
802,0.947568
803,0.951204
804,0.954402
805,0.952396
806,0.945352
807,0.947128
808,0.96645
809,0.912694
810,0.767667
811,0.793904
812,0.769702
813,0.790306
814,0.905255
815,0.949485
816,0.956257
817,0.977968
818,0.970955
819,0.985025
820,0.991676
821,0.994132
822,0.993188
823,0.992246
824,0.989811
825,0.99388
826,0.993736
827,0.993813
828,0.995134
829,0.994529
830,0.994296
831,0.993889
832,0.994527
833,0.994505
834,0.995731
835,0.995379
836,0.996987
837,0.985594
838,0.626209
839,0.86084
840,0.959256
841,0.99097
842,0.990275
843,0.98855
844,0.983443
845,0.985537
846,0.977811
847,0.983518
848,0.972098
849,0.961547
850,0.985078
851,0.976076
852,0.968968
853,0.952385
854,0.947204
855,0.958602
856,0.934958
857,0.953298
858,0.960191
859,0.995347
860,0.995181
861,0.954206
862,0.946723
863,0.995001
864,0.974303
865,0.965205
866,0.96056
867,0.99462
868,0.982498
869,0.966945
870,0.986329
871,0.992415
872,0.990868
873,0.99645
874,0.933009
875,0.952998
876,0.94576
877,0.908649
878,0.888912
879,0.893133
880,0.937525
881,0.90197
882,0.833608
883,0.88674
884,0.851383
885,0.786007
886,0.757482
887,0.67604
888,0.794278
889,0.78132
890,0.741554
891,0.809241
892,0.824951
893,0.807384
894,0.80957
895,0.937509
896,0.937093
897,0.915891
898,0.93163
899,0.897362
900,0.854201
901,0.906333
902,0.948006
903,0.982581
904,0.989724
905,0.997239
906,0.997348
907,0.997491
908,0.998348
909,0.99662
910,0.994629
911,0.994828
912,0.99461
913,0.996779
914,0.997221
915,0.997503
916,0.997564
917,0.997186
918,0.997271
919,0.996458
920,0.995514
921,0.996805
922,0.997298
923,0.996836
924,0.988001
925,0.985556
926,0.990677
927,0.971587
928,0.963927
929,0.880889
930,0.909245
931,0.857386
932,0.923581
933,0.988652
934,0.997936
935,0.995455
936,0.99349
937,0.998572
938,0.998058
939,0.996148
940,0.996653
941,0.998036
942,0.997543
943,0.998113
944,0.997795
945,0.98976
946,0.992672
947,0.994959
948,0.994755
949,0.994726
950,0.996821
951,0.997818
952,0.998315
953,0.997286
954,0.997536
955,0.991653
956,0.981192
957,0.831245
958,0.722839
959,0.767424
960,0.858453
961,0.863101
962,0.810556
963,0.887922
964,0.861466
965,0.591877
966,0.031259
967,0.010168
968,0.015707
969,0.005398
970,0.005985
971,0.001602
972,0.000512
973,0.000217
974,0.0003
975,0.0004
976,0.000581
977,0.000338
978,0.000892
979,0.001333
980,0.001645
981,0.001459
982,0.002933
983,0.025254
984,0.81838
985,0.989986
986,0.99039
987,0.992549
988,0.99383
989,0.992795
990,0.992147
991,0.986677
992,0.989979
993,0.987816
