1,0.995539
2,0.995731
3,0.995959
4,0.995843
5,0.995676
6,0.995371
7,0.995633
8,0.997377
9,0.997098
10,0.99678
11,0.996822
12,0.996122
13,0.996036
14,0.99442
15,0.993947
16,0.994015
17,0.99367
18,0.994194
19,0.994128
20,0.994198
21,0.994799
22,0.994716
23,0.995324
24,0.994035
25,0.995765
26,0.996254
27,0.995705
28,0.996297
29,0.995645
30,0.995627
31,0.996738
32,0.996607
33,0.997059
34,0.997354
35,0.995718
36,0.995299
37,0.99445
38,0.993178
39,0.993143
40,0.992749
41,0.992066
42,0.995025
43,0.991544
44,0.986827
45,0.988591
46,0.978925
47,0.963867
48,0.987123
49,0.94765
50,0.905099
51,0.920502
52,0.948735
53,0.840626
54,0.834093
55,0.936565
56,0.839093
57,0.666531
58,0.939905
59,0.903325
60,0.895212
61,0.52755
62,0.463729
63,0.845642
64,0.707161
65,0.490189
66,0.432623
67,0.453032
68,0.69248
69,0.682027
70,0.693031
71,0.657064
72,0.625444
73,0.770223
74,0.75866
75,0.722571
76,0.659435
77,0.656038
78,0.737866
79,0.804732
80,0.746112
81,0.791548
82,0.785126
83,0.825814
84,0.817039
85,0.879734
86,0.891959
87,0.595038
88,0.625401
89,0.661121
90,0.553369
91,0.927746
92,0.905852
93,0.920941
94,0.906428
95,0.932401
96,0.940931
97,0.957732
98,0.898784
99,0.87944
100,0.888941
101,0.893582
102,0.749508
103,0.886859
104,0.905298
105,0.896142
106,0.880339
107,0.886113
108,0.924594
109,0.941667
110,0.935678
111,0.921401
112,0.913005
113,0.839889
114,0.813044
115,0.843606
116,0.83395
117,0.86118
118,0.9369
119,0.957748
120,0.951677
121,0.982572
122,0.984726
123,0.985808
124,0.985189
125,0.987127
126,0.988605
127,0.990003
128,0.991254
129,0.991348
130,0.989166
131,0.985351
132,0.988268
133,0.987946
134,0.986222
135,0.981473
136,0.990015
137,0.986547
138,0.990677
139,0.990071
140,0.992391
141,0.989857
142,0.99098
143,0.989705
144,0.98415
145,0.989837
146,0.991057
147,0.991536
148,0.992293
149,0.99366
150,0.981051
151,0.985523
152,0.986197
153,0.994398
154,0.993696
155,0.993248
156,0.98937
157,0.988657
158,0.987846
159,0.989527
160,0.989452
161,0.990618
162,0.990013
163,0.990003
164,0.990494
165,0.989027
166,0.989448
167,0.988477
168,0.988555
169,0.991018
170,0.990816
171,0.990574
172,0.98776
173,0.990723
174,0.990346
175,0.99089
176,0.991896
177,0.988963
178,0.991136
179,0.992399
180,0.991262
181,0.992286
182,0.9915
183,0.991809
184,0.990725
185,0.989954
186,0.989452
187,0.990017
188,0.990546
189,0.994136
190,0.990433
191,0.987617
192,0.994306
193,0.993799
194,0.993516
195,0.993475
196,0.991797
197,0.992598
198,0.992833
199,0.992393
200,0.992726
201,0.992883
202,0.992634
203,0.992183
204,0.992739
205,0.992163
206,0.991803
207,0.992541
208,0.993463
209,0.993171
210,0.99232
211,0.993005
212,0.994008
213,0.993347
214,0.993203
215,0.99239
216,0.992859
217,0.991477
218,0.990912
219,0.991431
220,0.990442
221,0.991069
222,0.992252
223,0.992157
224,0.991741
225,0.9921
226,0.98974
227,0.989835
228,0.989919
229,0.978958
230,0.983659
231,0.983013
232,0.985903
233,0.987812
234,0.986249
235,0.990254
236,0.988053
237,0.989524
238,0.987646
239,0.984458
240,0.985558
241,0.987786
242,0.988461
243,0.987367
244,0.985902
245,0.987564
246,0.988646
247,0.986327
248,0.988299
249,0.990143
250,0.98957
251,0.986614
252,0.987475
253,0.986507
254,0.984993
255,0.984018
256,0.982174
257,0.979095
258,0.984904
259,0.986099
260,0.985667
261,0.985885
262,0.985888
263,0.986802
264,0.986286
265,0.982571
266,0.980868
267,0.980826
268,0.980758
269,0.980261
270,0.979246
271,0.979129
272,0.97895
273,0.980713
274,0.97628
275,0.978279
276,0.983196
277,0.986294
278,0.988084
279,0.986904
280,0.986698
281,0.985509
282,0.986796
283,0.986778
284,0.987633
285,0.985052
286,0.988237
287,0.988271
288,0.988763
289,0.990501
290,0.9896
291,0.989761
292,0.989174
293,0.989547
294,0.99035
295,0.990515
296,0.989884
297,0.990993
298,0.991156
299,0.992324
300,0.99182
301,0.990007
302,0.990081
303,0.989633
304,0.989954
305,0.991015
306,0.992379
307,0.991336
308,0.991959
309,0.99262
310,0.991198
311,0.990147
312,0.989939
313,0.991278
314,0.991831
315,0.991731
316,0.991868
317,0.992163
318,0.992349
319,0.992233
320,0.992593
321,0.992718
322,0.992553
323,0.99287
324,0.992505
325,0.98982
326,0.990391
327,0.991039
328,0.992391
329,0.992505
330,0.992795
331,0.992964
332,0.992332
333,0.993403
334,0.994209
335,0.99435
336,0.994447
337,0.99397
338,0.994221
339,0.994206
340,0.994182
341,0.993798
342,0.994309
343,0.993274
344,0.993984
345,0.994432
346,0.994365
347,0.994602
348,0.994491
349,0.994154
350,0.994253
351,0.99427
352,0.994181
353,0.994763
354,0.994717
355,0.994617
356,0.994892
357,0.994909
358,0.994682
359,0.994523
360,0.994525
361,0.993912
362,0.993924
363,0.994016
364,0.994137
365,0.994216
366,0.993891
367,0.994421
368,0.994576
369,0.994321
370,0.99064
371,0.99479
372,0.99422
373,0.991488
374,0.990584
375,0.990411
376,0.989507
377,0.990319
378,0.99146
379,0.992636
380,0.977902
381,0.990626
382,0.991012
383,0.992234
384,0.992219
385,0.993236
386,0.992454
387,0.991991
388,0.992986
389,0.993509
390,0.992657
391,0.992629
392,0.993419
393,0.993898
394,0.993818
395,0.994405
396,0.994437
397,0.994363
398,0.994631
399,0.994261
400,0.993851
401,0.993674
402,0.994721
403,0.994056
404,0.99368
405,0.987779
406,0.992432
407,0.992714
408,0.992375
409,0.993856
410,0.993582
411,0.994106
412,0.993735
413,0.993636
414,0.993615
415,0.990388
416,0.988858
417,0.989748
418,0.989102
419,0.989774
420,0.989813
421,0.98935
422,0.989277
423,0.987788
424,0.989197
425,0.987628
426,0.988313
427,0.9885
428,0.988041
429,0.987514
430,0.984366
431,0.985373
432,0.986557
433,0.988204
434,0.988513
435,0.984388
436,0.982887
437,0.981321
438,0.983074
439,0.980457
440,0.97707
441,0.978395
442,0.981246
443,0.979632
444,0.975682
445,0.968456
446,0.973041
447,0.976214
448,0.97437
449,0.975869
450,0.976939
451,0.96963
452,0.968033
453,0.970407
454,0.971987
455,0.967636
456,0.975654
457,0.954337
458,0.949043
459,0.950977
460,0.953178
461,0.964233
462,0.963944
463,0.963513
464,0.967004
465,0.959471
466,0.953847
467,0.953477
468,0.939705
469,0.884919
470,0.890983
471,0.847017
472,0.889992
473,0.892135
474,0.88345
475,0.880736
476,0.886714
477,0.890349
478,0.897776
479,0.909321
480,0.913307
481,0.877834
482,0.899046
483,0.90959
484,0.913745
485,0.913121
486,0.894474
487,0.913978
488,0.926045
489,0.932315
490,0.907688
491,0.876829
492,0.898504
493,0.924561
494,0.926307
495,0.923064
496,0.916162
497,0.940357
498,0.94325
499,0.924663
500,0.933749
501,0.926078
502,0.93575
503,0.946399
504,0.962954
505,0.968892
506,0.947608
507,0.943487
508,0.943776
509,0.950113
510,0.959746
511,0.958966
512,0.967292
513,0.976172
514,0.974137
515,0.976843
516,0.970005
517,0.980553
518,0.984352
519,0.979519
520,0.971547
521,0.977537
522,0.975434
523,0.976932
524,0.985591
525,0.986517
526,0.988041
527,0.98658
528,0.98662
529,0.985094
530,0.986664
531,0.986638
532,0.98995
533,0.988598
534,0.988409
535,0.988714
536,0.988937
537,0.989371
538,0.989535
539,0.991526
540,0.991467
541,0.98995
542,0.989932
543,0.989437
544,0.988561
545,0.989435
546,0.989552
547,0.989844
548,0.988983
549,0.9938
550,0.993712
551,0.994632
552,0.993957
553,0.989004
554,0.989586
555,0.990757
556,0.990997
557,0.991104
558,0.991165
559,0.987584
560,0.986067
561,0.988814
562,0.986099
563,0.986463
564,0.98658
565,0.975578
566,0.977405
567,0.973379
568,0.887702
569,0.898551
570,0.961101
571,0.947441
572,0.952389
573,0.938735
574,0.948112
575,0.94723
576,0.945961
577,0.974545
578,0.976299
579,0.963191
580,0.961795
581,0.962249
582,0.973014
583,0.972687
584,0.977325
585,0.975214
586,0.971575
587,0.969284
588,0.974916
589,0.975803
590,0.975683
591,0.975954
592,0.977952
593,0.977088
594,0.970319
595,0.96517
596,0.961751
597,0.956158
598,0.953627
599,0.946252
600,0.951941
601,0.966663
602,0.971786
603,0.978117
604,0.978317
605,0.979433
606,0.976449
607,0.977858
608,0.976951
609,0.967879
610,0.974004
611,0.97883
612,0.983866
613,0.986361
614,0.985051
615,0.986657
616,0.988209
617,0.986123
618,0.988517
619,0.986953
620,0.989949
621,0.991675
622,0.992976
623,0.990408
624,0.989408
625,0.99053
626,0.989883
627,0.988719
628,0.987781
629,0.989043
630,0.9884
631,0.988565
632,0.988629
633,0.989866
634,0.990647
635,0.989686
636,0.991052
637,0.990824
638,0.990283
639,0.990007
640,0.989772
641,0.990852
642,0.990173
643,0.989862
644,0.990679
645,0.991158
646,0.99147
647,0.990757
648,0.991567
649,0.990782
650,0.98995
651,0.98956
652,0.988185
653,0.986549
654,0.987817
655,0.989621
656,0.988318
657,0.987942
658,0.98537
659,0.983166
660,0.985189
661,0.99048
662,0.989614
663,0.989491
664,0.990163
665,0.988946
666,0.988135
667,0.987106
668,0.989697
669,0.989078
670,0.98868
671,0.988874
672,0.987283
673,0.986548
674,0.985734
675,0.983208
676,0.983021
677,0.983011
678,0.980604
679,0.973926
680,0.969522
681,0.974631
682,0.967217
683,0.963412
684,0.95633
685,0.97147
686,0.975772
687,0.977935
688,0.978749
689,0.976011
690,0.971275
691,0.972948
692,0.968913
693,0.975803
694,0.974107
695,0.975724
696,0.976726
697,0.975232
698,0.980976
699,0.9802
700,0.979355
701,0.978631
702,0.979723
703,0.977264
704,0.988133
705,0.982909
706,0.974982
707,0.968168
708,0.980212
709,0.973535
710,0.971911
711,0.962985
712,0.974791
713,0.972201
714,0.978748
715,0.972822
716,0.980018
717,0.97151
718,0.992009
719,0.991963
720,0.992988
721,0.993253
722,0.992582
723,0.992303
724,0.992674
725,0.991884
726,0.992208
727,0.991716
728,0.992361
729,0.991595
730,0.992097
731,0.9921
732,0.918175
733,0.472569
734,0.914847
735,0.978402
736,0.980104
737,0.976797
738,0.970698
739,0.975786
740,0.97564
741,0.968231
742,0.964141
743,0.965352
744,0.975941
745,0.972341
746,0.971049
747,0.972608
748,0.976098
749,0.977807
750,0.977695
751,0.976545
752,0.977954
753,0.9802
754,0.977412
755,0.97688
756,0.977458
757,0.947208
758,0.947818
759,0.950127
760,0.949723
761,0.946695
762,0.928924
763,0.935855
764,0.925685
765,0.940577
766,0.93221
767,0.925281
768,0.914726
769,0.838671
770,0.817982
771,0.846171
772,0.859541
773,0.873442
774,0.858458
775,0.851772
776,0.857404
777,0.885945
778,0.906482
779,0.878802
780,0.922004
781,0.919958
782,0.919932
783,0.913524
784,0.910795
785,0.918586
786,0.932012
787,0.928376
788,0.904697
789,0.896475
790,0.904798
791,0.874344
792,0.918282
793,0.919107
794,0.923218
795,0.925726
796,0.907863
797,0.918472
798,0.944798
799,0.918927
800,0.917674
801,0.916846
802,0.915449
803,0.944132
804,0.956736
805,0.944133
806,0.939657
807,0.887045
808,0.923692
809,0.947997
810,0.952138
811,0.96182
812,0.967687
813,0.966554
814,0.958282
815,0.955971
816,0.956612
817,0.928747
818,0.931698
819,0.938828
820,0.941729
821,0.963354
822,0.968846
823,0.974127
824,0.97752
825,0.98498
826,0.987606
827,0.986787
828,0.988905
829,0.991354
830,0.993389
831,0.990146
832,0.991121
833,0.990428
834,0.987797
835,0.98829
836,0.986696
837,0.931398
838,0.896821
839,0.95431
840,0.98507
841,0.987248
842,0.989503
843,0.988364
844,0.987223
845,0.99219
846,0.992116
847,0.992125
848,0.993086
849,0.991531
850,0.991515
851,0.991346
852,0.991637
853,0.982544
854,0.985883
855,0.98776
856,0.989621
857,0.976589
858,0.989904
859,0.988513
860,0.990356
861,0.986158
862,0.986522
863,0.991897
864,0.991355
865,0.989625
866,0.989486
867,0.990322
868,0.990224
869,0.990536
870,0.990001
871,0.993472
872,0.992395
873,0.986607
874,0.986139
875,0.986091
876,0.985553
877,0.970327
878,0.963529
879,0.964482
880,0.964211
881,0.973612
882,0.974895
883,0.981798
884,0.982278
885,0.984241
886,0.986601
887,0.98499
888,0.985946
889,0.989642
890,0.987149
891,0.986884
892,0.989799
893,0.987903
894,0.984747
895,0.984772
896,0.98219
897,0.98446
898,0.985024
899,0.985104
900,0.98299
901,0.978758
902,0.981851
903,0.985584
904,0.985697
905,0.985818
906,0.989554
907,0.989308
908,0.988622
909,0.989995
910,0.98115
911,0.985795
912,0.985332
913,0.98251
914,0.984473
915,0.98209
916,0.984613
917,0.98951
918,0.98974
919,0.989715
920,0.991654
921,0.990315
922,0.989588
923,0.989648
924,0.993268
925,0.992145
926,0.992206
927,0.992966
928,0.991166
929,0.99024
930,0.991576
931,0.993185
932,0.993216
933,0.994233
934,0.993722
935,0.993889
936,0.994125
937,0.992501
938,0.993906
939,0.993843
940,0.993734
941,0.993674
942,0.993936
943,0.99425
944,0.994301
945,0.994273
946,0.994805
947,0.995104
948,0.994964
949,0.995203
950,0.995151
951,0.995382
952,0.995212
953,0.995158
954,0.995349
955,0.995602
956,0.99578
957,0.995373
958,0.995213
959,0.995215
960,0.993985
961,0.992226
962,0.99187
963,0.992046
964,0.993098
965,0.993603
966,0.993562
967,0.993279
968,0.988969
969,0.990417
970,0.99025
971,0.979882
972,0.9798
973,0.977012
974,0.972372
975,0.974803
976,0.981123
977,0.981738
978,0.985647
979,0.986692
980,0.986151
981,0.981609
982,0.986002
983,0.98472
984,0.981186
985,0.986782
986,0.988031
987,0.991133
988,0.988785
989,0.987653
990,0.988617
991,0.987386
992,0.98772
993,0.984803
994,0.988373
995,0.985117
996,0.985821
997,0.983876
998,0.984989
999,0.963102
1000,0.970096
1001,0.976898
1002,0.984912
1003,0.985436
1004,0.972106
1005,0.981282
1006,0.980875
1007,0.977646
1008,0.982909
1009,0.954883
1010,0.96828
1011,0.974728
1012,0.969842
1013,0.988102
1014,0.990001
1015,0.989267
1016,0.989127
1017,0.990456
1018,0.978178
1019,0.982623
1020,0.98971
1021,0.989244
1022,0.985036
1023,0.983676
1024,0.989041
1025,0.986803
1026,0.988601
1027,0.986678
1028,0.98734
1029,0.987111
1030,0.986982
1031,0.986238
1032,0.985259
1033,0.975118
1034,0.972243
1035,0.972225
1036,0.976231
1037,0.978578
1038,0.981035
1039,0.986563
1040,0.986054
1041,0.988677
1042,0.987661
1043,0.987178
1044,0.990711
1045,0.985248
1046,0.986666
1047,0.988275
1048,0.986056
1049,0.991439
1050,0.991058
1051,0.991347
1052,0.992467
1053,0.992951
1054,0.992267
1055,0.992506
1056,0.992531
1057,0.992592
1058,0.99322
1059,0.993028
1060,0.993923
1061,0.993975
1062,0.993938
1063,0.992785
1064,0.992676
1065,0.993336
1066,0.992226
1067,0.993804
1068,0.992367
1069,0.993626
1070,0.994152
1071,0.993839
1072,0.993462
1073,0.994277
1074,0.993324
1075,0.994862
1076,0.994505
1077,0.99419
1078,0.993744
1079,0.993865
1080,0.994347
1081,0.99383
1082,0.9941
1083,0.994528
1084,0.995264
1085,0.995217
1086,0.993959
1087,0.994743
1088,0.994842
1089,0.994867
1090,0.994999
1091,0.994375
1092,0.993711
1093,0.994293
1094,0.994585
1095,0.995077
1096,0.995449
1097,0.995339
1098,0.994415
1099,0.994806
1100,0.994703
1101,0.995023
1102,0.995464
1103,0.995679
1104,0.995731
1105,0.995932
1106,0.995142
1107,0.995311
1108,0.995183
1109,0.995495
1110,0.994018
1111,0.994068
1112,0.994252
1113,0.993999
1114,0.995365
1115,0.994192
1116,0.994046
1117,0.990149
1118,0.992546
1119,0.990806
1120,0.991053
1121,0.986717
1122,0.98714
1123,0.984913
1124,0.991596
1125,0.991528
1126,0.988895
1127,0.990741
1128,0.988963
1129,0.983494
1130,0.984972
1131,0.980859
1132,0.981263
1133,0.972031
1134,0.975446
1135,0.972126
1136,0.972972
1137,0.966455
1138,0.967696
1139,0.969215
1140,0.975837
1141,0.977378
1142,0.979443
1143,0.972475
1144,0.966535
1145,0.963805
1146,0.969789
1147,0.958045
1148,0.96192
1149,0.969261
1150,0.967794
1151,0.962049
1152,0.972942
1153,0.97709
1154,0.974026
1155,0.973037
1156,0.97612
1157,0.975275
1158,0.972167
1159,0.968041
1160,0.96987
1161,0.962779
1162,0.962208
1163,0.950487
1164,0.931755
1165,0.891035
1166,0.903017
1167,0.914098
1168,0.922912
1169,0.961061
1170,0.971134
1171,0.969219
1172,0.964697
1173,0.960992
1174,0.96271
1175,0.973315
1176,0.977237
1177,0.98531
1178,0.982074
1179,0.969222
1180,0.963468
1181,0.984878
1182,0.960852
1183,0.962056
1184,0.969692
1185,0.986363
1186,0.99069
1187,0.993121
1188,0.993113
1189,0.993804
1190,0.991091
1191,0.991235
1192,0.991842
1193,0.992569
1194,0.991064
1195,0.990572
1196,0.988834
1197,0.990593
1198,0.989737
1199,0.98961
1200,0.988194
1201,0.989493
1202,0.989032
1203,0.988939
1204,0.990603
1205,0.99173
1206,0.991529
1207,0.989178
1208,0.990324
1209,0.99205
1210,0.993876
1211,0.99224
1212,0.994004
1213,0.99188
1214,0.993616
1215,0.994319
1216,0.99522
1217,0.996499
1218,0.996075
1219,0.99588
1220,0.997039
1221,0.996838
1222,0.996588
1223,0.996725
1224,0.996993
1225,0.996839
1226,0.996791
1227,0.99754
1228,0.997143
1229,0.992492
1230,0.991669
1231,0.991533
1232,0.989833
1233,0.995317
1234,0.991758
1235,0.99485
1236,0.99084
1237,0.99031
1238,0.996613
1239,0.996484
1240,0.996104
1241,0.995337
1242,0.994926
1243,0.994372
1244,0.993022
1245,0.991162
1246,0.990776
1247,0.980665
1248,0.957359
1249,0.980559
1250,0.975766
1251,0.969832
1252,0.986333
1253,0.979173
1254,0.977156
1255,0.95205
1256,0.917732
1257,0.930356
1258,0.93624
1259,0.94682
1260,0.968283
1261,0.933222
1262,0.928536
1263,0.951397
1264,0.950835
1265,0.930224
1266,0.937994
1267,0.932827
1268,0.910703
1269,0.789429
1270,0.808451
1271,0.784279
1272,0.778844
1273,0.793657
1274,0.796546
1275,0.811254
1276,0.827488
1277,0.778746
1278,0.727993
1279,0.734784
1280,0.701786
1281,0.744455
1282,0.700412
1283,0.617915
1284,0.519188
1285,0.449103
1286,0.43511
1287,0.561647
1288,0.454918
1289,0.425705
1290,0.418706
1291,0.318644
1292,0.36067
1293,0.364006
1294,0.339314
1295,0.324915
1296,0.679741
1297,0.488957
1298,0.452691
1299,0.46914
1300,0.480883
1301,0.564618
1302,0.755022
1303,0.705449
1304,0.755262
1305,0.742747
1306,0.910579
1307,0.842665
1308,0.788098
1309,0.666642
1310,0.580262
1311,0.563685
1312,0.5738
1313,0.782071
1314,0.874295
1315,0.887475
1316,0.948911
1317,0.950285
1318,0.94274
1319,0.945106
1320,0.940647
1321,0.929543
1322,0.948296
1323,0.95397
1324,0.959445
1325,0.957998
1326,0.966241
1327,0.966643
1328,0.968903
1329,0.971359
1330,0.97705
1331,0.975251
1332,0.98062
1333,0.984522
1334,0.989538
1335,0.991551
1336,0.993064
1337,0.989737
1338,0.989801
1339,0.993083
1340,0.992395
1341,0.993715
1342,0.993902
1343,0.994356
1344,0.993598
1345,0.993622
1346,0.992983
1347,0.995721
1348,0.995851
1349,0.99545
1350,0.99428
1351,0.994414
1352,0.991298
