1,0.99616
2,0.995767
3,0.9956
4,0.995237
5,0.995285
6,0.995422
7,0.993792
8,0.993691
9,0.994209
10,0.993936
11,0.993389
12,0.993556
13,0.994645
14,0.994201
15,0.994254
16,0.994644
17,0.994356
18,0.99507
19,0.994701
20,0.994519
21,0.994636
22,0.993255
23,0.994088
24,0.993344
25,0.992843
26,0.991048
27,0.991815
28,0.992198
29,0.993679
30,0.993708
31,0.99651
32,0.996615
33,0.996099
34,0.993495
35,0.993129
36,0.993045
37,0.991733
38,0.992226
39,0.991065
40,0.987103
41,0.991759
42,0.982849
43,0.989691
44,0.984093
45,0.980119
46,0.968694
47,0.963303
48,0.971011
49,0.970357
50,0.923751
51,0.936231
52,0.945785
53,0.896736
54,0.124226
55,0.017057
56,0.011734
57,0.001779
58,0.000781
59,0.000544
60,0.000417
61,0.000286
62,0.000195
63,0.015567
64,0.012887
65,0.013881
66,0.01514
67,0.013374
68,0.012003
69,0.574167
70,0.859324
71,0.794959
72,0.915927
73,0.896363
74,0.939241
75,0.921729
76,0.823508
77,0.822084
78,0.76615
79,0.700083
80,0.623944
81,0.651582
82,0.644015
83,0.560966
84,0.540432
85,0.512927
86,0.478062
87,0.540913
88,0.563491
89,0.649632
90,0.646915
91,0.597875
92,0.630857
93,0.623076
94,0.58427
95,0.680455
96,0.732889
97,0.820992
98,0.800666
99,0.737119
100,0.792303
101,0.864705
102,0.862639
103,0.878381
104,0.860942
105,0.871269
106,0.884895
107,0.875778
108,0.880886
109,0.899942
110,0.897238
111,0.925928
112,0.937342
113,0.948172
114,0.9453
115,0.957815
116,0.960509
117,0.96743
118,0.973651
119,0.969053
120,0.976696
121,0.957179
122,0.125729
123,0.042014
124,0.024863
125,0.019049
126,0.012307
127,0.012277
128,0.012537
129,0.011457
130,0.011709
131,0.01838
132,0.010239
133,0.007799
134,0.008842
135,0.011542
136,0.013336
137,0.013585
138,0.009082
139,0.012423
140,0.01002
141,0.009662
142,0.008104
143,0.015347
144,0.046682
145,0.260216
146,0.987522
147,0.997075
148,0.996851
149,0.996993
150,0.997578
151,0.998118
152,0.998733
153,0.999012
154,0.999115
155,0.999182
156,0.999174
157,0.999182
158,0.998313
159,0.285163
160,0.042713
161,0.027161
162,0.026827
163,0.013152
164,0.015645
165,0.013459
166,0.014534
167,0.017423
168,0.01793
169,0.020707
170,0.021239
171,0.020855
172,0.024114
173,0.025653
174,0.026579
175,0.030572
176,0.034871
177,0.039842
178,0.046191
179,0.038655
180,0.060137
181,0.647084
182,0.999339
183,0.998853
184,0.999056
185,0.998866
186,0.999009
187,0.999089
188,0.999124
189,0.999408
190,0.999445
191,0.999409
192,0.999387
193,0.999395
194,0.999136
195,0.999234
196,0.999223
197,0.999186
198,0.99925
199,0.999194
200,0.999222
201,0.999283
202,0.999281
203,0.999255
204,0.999093
205,0.999148
206,0.999141
207,0.999263
208,0.999199
209,0.999291
210,0.999106
211,0.998971
212,0.99878
213,0.999127
214,0.998758
215,0.998899
216,0.998829
217,0.99896
218,0.998874
219,0.998812
220,0.998581
221,0.998462
222,0.998059
223,0.998269
224,0.99833
225,0.998294
226,0.998288
227,0.997769
228,0.997313
229,0.996777
230,0.996648
231,0.996686
232,0.996458
233,0.996123
234,0.996632
235,0.996727
236,0.995607
237,0.933729
238,0.266936
239,0.072499
240,0.044696
241,0.021842
242,0.046236
243,0.022143
244,0.023053
245,0.017286
246,0.017854
247,0.013586
248,0.013487
249,0.01003
250,0.013463
251,0.021255
252,0.020834
253,0.020687
254,0.016849
255,0.017015
256,0.012955
257,0.013968
258,0.017424
259,0.024366
260,0.026976
261,0.023651
262,0.021608
263,0.025028
264,0.022118
265,0.024186
266,0.040697
267,0.042284
268,0.046717
269,0.026658
270,0.026843
271,0.031001
272,0.02889
273,0.027212
274,0.02771
275,0.022038
276,0.027844
277,0.305519
278,0.697209
279,0.646269
280,0.511662
281,0.478962
282,0.634614
283,0.657671
284,0.727496
285,0.986043
286,0.986885
287,0.992919
288,0.995122
289,0.995632
290,0.994187
291,0.982807
292,0.757487
293,0.732694
294,0.715687
295,0.338966
296,0.242041
297,0.242986
298,0.470038
299,0.564826
300,0.701785
301,0.845159
302,0.914348
303,0.930785
304,0.978211
305,0.994355
306,0.998212
307,0.99672
308,0.99814
309,0.99837
310,0.998423
311,0.998321
312,0.998565
313,0.998693
314,0.998719
315,0.99856
316,0.998845
317,0.998928
318,0.996064
319,0.99159
320,0.840114
321,0.536777
322,0.649418
323,0.674417
324,0.450779
325,0.508591
326,0.410195
327,0.355452
328,0.4327
329,0.447676
330,0.834943
331,0.995656
332,0.998785
333,0.999164
334,0.999096
335,0.998986
336,0.998864
337,0.998706
338,0.998608
339,0.995948
340,0.998241
341,0.998102
342,0.997777
343,0.997675
344,0.99829
345,0.998222
346,0.997733
347,0.997556
348,0.998148
349,0.998453
350,0.998375
351,0.998381
352,0.998478
353,0.996695
354,0.998552
355,0.998563
356,0.996784
357,0.996463
358,0.996537
359,0.996507
360,0.995168
361,0.995358
362,0.998065
363,0.996066
364,0.996104
365,0.996471
366,0.996446
367,0.996188
368,0.99528
369,0.99626
370,0.997636
371,0.997487
372,0.997563
373,0.997998
374,0.997497
375,0.994854
376,0.997727
377,0.998243
378,0.998166
379,0.998366
380,0.998326
381,0.998379
382,0.998423
383,0.998491
384,0.998463
385,0.998571
386,0.998483
387,0.998433
388,0.998387
389,0.998264
390,0.998612
391,0.998666
392,0.998895
393,0.998897
394,0.998936
395,0.998928
396,0.998991
397,0.99903
398,0.999078
399,0.999038
400,0.99902
401,0.999048
402,0.998946
403,0.998871
404,0.998859
405,0.998917
406,0.998861
407,0.998683
408,0.998593
409,0.998496
410,0.998499
411,0.997566
412,0.997819
413,0.997812
414,0.997817
415,0.997343
416,0.997284
417,0.997108
418,0.997001
419,0.99697
420,0.996937
421,0.998896
422,0.998802
423,0.998438
424,0.998287
425,0.998204
426,0.99686
427,0.996933
428,0.997002
429,0.996931
430,0.996926
431,0.996962
432,0.996687
433,0.999205
434,0.999162
435,0.999206
436,0.999184
437,0.999176
438,0.999155
439,0.999088
440,0.999062
441,0.999011
442,0.99901
443,0.99879
444,0.99881
445,0.998827
446,0.999041
447,0.999078
448,0.999193
449,0.99924
450,0.997427
451,0.997737
452,0.99752
453,0.997575
454,0.997339
455,0.997344
456,0.996775
457,0.9957
458,0.995579
459,0.995024
460,0.998796
461,0.998767
462,0.998714
463,0.998644
464,0.998804
465,0.99872
466,0.99858
467,0.998308
468,0.998224
469,0.9978
470,0.99809
471,0.998424
472,0.998389
473,0.998349
474,0.998582
475,0.998602
476,0.999098
477,0.808581
478,0.026955
479,0.088693
480,0.081141
481,0.058553
482,0.116407
483,0.072511
484,0.039812
485,0.035715
486,0.040423
487,0.069586
488,0.036263
489,0.034716
490,0.034953
491,0.026963
492,0.009828
493,0.006279
494,0.006234
495,0.007377
496,0.009047
497,0.001427
498,0.001158
499,0.00149
500,0.001386
501,0.001222
502,0.001164
503,0.001964
504,0.003162
505,0.030475
506,0.964784
507,0.998462
508,0.998804
509,0.999081
510,0.999291
511,0.999178
512,0.99786
513,0.998158
514,0.998447
515,0.998271
516,0.99881
517,0.998857
518,0.999115
519,0.999196
520,0.999269
521,0.999144
522,0.999009
523,0.998829
524,0.711259
525,0.07496
526,0.015482
527,0.004983
528,0.00263
529,0.001781
530,0.001897
531,0.002184
532,0.00256
533,0.002298
534,0.001871
535,0.001957
536,0.002643
537,0.002466
538,0.001951
539,0.002099
540,0.002055
541,0.002166
542,0.00201
543,0.002047
544,0.00162
545,0.001651
546,0.00133
547,0.000894
548,0.046458
549,0.926988
550,0.99179
551,0.995475
552,0.998203
553,0.997852
554,0.997595
555,0.996939
556,0.99755
557,0.996981
558,0.997189
559,0.994969
560,0.995836
561,0.990148
562,0.986585
563,0.960705
564,0.971454
565,0.970551
566,0.971355
567,0.91682
568,0.893366
569,0.967444
570,0.857646
571,0.698638
572,0.761912
573,0.721244
574,0.970875
575,0.96141
576,0.957211
577,0.588508
578,0.566138
579,0.962013
580,0.949066
581,0.951669
582,0.759259
583,0.70814
584,0.729538
585,0.589084
586,0.326262
587,0.031425
588,0.007125
589,0.00801
590,0.011758
591,0.007774
592,0.006685
593,0.008332
594,0.005582
595,0.006052
596,0.005198
597,0.005786
598,0.005574
599,0.006094
600,0.005728
601,0.00435
602,0.00538
603,0.005715
604,0.004544
605,0.005259
606,0.002906
607,0.002933
608,0.00238
609,0.002178
610,0.001928
611,0.00308
612,0.0053
613,0.255288
614,0.970902
615,0.990684
616,0.99572
617,0.995803
618,0.995899
619,0.997423
620,0.998134
621,0.998559
622,0.998894
623,0.997618
624,0.996478
625,0.997082
626,0.99592
627,0.997549
628,0.99696
629,0.997114
630,0.998056
631,0.998617
632,0.998477
633,0.998686
634,0.998735
635,0.998712
636,0.999017
637,0.999118
638,0.999153
639,0.999186
640,0.998854
641,0.998267
642,0.997739
643,0.998187
644,0.998169
645,0.998284
646,0.998252
647,0.998171
648,0.997828
649,0.997502
650,0.998245
651,0.998309
652,0.998487
653,0.998665
654,0.998838
655,0.998552
656,0.998682
657,0.998715
658,0.998436
659,0.998383
