1,0.997955
2,0.997827
3,0.997486
4,0.997474
5,0.997694
6,0.99776
7,0.995971
8,0.996618
9,0.996945
10,0.993599
11,0.997028
12,0.997322
13,0.998247
14,0.998165
15,0.997834
16,0.997173
17,0.997671
18,0.997454
19,0.995994
20,0.996032
21,0.99735
22,0.997071
23,0.997504
24,0.997927
25,0.997685
26,0.997249
27,0.998028
28,0.998217
29,0.99801
30,0.998235
31,0.998292
32,0.998307
33,0.998059
34,0.998103
35,0.997884
36,0.997914
37,0.998303
38,0.997507
39,0.995111
40,0.995988
41,0.995474
42,0.993313
43,0.978849
44,0.97722
45,0.967368
46,0.984803
47,0.986795
48,0.955377
49,0.087962
50,0.002971
51,0.000902
52,0.000696
53,0.00056
54,0.00032
55,0.000177
56,0.000635
57,0.000431
58,0.000586
59,0.000742
60,0.001043
61,0.001267
62,0.000803
63,0.037985
64,0.923041
65,0.290764
66,0.553944
67,0.678494
68,0.795578
69,0.753664
70,0.740464
71,0.812048
72,0.802166
73,0.3191
74,0.314392
75,0.224312
76,0.247693
77,0.311789
78,0.302864
79,0.297199
80,0.247122
81,0.278727
82,0.33417
83,0.452466
84,0.619026
85,0.558734
86,0.635823
87,0.457241
88,0.396173
89,0.423002
90,0.435315
91,0.368645
92,0.377779
93,0.344939
94,0.429545
95,0.352072
96,0.578418
97,0.598266
98,0.741194
99,0.774812
100,0.808618
101,0.904897
102,0.843057
103,0.832627
104,0.144133
105,0.01737
106,0.007393
107,0.00888
108,0.010302
109,0.008012
110,0.005774
111,0.005379
112,0.008396
113,0.006087
114,0.009868
115,0.009235
116,0.007983
117,0.012701
118,0.018767
119,0.01391
120,0.008403
121,0.005447
122,0.004226
123,0.001166
124,0.001265
125,0.001254
126,0.001863
127,0.00158
128,0.001364
129,0.001319
130,0.0015
131,0.001945
132,0.675364
133,0.998122
134,0.997997
135,0.997804
136,0.998132
137,0.997963
138,0.998297
139,0.998541
140,0.998151
141,0.999101
142,0.999145
143,0.998555
144,0.998233
145,0.998613
146,0.998631
147,0.998585
148,0.99821
149,0.998584
150,0.998605
151,0.998857
152,0.998881
153,0.998888
154,0.998985
155,0.99894
156,0.998693
157,0.998605
158,0.998334
159,0.998084
160,0.998088
161,0.997439
162,0.997066
163,0.997181
164,0.997452
165,0.997254
166,0.997643
167,0.998256
168,0.997471
169,0.998277
170,0.997872
171,0.99798
172,0.997203
173,0.99797
174,0.997544
175,0.997814
176,0.99767
177,0.998222
178,0.998201
179,0.997917
180,0.998275
181,0.998104
182,0.99855
183,0.998587
184,0.871273
185,0.052096
186,0.020824
187,0.031286
188,0.872808
189,0.986026
190,0.982528
191,0.982487
192,0.977137
193,0.969457
194,0.992311
195,0.993579
196,0.995404
197,0.993445
198,0.984141
199,0.983717
200,0.976877
201,0.983403
202,0.991928
203,0.99663
204,0.995464
205,0.996808
206,0.997307
207,0.996535
208,0.997044
209,0.997093
210,0.996476
211,0.996059
212,0.993129
213,0.991666
214,0.991933
215,0.991007
216,0.978141
217,0.869801
218,0.077123
219,0.005077
220,0.002756
221,0.001727
222,0.001549
223,0.000917
224,0.00104
225,0.001234
226,0.0033
227,0.004282
228,0.004701
229,0.006174
230,0.00624
231,0.005725
232,0.005444
233,0.004331
234,0.00523
235,0.005872
236,0.005361
237,0.004165
238,0.0039
239,0.003825
240,0.004144
241,0.004518
242,0.005481
243,0.00792
244,0.006
245,0.004425
246,0.004778
247,0.005848
248,0.004697
249,0.005903
250,0.006543
251,0.007495
252,0.006815
253,0.012018
254,0.318464
255,0.79365
256,0.588049
257,0.754274
258,0.788368
259,0.742738
260,0.638716
261,0.597801
262,0.528566
263,0.582986
264,0.631491
265,0.658287
266,0.84217
267,0.879156
268,0.940889
269,0.959554
270,0.951209
271,0.961248
272,0.948654
273,0.968444
274,0.967487
275,0.961092
276,0.970794
277,0.942017
278,0.951267
279,0.913002
280,0.839091
281,0.733218
282,0.738994
283,0.372003
284,0.001545
285,0.002648
286,0.005561
287,0.00115
288,0.002348
289,0.002615
290,0.003681
291,0.000303
292,0.00039
293,0.002536
294,0.002422
295,0.001569
296,0.001803
297,0.000458
298,0.000473
299,0.000414
300,0.001764
301,0.001614
302,0.000349
303,0.000327
304,0.00045
305,0.000465
306,0.000499
307,0.000476
308,0.018985
309,0.717958
310,0.984455
311,0.980631
312,0.994056
313,0.995946
314,0.99633
315,0.99596
316,0.996449
317,0.99672
318,0.994367
319,0.775586
320,0.006221
321,0.000954
322,0.001442
323,0.002285
324,0.002002
325,0.001755
326,0.000925
327,0.001123
328,0.001896
329,0.002223
330,0.001972
331,0.001954
332,0.002369
333,0.001898
334,0.001612
335,0.001774
336,0.001792
337,0.002503
338,0.00283
339,0.001623
340,0.001403
341,0.001198
342,0.001309
343,0.00136
344,0.005069
345,0.777069
346,0.969236
347,0.995508
348,0.99772
349,0.998054
350,0.9972
351,0.998651
352,0.99851
353,0.998422
354,0.997915
355,0.996971
356,0.997167
357,0.997301
358,0.99701
359,0.997024
360,0.996302
361,0.997621
362,0.996874
363,0.997115
364,0.997623
365,0.997604
366,0.997509
367,0.996702
368,0.995812
369,0.794459
370,0.003483
371,0.003296
372,0.00171
373,0.001777
374,0.002088
375,0.002133
376,0.003584
377,0.006196
378,0.005919
379,0.00638
380,0.005659
381,0.003991
382,0.004063
383,0.00465
384,0.003819
385,0.002933
386,0.002481
387,0.002097
388,0.002674
389,0.00096
390,0.005505
391,0.004427
392,0.004832
393,0.000607
394,0.000538
395,0.000698
396,0.00161
397,0.551463
398,0.995977
399,0.997503
400,0.996932
401,0.995289
402,0.992103
403,0.993952
404,0.99435
405,0.99507
406,0.997609
407,0.998096
408,0.998389
409,0.998552
410,0.997685
411,0.998828
412,0.999031
413,0.999165
414,0.999149
415,0.999051
416,0.998956
417,0.999098
418,0.999149
419,0.998968
420,0.999084
421,0.999059
422,0.99899
423,0.998914
424,0.998985
425,0.998857
426,0.998729
427,0.99869
428,0.998824
429,0.998537
430,0.998578
431,0.998816
432,0.999184
433,0.998905
434,0.998477
435,0.888535
436,0.24059
437,0.002863
438,0.001384
439,0.000367
440,0.001624
441,0.00275
442,0.003558
443,0.003231
444,0.002255
445,0.002632
446,0.002085
447,0.002675
448,0.002735
449,0.002842
450,0.002139
451,0.000174
452,0.000241
453,0.000479
454,0.000759
455,0.015837
456,0.988801
457,0.998768
458,0.998925
459,0.999114
460,0.998922
461,0.998267
462,0.9962
463,0.99593
464,0.995027
465,0.994905
466,0.99523
467,0.99471
468,0.995825
469,0.995264
470,0.995437
471,0.996096
472,0.99681
473,0.996938
474,0.997037
475,0.996534
476,0.996269
477,0.995958
478,0.995642
479,0.996065
480,0.997023
481,0.99672
482,0.996591
483,0.997316
484,0.996928
485,0.995761
486,0.996659
487,0.996819
488,0.997569
489,0.998599
490,0.997231
491,0.08081
492,0.003872
493,0.001255
494,0.001405
495,0.001809
496,0.000851
497,0.000971
498,0.000821
499,0.001258
500,0.001388
501,0.000789
502,0.000738
503,0.000657
504,0.000569
505,0.000505
506,0.000359
507,0.000712
508,0.000862
509,0.000715
510,0.018933
511,0.990462
512,0.99903
513,0.998197
514,0.994752
515,0.990156
516,0.993842
517,0.992598
518,0.989866
519,0.987466
520,0.988759
521,0.987738
522,0.988848
523,0.989302
524,0.99542
525,0.993261
526,0.992256
527,0.991858
528,0.998128
529,0.997491
530,0.998002
531,0.997065
532,0.997187
533,0.997973
534,0.997018
535,0.99752
536,0.998461
537,0.998796
538,0.999116
539,0.999184
540,0.999087
541,0.998343
542,0.776761
543,0.005526
544,0.003676
545,0.002894
546,0.002951
547,0.002509
548,0.002547
549,0.001467
550,0.001562
551,0.001296
552,0.001636
553,0.001064
554,0.002341
555,0.001877
556,0.007743
557,0.945361
558,0.985596
559,0.977743
560,0.990514
561,0.992031
562,0.963826
563,0.964213
564,0.954373
565,0.96557
566,0.962034
567,0.653931
568,0.009261
569,0.004125
570,0.0008
571,0.000926
572,0.001161
573,0.00155
574,0.001689
575,0.001521
576,0.002596
577,0.000524
578,0.000717
579,0.000714
580,0.000704
581,0.00214
582,0.003024
583,0.148645
584,0.811308
585,0.886156
586,0.858918
587,0.935612
588,0.871911
589,0.806327
590,0.897031
591,0.887729
592,0.912123
593,0.959818
594,0.964249
595,0.981401
596,0.989455
597,0.98205
598,0.980255
599,0.976821
600,0.976263
601,0.969997
602,0.978495
603,0.978497
604,0.978525
605,0.981203
606,0.983346
607,0.991996
608,0.993255
609,0.995016
610,0.99269
611,0.991755
612,0.98888
613,0.990491
614,0.992839
615,0.991974
616,0.988051
617,0.986664
618,0.991781
619,0.998141
620,0.998606
621,0.999017
622,0.998728
623,0.998768
624,0.99876
625,0.998661
626,0.998773
627,0.998819
628,0.998864
629,0.998877
630,0.998841
631,0.998855
632,0.998838
633,0.998747
634,0.998841
635,0.998773
636,0.998757
637,0.979873
638,0.340186
639,0.005542
640,0.00338
641,0.002889
642,0.003826
643,0.003998
644,0.003748
645,0.003516
646,0.004515
647,0.005173
648,0.005093
649,0.003265
650,0.003168
651,0.002368
652,0.00224
653,0.002212
654,0.002293
655,0.002093
656,0.001368
657,0.001217
658,0.001645
659,0.00149
660,0.002211
661,0.001945
662,0.002775
663,0.107748
664,0.994499
665,0.998194
666,0.999049
667,0.998129
668,0.997172
669,0.996503
670,0.997373
671,0.998373
672,0.997148
673,0.996659
674,0.996646
675,0.997136
676,0.997295
677,0.997055
678,0.994426
679,0.998115
680,0.997624
681,0.997934
682,0.998078
683,0.997537
684,0.998704
685,0.995055
686,0.997109
687,0.997163
688,0.998773
689,0.998817
690,0.998542
691,0.99678
692,0.983761
693,0.031749
694,0.003581
695,0.003656
696,0.001098
697,0.002814
698,0.005922
699,0.002972
700,0.001565
701,0.000785
702,0.000622
703,0.002055
704,0.00283
705,0.003191
706,0.003977
707,0.003502
708,0.004293
709,0.000691
710,0.000487
711,0.000467
712,0.002008
713,0.00197
714,0.000741
715,0.001803
716,0.002005
717,0.001457
718,0.002035
719,0.001631
720,0.001342
721,0.001782
722,0.001613
723,0.00186
724,0.051905
725,0.595756
726,0.992713
727,0.973703
728,0.991517
729,0.985393
730,0.981655
731,0.981218
732,0.969431
733,0.943476
734,0.964478
735,0.748761
736,0.665913
737,0.100773
738,0.003912
739,0.002692
740,0.0007
741,0.000458
742,0.000552
743,0.000763
744,0.000736
745,0.000718
746,0.001078
747,0.002261
748,0.003476
749,0.00327
750,0.002119
751,0.001892
752,0.00147
753,0.00089
754,0.00421
755,0.000703
756,0.003657
757,0.002191
758,0.003706
759,0.004458
760,0.003137
761,0.003472
762,0.001637
763,0.001929
764,0.002417
765,0.019053
766,0.130039
767,0.192978
768,0.110334
769,0.162921
770,0.175568
771,0.205475
772,0.206558
773,0.130053
774,0.082221
775,0.077028
776,0.053387
777,0.031322
778,0.032815
779,0.027167
780,0.019833
781,0.004294
782,0.002441
783,0.002773
784,0.003265
785,0.003343
786,0.002953
787,0.003622
788,0.003776
789,0.000676
790,0.001047
791,0.000827
792,0.004534
793,0.004539
794,0.004899
795,0.004975
796,0.005624
797,0.003576
798,0.004304
799,0.003085
800,0.004741
801,0.003012
802,0.004575
803,0.004608
804,0.003717
805,0.003946
806,0.00318
807,0.002556
808,0.00363
809,0.002937
810,0.003018
811,0.008435
812,0.00202
813,0.002286
814,0.002804
815,0.002614
816,0.002221
817,0.001682
818,0.001122
819,0.001107
820,0.001269
821,0.001376
822,0.001328
823,0.001
824,0.000412
825,0.000356
826,0.000443
827,0.003778
828,0.000587
829,0.004338
830,0.004415
831,0.004262
832,0.005262
833,0.104028
834,0.917507
835,0.959837
836,0.988237
837,0.986652
838,0.989207
839,0.98811
840,0.996554
841,0.994816
842,0.995267
843,0.989655
844,0.983601
845,0.979372
846,0.659116
847,0.010974
848,0.012079
849,0.000916
850,0.005534
851,0.007062
852,0.004098
853,0.007022
854,0.002826
855,0.003003
856,0.000841
857,0.004344
858,0.003504
859,0.001569
860,0.001558
861,0.002334
862,0.00182
863,0.00137
864,0.001493
865,0.002236
866,0.002011
867,0.001698
868,0.001172
869,0.001069
870,0.000984
871,0.000977
872,0.001025
873,0.000945
874,0.000869
875,0.001021
876,0.001133
877,0.001237
878,0.001187
879,0.001136
880,0.001062
881,0.001251
882,0.001111
883,0.001427
884,0.001037
885,0.00135
886,0.001146
887,0.001073
888,0.001178
889,0.000634
890,0.000728
891,0.000812
892,0.000989
893,0.001141
894,0.001721
895,0.002226
896,0.00245
897,0.001837
898,0.002033
899,0.002406
900,0.00271
901,0.003239
902,0.00293
903,0.003045
904,0.002722
905,0.001892
906,0.001445
907,0.03234
908,0.915365
909,0.996172
910,0.988709
911,0.991226
912,0.996043
913,0.988719
914,0.976663
915,0.978254
916,0.975956
917,0.965822
918,0.975012
919,0.984081
920,0.541984
921,0.00282
922,0.000882
923,0.002367
924,0.00236
925,0.006437
926,0.005497
927,0.005541
928,0.004585
929,0.004101
930,0.002877
931,0.004328
932,0.004703
933,0.003998
934,0.003599
935,0.004258
936,0.003415
937,0.00151
938,0.001881
939,0.001618
940,0.001901
941,0.001965
942,0.004888
943,0.004637
944,0.004856
945,0.004557
946,0.004819
947,0.004563
948,0.004909
949,0.000392
950,0.000407
951,0.0003
952,0.000381
953,0.002809
954,0.001952
955,0.018
956,0.889034
957,0.996728
958,0.983912
959,0.98082
960,0.978725
961,0.985081
962,0.98358
963,0.98364
964,0.992597
965,0.749123
966,0.006428
967,0.001248
968,0.003284
969,0.002626
970,0.00171
971,0.003893
972,0.002199
973,0.00025
974,0.000217
975,0.000212
976,0.000178
977,0.000179
978,0.001988
979,0.002308
980,0.001905
981,0.002189
982,0.002767
983,0.001627
984,0.001016
985,0.00088
986,0.000117
987,0.00296
988,7.7e-05
989,7.4e-05
990,0.000226
991,0.00011
992,9.4e-05
993,8.7e-05
994,0.000118
995,0.000489
996,0.00045
997,0.000427
998,0.000481
999,0.000519
1000,0.000638
1001,0.000427
1002,0.000365
1003,0.000155
1004,0.000133
1005,0.00013
1006,0.000135
1007,0.00015
1008,0.000202
1009,0.00046
1010,0.000525
1011,0.000412
1012,0.000575
1013,0.00134
1014,0.001661
1015,0.001596
1016,0.002204
1017,0.001699
1018,0.001441
1019,0.001857
1020,0.002243
1021,0.003084
1022,0.563476
1023,0.993964
1024,0.99843
1025,0.998766
1026,0.999194
1027,0.999078
1028,0.999201
1029,0.998967
1030,0.998563
1031,0.997923
1032,0.997402
1033,0.996271
1034,0.997072
1035,0.997586
1036,0.997697
1037,0.996777
1038,0.998127
1039,0.997848
1040,0.99815
1041,0.997815
1042,0.996723
1043,0.995743
1044,0.996099
1045,0.996243
1046,0.53893
1047,0.004739
1048,0.001638
1049,0.004378
1050,0.004584
1051,0.001425
1052,0.000816
1053,0.001091
1054,0.000773
1055,0.000435
1056,0.000341
1057,0.000954
1058,0.000549
1059,0.000324
1060,0.000232
1061,0.000158
1062,0.000386
1063,0.000909
1064,0.001073
1065,0.001137
1066,0.001583
1067,0.001686
1068,0.007174
1069,0.004865
1070,0.003551
1071,0.003916
1072,0.003002
1073,0.003139
1074,0.002239
1075,0.000153
1076,0.001867
1077,0.001972
1078,0.000183
1079,0.003001
1080,0.002785
1081,0.00253
1082,0.002982
1083,0.003027
1084,0.003553
1085,0.003743
1086,0.003578
1087,0.003584
1088,0.022054
1089,0.813864
1090,0.959592
1091,0.974148
1092,0.934683
1093,0.98447
1094,0.988872
1095,0.99648
1096,0.995839
1097,0.992798
1098,0.985513
1099,0.983251
1100,0.980933
1101,0.976083
1102,0.980041
1103,0.983354
1104,0.984183
1105,0.979364
1106,0.974027
1107,0.960883
1108,0.973882
1109,0.970481
1110,0.96757
1111,0.91595
1112,0.942362
1113,0.928427
1114,0.932737
1115,0.958589
1116,0.967816
1117,0.950435
1118,0.958334
1119,0.937469
1120,0.941702
1121,0.929726
1122,0.973543
1123,0.970051
1124,0.980799
1125,0.986373
1126,0.99192
1127,0.457757
1128,0.002634
1129,0.001008
1130,0.001507
1131,0.000774
1132,0.002114
1133,0.001949
1134,0.002112
1135,0.002248
1136,0.003003
1137,0.003017
1138,0.002895
1139,0.002791
1140,0.002644
1141,0.008746
1142,0.842375
1143,0.98195
1144,0.994855
1145,0.994062
1146,0.995491
1147,0.994361
1148,0.993638
1149,0.991961
1150,0.991088
1151,0.987026
1152,0.984646
1153,0.991786
1154,0.995512
1155,0.996593
1156,0.99602
1157,0.996204
1158,0.99709
1159,0.997964
1160,0.997363
1161,0.996295
1162,0.995339
1163,0.993007
1164,0.990998
1165,0.992751
1166,0.791944
1167,0.018927
1168,0.006466
1169,0.0024
1170,0.001819
1171,0.000321
1172,0.000535
1173,0.00034
1174,0.00029
1175,0.000276
1176,0.000341
1177,0.000541
1178,0.000402
1179,0.000326
1180,0.000295
1181,0.000235
1182,0.000411
1183,0.000341
1184,0.00023
1185,0.000238
1186,0.000208
1187,0.000184
1188,0.00017
1189,0.000157
1190,0.000153
1191,0.000136
1192,0.00016
1193,0.000156
1194,0.00015
1195,0.000184
1196,0.000219
1197,0.000255
1198,0.00025
1199,0.00025
1200,0.00032
1201,0.000296
1202,0.000331
1203,0.000497
1204,0.000696
1205,0.000739
1206,0.001043
1207,0.001185
1208,0.001106
1209,0.000946
1210,0.001089
1211,0.000964
1212,0.001228
1213,0.002579
1214,0.002088
1215,0.002246
1216,0.001519
1217,0.000571
1218,0.000392
1219,0.000309
1220,0.000258
1221,0.000212
1222,0.00026
1223,0.000313
1224,0.000193
1225,0.00041
1226,0.000236
1227,0.000411
1228,0.00097
1229,0.003167
1230,0.00338
1231,0.001814
1232,0.001538
1233,0.001316
1234,0.001282
1235,0.001458
1236,0.001099
1237,0.002817
1238,0.00454
1239,0.002869
1240,0.003714
1241,0.002164
1242,0.004482
1243,0.009542
1244,0.009947
1245,0.008421
1246,0.006808
1247,0.004743
1248,0.002798
1249,0.002686
1250,0.001907
1251,0.002439
1252,0.00238
1253,0.001029
1254,0.000665
1255,0.000849
1256,0.000515
1257,0.004528
1258,0.000498
1259,0.000589
1260,0.000709
1261,0.000755
1262,0.000844
1263,0.002839
1264,0.003161
1265,0.004678
1266,0.006655
1267,0.005302
1268,0.005476
1269,0.005939
1270,0.007043
1271,0.007838
1272,0.005521
1273,0.004283
1274,0.005315
1275,0.006006
1276,0.003205
1277,0.002553
1278,0.004021
1279,0.00375
1280,0.004162
1281,0.00421
1282,0.004615
1283,0.004932
1284,0.004187
1285,0.003704
1286,0.003543
1287,0.024731
1288,0.276912
1289,0.39531
1290,0.050505
1291,0.066632
1292,0.289941
1293,0.22038
1294,0.160378
1295,0.16036
1296,0.10884
1297,0.11103
1298,0.016311
1299,0.005263
1300,0.00142
1301,0.001432
1302,0.005193
1303,0.004811
1304,0.001278
1305,0.001158
1306,0.000881
1307,0.001065
1308,0.000503
1309,0.00231
1310,0.002625
1311,0.00257
1312,0.002615
1313,0.002678
1314,0.000572
1315,0.000318
1316,0.000341
1317,0.000892
1318,0.001116
1319,0.000959
1320,0.002115
1321,0.002099
1322,0.002218
1323,0.001908
1324,0.001501
1325,0.001116
1326,0.000888
1327,0.000565
1328,0.00049
1329,0.000481
1330,0.000421
1331,0.000479
1332,0.000577
1333,0.000807
1334,0.000838
1335,0.000744
1336,0.000801
1337,0.000597
1338,0.000496
1339,0.000486
1340,0.000442
1341,0.000328
1342,0.000304
1343,0.000215
1344,0.000252
1345,0.000225
1346,0.000176
1347,0.000194
1348,0.000212
1349,0.000222
1350,0.000242
1351,0.000269
1352,0.000219
1353,0.000252
1354,0.000263
1355,0.000275
1356,0.000286
1357,0.00067
1358,0.001233
1359,0.001957
1360,0.001661
1361,0.002056
1362,0.002799
1363,0.003126
1364,0.003357
1365,0.003601
1366,0.003562
1367,0.002458
1368,0.00198
1369,0.001908
1370,0.00131
1371,0.001457
1372,0.000971
1373,0.000745
1374,0.001089
1375,0.460395
1376,0.984191
1377,0.996802
1378,0.998055
1379,0.998999
1380,0.997436
1381,0.994101
1382,0.998345
1383,0.998386
1384,0.998532
1385,0.998753
1386,0.998144
1387,0.998442
1388,0.998773
1389,0.998194
1390,0.998594
1391,0.998392
1392,0.998621
1393,0.998233
1394,0.997018
1395,0.99849
1396,0.999237
1397,0.999207
1398,0.999231
1399,0.998554
1400,0.996862
1401,0.997088
1402,0.998267
1403,0.968639
1404,0.068121
1405,0.004965
1406,0.003148
1407,0.001427
1408,0.001629
1409,0.002211
1410,0.00193
1411,0.001844
1412,0.001094
1413,0.00092
1414,0.002343
1415,0.002896
1416,0.004494
1417,0.001852
1418,0.001872
1419,0.001515
1420,0.001554
1421,0.001176
1422,0.000914
1423,0.001287
1424,0.000895
1425,0.000674
1426,0.004767
1427,0.419182
1428,0.974876
1429,0.981918
1430,0.991487
1431,0.990781
1432,0.989029
1433,0.988037
1434,0.981966
1435,0.975907
1436,0.950414
1437,0.933612
1438,0.868807
1439,0.932264
1440,0.866507
1441,0.86539
1442,0.917698
1443,0.964334
1444,0.945299
1445,0.94313
1446,0.938645
1447,0.953264
1448,0.968967
1449,0.929677
1450,0.865808
1451,0.880657
1452,0.863937
1453,0.88223
1454,0.877019
1455,0.919282
1456,0.91359
1457,0.843221
1458,0.769329
1459,0.690984
1460,0.149379
1461,0.007465
1462,0.001315
1463,0.002963
1464,0.001308
1465,0.001889
1466,0.005142
1467,0.003027
1468,0.002732
1469,0.001856
1470,0.001847
1471,0.001055
1472,0.000775
1473,0.000758
1474,0.005479
1475,0.003731
1476,0.003284
1477,0.002634
1478,0.001902
1479,0.0017
1480,0.001211
1481,0.000913
1482,0.000694
1483,0.000685
1484,0.000695
1485,0.00099
1486,0.000923
1487,0.000832
1488,0.000825
1489,0.001057
1490,0.001348
1491,0.00116
1492,0.00118
1493,0.001021
1494,0.001082
1495,0.001023
1496,0.00111
1497,0.001051
1498,0.001154
1499,0.001938
1500,0.002913
1501,0.00678
1502,0.005035
1503,0.003887
1504,0.003273
1505,0.003266
1506,0.003561
1507,0.004914
1508,0.004068
1509,0.003515
1510,0.002786
1511,0.001418
1512,0.001247
1513,0.001057
1514,0.000809
1515,0.000902
1516,0.001364
1517,0.000991
1518,0.000884
1519,0.000717
1520,0.000821
1521,0.001608
1522,0.001447
1523,0.001309
1524,0.001308
1525,0.001041
1526,0.001215
1527,0.002464
1528,0.002324
1529,0.011264
1530,0.923914
1531,0.990684
1532,0.991141
1533,0.997204
1534,0.998124
1535,0.997575
1536,0.997661
1537,0.99797
1538,0.746779
1539,0.028578
1540,0.013389
1541,0.0029
1542,0.002558
1543,0.006301
1544,0.004839
1545,0.002487
1546,0.001826
1547,0.001918
1548,0.001656
1549,0.000977
1550,0.001144
1551,0.00082
1552,0.000569
1553,0.000507
1554,0.000862
1555,0.000778
1556,0.000895
1557,0.001258
1558,0.00164
1559,0.002203
1560,0.262185
1561,0.992319
1562,0.995472
1563,0.996916
1564,0.999105
1565,0.998975
1566,0.998535
1567,0.999069
1568,0.996921
1569,0.997705
1570,0.998019
1571,0.998809
1572,0.767737
1573,0.024787
1574,0.002948
1575,0.001192
1576,0.003233
1577,0.002217
1578,0.002011
1579,0.002651
1580,0.000725
1581,0.000794
1582,0.001348
1583,0.002884
1584,0.002337
1585,0.0025
1586,0.001251
1587,0.001256
1588,0.000942
1589,0.000329
1590,0.000236
1591,0.000196
1592,0.000343
1593,0.000223
1594,0.00102
1595,0.000641
1596,0.000812
1597,0.000609
1598,0.000676
1599,0.000576
1600,0.000466
1601,0.000461
1602,0.000379
1603,0.000249
1604,0.000289
1605,0.00037
1606,0.000661
1607,0.000729
1608,0.001068
1609,0.020444
1610,0.73174
1611,0.990729
1612,0.994963
1613,0.993666
1614,0.997053
1615,0.997535
1616,0.994912
1617,0.998703
1618,0.998805
1619,0.99882
1620,0.998975
1621,0.998664
1622,0.997602
1623,0.995733
1624,0.996367
1625,0.995458
1626,0.99723
1627,0.998271
1628,0.998253
1629,0.997059
1630,0.939847
1631,0.064167
1632,0.001247
1633,0.003912
1634,0.001659
1635,0.000567
1636,0.001965
1637,0.001976
1638,0.001382
1639,0.000759
1640,0.00049
1641,0.000329
1642,0.000611
1643,0.000555
1644,0.000566
1645,0.000472
1646,0.000458
1647,0.000483
1648,0.000517
1649,0.000548
1650,0.000582
1651,0.000818
1652,0.000889
1653,0.001105
1654,0.000546
1655,0.000537
1656,0.000649
1657,0.001297
1658,0.001528
1659,0.00124
1660,0.001114
1661,0.001457
1662,0.001089
1663,0.001018
1664,0.001059
1665,0.001309
1666,0.001011
1667,0.000805
1668,0.000537
1669,0.000404
1670,0.000708
1671,0.000494
1672,0.000494
1673,0.000511
1674,0.000615
1675,0.000683
1676,0.000721
1677,0.00071
1678,0.00059
1679,0.000599
1680,0.000629
1681,0.000497
1682,0.000629
1683,0.000646
1684,0.000647
1685,0.000626
1686,0.001364
1687,0.0014
1688,0.001562
1689,0.000555
1690,0.000533
1691,0.000766
1692,0.000809
1693,0.000664
1694,0.000761
1695,0.000721
1696,0.000779
1697,0.000682
1698,0.000452
1699,0.00029
1700,0.000238
1701,0.000284
1702,0.000301
1703,0.000274
1704,0.000432
1705,0.000454
1706,0.000273
1707,0.000422
1708,0.000677
1709,0.000659
1710,0.000633
1711,0.000205
1712,0.00021
1713,0.0002
1714,0.00016
1715,0.000168
1716,0.000184
1717,0.000224
1718,0.000285
1719,0.000651
1720,0.000593
1721,0.000316
1722,0.000255
1723,0.000258
1724,0.000258
1725,0.000155
1726,0.000214
1727,0.000238
1728,0.000322
1729,0.000438
1730,0.000437
1731,0.000342
1732,0.000472
1733,0.001319
1734,0.065814
1735,0.904189
1736,0.986194
1737,0.966243
1738,0.978316
1739,0.988748
1740,0.994293
1741,0.991721
1742,0.98265
1743,0.981621
1744,0.97713
1745,0.951059
1746,0.037201
1747,0.001807
1748,0.002244
1749,0.002106
1750,0.001492
1751,0.001216
1752,0.00054
1753,0.000288
1754,0.000286
1755,0.000352
1756,0.000451
1757,0.000446
1758,0.000621
1759,0.000699
1760,0.000804
1761,0.000704
1762,0.000406
1763,0.000326
1764,0.000355
1765,0.000397
1766,0.000401
1767,0.000346
1768,0.000254
1769,0.000238
1770,0.000309
1771,0.000327
1772,0.000349
1773,0.000303
1774,0.000403
1775,0.000262
1776,0.000631
1777,0.000259
1778,0.000363
1779,0.000366
1780,0.000409
1781,0.000429
1782,0.000486
1783,0.00053
1784,0.000531
1785,0.000431
1786,0.000714
1787,0.000573
1788,0.000566
1789,0.000413
1790,0.000431
1791,0.000356
1792,0.000355
1793,0.011329
1794,0.860235
1795,0.381594
1796,0.586415
1797,0.825464
1798,0.597743
1799,0.407285
1800,0.342813
1801,0.600873
1802,0.483599
1803,0.524597
1804,0.372876
1805,0.100391
1806,0.003048
1807,0.001714
1808,0.000695
1809,0.001173
1810,0.000814
1811,0.000714
1812,0.000925
1813,0.001244
1814,0.00127
1815,0.001001
1816,0.000862
1817,0.000357
1818,0.000377
1819,0.000462
1820,0.000414
1821,0.000271
1822,0.000369
1823,0.000294
1824,0.000392
1825,0.000442
1826,0.000573
1827,0.000747
1828,0.000723
1829,0.000744
1830,0.000601
1831,0.000556
1832,0.000536
1833,0.000605
1834,0.000683
1835,0.00072
1836,0.000993
1837,0.000483
1838,0.000452
1839,0.000257
1840,0.000228
1841,0.000329
1842,0.000319
1843,0.000671
1844,0.000919
1845,0.434052
1846,0.946956
1847,0.873068
1848,0.989456
1849,0.969565
1850,0.989935
1851,0.990878
1852,0.989165
1853,0.975359
1854,0.649581
1855,0.028716
1856,0.002859
1857,0.001406
1858,0.001657
1859,0.000747
1860,0.001612
1861,0.000851
1862,0.000718
1863,0.000796
1864,0.001215
1865,0.001227
1866,0.000701
1867,0.000989
1868,0.001672
1869,0.001263
1870,0.00156
1871,0.000903
1872,0.0008
1873,0.000583
1874,0.000556
1875,0.000577
1876,0.000646
1877,0.000531
1878,0.000573
1879,0.000561
1880,0.000553
1881,0.000618
1882,0.00053
1883,0.000608
1884,0.000555
1885,0.000464
1886,0.000697
1887,0.000642
1888,0.000787
1889,0.000758
1890,0.0008
1891,0.000883
1892,0.000222
1893,0.000216
1894,0.000191
1895,0.000199
1896,0.000169
1897,0.000127
1898,9.9e-05
1899,7.7e-05
1900,8.9e-05
1901,9.5e-05
1902,7.9e-05
1903,7.3e-05
1904,6.7e-05
1905,6.6e-05
1906,6.2e-05
1907,5.9e-05
1908,5.9e-05
1909,5.5e-05
1910,6.2e-05
1911,0.000461
1912,0.000544
1913,0.000492
1914,0.000511
1915,0.00061
1916,0.000583
1917,0.000578
1918,0.000596
1919,0.000601
1920,0.000508
1921,0.000416
1922,0.000453
1923,5.5e-05
1924,7.7e-05
1925,6.2e-05
1926,8e-05
1927,0.000606
1928,0.429389
1929,0.906357
1930,0.829947
1931,0.917174
1932,0.961672
1933,0.873193
1934,0.531767
1935,0.441938
1936,0.252293
1937,0.5122
1938,0.690164
1939,0.531305
1940,0.60375
1941,0.603124
1942,0.384212
1943,0.162487
1944,0.123633
1945,0.001112
1946,0.001345
1947,0.00145
1948,0.000759
1949,0.001295
1950,0.002231
1951,0.001899
1952,0.001768
1953,0.001307
1954,0.001178
1955,0.001465
1956,0.001362
1957,0.001475
1958,0.001454
1959,0.001413
1960,0.00134
1961,0.001235
1962,0.001284
1963,0.001261
1964,0.001297
1965,0.001406
1966,0.001398
1967,0.001402
1968,0.002072
1969,0.003486
1970,0.020185
1971,0.348616
1972,0.198553
1973,0.279881
1974,0.433551
1975,0.425214
1976,0.779912
1977,0.694103
1978,0.47019
1979,0.223571
1980,0.171851
1981,0.086097
1982,0.084133
1983,0.085939
1984,0.105585
1985,0.095283
1986,0.134397
1987,0.086651
1988,0.090901
1989,0.058525
1990,0.049331
1991,0.060098
1992,0.07782
1993,0.034581
1994,0.029463
1995,0.028324
1996,0.027732
1997,0.005337
1998,0.000944
1999,0.00064
2000,0.000645
2001,0.000521
2002,0.000632
2003,0.001563
2004,0.001764
2005,0.000854
2006,0.000628
2007,0.000531
2008,0.00085
2009,0.000669
2010,0.000901
2011,0.000783
2012,0.000794
2013,0.000298
2014,0.00035
2015,0.000615
2016,0.000743
2017,0.001865
2018,0.002223
2019,0.001321
2020,0.001047
2021,0.000834
2022,0.000902
2023,0.000915
2024,0.009624
2025,0.917411
2026,0.973008
2027,0.986274
2028,0.990452
2029,0.994568
2030,0.944583
2031,0.936611
2032,0.975069
2033,0.970059
2034,0.996292
2035,0.996379
2036,0.996607
2037,0.56121
2038,0.019336
2039,0.00662
2040,0.002989
2041,0.00255
2042,0.002687
2043,0.000637
2044,0.000444
2045,0.000503
2046,0.00059
2047,0.001071
2048,0.001922
2049,0.001392
2050,0.001609
2051,0.00088
2052,0.000609
2053,0.000528
2054,0.000365
2055,0.000424
2056,0.000889
2057,0.000558
2058,0.000319
2059,0.000929
2060,0.000285
2061,0.000228
2062,0.000208
2063,0.000205
2064,0.001255
2065,0.00105
2066,0.001274
2067,0.001864
2068,0.002808
2069,0.002046
2070,0.001944
2071,0.000739
2072,0.000677
2073,0.000582
2074,0.000613
2075,0.000479
2076,0.000349
2077,0.000283
2078,0.000286
2079,0.00019
2080,0.000181
2081,0.000181
2082,0.000165
2083,0.000113
2084,0.000119
2085,0.000648
2086,0.000924
2087,0.001157
2088,0.000949
2089,0.000595
2090,0.000631
2091,0.000405
2092,0.0329
2093,0.918792
2094,0.994884
2095,0.992506
2096,0.988953
2097,0.996549
2098,0.993267
2099,0.992957
2100,0.994614
2101,0.995201
2102,0.997707
2103,0.9978
2104,0.997942
2105,0.105721
2106,0.007864
2107,0.001712
2108,0.001044
2109,0.001388
2110,0.000746
2111,0.000742
2112,0.000861
2113,0.001018
2114,0.001841
2115,0.001455
2116,0.001242
2117,0.000337
2118,0.000285
2119,0.000143
2120,0.00037
2121,0.000318
2122,0.000419
2123,0.000283
2124,0.000482
2125,0.000439
2126,0.000613
2127,0.000615
2128,0.000553
2129,0.000515
2130,0.000848
2131,0.001216
2132,0.001137
2133,0.000898
2134,0.000666
2135,0.000579
2136,6.7e-05
2137,6e-05
2138,4.8e-05
2139,3.2e-05
2140,4.2e-05
2141,4.1e-05
2142,4.2e-05
2143,4.5e-05
2144,9.1e-05
2145,0.000116
2146,0.001117
2147,0.000931
2148,0.00132
2149,0.001242
2150,0.000826
2151,0.000543
2152,0.000668
2153,0.000532
2154,0.001014
2155,0.001248
2156,0.001307
2157,0.001512
2158,0.001213
2159,0.000688
2160,0.001223
2161,0.002632
2162,0.003665
2163,0.007622
2164,0.000599
2165,0.000568
2166,0.000539
2167,0.000364
2168,0.000423
2169,0.000312
2170,0.000431
2171,0.000298
2172,0.000225
2173,0.000124
2174,0.000142
2175,0.000155
2176,0.00016
2177,0.000112
2178,0.001212
2179,0.001437
2180,0.001047
2181,0.001326
2182,0.000963
2183,0.000612
2184,0.000496
2185,0.000303
2186,0.000255
2187,0.000266
2188,0.000339
2189,0.000318
2190,0.000305
2191,0.000381
2192,0.000355
2193,0.000323
2194,0.000208
2195,0.000148
2196,0.000159
2197,0.000161
2198,0.000151
2199,0.000169
2200,0.000219
2201,0.000224
2202,0.000235
2203,0.000266
2204,0.000318
2205,0.000306
2206,0.000365
2207,0.000337
2208,0.000463
2209,0.000457
2210,0.000493
2211,0.000417
2212,0.024633
2213,0.837595
2214,0.451498
2215,0.861463
2216,0.956797
2217,0.974557
2218,0.970312
2219,0.979997
2220,0.839556
2221,0.965893
2222,0.974872
2223,0.962018
2224,0.992986
2225,0.990835
2226,0.991137
2227,0.994139
2228,0.995391
2229,0.995916
2230,0.992406
2231,0.748138
2232,0.000841
2233,0.000427
2234,0.000163
2235,0.000396
2236,0.000431
2237,0.000277
2238,0.000218
2239,0.000277
2240,9.4e-05
2241,0.000339
2242,0.000355
2243,0.000151
2244,0.000116
2245,7.8e-05
2246,0.000105
2247,0.000177
2248,0.000254
2249,0.000267
2250,0.000234
2251,0.022835
2252,0.96831
2253,0.998227
2254,0.997412
2255,0.99842
2256,0.998125
2257,0.997006
2258,0.9975
2259,0.994548
2260,0.996989
2261,0.997383
2262,0.998378
2263,0.998521
2264,0.997839
2265,0.996938
2266,0.996357
2267,0.996746
2268,0.996417
2269,0.997198
2270,0.998134
2271,0.998524
2272,0.998065
2273,0.998245
2274,0.998048
2275,0.997877
2276,0.997444
2277,0.996952
2278,0.991924
2279,0.990799
2280,0.982365
2281,0.990525
2282,0.974899
2283,0.99034
2284,0.989762
2285,0.994305
2286,0.992567
2287,0.990703
2288,0.992293
2289,0.985423
2290,0.979093
2291,0.985035
2292,0.987831
2293,0.97779
2294,0.986604
2295,0.989545
2296,0.985985
2297,0.98506
2298,0.987979
2299,0.989017
2300,0.985522
2301,0.973392
2302,0.954294
2303,0.906147
2304,0.050286
2305,0.001717
2306,0.00164
2307,0.000947
2308,0.00077
2309,0.000631
2310,0.000722
2311,0.000934
2312,0.000886
2313,0.000609
2314,0.000454
2315,0.000335
2316,0.000218
2317,0.000204
2318,0.000191
2319,0.000237
2320,0.000229
2321,0.000259
2322,0.000367
2323,0.000812
2324,0.000774
2325,0.000493
2326,0.000474
2327,0.000418
2328,0.000367
2329,0.000511
2330,0.000498
2331,0.000612
2332,0.000681
2333,0.000674
2334,0.000756
2335,0.000875
2336,0.00068
2337,0.000591
2338,0.000599
2339,0.000572
2340,0.000598
2341,0.000527
2342,0.000497
2343,0.000472
2344,0.000324
2345,0.000171
2346,0.000249
2347,0.094849
2348,0.968741
2349,0.986402
2350,0.986961
2351,0.988631
2352,0.969164
2353,0.95563
2354,0.954876
2355,0.956175
2356,0.971056
2357,0.93874
2358,0.960918
2359,0.76967
2360,0.010249
2361,0.00134
2362,0.00078
2363,0.001251
2364,0.001121
2365,0.00071
2366,0.000699
2367,0.000722
2368,0.000496
2369,0.000536
2370,0.000372
2371,0.000315
2372,0.000375
2373,0.000246
2374,0.000255
2375,0.000216
2376,0.00019
2377,0.000194
2378,0.000237
2379,0.000209
2380,0.000162
2381,0.000152
2382,0.000462
2383,0.000514
2384,0.000983
2385,0.000638
2386,0.001007
2387,0.01157
2388,0.886619
2389,0.996829
2390,0.998321
2391,0.998257
2392,0.998714
2393,0.996061
2394,0.995148
2395,0.988494
2396,0.988826
2397,0.980274
2398,0.979513
2399,0.971175
2400,0.982142
2401,0.973946
2402,0.972412
2403,0.963166
2404,0.963506
2405,0.958698
2406,0.960782
2407,0.976271
2408,0.963114
2409,0.959006
2410,0.964699
2411,0.965064
2412,0.964516
2413,0.958658
2414,0.944099
2415,0.968779
2416,0.980148
2417,0.978315
2418,0.983237
2419,0.986756
2420,0.984293
2421,0.986426
2422,0.993236
2423,0.986105
2424,0.980297
2425,0.958072
2426,0.659024
2427,0.344264
2428,0.27392
2429,0.143335
2430,0.154499
2431,0.290919
2432,0.335892
2433,0.53556
2434,0.994413
2435,0.992374
2436,0.97234
2437,0.899798
2438,0.882768
2439,0.727207
2440,0.889256
2441,0.851071
2442,0.88271
2443,0.694687
2444,0.918479
2445,0.572053
2446,0.669666
2447,0.890444
2448,0.845407
2449,0.991904
2450,0.645606
2451,0.519567
2452,0.396416
2453,0.409347
2454,0.537577
2455,0.410943
2456,0.293862
2457,0.254317
2458,0.183906
2459,0.209111
2460,0.128936
2461,0.083719
2462,0.121786
2463,0.125571
2464,0.194754
2465,0.220866
2466,0.352256
2467,0.553047
2468,0.576189
2469,0.401583
2470,0.333512
2471,0.074994
2472,0.070915
2473,0.842862
2474,0.943713
2475,0.95556
2476,0.955019
2477,0.9482
2478,0.913201
2479,0.938499
2480,0.97133
2481,0.975208
2482,0.961154
2483,0.921997
2484,0.832505
2485,0.631584
2486,0.750473
2487,0.8004
2488,0.766174
2489,0.646395
2490,0.638175
2491,0.623367
2492,0.592872
2493,0.558586
2494,0.586635
2495,0.499133
2496,0.515597
2497,0.601164
2498,0.517523
2499,0.981156
2500,0.904475
2501,0.200643
2502,0.092572
2503,0.0548
2504,0.0131
2505,0.004791
2506,0.005166
2507,0.008385
2508,0.008356
2509,0.006262
2510,0.006182
2511,0.004929
2512,0.091849
2513,0.15972
2514,0.885283
2515,0.989732
2516,0.980577
2517,0.961181
2518,0.91158
2519,0.902109
2520,0.898388
2521,0.887921
2522,0.776989
2523,0.66644
2524,0.785034
2525,0.828213
2526,0.812962
2527,0.886654
2528,0.936917
2529,0.883114
2530,0.098469
2531,0.007692
2532,0.002075
2533,0.002207
2534,0.000483
2535,0.000313
2536,0.000618
2537,0.000583
2538,0.000254
2539,0.000169
2540,0.000272
2541,0.000435
2542,0.000514
2543,0.000626
2544,0.000806
2545,0.000253
2546,0.000459
2547,0.000382
2548,0.000419
2549,0.000185
2550,0.000246
2551,0.000249
2552,0.000198
2553,0.000625
2554,0.000595
2555,0.0011
2556,0.001125
2557,0.001083
2558,0.001181
2559,0.001159
2560,0.001257
2561,0.001039
2562,0.001117
2563,0.001294
2564,0.001597
2565,0.001749
2566,0.001484
2567,0.00146
2568,0.00169
2569,0.002008
2570,0.001987
2571,0.002282
2572,0.002092
2573,0.001927
2574,0.00213
2575,0.002048
2576,0.002157
2577,0.001088
2578,0.001265
2579,0.001446
2580,0.001425
2581,0.001197
2582,0.001478
2583,0.001075
2584,0.001114
2585,0.001183
2586,0.000864
2587,0.00092
2588,0.000961
2589,0.000876
2590,0.000872
2591,0.000977
2592,0.001282
2593,0.000899
2594,0.000293
2595,0.000192
2596,0.00036
2597,0.000299
2598,0.000181
2599,0.000181
2600,0.000153
2601,0.000156
2602,0.000178
2603,0.000106
2604,9.6e-05
2605,0.000109
2606,0.000223
2607,0.000429
2608,0.000464
2609,0.000344
2610,0.000252
2611,0.000334
2612,0.00085
2613,0.000935
2614,0.001173
2615,0.000784
2616,0.001289
2617,0.000897
2618,0.000472
2619,9e-05
2620,0.000116
2621,0.000328
2622,0.000326
2623,0.00036
2624,0.000263
2625,0.000276
2626,0.000285
2627,0.00025
2628,0.000473
2629,0.000216
2630,0.000175
2631,0.000185
2632,0.000207
2633,0.000221
2634,0.000215
2635,0.000218
2636,0.000236
2637,0.000251
2638,0.000237
2639,0.000193
2640,0.000184
2641,0.000177
2642,0.000169
2643,0.000165
2644,0.000207
2645,0.000161
2646,0.000181
2647,0.000168
2648,0.000159
2649,0.000128
2650,0.000107
2651,0.000116
2652,0.000112
2653,0.000165
2654,0.000166
2655,0.000167
2656,0.000125
2657,0.000105
2658,0.000122
2659,8e-05
2660,9.6e-05
2661,0.000126
2662,8.6e-05
2663,6.2e-05
2664,6.4e-05
2665,4.1e-05
2666,2.6e-05
2667,1.6e-05
2668,1.7e-05
2669,1.1e-05
2670,2.1e-05
2671,2.1e-05
2672,1.9e-05
2673,2.2e-05
2674,2.7e-05
2675,2.2e-05
2676,3.2e-05
2677,3.6e-05
2678,3.7e-05
2679,5.3e-05
2680,4.8e-05
2681,6.8e-05
2682,7e-05
2683,7.5e-05
2684,8.3e-05
2685,7.4e-05
2686,9.8e-05
2687,9.8e-05
2688,0.000155
2689,6.9e-05
2690,9.4e-05
2691,0.000327
2692,0.000376
2693,0.00031
2694,0.000295
2695,0.000307
2696,0.000292
2697,0.000319
2698,0.000542
2699,0.000566
2700,0.000526
2701,0.000777
2702,0.0008
2703,0.00054
2704,0.000799
2705,0.000778
2706,0.000656
2707,0.00073
2708,0.000731
2709,0.000705
2710,0.000877
2711,0.000917
2712,0.000794
2713,0.000866
2714,0.001229
2715,0.001551
2716,0.001653
2717,0.001743
2718,0.001558
2719,0.001189
2720,0.001371
2721,0.001514
2722,0.001476
2723,0.00101
2724,0.000681
2725,0.000786
2726,0.000649
2727,0.000902
2728,0.000664
2729,0.000659
2730,0.000665
2731,0.000712
2732,0.000537
2733,0.000503
2734,0.00044
2735,0.000551
2736,0.000759
2737,0.001002
2738,0.000826
2739,0.001033
2740,0.000853
2741,9.6e-05
2742,0.000501
2743,0.000633
2744,0.000631
2745,0.000519
2746,0.000361
2747,0.000325
2748,0.000331
2749,1.8e-05
2750,2.4e-05
2751,1.8e-05
2752,2.1e-05
2753,2.3e-05
2754,2.8e-05
2755,2.4e-05
2756,2.8e-05
2757,2.6e-05
2758,2.9e-05
2759,4e-05
2760,6.3e-05
2761,0.000101
2762,0.000141
2763,0.000112
2764,0.00013
2765,0.000103
2766,0.000139
2767,0.000162
2768,0.000161
2769,0.000157
2770,0.000175
2771,0.000175
2772,0.0002
2773,0.000279
2774,0.000257
2775,0.000266
2776,0.000312
2777,0.000323
2778,0.000404
2779,0.000393
2780,0.000326
2781,0.000282
2782,0.000365
2783,0.000442
2784,0.000461
2785,0.0003
2786,0.000355
2787,0.000366
2788,0.000414
2789,0.000649
2790,0.001056
2791,0.001519
2792,0.001204
2793,0.00096
2794,0.000774
2795,0.000727
2796,0.000678
2797,0.00043
2798,0.000425
2799,0.000536
2800,0.000474
2801,0.000662
2802,0.000667
2803,0.000632
2804,0.000643
2805,0.000625
2806,0.00048
2807,0.000512
2808,0.018901
2809,0.895656
2810,0.827576
2811,0.97252
2812,0.991717
2813,0.966976
2814,0.965347
2815,0.957268
2816,0.967707
2817,0.801132
2818,0.806834
2819,0.788143
2820,0.769011
2821,0.668856
2822,0.62571
2823,0.633679
2824,0.464978
2825,0.828994
2826,0.845418
2827,0.975471
2828,0.971703
2829,0.968105
2830,0.964074
2831,0.962661
2832,0.950878
2833,0.959032
2834,0.944537
2835,0.915065
2836,0.935083
2837,0.967787
2838,0.970793
2839,0.969151
2840,0.226714
2841,0.005404
2842,0.023226
2843,0.008032
2844,0.008806
2845,0.003893
2846,0.001817
2847,0.000854
2848,0.000888
2849,0.000735
2850,0.001015
2851,0.000787
2852,0.001725
2853,0.000735
2854,0.000944
2855,0.000997
2856,0.000792
2857,0.000674
2858,0.003106
2859,0.00245
2860,0.002362
2861,0.002099
2862,0.002615
2863,0.001702
2864,0.000852
2865,0.00049
2866,0.000977
2867,0.001426
2868,0.001663
2869,0.001697
2870,0.002706
2871,0.00256
2872,0.002806
2873,0.002485
2874,0
2875,0
2876,0
2877,0
2878,0
2879,0
2880,0
2881,0
2882,0
2883,0
2884,0
2885,0
2886,0
2887,0
2888,0.003941
2889,0.004101
2890,0
2891,0
2892,0
2893,0
2894,0
2895,0
2896,0
2897,0
2898,0
2899,0
2900,0
2901,0
2902,0
2903,0
2904,0
2905,0
2906,0
2907,0
2908,0
2909,0
2910,0
2911,0
2912,0
2913,0
2914,0
2915,0
2916,0
2917,0
2918,0
2919,0
2920,0
2921,0
2922,0
2923,0
2924,0
2925,0
2926,0
2927,0
2928,0
2929,0
2930,0
2931,0
2932,0
2933,0
2934,0
2935,0
2936,0
2937,0
2938,0
2939,0
2940,0
2941,0
2942,0.017104
2943,0.786943
2944,0.918612
2945,0.921676
2946,0.9339
2947,0.923778
2948,0.954295
2949,0.967902
2950,0.9521
2951,0.942081
2952,0.966989
2953,0.980582
2954,0.982335
2955,0.986976
2956,0.965476
2957,0.938525
2958,0.916777
2959,0.198806
2960,0.008198
2961,0.002498
2962,0.003072
2963,0.001698
2964,0.001808
2965,0.000746
2966,0.000467
2967,0.000703
2968,0.001457
2969,0.001476
2970,0.001689
2971,0.001745
2972,0.002001
2973,0.002426
2974,0.002396
2975,0.002383
2976,0.003862
2977,0.002466
2978,0.002602
2979,0.002452
2980,0.001984
2981,0.002036
2982,0.002161
2983,0.002002
2984,0.002336
2985,0.001652
2986,0.001671
2987,0.000612
2988,0.000567
2989,0.000394
2990,0.000481
2991,0.000534
2992,0.000782
2993,0.001363
2994,0.001651
2995,0.001302
2996,0.001215
2997,0.000915
2998,0.001161
2999,0.001595
3000,0.001872
3001,0.002486
3002,0.002107
3003,0.002232
3004,0.001292
3005,0.000909
3006,0.000996
3007,0.000714
3008,0.000635
3009,0.000633
3010,0.000604
3011,0.00055
3012,0.000396
3013,0.000501
3014,0.000378
3015,0.000323
3016,0.000441
3017,0.000468
3018,0.000578
3019,0.000566
3020,0.000607
3021,0.000637
3022,0.000735
3023,0.000711
3024,0.000674
3025,0.000336
3026,0.000418
3027,0.000307
3028,0.000299
3029,0.000345
3030,0.000358
3031,0.00044
3032,0.000494
3033,0.000449
3034,0.000531
3035,0.000298
3036,0.000352
3037,0.000286
3038,0.000222
3039,0.000224
3040,0.000237
3041,0.000211
3042,0.000268
3043,0.000383
3044,0.000338
3045,0.000528
3046,0.000502
3047,0.000567
3048,0.000649
3049,0.000742
3050,0.001009
3051,0.000784
3052,0.000833
3053,0.000874
3054,0.001453
3055,0.00171
3056,0.001932
3057,0.002059
3058,0.001172
3059,0.001544
3060,0.001478
3061,0.00119
3062,0.001008
3063,0.000894
3064,0.00086
3065,0.00066
3066,0.000607
3067,0.003946
3068,0.002926
3069,0.002064
3070,0.002036
3071,0.001931
3072,0.001237
3073,0.000972
3074,0.00115
3075,0.000832
3076,0.000921
3077,0.001025
3078,0.002783
3079,0.004461
3080,0.003811
3081,0.004064
3082,0.003944
3083,0.005333
3084,0.004654
3085,0.005908
3086,0.005239
3087,0.003463
3088,0.003405
3089,0.00328
3090,0.000109
3091,0.000285
3092,0.000109
3093,0.000226
3094,0.000256
3095,0.00041
3096,0.000353
3097,0.000296
3098,0.000471
3099,0.00035
3100,0.000377
3101,0.000834
3102,0.000847
3103,0.000935
3104,0.001072
3105,0.006191
3106,0.006885
3107,0.007039
3108,0.006687
3109,0.005123
3110,0.005657
3111,0.000589
3112,0.079854
3113,0.927035
3114,0.789938
3115,0.954596
3116,0.937231
3117,0.92044
3118,0.904059
3119,0.975987
3120,0.976862
3121,0.97868
3122,0.98283
3123,0.97407
3124,0.974537
3125,0.982655
3126,0.980342
3127,0.968222
3128,0.970879
3129,0.968249
3130,0.952655
3131,0.945975
3132,0.963875
3133,0.936153
3134,0.957639
3135,0.930843
3136,0.189277
3137,0.02054
3138,0.004058
3139,0.001792
3140,0.001501
3141,0.001513
3142,0.002179
3143,0.001722
3144,0.000843
3145,0.001903
3146,0.002512
3147,0.004561
3148,0.002603
3149,0.003171
3150,0.001544
3151,0.005952
3152,0
3153,0
3154,0
3155,0
3156,0
3157,0
3158,0
3159,0
3160,0
3161,0
3162,0
3163,0
3164,0.387304
3165,0.874455
3166,0.959742
3167,0.942211
3168,0.925598
3169,0.983716
3170,0.956895
3171,0.960663
3172,0.868494
3173,0.840175
3174,0.063882
3175,0.025657
3176,0.046527
3177,0.034757
3178,0.040296
3179,0.039596
3180,0.033302
3181,0.011934
3182,0.007647
3183,0.005107
3184,0.016948
3185,0.025
3186,0.019789
3187,0.011026
3188,0
3189,0
3190,0
3191,0
3192,0
3193,0
3194,0
3195,0
3196,0
3197,0
3198,0
3199,0
3200,0
3201,0
3202,0
3203,0
3204,0
3205,0
3206,0
3207,0
3208,0
3209,0
3210,0
3211,0
3212,0
3213,0
3214,0
3215,0
3216,0
3217,0
3218,0
3219,0
3220,0
3221,0
3222,0
3223,0
3224,0.875686
3225,0.874895
3226,0.925609
3227,0.920406
3228,0.921602
3229,0.856778
3230,0.962434
3231,0.962282
3232,0.955958
3233,0.52419
3234,0.01329
3235,0.003967
3236,0.013825
3237,0.022776
3238,0.01429
3239,0.013352
3240,0.014329
3241,0.012747
3242,0.012005
3243,0.010991
3244,0.010094
3245,0.009438
3246,0.009043
3247,0.009762
3248,0.010405
3249,0.013297
3250,0.012959
3251,0.015192
3252,0.015712
3253,0.008383
3254,0.009563
3255,0.009747
3256,0.010524
3257,0.010284
3258,0.010456
3259,0.008535
3260,0.008067
3261,0.009184
3262,0.008497
3263,0.008486
3264,0.0095
3265,0.011072
3266,0.014098
3267,0.011252
3268,0.018508
3269,0.02361
3270,0.017509
3271,0.015958
3272,0.01566
3273,0.011063
3274,0.013047
3275,0.009205
3276,0.012824
3277,0.015825
3278,0.011726
3279,0.009745
3280,0.018316
3281,0.01966
3282,0.111494
3283,0.860255
3284,0.886535
3285,0.93439
3286,0.980943
3287,0.954171
3288,0.988879
3289,0.872307
3290,0.737124
3291,0.761227
3292,0.938382
3293,0.918673
3294,0.869161
3295,0.879563
3296,0.909449
3297,0.899737
3298,0.965457
3299,0.991665
3300,0.983989
3301,0.986962
3302,0.967569
3303,0.834598
3304,0.0777
3305,0.003459
3306,0.002198
3307,0.003392
3308,0.001838
3309,0.001802
3310,0.002332
3311,0.006349
3312,0.003414
3313,0.005344
3314,0.004192
3315,0.007867
3316,0.003821
3317,0.004826
3318,0.008785
3319,0.007979
3320,0.006428
3321,0
3322,0
3323,0
3324,0
3325,0
3326,0
3327,0
3328,0
3329,0
3330,0
3331,0
3332,0
3333,0
3334,0
3335,0
3336,0
3337,0
3338,0
3339,0
3340,0
3341,0
3342,0
3343,0
3344,0
3345,0
3346,0
3347,0
3348,0
3349,0
3350,0
3351,0
3352,0
3353,0
3354,0
3355,0
3356,0
3357,0
3358,0
3359,0
3360,0
3361,0
3362,0
3363,0
3364,0
3365,0
3366,0
3367,0
3368,0
3369,0
3370,0
3371,0
3372,0
3373,0
3374,0
3375,0
3376,0
3377,0
3378,0
3379,0
3380,0
3381,0
3382,0
3383,0
3384,0
3385,0
3386,0
3387,0
3388,0
3389,0
3390,0
3391,0
3392,0
3393,0
3394,0
3395,0
3396,0
3397,0.456049
3398,0.954029
3399,0.961835
3400,0.907072
3401,0.977309
3402,0.975524
3403,0.84942
3404,0.718215
3405,0.846284
3406,0.909262
3407,0.890111
3408,0.539132
3409,0.006207
3410,0.006876
3411,0.008712
3412,0.010301
3413,0.01058
3414,0.010756
3415,0.00632
3416,0.004918
3417,0.004964
3418,0.003953
3419,0.006194
3420,0.005555
3421,0.006952
3422,0.006402
3423,0.007661
3424,0.027379
3425,0.687673
3426,0.894741
3427,0.946589
3428,0.942463
3429,0.952897
3430,0.913323
3431,0.931381
3432,0.947733
3433,0.958047
3434,0.964602
3435,0.956655
3436,0.958914
3437,0.942619
3438,0.056034
3439,0.015459
3440,0.00552
3441,0.005264
3442,0.004912
3443,0.00528
3444,0.004214
3445,0.012965
3446,0.01378
3447,0.019258
3448,0.012813
3449,0.002851
3450,0.020264
3451,0.016947
3452,0.007919
3453,0.004847
3454,0.001236
3455,0.00196
3456,0.020183
3457,0.011264
3458,0.010763
3459,0.008754
3460,0.009663
3461,0.008302
3462,0.009848
3463,0.009726
3464,0.009894
3465,0.010402
3466,0.012056
3467,0.01189
3468,0.014041
3469,0.013011
3470,0.021951
3471,0.022008
3472,0.024927
3473,0.02462
3474,0.023976
3475,0.022135
3476,0.022742
3477,0
3478,0
3479,0
3480,0
3481,0
3482,0
3483,0
3484,0
3485,0
3486,0
3487,0
3488,0
3489,0
3490,0
3491,0
3492,0
3493,0
3494,0
3495,0
3496,0
3497,0
3498,0
3499,0
3500,0
3501,0
3502,0
3503,0
3504,0
3505,0
3506,0
3507,0
3508,0
3509,0
3510,0.003517
3511,0.00521
3512,0.005347
3513,0.004413
3514,0.010812
3515,0.011373
3516,0.008512
3517,0.008783
3518,0.00824
3519,0.005963
3520,0.006067
3521,0.0043
3522,0.004436
3523,0.003581
3524,0.003278
3525,0.002517
3526,0.002494
3527,0.003173
3528,0.003245
3529,0.003299
3530,0.003668
3531,0.00421
3532,0.006652
3533,0.00686
3534,0.01036
3535,0.009654
3536,0.010655
3537,0
3538,0
3539,0
3540,0
3541,0
3542,0
3543,0
3544,0
3545,0
3546,0
3547,0
3548,0
3549,0
3550,0
3551,0
3552,0
3553,0
3554,0
3555,0
3556,0
3557,0
3558,0
3559,0
3560,0
3561,0
3562,0
3563,0
3564,0
3565,0
3566,0
3567,0
3568,0
3569,0
3570,0
3571,0
3572,0
3573,0
3574,0
3575,0
3576,0
3577,0
3578,0
3579,0
3580,0
3581,0
3582,0
3583,0
3584,0
3585,0
3586,0
3587,0.886906
3588,0.825625
3589,0.574401
3590,0.883414
3591,0.779792
3592,0.603756
3593,0.415688
3594,0.669832
3595,0.59484
3596,0.637179
3597,0.545256
3598,0.068949
