1,0.998368
2,0.998358
3,0.998459
4,0.998443
5,0.998627
6,0.998562
7,0.998504
8,0.99857
9,0.998268
10,0.997836
11,0.997235
12,0.996914
13,0.996753
14,0.997168
15,0.997344
16,0.997503
17,0.997296
18,0.997453
19,0.997515
20,0.997883
21,0.997144
22,0.996521
23,0.996125
24,0.997672
25,0.997573
26,0.997255
27,0.996459
28,0.994168
29,0.994293
30,0.993397
31,0.993139
32,0.992086
33,0.991141
34,0.992931
35,0.99332
36,0.994008
37,0.994038
38,0.994719
39,0.99504
40,0.994818
41,0.990453
42,0.991084
43,0.992499
44,0.990356
45,0.940622
46,0.888513
47,0.19408
48,0.003671
49,0.001294
50,0.001128
51,0.001667
52,0.00211
53,0.002561
54,0.001458
55,0.000148
56,0.000679
57,0.000585
58,0.001399
59,0.001667
60,0.001317
61,0.000902
62,0.00077
63,0.000918
64,0.000966
65,0.001101
66,0.001428
67,0.000251
68,0.000354
69,0.000541
70,0.000714
71,0.001052
72,0.047424
73,0.568633
74,0.496103
75,0.738601
76,0.888809
77,0.274216
78,0.37453
79,0.45705
80,0.407057
81,0.589197
82,0.361689
83,0.607582
84,0.718561
85,0.504815
86,0.625447
87,0.684821
88,0.6849
89,0.667842
90,0.64448
91,0.602254
92,0.465289
93,0.385963
94,0.283228
95,0.195846
96,0.430942
97,0.341608
98,0.39534
99,0.449855
100,0.493571
101,0.095992
102,0.0024
103,0.002648
104,0.001925
105,0.002767
106,0.002373
107,0.002003
108,0.001748
109,0.002181
110,0.001869
111,0.001848
112,0.002406
113,0.002193
114,0.001605
115,0.001167
116,0.001053
117,0.000797
118,0.001406
119,0.00146
120,0.001687
121,0.001022
122,0.001049
123,0.001277
124,0.001098
125,0.001378
126,0.00137
127,0.001585
128,0.001661
129,0.001697
130,0.00231
131,0.003355
132,0.656196
133,0.971847
134,0.992442
135,0.995837
136,0.997397
137,0.998481
138,0.998394
139,0.998511
140,0.996855
141,0.728963
142,0.013399
143,0.002833
144,0.002127
145,0.000684
146,0.004226
147,0.000317
148,0.002305
149,0.003107
150,0.002589
151,0.00146
152,0.001652
153,0.001963
154,0.001886
155,0.002175
156,0.002121
157,0.001959
158,0.002266
159,0.001793
160,0.001786
161,0.001291
162,0.001248
163,0.001201
164,0.000701
165,0.000953
166,0.000366
167,0.00206
168,0.002502
169,0.003091
170,0.00363
171,0.004354
172,0.004943
173,0.004387
174,0.005529
175,0.004045
176,0.003626
177,0.001466
178,0.001785
179,0.001648
180,0.002048
181,0.002112
182,0.001559
183,0.006264
184,0.347398
185,0.994144
186,0.998381
187,0.998596
188,0.999073
189,0.999101
190,0.998896
191,0.998835
192,0.998802
193,0.998828
194,0.998218
195,0.997052
196,0.996652
197,0.996792
198,0.790413
199,0.017491
200,0.008338
201,0.001276
202,0.006754
203,0.005154
204,0.007535
205,0.004787
206,0.004203
207,0.00053
208,0.000472
209,0.000429
210,0.00046
211,0.000408
212,0.000377
213,0.000427
214,0.000454
215,0.000463
216,0.000388
217,0.000378
218,0.002118
219,0.001832
220,0.002102
221,0.002157
222,0.000275
223,0.000283
224,0.000406
225,0.002411
226,0.002115
227,0.001886
228,0.000368
229,0.002212
230,0.000757
231,0.00074
232,0.0023
233,0.798835
234,0.764248
235,0.502877
236,0.327352
237,0.254457
238,0.28665
239,0.769564
240,0.770563
241,0.730875
242,0.780196
243,0.800073
244,0.88924
245,0.974134
246,0.907535
247,0.915431
248,0.967344
249,0.966509
250,0.957977
251,0.938564
252,0.976608
253,0.935825
254,0.934618
255,0.914884
256,0.923063
257,0.934759
258,0.939428
259,0.932443
260,0.940231
261,0.939741
262,0.957743
263,0.868751
264,0.826482
265,0.879734
266,0.928287
267,0.817614
268,0.91447
269,0.963267
270,0.971426
271,0.962195
272,0.935584
273,0.909115
274,0.918532
275,0.976438
276,0.983258
277,0.992827
278,0.993062
279,0.987411
280,0.950769
281,0.96728
282,0.974654
283,0.980606
284,0.981682
285,0.968681
286,0.990388
287,0.980497
288,0.973226
289,0.985186
290,0.983743
291,0.984811
292,0.984961
293,0.985806
294,0.987923
295,0.985161
296,0.980008
297,0.984445
298,0.98257
299,0.985898
300,0.989407
301,0.987897
302,0.992047
303,0.991328
304,0.991915
305,0.991952
306,0.989717
307,0.989194
308,0.992006
309,0.993671
310,0.994397
311,0.994064
312,0.992802
313,0.992707
314,0.99427
315,0.99399
316,0.995815
317,0.995609
318,0.995265
319,0.995509
320,0.996433
321,0.996588
322,0.995854
323,0.995125
324,0.995334
325,0.995281
326,0.995243
327,0.995144
328,0.996256
329,0.996992
330,0.997256
331,0.99743
332,0.997093
333,0.993168
334,0.40596
335,0.069006
336,0.026321
337,0.014038
338,0.025046
339,0.012143
340,0.006708
341,0.005589
342,0.00788
343,0.010601
344,0.010667
345,0.011776
346,0.011467
347,0.010044
348,0.011981
349,0.01118
350,0.009668
351,0.502182
352,0.993977
353,0.996218
354,0.996832
355,0.998478
356,0.998789
357,0.998384
358,0.997636
359,0.997414
360,0.997442
361,0.997954
362,0.997751
363,0.352196
364,0.1478
365,0.08867
366,0.098386
367,0.081079
368,0.064025
369,0.055214
370,0.074331
371,0.025327
372,0.03703
373,0.085111
374,0.049798
375,0.030515
376,0.035908
377,0.034821
378,0.033992
379,0.092658
380,0.983806
381,0.998656
382,0.998362
383,0.998292
384,0.998157
385,0.9983
386,0.998292
387,0.998438
388,0.9868
389,0.204746
390,0.009107
391,0.015715
392,0.004502
393,0.001306
394,0.000718
395,0.000679
396,0.000715
397,0.000707
398,0.000707
399,0.000856
400,0.000849
401,0.000686
402,0.000626
403,0.001753
404,0.001709
405,0.002767
406,0.002613
407,0.003761
408,0.003269
409,0.002948
410,0.002655
411,0.002402
412,0.0027
413,0.002255
414,0.002078
415,0.003129
416,0.003558
417,0.003048
418,0.003044
419,0.012035
420,0.814945
421,0.996687
422,0.995451
423,0.996739
424,0.998
425,0.998646
426,0.998198
427,0.998375
428,0.998748
429,0.998586
430,0.998313
431,0.998338
432,0.998492
433,0.998317
434,0.998464
435,0.998404
436,0.99841
437,0.99843
438,0.998412
439,0.998392
440,0.998353
441,0.997804
442,0.998166
443,0.997992
444,0.99819
445,0.99815
446,0.999018
447,0.991735
448,0.992259
449,0.993578
450,0.993715
451,0.998733
452,0.997678
453,0.997555
454,0.997807
455,0.997711
456,0.997414
457,0.997178
458,0.997117
459,0.99716
460,0.998865
461,0.322372
462,0.106739
463,0.046081
464,0.066617
465,0.055976
466,0.025758
467,0.033649
468,0.027368
469,0.153953
470,0.923396
471,0.940722
472,0.989666
473,0.995618
474,0.996813
475,0.998237
476,0.998003
477,0.997632
478,0.998101
479,0.997929
480,0.996168
481,0.99563
482,0.177285
483,0.010913
484,0.005197
485,0.003958
486,0.003603
487,0.003086
488,0.007562
489,0.002766
490,0.006935
491,0.004451
492,0.005399
493,0.000638
494,0.000233
495,0.000754
496,0.001356
497,0.000829
498,0.001354
499,0.000724
500,0.001621
501,0.000668
502,0.00113
503,0.002791
504,0.014605
505,0.072466
506,0.386431
507,0.993543
508,0.997631
509,0.996341
510,0.992837
511,0.987848
512,0.990247
513,0.989184
514,0.994894
515,0.997069
516,0.998179
517,0.993078
518,0.99544
519,0.965698
520,0.972165
521,0.977799
522,0.988757
523,0.998425
524,0.874458
525,0.563256
526,0.503798
527,0.362141
528,0.827519
529,0.997938
530,0.998457
531,0.99895
532,0.99893
533,0.998792
534,0.999195
535,0.999151
536,0.999116
537,0.999177
538,0.999054
539,0.998929
540,0.999129
541,0.998883
542,0.99872
543,0.998518
544,0.998414
545,0.998541
546,0.998454
547,0.998874
548,0.998907
549,0.995887
550,0.996475
551,0.991354
552,0.982066
553,0.979377
554,0.985318
555,0.988746
556,0.991221
557,0.990458
558,0.984448
559,0.980817
560,0.980669
561,0.983707
562,0.979756
563,0.967711
564,0.964414
565,0.956314
566,0.928773
567,0.963421
568,0.955622
569,0.194895
570,0.007138
571,0.000207
572,0.000122
573,0.000445
574,0.000866
575,0.000737
576,0.000283
577,0.000353
578,0.000532
579,0.00101
580,0.001345
581,0.00107
582,0.001202
583,0.001751
584,0.153133
585,0.792821
586,0.814104
587,0.932007
588,0.913154
589,0.90117
590,0.902789
591,0.93442
592,0.958487
593,0.977533
594,0.990985
595,0.991908
596,0.99209
597,0.989779
598,0.987264
599,0.984082
600,0.984311
601,0.993544
602,0.982326
603,0.983094
604,0.985191
605,0.98736
606,0.991822
607,0.991471
608,0.992438
609,0.992407
610,0.992103
611,0.990381
612,0.99551
613,0.993975
614,0.98264
615,0.993714
616,0.995063
617,0.993825
618,0.996134
619,0.996891
620,0.99737
621,0.996906
622,0.996837
623,0.996553
624,0.99708
625,0.995782
626,0.995237
627,0.995062
628,0.994872
629,0.99484
630,0.994256
631,0.993674
632,0.993276
633,0.993029
634,0.994815
635,0.997574
636,0.997599
637,0.997551
638,0.997673
639,0.997151
640,0.997019
641,0.997466
642,0.997828
643,0.998058
644,0.998724
645,0.99884
646,0.998894
647,0.998802
648,0.998854
649,0.998926
650,0.998776
651,0.134406
652,0.002904
653,0.007325
654,0.000598
655,0.000694
656,0.00115
657,0.001476
658,0.001509
659,0.002165
660,0.002442
661,0.002487
662,0.002496
663,0.003029
664,0.009027
665,0.964495
666,0.997295
667,0.997796
668,0.997672
669,0.998179
670,0.997732
