1,0.996028
2,0.99634
3,0.996604
4,0.996055
5,0.996599
6,0.996679
7,0.997142
8,0.997155
9,0.997043
10,0.997131
11,0.997248
12,0.997364
13,0.997038
14,0.997111
15,0.997306
16,0.997444
17,0.997405
18,0.99752
19,0.997611
20,0.997723
21,0.997731
22,0.997659
23,0.997432
24,0.997811
25,0.997825
26,0.997524
27,0.997134
28,0.996487
29,0.99682
30,0.996412
31,0.994619
32,0.99358
33,0.993573
34,0.992562
35,0.991693
36,0.993048
37,0.994419
38,0.994848
39,0.996447
40,0.995766
41,0.996114
42,0.995399
43,0.992359
44,0.989601
45,0.986617
46,0.974504
47,0.97535
48,0.977401
49,0.971893
50,0.971905
51,0.385673
52,0.001685
53,0.0008
54,0.00488
55,0.004833
56,0.00298
57,0.001373
58,0.000354
59,0.000287
60,0.000303
61,0.000273
62,0.000279
63,0.00038
64,0.000826
65,0.000802
66,0.000786
67,0.001161
68,0.198695
69,0.277823
70,0.549844
71,0.503709
72,0.416983
73,0.399849
74,0.37954
75,0.556397
76,0.407436
77,0.525568
78,0.590855
79,0.627519
80,0.774598
81,0.761644
82,0.75594
83,0.662504
84,0.723716
85,0.723407
86,0.77971
87,0.844911
88,0.907205
89,0.918496
90,0.044806
91,0.057669
92,0.068536
93,0.05324
94,0.080366
95,0.109018
96,0.178633
97,0.265088
98,0.300896
99,0.361398
100,0.442845
101,0.51722
102,0.502881
103,0.540327
104,0.570562
105,0.629842
106,0.730762
107,0.834987
108,0.781716
109,0.894965
110,0.954808
111,0.955641
112,0.939075
113,0.639818
114,0.019279
115,0.00521
116,0.00506
117,0.005488
118,0.005028
119,0.004592
120,0.005035
121,0.003395
122,0.004246
123,0.005429
124,0.004803
125,0.004851
126,0.004556
127,0.000894
128,0.000928
129,0.000645
130,0.000803
131,0.000876
132,0.001006
133,0.000899
134,0.001046
135,0.001216
136,0.0011
137,0.000968
138,0.00176
139,0.002252
140,0.00217
141,0.004124
142,0.010204
143,0.650677
144,0.995293
145,0.997019
146,0.996612
147,0.998512
148,0.99835
149,0.99815
150,0.998177
151,0.998679
152,0.998256
153,0.998653
154,0.998852
155,0.999054
156,0.999151
157,0.999059
158,0.999069
159,0.9991
160,0.999148
161,0.999178
162,0.999135
163,0.999222
164,0.999146
165,0.999178
166,0.999158
167,0.999132
168,0.999204
169,0.999235
170,0.999251
171,0.999324
172,0.999316
173,0.996318
174,0.163443
175,0.003943
176,0.003279
177,0.001307
178,0.001627
179,0.002031
180,0.002718
181,0.003028
182,0.003571
183,0.003485
184,0.004059
185,0.004013
186,0.004871
187,0.006259
188,0.005309
189,0.007079
190,0.00781
191,0.006196
192,0.004825
193,0.003553
194,0.002357
195,0.002531
196,0.002821
197,0.002788
198,0.002252
199,0.002065
200,0.001221
201,0.092885
202,0.971584
203,0.994987
204,0.986961
205,0.988021
206,0.991515
207,0.979486
208,0.986301
209,0.9492
210,0.928128
211,0.836903
212,0.014449
213,0.001867
214,0.0012
215,0.000826
216,0.007117
217,0.002556
218,0.001908
219,0.001499
220,0.001333
221,0.001746
222,0.001718
223,0.000645
224,0.000652
225,0.000617
226,0.000699
227,0.00066
228,0.000692
229,0.000631
230,0.00074
231,0.000814
232,0.000873
233,0.000835
234,0.001096
235,0.002016
236,0.002448
237,0.003173
238,0.004012
239,0.003059
240,0.003434
241,0.0037
242,0.003759
243,0.003846
244,0.003587
245,0.004175
246,0.004166
247,0.003381
248,0.003101
249,0.001437
250,0.005622
251,0.273579
252,0.447559
253,0.743445
254,0.368159
255,0.327195
256,0.496665
257,0.44127
258,0.429097
259,0.322722
260,0.314399
261,0.323408
262,0.862497
263,0.854919
264,0.899287
265,0.568605
266,0.491151
267,0.340912
268,0.417074
269,0.443671
270,0.439097
271,0.055734
272,0.004924
273,0.003264
274,0.003192
275,0.002284
276,0.001462
277,0.000811
278,0.000424
279,0.000353
280,0.00031
281,0.000364
282,0.000237
283,0.00023
284,0.00015
285,0.00012
286,0.000164
287,0.000166
288,0.000195
289,0.000438
290,0.002397
291,0.002407
292,0.0024
293,0.001907
294,0.00182
295,0.001869
296,0.001407
297,0.001519
298,0.001564
299,0.001572
300,0.001461
301,0.002047
302,0.002105
303,0.002752
304,0.003207
305,0.000616
306,0.000726
307,0.003875
308,0.003983
309,0.004028
310,0.003759
311,0.003698
312,0.002771
313,0.001798
314,0.001991
315,0.000486
316,0.00257
317,0.002496
318,0.002658
319,0.002931
320,0.000335
321,0.002713
322,0.00217
323,0.002422
324,0.002095
325,0.002028
326,0.00197
327,0.001879
328,0.001891
329,0.001964
330,0.002346
331,0.002183
332,0.002755
333,0.0021
334,0.002786
335,0.006118
336,0.589081
337,0.994544
338,0.996112
339,0.996285
340,0.993118
341,0.992722
342,0.998283
343,0.998513
344,0.998949
345,0.998791
346,0.998871
347,0.998663
348,0.998533
349,0.966215
350,0.016602
351,0.005829
352,0.001027
353,0.000901
354,0.001932
355,0.000463
356,0.000434
357,0.000239
358,0.005563
359,0.000304
360,0.000865
361,0.000764
362,0.000574
363,0.000407
364,0.002185
365,0.002167
366,0.001669
367,0.001447
368,0.001478
369,0.001461
370,0.001608
371,0.001376
372,0.001611
373,0.001912
374,0.002668
375,0.013753
376,0.809984
377,0.992468
378,0.991958
379,0.984353
380,0.989675
381,0.988488
382,0.991769
383,0.984768
384,0.982798
385,0.953106
386,0.045366
387,0.00683
388,0.006758
389,0.00662
390,0.003636
391,0.002291
392,0.002124
393,0.002525
394,0.002469
395,0.002157
396,0.002243
397,0.002819
398,0.002692
399,0.00268
400,0.003075
401,0.002492
402,0.002825
403,0.003143
404,0.003777
405,0.00427
406,0.004732
407,0.005109
408,0.00553
409,0.004835
410,0.004658
411,0.004486
412,0.003728
413,0.003242
414,0.002728
415,0.002682
416,0.002622
417,0.002223
418,0.002033
419,0.00204
420,0.001837
421,0.003219
422,0.693999
423,0.954012
424,0.99058
425,0.992845
426,0.99759
427,0.998368
428,0.998631
429,0.998776
430,0.997943
431,0.998234
432,0.998625
433,0.998816
434,0.998681
435,0.998833
436,0.998905
437,0.998855
438,0.998676
439,0.998742
440,0.997519
441,0.997779
442,0.997237
443,0.994429
444,0.992075
445,0.9932
446,0.991125
447,0.990074
448,0.988869
449,0.992723
450,0.987723
451,0.984972
452,0.983954
453,0.986232
454,0.407443
455,0.004353
456,0.001693
457,0.000796
458,0.001132
459,0.000943
460,0.000277
461,0.00025
462,0.000233
463,0.000229
464,0.000213
465,0.000905
466,0.000291
467,0.000324
468,0.000296
469,0.00031
470,0.000341
471,0.000405
472,0.000401
473,0.000468
474,0.000708
475,0.000631
476,0.000518
477,0.000624
478,0.000692
479,0.00069
480,0.000685
481,0.001561
482,0.000604
483,0.000678
484,0.000654
485,0.000691
486,0.000841
487,0.001024
488,0.00113
489,0.001312
490,0.001252
491,0.002242
492,0.003248
493,0.008172
494,0.97669
495,0.99906
496,0.999161
497,0.998895
498,0.995865
499,0.995029
500,0.996094
501,0.995706
502,0.995216
503,0.995348
504,0.996276
505,0.997059
506,0.997841
507,0.997857
508,0.997401
509,0.996669
510,0.996123
511,0.998833
512,0.998787
513,0.998795
514,0.99878
515,0.998922
516,0.99703
517,0.998354
518,0.9985
519,0.998681
520,0.998882
521,0.998975
522,0.999021
523,0.998893
524,0.998962
525,0.999185
526,0.999246
527,0.863364
528,0.0197
529,0.003025
530,0.002412
531,0.002966
532,0.006284
533,0.007615
534,0.000839
535,0.00085
536,0.000566
537,0.001479
538,0.001159
539,0.002074
540,0.89343
541,0.996561
542,0.990774
543,0.9863
544,0.987365
545,0.989621
546,0.991547
547,0.982042
548,0.971479
549,0.952225
550,0.986061
551,0.655509
552,0.007203
553,0.0016
554,0.000943
555,0.000754
556,0.000337
557,0.000346
558,0.000421
559,0.001889
560,0.001348
561,0.001641
562,0.002128
563,0.001562
564,0.001829
565,0.001421
566,0.00121
567,0.001018
568,0.001082
569,0.000939
570,0.000822
571,0.000787
572,0.001034
573,0.000842
574,0.000845
575,0.000857
576,0.000874
577,0.000924
578,0.000824
579,0.001038
580,0.000912
581,0.000904
582,0.001104
583,0.001559
584,0.00113
585,0.001629
586,0.001325
587,0.001201
588,0.000772
589,0.001985
590,0.001883
591,0.001662
592,0.001906
593,0.000164
594,0.000126
595,0.000132
596,0.000127
597,0.000185
598,0.005569
599,0.00229
600,0.002513
601,0.002556
602,0.002724
603,0.002844
604,0.002534
605,0.005627
606,0.790411
607,0.920086
608,0.924983
609,0.979241
610,0.973858
611,0.98089
612,0.974131
613,0.125064
614,0.002901
615,0.002877
616,0.001701
617,0.001573
618,0.00171
619,0.00137
620,0.001364
621,0.001358
622,0.001177
623,0.001258
624,0.000982
625,0.001371
626,0.00138
627,0.001749
628,0.001838
629,0.001614
630,0.001577
631,0.001601
632,0.0016
633,0.002651
634,0.002832
635,0.001986
636,0.002512
637,0.045846
638,0.97465
639,0.981945
640,0.997987
641,0.997178
642,0.997615
643,0.997771
644,0.999005
645,0.998801
646,0.998878
647,0.998865
648,0.998937
649,0.998909
650,0.998863
651,0.998867
652,0.999046
653,0.999126
654,0.999103
655,0.998859
656,0.900342
657,0.031222
658,0.003439
659,0.002007
660,0.002596
661,0.002217
662,0.002144
663,0.004997
664,0.003774
665,0.000198
666,0.000369
667,0.000255
668,0.000299
669,0.00171
670,0.001415
671,0.001822
672,0.001714
673,0.001735
674,0.001549
675,0.001406
676,0.00126
677,0.001317
678,0.001511
679,0.0015
680,0.001746
681,0.001499
682,0.002316
683,0.000438
684,0.000687
685,0.000613
686,0.000535
687,0.000248
688,0.000309
689,0.000296
690,0.000997
691,0.001381
692,0.00199
693,0.012595
694,0.932275
695,0.99731
696,0.997545
697,0.99109
698,0.998052
699,0.997913
700,0.998129
701,0.998461
702,0.988392
703,0.997897
704,0.095839
705,0.003222
706,0.005674
707,0.004851
708,0.001972
709,0.001448
710,0.001071
711,0.001122
712,0.002492
713,0.002003
714,0.001407
715,0.000809
716,0.000334
717,0.000343
718,0.00035
719,0.00032
720,0.000326
721,0.00031
722,0.000264
723,0.000789
724,0.000783
725,0.000819
726,0.000943
727,0.001011
728,0.001151
729,0.001136
730,0.00122
731,0.001271
732,0.001144
733,0.001303
734,0.001133
735,0.001246
736,0.001102
737,0.00016
738,0.000175
739,0.000149
740,0.000123
741,0.000161
742,0.000133
743,0.00014
744,0.000148
745,0.000186
746,0.000124
747,0.000124
748,0.000133
749,0.000117
750,0.000492
751,0.000111
752,0.000112
753,0.000119
754,0.000148
755,0.000935
756,0.000977
757,0.000872
758,0.000913
759,0.000901
760,0.001224
761,0.001024
762,0.000137
763,0.000169
764,0.002475
765,0.002093
766,0.002347
767,0.002571
768,0.002656
769,0.001454
770,0.002074
771,0.001353
772,0.000377
773,0.000485
774,0.001389
775,0.128408
776,0.310019
777,0.735692
778,0.748297
779,0.735429
780,0.727751
781,0.670673
782,0.598791
783,0.452401
784,0.355793
785,0.18988
786,0.1005
787,0.096283
788,0.00282
789,0.005768
790,0.006393
791,0.002058
792,0.00122
793,0.001201
794,0.000479
795,0.000176
796,0.000233
797,0.000447
798,0.000656
799,0.000734
800,0.000745
801,0.000672
802,0.00057
803,0.000528
804,0.000444
805,0.001246
806,0.001253
807,0.000657
808,0.001462
809,0.001481
810,0.001313
811,0.001315
812,0.000949
813,0.000457
814,0.00046
815,0.000494
816,0.000835
817,0.00091
818,0.00098
819,0.000936
820,0.000789
821,0.000871
822,0.000939
823,0.000717
824,0.00092
825,0.000337
826,0.000359
827,0.000379
828,0.000292
829,0.000246
830,0.000234
831,0.000249
832,0.000309
833,0.000291
834,0.000345
835,0.000364
836,0.000473
837,0.000538
838,0.000776
839,0.000688
840,0.000715
841,0.000746
842,0.000713
843,0.000655
844,0.000657
845,0.000536
846,0.000535
847,0.000643
848,0.000641
849,0.000573
850,0.000506
851,0.000451
852,0.00033
853,0.000383
854,0.000334
855,0.000341
856,0.000359
857,0.000324
858,0.000316
859,0.000293
860,0.000308
861,0.000272
862,0.000243
863,0.000187
864,0.000169
865,0.000224
866,0.000242
867,0.00023
868,0.000246
869,0.000237
870,0.000298
871,0.000327
872,0.000424
873,0.001148
874,0.001224
875,0.00119
876,0.001054
877,0.001021
878,0.000902
879,0.000911
880,0.000901
881,0.001429
882,0.844196
883,0.871894
884,0.90958
885,0.876333
886,0.985261
887,0.995227
888,0.982264
889,0.990427
890,0.964219
891,0.983771
892,0.993803
893,0.992317
894,0.989443
895,0.542576
896,0.013207
897,0.001843
898,0.001595
899,0.000452
900,0.000986
901,0.001508
902,0.002125
903,0.002549
904,0.001807
905,0.001884
906,0.001283
907,0.001326
908,0.001204
909,0.000161
910,0.000243
911,0.000173
912,0.000615
913,0.000904
914,0.001044
915,0.000651
916,0.000647
917,0.00083
918,0.00079
919,0.000663
920,7.1e-05
921,6.2e-05
922,0.000511
923,0.000497
924,0.000478
925,0.00046
926,0.00039
927,0.000355
928,0.000407
929,0.001125
930,0.474343
931,0.97624
932,0.982041
933,0.960325
934,0.984599
935,0.994585
936,0.994042
937,0.991382
938,0.989261
939,0.958303
940,0.004662
941,0.002616
942,0.005673
943,0.00475
944,0.00374
945,0.002238
946,0.003312
947,0.002229
948,0.002428
949,0.005232
950,0.003132
951,0.003195
952,0.002539
953,0.001778
954,0.000795
955,0.00088
956,0.000903
957,0.000846
958,0.000742
959,0.001217
960,0.001056
961,0.000593
962,0.000557
963,0.000534
964,0.000591
965,0.000513
966,0.000568
967,0.000796
968,0.000289
969,0.077078
970,0.959273
971,0.993312
972,0.981737
973,0.992969
974,0.995142
975,0.995469
976,0.994429
977,0.99624
978,0.726321
979,0.017238
980,0.002708
981,0.000694
982,0.000619
983,0.000905
984,0.000593
985,0.001015
986,0.001125
987,0.003276
988,0.002417
989,0.002553
990,0.00174
991,0.001364
992,0.001044
993,0.000954
994,0.001076
995,0.000551
996,0.000939
997,0.000937
998,0.001626
999,0.000866
1000,0.000627
1001,0.00063
1002,0.000693
1003,0.000773
1004,0.000559
1005,0.00053
1006,0.000441
1007,0.000305
1008,0.000463
1009,0.000297
1010,0.000281
1011,0.00024
1012,0.000233
1013,0.000215
1014,0.000161
1015,0.000177
1016,0.000225
1017,0.000287
1018,0.000294
1019,0.000315
1020,0.000305
1021,0.000244
1022,0.000217
1023,0.000188
1024,0.000138
1025,0.00016
1026,0.000233
1027,0.054447
1028,0.932826
1029,0.967258
1030,0.984494
1031,0.99104
1032,0.997919
1033,0.997962
1034,0.99877
1035,0.998362
1036,0.998779
1037,0.99855
1038,0.998751
1039,0.9625
1040,0.012628
1041,0.006914
1042,0.000677
1043,0.000354
1044,0.000616
1045,0.002626
1046,0.001836
1047,0.002145
1048,0.00153
1049,0.000994
1050,0.000599
1051,0.000657
1052,0.000582
1053,0.00026
1054,0.000313
1055,0.0003
1056,0.000502
1057,0.000402
1058,0.000313
1059,0.000366
1060,0.000292
1061,0.000189
1062,0.000117
1063,0.000212
1064,0.000262
1065,0.000244
1066,0.00031
1067,0.000275
1068,0.00025
1069,0.00018
1070,0.000186
1071,0.000208
1072,0.000249
1073,0.000233
1074,0.000229
1075,0.042712
1076,0.973114
1077,0.983102
1078,0.94682
1079,0.96755
1080,0.965553
1081,0.973402
1082,0.984516
1083,0.980054
1084,0.886523
1085,0.075672
1086,0.003707
1087,0.015911
1088,0.002617
1089,0.001031
1090,0.0004
1091,0.000293
1092,0.000369
1093,0.000321
1094,0.001147
1095,0.001224
1096,0.001214
1097,0.001006
1098,0.000834
1099,0.000524
1100,0.000504
1101,0.000389
1102,0.000423
1103,0.000436
1104,0.0004
1105,0.000498
1106,0.000474
1107,0.000523
1108,0.000428
1109,0.000416
1110,0.000345
1111,0.000659
1112,0.000544
1113,0.000483
1114,0.000525
1115,0.000508
1116,0.000505
1117,0.000502
1118,0.000787
1119,0.001049
1120,0.000819
1121,0.001
1122,0.001003
1123,0.001064
1124,0.001058
1125,0.00097
1126,0.000981
1127,0.000933
1128,0.001087
1129,0.001125
1130,0.00068
1131,0.012596
1132,0.882496
1133,0.88487
1134,0.963752
1135,0.94957
1136,0.957026
1137,0.958027
1138,0.914218
1139,0.915046
1140,0.893796
1141,0.898433
1142,0.907339
1143,0.903368
1144,0.055601
1145,0.002001
1146,0.001656
1147,0.001594
1148,0.001419
1149,0.001547
1150,0.001706
1151,0.000496
1152,0.000417
1153,0.000453
1154,0.000396
1155,0.000352
1156,0.000804
1157,0.00078
1158,0.000811
1159,0.00082
1160,0.00071
1161,0.000779
1162,0.000597
1163,0.000492
1164,0.000389
1165,7.7e-05
1166,7e-05
1167,5.2e-05
1168,0.005973
1169,0.959997
1170,0.995254
1171,0.997093
1172,0.998784
1173,0.998845
1174,0.998735
1175,0.998381
1176,0.996122
1177,0.995882
1178,0.996552
1179,0.994451
1180,0.995876
1181,0.998043
1182,0.996881
1183,0.997124
1184,0.996123
1185,0.996631
1186,0.979146
1187,0.165999
1188,0.006531
1189,0.015126
1190,0.005066
1191,0.00292
1192,0.002868
1193,0.002476
1194,0.002501
1195,0.003534
1196,0.003584
1197,0.003077
1198,0.003215
1199,0.001795
1200,0.001629
1201,0.001316
1202,0.003368
1203,0.00265
1204,0.002747
1205,0.002506
1206,0.002292
1207,0.00207
1208,0.002008
1209,0.001986
1210,0.002013
1211,0.001915
1212,0.001961
1213,0.001863
1214,0.001402
1215,0.001094
1216,0.001229
1217,0.001139
1218,0.001093
1219,0.000986
1220,0.001017
1221,0.001022
1222,0.000922
1223,0.001095
1224,0.000894
1225,0.000834
1226,0.000876
1227,0.000769
1228,0.001011
1229,0.001108
1230,0.001097
1231,0.000523
1232,0.000523
1233,0.000517
1234,0.000495
1235,0.000495
1236,0.000443
1237,0.000391
1238,0.00034
1239,0.000342
1240,0.000312
1241,0.000359
1242,0.00028
1243,0.00028
1244,0.000272
1245,0.000283
1246,0.000301
1247,0.000338
1248,0.000371
1249,0.000248
1250,0.000445
1251,0.00038
1252,0.0006
1253,0.000812
1254,0.001223
1255,0.000983
1256,0.001255
1257,0.000809
1258,0.000845
1259,0.000935
1260,0.000772
1261,0.00056
1262,0.000628
1263,0.000702
1264,0.000585
1265,0.000743
1266,0.000611
1267,0.000609
1268,0.000418
1269,0.000432
1270,0.00036
1271,0.000347
1272,0.000332
1273,0.000376
1274,0.130941
1275,0.31686
1276,0.185264
1277,0.166839
1278,0.523833
1279,0.322539
1280,0.461784
1281,0.482117
1282,0.463606
1283,0.150405
1284,0.001089
1285,0.00049
1286,0.000476
1287,0.000975
1288,0.000719
1289,0.000594
1290,0.000387
1291,0.000442
1292,0.001095
1293,0.001158
1294,0.001917
1295,0.001668
1296,0.001403
1297,0.001554
1298,0.002097
1299,0.001569
1300,0.001176
1301,0.000942
1302,0.000967
1303,0.000831
1304,0.000731
1305,0.000748
1306,0.000901
1307,0.000739
1308,0.00052
1309,0.000414
1310,0.000325
1311,0.000304
1312,0.000263
1313,0.000279
1314,0.000199
1315,0.00017
1316,0.000173
1317,0.00017
1318,0.000168
1319,0.000171
1320,0.000171
1321,0.000164
1322,0.000146
1323,0.000147
1324,0.000121
1325,0.000147
1326,0.000134
1327,0.000149
1328,0.000153
1329,0.000177
1330,0.000174
1331,0.000188
1332,0.000191
1333,0.000257
1334,0.00056
1335,0.000756
1336,0.000712
1337,0.000554
1338,0.000624
1339,0.001352
1340,0.018324
1341,0.977673
1342,0.979879
1343,0.974568
1344,0.980522
1345,0.973998
1346,0.919651
1347,0.947562
1348,0.967465
1349,0.956326
1350,0.702255
1351,0.008936
1352,0.000922
1353,0.000369
1354,0.000926
1355,0.002265
1356,0.001304
1357,0.001523
1358,0.001009
1359,0.001194
1360,0.000381
1361,0.000317
1362,0.000365
1363,0.000497
1364,0.00062
1365,0.000972
1366,0.000832
1367,0.00103
1368,0.00078
1369,0.000901
1370,0.000958
1371,0.000938
1372,0.000846
1373,0.011345
1374,0.942937
1375,0.994342
1376,0.993325
1377,0.996151
1378,0.992821
1379,0.996244
1380,0.996358
1381,0.996021
1382,0.99711
1383,0.996834
1384,0.995828
1385,0.949687
1386,0.027094
1387,0.001194
1388,0.000982
1389,0.001036
1390,0.000665
1391,0.000517
1392,0.000586
1393,0.001824
1394,0.001356
1395,0.001268
1396,0.001231
1397,0.001224
1398,0.001242
1399,0.002139
1400,0.916594
1401,0.991868
1402,0.993124
1403,0.993629
1404,0.992321
1405,0.993757
1406,0.99444
1407,0.992251
1408,0.99304
1409,0.991389
1410,0.98792
1411,0.968167
1412,0.007274
1413,0.001104
1414,0.00198
1415,0.001186
1416,0.004021
1417,0.001119
1418,0.001111
1419,0.001062
1420,0.000618
1421,0.000486
1422,0.00103
1423,0.001275
1424,0.001259
1425,0.00112
1426,0.001044
1427,0.00115
1428,0.001098
1429,0.000919
1430,0.000955
1431,0.000933
1432,0.000691
1433,0.000793
1434,0.000654
1435,0.000644
1436,0.000817
1437,0.000921
1438,0.00103
1439,0.000992
1440,0.000741
1441,0.000815
1442,0.000673
1443,0.000519
1444,0.000474
1445,0.000438
1446,0.000249
1447,0.000277
1448,0.000286
1449,0.000257
1450,0.000493
1451,0.000605
1452,0.002649
1453,0.282527
1454,0.959061
1455,0.983901
1456,0.979332
1457,0.950719
1458,0.975816
1459,0.986456
1460,0.991676
1461,0.982356
1462,0.974889
1463,0.971244
1464,0.964814
1465,0.945331
1466,0.906523
1467,0.875268
1468,0.863013
1469,0.892858
1470,0.528345
1471,0.004189
1472,0.001508
1473,0.001497
1474,0.002324
1475,0.001748
1476,0.001838
1477,0.003984
1478,0.003784
1479,0.003413
1480,0.003748
1481,0.002006
1482,0.0016
1483,0.001285
1484,0.00119
1485,0.001111
1486,0.006334
1487,0.563098
1488,0.731521
1489,0.889353
1490,0.68025
1491,0.837097
1492,0.876298
