1,0.977151
2,0.989699
3,0.988973
4,0.991932
5,0.995659
6,0.995048
7,0.994017
8,0.995355
9,0.99547
10,0.994597
11,0.993904
12,0.99488
13,0.994268
14,0.99608
15,0.994851
16,0.986249
17,0.992951
18,0.994921
19,0.996612
20,0.996787
21,0.997188
22,0.997525
23,0.996638
24,0.996397
25,0.995702
26,0.995946
27,0.995705
28,0.995362
29,0.991743
30,0.982326
31,0.987466
32,0.974874
33,0.976675
34,0.971284
35,0.982795
36,0.986047
37,0.98678
38,0.98894
39,0.986665
40,0.986358
41,0.967071
42,0.935454
43,0.962105
44,0.969442
45,0.963048
46,0.92049
47,0.934624
48,0.527878
49,0.013028
50,0.001669
51,0.002912
52,0.002436
53,0.002559
54,0.002723
55,0.004373
56,0.002934
57,0.002139
58,0.001713
59,0.00126
60,0.001247
61,0.001706
62,0.002292
63,0.0066
64,0.00621
65,0.01272
66,0.259622
67,0.216609
68,0.152847
69,0.247162
70,0.215623
71,0.405385
72,0.509979
73,0.466
74,0.326581
75,0.19053
76,0.465213
77,0.653175
78,0.225969
79,0.258563
80,0.203293
81,0.231552
82,0.415813
83,0.501001
84,0.317478
85,0.216625
86,0.241703
87,0.182724
88,0.168739
89,0.177019
90,0.234613
91,0.294885
92,0.309887
93,0.333549
94,0.258038
95,0.372755
96,0.625631
97,0.460921
98,0.635136
99,0.772107
100,0.525782
101,0.02501
102,0.009096
103,0.003701
104,0.002941
105,0.002801
106,0.002704
107,0.003586
108,0.004606
109,0.006078
110,0.007704
111,0.007127
112,0.007962
113,0.012346
114,0.28804
115,0.887701
116,0.831254
117,0.87665
118,0.93463
119,0.97079
120,0.976915
121,0.967192
122,0.975886
123,0.974987
124,0.972412
125,0.972694
126,0.979102
127,0.723366
128,0.008418
129,0.001584
130,0.001319
131,0.001607
132,0.001088
133,0.001148
134,0.001071
135,0.001011
136,0.001216
137,0.001185
138,0.001253
139,0.001325
140,0.00146
141,0.002606
142,0.15347
143,0.991992
144,0.997779
145,0.998847
146,0.998869
147,0.998768
148,0.998635
149,0.998898
150,0.999122
151,0.999172
152,0.999321
153,0.999348
154,0.999168
155,0.99912
156,0.999216
157,0.999091
158,0.999048
159,0.99891
160,0.999035
161,0.999048
162,0.998976
163,0.999263
164,0.999212
165,0.999147
166,0.999165
167,0.999208
168,0.999159
169,0.999117
170,0.999091
171,0.999003
172,0.998835
173,0.998787
174,0.998825
175,0.998908
176,0.998906
177,0.999047
178,0.999006
179,0.999018
180,0.998955
181,0.875433
182,0.030873
183,0.006672
184,0.004804
185,0.001794
186,0.001927
187,0.001284
188,0.001616
189,0.001021
190,0.001533
191,0.003998
192,0.004264
193,0.007036
194,0.006062
195,0.006122
196,0.007308
197,0.024524
198,0.944241
199,0.998283
200,0.998758
201,0.998489
202,0.998366
203,0.998189
204,0.988008
205,0.029992
206,0.002368
207,0.003304
208,0.005213
209,0.005865
210,0.004685
211,0.00376
212,0.003168
213,0.002981
214,0.002786
215,0.002706
216,0.003284
217,0.003759
218,0.004529
219,0.007944
220,0.005311
221,0.004019
222,0.002708
223,0.003755
224,0.003946
225,0.002923
226,0.003135
227,0.002856
228,0.00271
229,0.002597
230,0.003281
231,0.007327
232,0.006819
233,0.010709
234,0.537296
235,0.960326
236,0.949103
237,0.87571
238,0.82718
239,0.815061
240,0.760738
241,0.872222
242,0.873742
243,0.860866
244,0.886923
245,0.232019
246,0.010235
247,0.008024
248,0.000509
249,0.007058
250,0.000522
251,0.000576
252,0.000548
253,0.000527
254,0.000545
255,0.000476
256,0.000934
257,0.300222
258,0.93153
259,0.967009
260,0.967765
261,0.960687
