1,0.978595
2,0.988766
3,0.9864
4,0.973442
5,0.974536
6,0.967326
7,0.969186
8,0.977184
9,0.949307
10,0.944693
11,0.960549
12,0.955523
13,0.960697
14,0.963871
15,0.967301
16,0.970662
17,0.96863
18,0.990495
19,0.989165
20,0.988368
21,0.986385
22,0.982855
23,0.978736
24,0.980679
25,0.964139
26,0.960665
27,0.975303
28,0.981806
29,0.9809
30,0.977773
31,0.979006
32,0.96174
33,0.970329
34,0.95773
35,0.954378
36,0.963564
37,0.962855
38,0.963547
39,0.949323
40,0.95762
41,0.969776
42,0.964871
43,0.921077
44,0.758648
45,0.853617
46,0.714891
47,0.39041
48,0.272328
49,0.373249
50,0.591568
51,0.588533
52,0.318464
53,0.477698
54,0.025434
55,0.000883
56,0.000548
57,0.000412
58,0.001143
59,0.001602
60,0.000277
61,0.000369
62,0.000592
63,0.000403
64,0.000565
65,0.00059
66,0.267235
67,0.799501
68,0.583544
69,0.60638
70,0.82075
71,0.505647
72,0.451685
73,0.503596
74,0.510881
75,0.422082
76,0.308431
77,0.182379
78,0.119301
79,0.050262
80,0.1451
81,0.144532
82,0.108613
83,0.180674
84,0.151317
85,0.274237
86,0.478849
87,0.088321
88,0.084941
89,0.075432
90,0.004432
91,0.000477
92,0.00049
93,0.001307
94,0.001024
95,0.000754
96,0.000786
97,0.000656
98,0.00027
99,0.000433
100,0.000276
101,0.000238
102,0.000511
103,0.000591
104,0.000865
105,0.000904
106,0.000945
107,0.000952
108,0.001371
109,0.0013
110,0.000749
111,0.00064
112,0.001422
113,0.0009
114,0.000404
115,0.000475
116,0.002333
117,0.85558
118,0.746372
119,0.802737
120,0.691575
121,0.842683
122,0.853049
123,0.92085
124,0.87513
125,0.922791
126,0.455829
127,0.005181
128,0.0008
129,0.000549
130,0.000675
131,0.00176
132,0.00301
133,0.002463
134,0.002274
135,0.002265
136,0.002331
137,0.001923
138,0.001872
139,0.001744
140,0.001813
141,0.001595
142,0.001764
143,0.001439
144,0.000987
145,0.000479
146,0.00022
147,0.00205
148,0.001089
149,0.001019
150,0.000584
151,0.0008
152,0.001041
153,0.00448
154,0.443267
155,0.998906
156,0.998456
157,0.997502
158,0.998132
159,0.997245
160,0.996505
161,0.997463
162,0.997771
163,0.997466
164,0.997195
165,0.997001
166,0.997331
167,0.997402
168,0.997736
169,0.99684
170,0.995095
171,0.994363
172,0.994611
173,0.700363
174,0.001715
175,0.000519
176,0.001148
177,0.000918
178,0.000554
179,0.00071
180,0.000842
181,0.001974
182,0.003259
183,0.003195
184,0.003382
185,0.00286
186,0.00274
187,0.002267
188,0.001535
189,0.001754
190,0.001385
191,0.001183
192,0.001171
193,0.001255
194,0.001808
195,0.000669
196,0.001927
197,0.001661
198,0.001534
199,0.001366
200,0.00136
201,0.001248
202,0.001243
203,0.001096
204,0.001327
205,0.001409
206,0.001322
207,0.000981
208,0.000591
209,0.000712
210,0.001058
211,0.001188
212,0.000631
213,0.030947
214,0.920264
215,0.991181
216,0.993488
217,0.995511
218,0.993418
219,0.993855
220,0.993342
221,0.97202
222,0.025325
223,0.002436
224,0.001322
225,0.002646
226,0.003772
227,0.002257
228,0.001599
229,0.000814
230,0.001205
231,0.004424
232,0.004619
233,0.003947
234,0.004371
235,0.003807
236,0.00446
237,0.004185
238,0.004702
239,0.005803
240,0.004736
241,0.003821
242,0.004017
243,0.003712
244,0.001977
245,0.002443
246,0.001768
247,0.002023
248,0.002019
249,0.001924
250,0.001881
251,0.001527
252,0.00171
253,0.001612
254,0.001251
255,0.000942
256,0.001035
257,0.001111
258,0.002905
259,0.00297
260,0.002425
261,0.002142
262,0.002672
263,0.002766
264,0.002936
265,0.002707
266,0.003812
267,0.003951
268,0.124212
269,0.430953
270,0.401914
271,0.295732
272,0.466816
273,0.195511
274,0.505334
275,0.526988
276,0.539999
277,0.305568
278,0.012367
279,0.001866
280,0.001509
281,0.001277
282,0.000678
283,0.000615
284,0.000528
285,0.000537
286,0.000243
287,0.000442
288,0.000314
289,0.000233
290,0.000214
291,0.000144
292,0.000163
293,0.000169
294,0.000245
295,0.000254
296,0.000259
297,0.000302
298,0.000476
299,0.001229
300,0.001457
301,0.000921
302,0.001041
303,0.00109
304,0.001413
305,0.001436
306,0.002185
307,0.001136
308,0.000797
309,0.001037
310,0.000932
311,0.000785
312,0.000572
313,0.000668
314,0.000575
315,0.000381
316,0.000323
317,0.000263
318,0.000238
319,0.000216
320,0.000209
321,0.000174
322,0.000221
323,0.000236
324,0.000232
325,0.000244
326,0.000231
327,0.0156
328,0.971657
329,0.987653
330,0.99023
331,0.994215
332,0.993573
333,0.995909
334,0.996542
335,0.997651
336,0.998022
337,0.998121
338,0.997747
339,0.93433
340,0.02122
341,0.002334
342,0.00066
343,0.000298
344,0.001581
345,0.001417
346,0.000895
347,0.000526
348,0.000627
349,0.000671
350,0.001014
351,0.000716
352,0.000293
353,0.000734
354,0.000779
355,0.000587
356,0.000693
357,0.000645
358,0.000743
359,0.000333
360,0.000496
361,0.001359
362,0.001673
363,0.002581
364,0.002588
365,0.002288
366,0.003239
367,0.003263
368,0.003136
369,0.000728
370,0.000611
371,0.000272
372,0.000554
373,0.000585
374,0.00217
375,0.768065
376,0.993462
377,0.995129
378,0.994943
379,0.995132
380,0.996002
381,0.996826
382,0.996459
383,0.993307
384,0.653567
385,0.003601
386,0.00402
387,0.002127
388,0.001603
389,0.001452
390,0.001299
391,0.000703
392,0.001628
393,0.001593
394,0.003315
395,0.003198
396,0.003624
397,0.003057
398,0.003878
399,0.00295
400,0.00287
401,0.002514
402,0.002609
403,0.00222
404,0.002048
405,0.002198
406,0.002137
407,0.002575
408,0.002984
409,0.00185
410,0.002278
411,0.002441
412,0.001014
413,0.001354
414,0.001346
415,0.00129
416,0.001557
417,0.001333
418,0.001494
419,0.001851
420,0.001984
421,0.001982
422,0.00145
423,0.000558
424,0.000833
425,0.001363
426,0.001406
427,0.002704
428,0.00218
429,0.001778
430,0.001632
431,0.001844
432,0.001227
433,0.000881
434,0.00091
435,0.001223
436,0.001436
437,0.001308
438,0.001073
439,0.001247
440,0.001354
441,0.001909
442,0.001596
443,0.03313
444,0.903097
445,0.997539
446,0.99695
447,0.998449
448,0.998673
449,0.998505
450,0.998155
451,0.99727
452,0.997484
453,0.997477
454,0.997715
455,0.997921
456,0.998209
457,0.99844
458,0.99834
459,0.992758
460,0.991008
461,0.990623
462,0.988297
463,0.991758
464,0.996738
465,0.998308
466,0.983889
467,0.013956
468,0.002478
469,0.001549
470,0.003606
471,0.003701
472,0.00196
473,0.003004
474,0.002527
475,0.002607
476,0.00234
477,0.002876
478,0.002484
479,0.002266
480,0.001784
481,0.001469
482,0.001515
483,0.001643
484,0.001531
485,0.001439
486,0.001221
487,0.00088
488,0.00075
489,0.000972
490,0.001056
491,0.001038
492,0.00102
493,0.000923
494,0.000812
495,0.000788
496,0.000959
497,0.001225
498,0.001158
499,0.001066
500,0.001034
501,0.000748
502,0.00069
503,0.000719
504,0.000711
505,0.002406
506,0.002059
507,0.001674
508,0.001425
509,0.245635
510,0.993124
511,0.99188
512,0.997465
513,0.999315
514,0.999198
515,0.998945
516,0.998899
517,0.999197
518,0.998985
519,0.997544
520,0.977426
521,0.022426
522,0.00449
523,0.003239
524,0.00236
525,0.001636
526,0.002867
527,0.001772
528,0.001408
529,0.003217
530,0.004236
531,0.003684
532,0.006388
533,0.007818
534,0.007071
535,0.00777
536,0.00809
537,0.00896
538,0.007087
539,0.006652
540,0.007869
541,0.004448
542,0.00244
543,0.00238
544,0.002085
545,0.001661
546,0.001888
547,0.002316
548,0.002329
549,0.002132
550,0.000762
551,0.000654
552,0.000612
553,0.000864
554,0.000883
555,0.000756
556,0.000684
557,0.000651
558,0.00067
559,0.000661
560,0.00058
561,0.000581
562,0.000738
563,0.003246
564,0.038288
565,0.318894
566,0.631812
567,0.630284
568,0.597812
569,0.515198
570,0.549017
571,0.628887
572,0.816575
573,0.356907
574,0.002608
575,0.002283
576,0.002356
577,0.001352
578,0.000937
579,0.001086
580,0.001615
581,0.001617
582,0.001558
583,0.00162
584,0.001803
585,0.001549
586,0.001632
587,0.002462
588,0.001746
589,0.001701
590,0.001476
591,0.00135
592,0.00097
593,0.000541
594,0.000561
595,0.003926
596,0.5557
597,0.940953
598,0.931123
599,0.94291
600,0.927017
601,0.730287
602,0.749569
603,0.758697
604,0.756266
605,0.840573
606,0.813542
607,0.798456
608,0.934347
609,0.865974
610,0.87899
611,0.882397
612,0.950118
613,0.945737
614,0.956764
615,0.965545
616,0.951116
617,0.983393
618,0.981345
619,0.969373
620,0.988139
621,0.990644
622,0.990724
623,0.993428
624,0.992289
625,0.261747
626,0.002975
627,0.000584
628,0.000548
629,0.000527
630,0.000572
631,0.001006
632,0.001621
633,0.001988
634,0.002012
635,0.01866
636,0.972584
637,0.992327
638,0.999043
639,0.998875
640,0.999125
641,0.999022
642,0.998627
643,0.998242
644,0.997533
645,0.998081
646,0.998153
647,0.998819
648,0.99893
649,0.998962
650,0.998934
651,0.998427
652,0.998494
653,0.998108
654,0.998612
655,0.998363
656,0.994925
657,0.981927
658,0.979483
659,0.922566
660,0.916191
661,0.905404
662,0.940936
663,0.92918
664,0.994124
665,0.988199
666,0.98934
667,0.99231
668,0.991982
669,0.994205
670,0.994979
671,0.995772
672,0.997628
673,0.997653
674,0.997529
675,0.9976
676,0.994152
677,0.997006
678,0.996285
679,0.995438
680,0.994032
681,0.995841
682,0.995894
683,0.994936
684,0.992635
685,0.997069
686,0.996989
687,0.997566
688,0.997733
689,0.997364
690,0.997543
691,0.998168
692,0.997197
693,0.997935
694,0.997635
695,0.997946
696,0.998349
697,0.998187
698,0.998054
699,0.998324
700,0.998596
701,0.99877
702,0.998685
703,0.998446
704,0.997839
705,0.998389
706,0.998681
707,0.998641
708,0.997797
709,0.998688
710,0.998612
711,0.997202
712,0.992407
713,0.991859
714,0.992964
715,0.991829
716,0.993123
717,0.992703
718,0.994968
719,0.993564
720,0.992616
721,0.990148
722,0.992039
723,0.992301
724,0.990987
725,0.992304
726,0.991755
727,0.989629
728,0.985764
729,0.98447
730,0.975855
731,0.975783
732,0.937099
733,0.956629
734,0.888872
735,0.713562
736,0.651256
737,0.528497
738,0.531888
739,0.432256
740,0.563508
741,0.558076
742,0.642919
743,0.655421
744,0.641752
745,0.796885
746,0.811089
747,0.637706
748,0.636736
749,0.595681
750,0.595957
751,0.497716
752,0.260679
753,0.164962
754,0.144666
755,0.146376
756,0.107389
757,0.113317
758,0.10857
759,0.090645
760,0.080871
761,0.075524
762,0.073925
763,0.070955
764,0.054411
765,0.039268
766,0.349185
767,0.326437
768,0.340576
769,0.326789
770,0.324382
771,0.342716
772,0.214481
773,0.175583
774,0.110165
775,0.185487
776,0.074571
777,0.248007
778,0.130976
779,0.18624
780,0.234536
781,0.443128
782,0.620764
783,0.715299
784,0.659441
785,0.488495
786,0.697482
787,0.655205
788,0.368394
789,0.47495
790,0.453481
791,0.865197
792,0.972891
793,0.978828
794,0.974348
795,0.950301
796,0.878678
797,0.803564
798,0.777508
799,0.764724
800,0.770525
801,0.75388
802,0.80687
803,0.854239
804,0.837617
805,0.9449
806,0.964709
807,0.967197
808,0.942625
809,0.97098
810,0.973079
811,0.965969
812,0.965771
813,0.966448
814,0.987802
815,0.993249
816,0.995977
817,0.996186
818,0.997341
819,0.997764
820,0.990829
821,0.990936
822,0.992731
823,0.99135
824,0.988912
825,0.97797
826,0.978468
827,0.981864
828,0.992994
829,0.995351
830,0.991264
831,0.997147
832,0.99754
833,0.996408
834,0.996439
835,0.995496
836,0.996699
837,0.995983
838,0.995847
839,0.995959
840,0.994745
841,0.995131
842,0.995812
843,0.995888
844,0.996049
845,0.994489
846,0.994127
847,0.993378
848,0.994274
849,0.993988
850,0.994088
851,0.994375
852,0.996259
853,0.997257
854,0.99733
855,0.997726
856,0.997592
857,0.997485
858,0.997798
859,0.997768
860,0.997895
861,0.99807
862,0.997477
863,0.996701
864,0.996708
865,0.996378
866,0.99784
867,0.998338
868,0.996066
