1,0.857915
2,0.829802
3,0.887747
4,0.940798
5,0.952372
6,0.957994
7,0.962585
8,0.955882
9,0.978517
10,0.98586
11,0.989141
12,0.99028
13,0.991726
14,0.990256
15,0.989715
16,0.98952
17,0.987138
18,0.984011
19,0.981034
20,0.980267
21,0.981147
22,0.980944
23,0.977192
24,0.981286
25,0.983102
26,0.981578
27,0.979135
28,0.979761
29,0.983635
30,0.98164
31,0.980268
32,0.977042
33,0.9766
34,0.977023
35,0.97599
36,0.96816
37,0.97539
38,0.973568
39,0.980303
40,0.977653
41,0.976227
42,0.979055
43,0.975638
44,0.971547
45,0.954538
46,0.961151
47,0.964067
48,0.958002
49,0.960913
50,0.904945
51,0.958459
52,0.97444
53,0.970541
54,0.96964
55,0.919433
56,0.960928
57,0.953631
58,0.957822
59,0.879413
60,0.823237
61,0.931761
62,0.860698
63,0.919307
64,0.937339
65,0.951554
66,0.948352
67,0.946172
68,0.946215
69,0.927386
70,0.92432
71,0.91538
72,0.899669
73,0.883451
74,0.871632
75,0.88458
76,0.855135
77,0.796063
78,0.764088
79,0.828161
80,0.819321
81,0.806567
82,0.822529
83,0.850109
84,0.867905
85,0.88057
86,0.858839
87,0.861478
88,0.91149
89,0.954695
90,0.95242
91,0.926529
92,0.895855
93,0.851807
94,0.78475
95,0.778936
96,0.767462
97,0.771788
98,0.781435
99,0.859418
100,0.795362
101,0.799073
102,0.867912
103,0.851223
104,0.865305
105,0.241609
106,0.012497
107,0.009665
108,0.004915
109,0.008308
110,0.006483
111,0.006673
112,0.00857
113,0.482263
114,0.64798
115,0.907468
116,0.947695
117,0.940302
118,0.940921
119,0.962425
120,0.978473
121,0.987478
122,0.979039
123,0.949207
124,0.967407
125,0.962876
126,0.977352
127,0.952972
128,0.969881
129,0.966983
130,0.955649
131,0.949956
132,0.962573
133,0.971206
134,0.971369
135,0.973054
136,0.971424
137,0.988875
138,0.984957
139,0.984128
140,0.985375
141,0.987215
142,0.984858
143,0.985777
144,0.983773
145,0.982062
146,0.984558
147,0.985079
148,0.984275
149,0.984455
150,0.986131
151,0.982003
152,0.983626
153,0.985499
154,0.096433
155,0.001806
156,0.001672
157,0.001363
158,0.001468
159,0.001007
160,0.000918
161,0.001421
162,0.001251
163,0.090546
164,0.968087
165,0.9622
166,0.981974
167,0.982935
168,0.982372
169,0.986552
170,0.986203
171,0.988876
172,0.9892
173,0.989032
174,0.988823
175,0.989701
176,0.989937
177,0.991171
178,0.991018
179,0.991778
180,0.992275
181,0.982486
182,0.983235
183,0.985871
184,0.983403
185,0.979788
186,0.980067
187,0.981651
188,0.981426
189,0.986164
190,0.989676
191,0.989048
192,0.984779
193,0.989258
194,0.988585
195,0.991478
196,0.992197
197,0.992746
198,0.99236
199,0.991904
200,0.991411
201,0.991873
202,0.991738
203,0.994027
204,0.994389
205,0.994868
206,0.994529
207,0.99394
208,0.992689
209,0.99149
210,0.992121
211,0.991634
212,0.989634
213,0.993135
214,0.993945
215,0.995338
216,0.995405
217,0.99525
218,0.994949
219,0.994466
220,0.993696
221,0.993094
222,0.993237
223,0.990437
224,0.99122
225,0.993935
226,0.993671
227,0.992816
228,0.991782
229,0.989831
230,0.991426
231,0.987996
232,0.986109
233,0.986721
234,0.987647
235,0.964915
236,0.01218
237,0.003105
238,0.00279
239,0.001253
240,0.001118
241,0.001185
242,0.000947
243,0.000987
244,0.00082
245,0.000909
246,0.001105
247,0.216578
248,0.586644
249,0.710443
250,0.807588
251,0.910133
252,0.907201
253,0.947625
254,0.948891
255,0.978635
256,0.924393
257,0.922967
258,0.920991
259,0.964429
260,0.962805
261,0.933834
262,0.952627
263,0.965233
264,0.964259
265,0.961306
266,0.97529
267,0.965036
268,0.957789
269,0.953276
270,0.962716
271,0.963394
272,0.965588
273,0.920883
274,0.024048
275,0.014141
276,0.407848
277,0.909344
278,0.960331
279,0.957087
280,0.849167
281,0.808658
282,0.874725
283,0.886023
284,0.894565
285,0.881995
286,0.923157
287,0.93781
288,0.929514
289,0.908701
290,0.94265
291,0.934034
292,0.927623
293,0.058661
294,0.013187
295,0.007747
296,0.002792
297,0.000342
298,0.000321
299,0.000402
300,0.00023
301,0.000196
302,0.000198
303,0.000179
304,0.000128
305,0.000142
306,0.000794
307,0.000732
308,0.000806
309,0.001036
310,0.001819
311,0.001698
312,0.006409
313,0.026588
314,0.027137
315,0.015278
316,0.017695
317,0.01455
318,0.006715
319,0.005712
320,0.004462
321,0.003669
322,0.103993
323,0.963627
324,0.983782
325,0.986614
326,0.985909
327,0.984039
328,0.990749
329,0.991331
330,0.992592
331,0.991674
332,0.993106
333,0.99379
334,0.99353
335,0.993483
336,0.327403
337,0.01596
338,0.006606
339,0.005739
340,0.006054
341,0.006624
342,0.008442
343,0.007935
344,0.008636
345,0.006471
346,0.006497
347,0.005977
348,0.005011
349,0.001815
350,0.001603
351,0.001917
352,0.001765
353,0.003142
354,0.00254
355,0.002163
356,0.002306
357,0.003029
358,0.003306
359,0.003123
360,0.003211
361,0.004943
362,0.00626
363,0.006949
364,0.005822
365,0.006549
366,0.004715
367,0.004901
368,0.003948
369,0.00341
370,0.005051
371,0.006178
372,0.409196
373,0.933455
374,0.98498
375,0.986639
376,0.987318
377,0.987646
378,0.989655
379,0.988785
380,0.992197
381,0.992301
382,0.990409
383,0.989945
384,0.990295
385,0.992287
386,0.991967
387,0.991995
388,0.992347
389,0.991811
390,0.990994
391,0.991288
392,0.990611
393,0.991136
394,0.988086
395,0.989059
396,0.987083
397,0.532262
398,0.026836
399,0.061132
400,0.177621
401,0.941675
402,0.940298
403,0.962578
404,0.977705
405,0.964705
406,0.969553
407,0.375779
408,0.006747
409,0.10131
410,0.013125
411,0.840433
412,0.926987
413,0.973906
414,0.977567
415,0.973152
416,0.983651
417,0.98162
418,0.982704
419,0.982365
420,0.98619
421,0.987655
422,0.984481
423,0.983534
424,0.983769
425,0.984371
426,0.984391
427,0.984978
428,0.989196
429,0.987749
430,0.985746
431,0.988151
432,0.990144
433,0.991474
434,0.99163
435,0.991719
436,0.104247
437,0.017494
438,0.004093
439,0.002336
440,0.001672
441,0.003388
442,0.004753
443,0.004414
444,0.005548
445,0.003951
446,0.002978
447,0.145716
448,0.943392
449,0.975409
450,0.989082
451,0.989935
452,0.990621
453,0.991679
454,0.991554
455,0.990972
456,0.991386
457,0.988873
458,0.985986
459,0.98927
460,0.990133
461,0.989188
462,0.988335
463,0.988629
464,0.984614
465,0.958973
466,0.041236
467,0.038685
468,0.028925
469,0.331067
470,0.863316
471,0.911802
472,0.940446
473,0.943151
474,0.956314
475,0.959194
476,0.95695
477,0.957678
478,0.962856
479,0.965995
480,0.973667
481,0.975232
482,0.977783
483,0.96866
484,0.965007
485,0.960863
486,0.960367
487,0.954598
488,0.951593
489,0.954466
490,0.957981
491,0.968575
492,0.96819
493,0.945899
494,0.202769
495,0.005107
496,0.002125
497,0.001916
498,0.020314
499,0.271606
500,0.529528
501,0.922201
502,0.948806
503,0.951792
504,0.95818
505,0.958505
506,0.959665
507,0.969345
508,0.968785
509,0.968383
510,0.971434
511,0.972236
512,0.97523
513,0.977867
514,0.977469
515,0.978209
516,0.978873
517,0.979943
518,0.983739
519,0.983341
520,0.986779
521,0.987408
522,0.987256
523,0.987917
524,0.987948
525,0.991025
526,0.987199
527,0.993085
528,0.99378
529,0.9843
530,0.98929
531,0.983606
532,0.983736
533,0.983378
534,0.984899
535,0.983443
536,0.980809
537,0.987054
538,0.988796
539,0.983596
540,0.985324
541,0.985501
542,0.415043
543,0.023949
544,0.007632
545,0.004251
546,0.002951
547,0.002512
548,0.00272
549,0.002018
550,0.002359
551,0.002214
552,0.008667
553,0.523348
554,0.747836
555,0.875992
556,0.891483
557,0.916932
558,0.96264
559,0.961645
560,0.963763
561,0.971681
562,0.978485
563,0.976776
564,0.979227
565,0.957959
566,0.939545
567,0.101031
568,0.01643
569,0.004328
570,0.004571
571,0.00511
572,0.003117
573,0.003369
574,0.00316
575,0.002707
576,0.002292
577,0.001971
578,0.001606
579,0.003203
580,0.001987
581,0.010489
582,0.752786
583,0.940945
584,0.966876
585,0.947629
586,0.941158
587,0.93403
588,0.924261
589,0.871243
590,0.868053
591,0.87667
592,0.882036
593,0.866549
594,0.863186
595,0.864381
596,0.833387
597,0.029909
598,0.005435
599,0.004273
600,0.003863
601,0.003375
602,0.003934
603,0.003905
604,0.003416
605,0.00314
606,0.003013
607,0.005076
608,0.383427
609,0.805114
610,0.855798
611,0.879657
612,0.862795
613,0.813577
614,0.782982
615,0.859188
616,0.822669
617,0.79891
618,0.83803
619,0.833711
620,0.869274
621,0.891585
622,0.921451
623,0.933484
624,0.931928
625,0.948005
626,0.943607
627,0.956159
628,0.960782
629,0.960094
630,0.953204
631,0.949781
632,0.946235
633,0.93852
634,0.939178
635,0.011189
636,0.016538
637,0.010136
638,0.33451
639,0.809977
640,0.92988
641,0.963233
642,0.966787
643,0.970529
644,0.009223
645,0.000746
646,0.000127
647,0.000214
648,0.000227
649,0.085451
650,0.536455
651,0.860322
652,0.926298
653,0.95846
654,0.970691
655,0.97626
656,0.981529
657,0.980012
658,0.981586
659,0.983478
660,0.982194
661,0.986412
662,0.988919
663,0.989952
664,0.990355
665,0.98935
666,0.990538
667,0.799789
668,0.035839
669,0.002462
670,0.001285
671,0.001279
672,0.001238
673,0.001956
674,0.001929
675,0.001681
676,0.001939
677,0.002444
678,0.002225
679,0.001617
680,0.000852
681,0.000282
682,0.000427
683,0.00078
684,0.000593
685,0.001193
686,0.001878
687,0.003319
688,0.005611
689,0.024802
690,0.195461
691,0.962908
692,0.963332
693,0.973219
694,0.969799
695,0.972761
696,0.978486
697,0.976402
698,0.980429
699,0.973806
700,0.98475
701,0.981204
702,0.984773
703,0.974457
704,0.985834
705,0.985382
706,0.983139
707,0.98197
708,0.980234
709,0.986357
710,0.993549
711,0.987547
712,0.321177
713,0.002894
714,0.002044
715,0.001822
716,0.002184
717,0.002068
718,0.001682
719,0.000943
720,0.000512
721,0.000953
722,0.000623
723,0.000839
724,0.001129
725,0.001096
726,0.000786
727,0.00079
728,0.005041
729,0.552464
730,0.882362
731,0.962981
732,0.958077
733,0.958609
734,0.936322
735,0.940986
736,0.939989
737,0.949376
738,0.949327
739,0.970613
740,0.957052
741,0.941321
742,0.918061
743,0.637515
744,0.332612
745,0.080678
746,0.366428
747,0.881924
748,0.818893
749,0.738611
750,0.691727
751,0.700409
752,0.719778
753,0.896861
754,0.75056
755,0.400751
756,0.368689
757,0.09248
758,0.004493
759,0.001818
760,0.001049
761,0.000689
762,0.000692
763,0.000299
764,0.000325
765,0.001456
766,0.059031
767,0.677165
768,0.734437
769,0.767117
770,0.788014
771,0.731591
772,0.709926
773,0.620534
774,0.662654
775,0.507457
776,0.557836
777,0.587035
778,0.56196
779,0.600397
780,0.768385
781,0.922301
782,0.919663
783,0.885522
784,0.891148
785,0.744666
786,0.801206
787,0.866854
788,0.874435
789,0.971173
790,0.957277
791,0.961399
792,0.956203
793,0.785785
794,0.767217
795,0.75872
796,0.76922
797,0.847794
798,0.85283
799,0.870471
800,0.844966
801,0.863848
802,0.812263
803,0.869516
804,0.922833
805,0.051081
806,0.039403
807,0.010727
808,0.049544
809,0.632309
810,0.901469
811,0.969533
812,0.970697
813,0.965808
814,0.955359
815,0.970603
816,0.968442
817,0.977149
818,0.962875
819,0.96261
820,0.96635
821,0.963244
822,0.962833
823,0.958925
824,0.964587
825,0.963736
826,0.960127
827,0.961788
828,0.964755
829,0.962225
830,0.970023
831,0.970694
832,0.972423
833,0.960722
834,0.974589
835,0.989838
836,0.991079
837,0.993366
838,0.993613
839,0.993733
840,0.993597
841,0.994926
842,0.994934
843,0.994223
844,0.994472
845,0.99382
846,0.992769
847,0.991427
848,0.992985
849,0.99449
850,0.992938
851,0.994872
852,0.994221
853,0.994109
854,0.993504
855,0.993927
856,0.992955
857,0.993538
858,0.993827
859,0.993623
860,0.993687
861,0.994853
862,0.994717
863,0.994052
864,0.993347
865,0.993267
866,0.992079
867,0.993159
868,0.995102
869,0.99486
870,0.995166
871,0.995082
872,0.995741
873,0.995673
874,0.995769
875,0.995754
876,0.994949
877,0.991516
878,0.99099
879,0.994619
880,0.993572
881,0.992328
882,0.988447
883,0.991951
884,0.988567
885,0.986979
886,0.986529
887,0.984501
888,0.983621
889,0.983108
890,0.98361
891,0.979331
892,0.978754
893,0.978643
894,0.981075
895,0.983588
896,0.986031
897,0.988464
898,0.988795
899,0.988745
900,0.987089
901,0.985958
902,0.996937
903,0.988699
904,0.986959
905,0.986639
906,0.988052
907,0.984917
908,0.985836
909,0.98548
910,0.987729
911,0.984573
912,0.988676
913,0.989268
914,0.988395
915,0.986816
916,0.989509
917,0.990042
918,0.992226
919,0.990308
920,0.997241
921,0.99346
922,0.993828
923,0.99462
924,0.997206
925,0.997165
926,0.997385
927,0.99529
928,0.995193
929,0.994758
930,0.994693
931,0.994672
932,0.995216
933,0.99517
934,0.994362
935,0.994935
936,0.994239
937,0.994855
938,0.995342
939,0.995675
940,0.995516
941,0.995286
942,0.994958
943,0.994849
944,0.995317
945,0.994463
946,0.993704
947,0.993301
948,0.993439
949,0.992887
950,0.992949
951,0.992618
952,0.992197
953,0.037996
954,0.002125
955,0.000798
956,0.000463
957,0.000444
958,0.000385
959,0.00022
960,0.00022
961,0.000387
962,0.000301
963,0.000203
964,0.00024
965,0.000235
966,0.000586
967,0.000781
968,0.000911
969,0.000952
970,0.000623
971,0.000333
972,5.1e-05
973,0.000791
974,0.568163
975,0.965791
976,0.978313
977,0.983033
978,0.980925
979,0.986341
980,0.968606
981,0.971523
982,0.967804
983,0.970314
984,0.965576
985,0.972618
986,0.970692
987,0.973701
988,0.992726
989,0.993576
990,0.984472
991,0.984663
992,0.985612
993,0.986631
994,0.987907
995,0.986636
996,0.986724
997,0.989375
998,0.989662
999,0.987483
1000,0.984758
1001,0.97699
1002,0.136158
1003,0.020599
1004,0.003644
1005,0.002913
1006,0.002
1007,0.000167
1008,0.001161
1009,0.000256
1010,0.000202
1011,0.00026
1012,0.000531
1013,0.000718
1014,0.000383
1015,0.00045
1016,0.001299
1017,0.002346
1018,0.002394
1019,0.001492
1020,0.000389
1021,0.001059
1022,0.00124
1023,0.000824
1024,0.000853
1025,0.000894
1026,0.000393
1027,0.010971
1028,0.754096
1029,0.925872
1030,0.956736
1031,0.958576
1032,0.96269
1033,0.977317
1034,0.977245
1035,0.98535
1036,0.995396
1037,0.994909
1038,0.994736
1039,0.765381
1040,0.015241
1041,0.008695
1042,0.005041
1043,0.004778
1044,0.003219
1045,0.002094
1046,0.00227
1047,0.001569
1048,0.00135
1049,0.001482
1050,0.001427
1051,0.000952
1052,0.001405
1053,0.00134
1054,0.000848
1055,7e-06
1056,1.4e-05
1057,1.8e-05
1058,0.000932
1059,0.587992
1060,0.724963
1061,0.889785
1062,0.941425
1063,0.981499
1064,0.986417
1065,0.987642
1066,0.989884
1067,0.992073
1068,0.972848
1069,0.859509
1070,0.062946
1071,0.008645
1072,0.001952
1073,0.00141
1074,0.000919
1075,0.001215
1076,0.000573
1077,0.000961
1078,0.001424
1079,0.001299
1080,0.000425
1081,0.00075
1082,0.00061
1083,0.000396
1084,0.000301
1085,0.000327
1086,0.000298
1087,0.000237
1088,0.000299
1089,0.000302
1090,0.000281
1091,0.000267
1092,0.000269
1093,0.000702
1094,0.001073
1095,0.00088
1096,0.000743
1097,0.064177
1098,0.506304
1099,0.89383
1100,0.971696
1101,0.975417
1102,0.979627
1103,0.978382
1104,0.979751
1105,0.986203
1106,0.986722
1107,0.989995
1108,0.990105
1109,0.993212
1110,0.993512
1111,0.989021
1112,0.138979
1113,0.008478
1114,0.005784
1115,0.003604
1116,0.002093
1117,0.003481
1118,0.002212
1119,0.002539
1120,0.001627
1121,0.000736
1122,0.000744
1123,0.000521
1124,0.000513
1125,0.000404
1126,0.000813
1127,0.004606
1128,0.47535
1129,0.973353
1130,0.981962
1131,0.989242
1132,0.987635
1133,0.986672
1134,0.985348
1135,0.983424
1136,0.986344
1137,0.984503
1138,0.984576
1139,0.984115
1140,0.985338
1141,0.989875
1142,0.98923
1143,0.989474
1144,0.988143
1145,0.986412
1146,0.988767
1147,0.987667
1148,0.544122
1149,0.002914
1150,0.000844
1151,0.000416
1152,0.000361
1153,0.000279
1154,0.00034
1155,0.000275
1156,0.000349
1157,0.000304
1158,0.000339
1159,0.000295
1160,0.000425
1161,0.000422
1162,0.000394
1163,0.000378
1164,0.000421
1165,0.00073
1166,0.000632
1167,0.000433
1168,0.000403
1169,0.000273
1170,0.000228
1171,0.000301
1172,0.000354
1173,0.000563
1174,0.000429
1175,0.000473
1176,0.000522
1177,0.001024
1178,0.000441
1179,0.000877
1180,0.000716
1181,0.000694
1182,0.001385
1183,0.002081
1184,0.002178
1185,0.003831
1186,0.0031
1187,0.003182
1188,0.002489
1189,0.002152
1190,0.001922
1191,0.001273
1192,0.001618
1193,0.001502
1194,0.001624
1195,0.001905
1196,0.001879
1197,0.001528
1198,0.001273
1199,0.001662
1200,0.001717
1201,0.001945
1202,0.002005
1203,0.002492
1204,0.002089
1205,0.001795
1206,0.001445
1207,0.001335
1208,0.002647
1209,0.552915
1210,0.927736
1211,0.951301
1212,0.982218
1213,0.959116
1214,0.958101
1215,0.961553
1216,0.969269
1217,0.967755
1218,0.979691
1219,0.982991
1220,0.983707
1221,0.985699
1222,0.989557
1223,0.990427
1224,0.98466
1225,0.988118
1226,0.989451
1227,0.962064
1228,0.022348
1229,0.004291
1230,0.003528
1231,0.002165
1232,0.001924
1233,0.002014
1234,0.001834
1235,0.001482
1236,0.001076
1237,0.001041
1238,0.001285
1239,0.001658
1240,0.00123
1241,0.001336
1242,0.001147
1243,0.001181
1244,0.000212
1245,0.000186
1246,0.077712
1247,0.376486
1248,0.889649
1249,0.949896
1250,0.957443
1251,0.958259
1252,0.960042
1253,0.947288
1254,0.080273
1255,0.001475
1256,0.001037
1257,0.00108
1258,0.001876
1259,0.001257
1260,0.002484
1261,0.002434
1262,0.003258
1263,0.005748
1264,0.001366
1265,0.000996
1266,0.000792
1267,0.000646
1268,0.000981
1269,0.001783
1270,0.002167
1271,0.005193
1272,0.010241
1273,0.003972
1274,0.002822
1275,0.003504
1276,0.002585
1277,0.002169
1278,0.002506
1279,0.002948
1280,0.002962
1281,0.002578
1282,0.002123
1283,0.001604
1284,0.001453
1285,0.000583
1286,0.001119
1287,0.001055
1288,0.000903
1289,0.001085
1290,0.059858
1291,0.340333
1292,0.735573
1293,0.79408
1294,0.916627
1295,0.874936
1296,0.849452
1297,0.818898
1298,0.846769
1299,0.784148
1300,0.776359
1301,0.774109
1302,0.774615
1303,0.715936
1304,0.862878
1305,0.023461
1306,0.004164
1307,0.018663
1308,0.766502
1309,0.785956
1310,0.848652
1311,0.881697
1312,0.875941
1313,0.880037
1314,0.887671
1315,0.916836
1316,0.922448
1317,0.930058
1318,0.939643
1319,0.96163
1320,0.961351
1321,0.969933
1322,0.95244
1323,0.962611
1324,0.968291
1325,0.97424
1326,0.981687
1327,0.981562
1328,0.980071
1329,0.980076
1330,0.98055
1331,0.981704
1332,0.983425
1333,0.981131
1334,0.981198
1335,0.989434
1336,0.990556
1337,0.992972
1338,0.991644
1339,0.993344
1340,0.99234
1341,0.992946
1342,0.993207
1343,0.993978
1344,0.994661
1345,0.995838
1346,0.995924
1347,0.99558
1348,0.995138
1349,0.99312
1350,0.993071
1351,0.888269
1352,0.000208
1353,0.000154
1354,0.001727
1355,0.000896
1356,0.000473
1357,0.000374
1358,0.000644
1359,0.000108
1360,0.005136
1361,0.231978
1362,0.655204
1363,0.948322
1364,0.965524
1365,0.942933
1366,0.946505
1367,0.948708
1368,0.93712
1369,0.925144
1370,0.94233
1371,0.950595
1372,0.965262
1373,0.961974
1374,0.964742
1375,0.977028
1376,0.048225
1377,0.001721
1378,0.002114
1379,0.00243
1380,0.001846
1381,0.001818
1382,0.001313
1383,0.001367
1384,0.002051
1385,0.000947
1386,0.001109
1387,0.000788
1388,0.000423
1389,0.000594
1390,0.000881
1391,0.000775
1392,0.00179
1393,0.000842
1394,0.000793
1395,0.000652
1396,0.000552
1397,0.00074
1398,0.165747
1399,0.958709
1400,0.907199
1401,0.949274
1402,0.818699
1403,0.964317
1404,0.958988
1405,0.970293
1406,0.973467
1407,0.972128
1408,0.973668
1409,0.978584
1410,0.973991
1411,0.980954
1412,0.975261
1413,0.981828
1414,0.982297
1415,0.987097
1416,0.985704
1417,0.978999
1418,0.036659
1419,0.001276
1420,0.000829
1421,0.000317
1422,0.000299
1423,0.000329
1424,0.000336
1425,0.000307
1426,0.000533
1427,0.000583
1428,0.00061
1429,0.000556
1430,0.000611
1431,0.000578
1432,0.000522
1433,0.00044
1434,0.000321
1435,0.000301
1436,0.000242
1437,0.000173
1438,0.000205
1439,0.000235
1440,0.000232
1441,0.00022
1442,0.000251
1443,0.000259
1444,0.00038
1445,0.000388
1446,0.000499
1447,0.000383
1448,0.000376
1449,0.000502
1450,0.000595
1451,0.000567
1452,0.000604
1453,0.000339
1454,0.000251
1455,0.000438
1456,0.000362
1457,0.000269
1458,0.275963
1459,0.745935
1460,0.850693
1461,0.909171
1462,0.914083
1463,0.866299
1464,0.941038
1465,0.944607
1466,0.946814
1467,0.956868
1468,0.95554
1469,0.963489
1470,0.156188
1471,0.011991
1472,0.003979
1473,0.002779
1474,0.001297
1475,0.003584
1476,0.002296
1477,0.000723
1478,0.000567
1479,0.000644
1480,0.001171
1481,0.000915
1482,0.001216
1483,0.000817
1484,0.000679
1485,0.000679
1486,0.000664
1487,0.000595
1488,0.000338
1489,0.000197
1490,0.000214
1491,0.000304
1492,0.000125
1493,0.00035
1494,0.000357
1495,0.000454
1496,0.000504
1497,0.000762
1498,0.001399
1499,0.001192
1500,0.00196
1501,0.004306
1502,0.00345
1503,0.002206
1504,0.002716
1505,0.002419
1506,0.001965
1507,0.002221
1508,0.002648
1509,0.002383
1510,0.002622
1511,0.002619
1512,0.003874
1513,0.003638
1514,0.002176
1515,0.002303
1516,0.001684
1517,0.003389
1518,0.000684
1519,0.005152
1520,0.001281
1521,0.018891
1522,0.942686
1523,0.976947
1524,0.974247
1525,0.977647
1526,0.982716
1527,0.986206
1528,0.988985
1529,0.992412
1530,0.993042
1531,0.992724
1532,0.99392
1533,0.995285
1534,0.995013
1535,0.995738
1536,0.995727
1537,0.995358
1538,0.993688
1539,0.99221
1540,0.989809
1541,0.992523
1542,0.992555
1543,0.992689
1544,0.992524
1545,0.99312
1546,0.993823
1547,0.993089
1548,0.993941
1549,0.994292
1550,0.993654
1551,0.993206
1552,0.992353
1553,0.992685
1554,0.991439
1555,0.989624
1556,0.990908
1557,0.991979
1558,0.99127
1559,0.99051
1560,0.991747
1561,0.993495
1562,0.994184
1563,0.994896
1564,0.993165
