1,0.997229
2,0.996652
3,0.996805
4,0.995499
5,0.995832
6,0.994751
7,0.994997
8,0.995707
9,0.995911
10,0.995456
11,0.993542
12,0.994094
13,0.993362
14,0.99472
15,0.992848
16,0.990819
17,0.988796
18,0.988834
19,0.989441
20,0.988097
21,0.985767
22,0.985224
23,0.989309
24,0.990842
25,0.988622
26,0.992837
27,0.994458
28,0.994717
29,0.995561
30,0.99508
31,0.995602
32,0.995277
33,0.994568
34,0.993661
35,0.993565
36,0.993411
37,0.994207
38,0.994627
39,0.995556
40,0.99569
41,0.995182
42,0.994515
43,0.992902
44,0.991704
45,0.983955
46,0.978061
47,0.976612
48,0.951302
49,0.959608
50,0.942792
51,0.895708
52,0.89524
53,0.929236
54,0.897717
55,0.853216
56,0.828739
57,0.805095
58,0.874474
59,0.473111
60,0.306577
61,0.635102
62,0.817128
63,0.584004
64,0.762265
65,0.817479
66,0.781239
67,0.689157
68,0.674536
69,0.695871
70,0.693562
71,0.691957
72,0.77289
73,0.725775
74,0.727449
75,0.707364
76,0.692573
77,0.655841
78,0.626297
79,0.641744
80,0.64437
81,0.656798
82,0.589772
83,0.557639
84,0.570834
85,0.582227
86,0.591244
87,0.662258
88,0.691304
89,0.634985
90,0.735709
91,0.779142
92,0.803637
93,0.700122
94,0.695793
95,0.702395
96,0.719679
97,0.701402
98,0.726729
99,0.746432
100,0.750823
101,0.725534
102,0.74886
103,0.810297
104,0.746153
105,0.764945
106,0.794294
107,0.868601
108,0.934627
109,0.934884
110,0.956579
111,0.95834
112,0.871153
113,0.823747
114,0.839999
115,0.823229
116,0.800588
117,0.830478
118,0.830672
119,0.833179
120,0.892402
121,0.92849
122,0.94303
123,0.946541
124,0.978797
125,0.985137
126,0.98361
127,0.981645
128,0.977489
129,0.989954
130,0.990421
131,0.991263
132,0.993182
133,0.994217
134,0.995734
135,0.994655
136,0.995851
137,0.996323
138,0.997209
139,0.997451
140,0.997322
141,0.996645
142,0.996001
143,0.996125
144,0.996167
145,0.995985
146,0.996187
147,0.054516
148,0.00161
149,0.001138
150,0.00073
151,0.000495
152,0.00043
153,0.000653
154,0.000814
155,0.001186
156,0.000545
157,0.000329
158,0.000372
159,0.010384
160,0.992599
161,0.996951
162,0.996739
163,0.995121
164,0.992284
165,0.991319
166,0.992478
167,0.996501
168,0.997231
169,0.996873
170,0.997835
171,0.997939
172,0.997695
173,0.997451
174,0.995955
175,0.995247
176,0.995815
177,0.996019
178,0.992278
179,0.993389
180,0.994484
181,0.995002
182,0.995629
183,0.99559
184,0.995434
185,0.996157
186,0.996517
187,0.996212
188,0.997474
189,0.997302
190,0.996523
191,0.995636
192,0.997596
193,0.997256
194,0.997499
195,0.992047
196,0.992692
197,0.99349
198,0.993428
199,0.99395
200,0.99401
201,0.993517
202,0.993832
203,0.994141
204,0.994413
205,0.993919
206,0.994144
207,0.9956
208,0.995307
209,0.994822
210,0.994893
211,0.994785
212,0.994815
213,0.994903
214,0.994391
215,0.993368
216,0.017644
217,0.001474
218,0.001595
219,0.001593
220,0.00172
221,0.001191
222,0.002634
223,0.372658
224,0.819113
225,0.905969
226,0.940944
227,0.966932
228,0.973241
229,0.972008
230,0.973083
231,0.971609
232,0.971363
233,0.970031
234,0.017785
235,0.00189
236,0.000982
237,0.000754
238,0.000701
239,0.000865
240,0.000693
241,0.000486
242,0.000628
243,0.000725
244,0.000819
245,0.071777
246,0.931135
247,0.977503
248,0.971668
249,0.963687
250,0.958039
251,0.953523
252,0.958838
253,0.94495
254,0.913996
255,0.926216
256,0.898279
257,0.952635
258,0.960367
259,0.964276
260,0.950716
261,0.95905
262,0.978048
263,0.98143
264,0.985424
265,0.977827
266,0.981542
267,0.982616
268,0.98919
269,0.989613
270,0.987657
271,0.980364
272,0.89605
273,0.007174
274,0.002663
275,0.001656
276,0.001337
277,0.000738
278,0.000693
279,0.000601
280,0.000399
281,0.000359
282,0.000344
283,0.000433
284,0.000457
285,0.0009
286,0.00072
287,0.000691
288,0.000814
289,0.001264
290,0.001042
291,0.023735
292,0.02043
293,0.488257
294,0.980198
295,0.988097
296,0.993297
297,0.995036
298,0.996105
299,0.996805
300,0.995899
301,0.995674
302,0.99585
303,0.995586
304,0.995563
305,0.996034
306,0.996188
307,0.996489
308,0.996166
309,0.996436
310,0.996741
311,0.996102
312,0.996212
313,0.997032
314,0.997195
315,0.997607
316,0.997456
317,0.99741
318,0.997345
319,0.997292
320,0.997491
321,0.99773
322,0.997726
323,0.997661
324,0.997924
325,0.99785
326,0.997695
327,0.997745
328,0.997796
329,0.997769
330,0.997783
331,0.99803
332,0.997983
333,0.998179
334,0.998328
335,0.998309
336,0.998101
337,0.9979
338,0.997904
339,0.650526
340,0.003635
341,0.001024
342,0.000866
343,0.000644
344,0.0006
345,0.000712
346,0.000645
347,0.000532
348,0.000592
349,0.000361
350,0.000516
351,0.000497
352,0.000478
353,0.000374
354,0.000634
355,0.000665
356,0.000947
357,0.000425
358,0.000556
359,0.000484
360,0.000536
361,0.001045
362,0.001004
363,0.000922
364,0.120922
365,0.978489
366,0.988531
367,0.988565
368,0.995494
369,0.997224
370,0.996818
371,0.996512
372,0.99662
373,0.996196
374,0.99581
375,0.996309
376,0.996196
377,0.996705
378,0.996139
379,0.99429
380,0.989522
381,0.99517
382,0.997217
383,0.993863
384,0.995485
385,0.996461
386,0.997415
387,0.996983
388,0.997029
389,0.997612
390,0.997087
391,0.997036
392,0.992127
393,0.98992
394,0.987892
395,0.99031
396,0.988999
397,0.990939
398,0.992485
399,0.991572
400,0.99082
401,0.98997
402,0.991485
403,0.990278
404,0.992122
405,0.992348
406,0.991469
407,0.991895
408,0.990378
409,0.989969
410,0.98984
411,0.987916
412,0.989149
413,0.991073
414,0.990155
415,0.990241
416,0.991558
417,0.99151
418,0.989785
419,0.990857
420,0.990316
421,0.99177
422,0.992049
423,0.992971
424,0.993866
425,0.994685
426,0.994442
427,0.994446
428,0.993932
429,0.993026
430,0.993238
431,0.99359
432,0.993355
433,0.991393
434,0.989989
435,0.989293
436,0.997358
437,0.997099
438,0.996947
439,0.996494
440,0.996096
441,0.994801
442,0.995751
443,0.996314
444,0.997307
445,0.996874
446,0.996842
447,0.996607
448,0.981662
449,0.982462
450,0.996671
451,0.996733
452,0.996874
453,0.996972
454,0.997221
455,0.996752
456,0.996604
457,0.997529
458,0.997456
459,0.99729
460,0.996837
461,0.99653
462,0.995234
463,0.96219
464,0.110001
465,0.027986
466,0.036645
467,0.543984
468,0.796852
469,0.911247
470,0.953388
471,0.94959
472,0.95993
473,0.964946
474,0.964238
475,0.946678
476,0.970266
477,0.972471
478,0.974288
479,0.980202
480,0.978287
481,0.97409
482,0.974047
483,0.976701
484,0.983177
485,0.978784
486,0.976409
487,0.972944
488,0.973049
489,0.97294
490,0.969012
491,0.964354
492,0.960632
493,0.951789
494,0.955089
495,0.960107
496,0.962837
497,0.966537
498,0.933109
499,0.923827
500,0.922039
501,0.937975
502,0.940665
503,0.947507
504,0.948144
505,0.93057
506,0.934592
507,0.937418
508,0.930639
509,0.945595
510,0.9653
511,0.959936
512,0.972313
513,0.968385
514,0.96943
515,0.966337
516,0.974918
517,0.983956
518,0.982798
519,0.983393
520,0.983496
521,0.984334
522,0.986587
523,0.984635
524,0.983929
525,0.986447
526,0.988516
527,0.986202
528,0.988485
529,0.986342
530,0.98832
531,0.988828
532,0.989643
533,0.988634
534,0.98794
535,0.989156
536,0.989764
537,0.990647
538,0.989915
539,0.989529
540,0.990714
541,0.992779
542,0.99202
543,0.991952
544,0.974586
545,0.023936
546,0.008074
547,0.002167
548,0.002573
549,0.002489
550,0.001774
551,0.001241
552,0.001771
553,0.004289
554,0.005612
555,0.003086
556,0.001704
557,0.001241
558,0.001206
559,0.000976
560,0.029552
561,0.871842
562,0.913198
563,0.896261
564,0.916756
565,0.958842
566,0.97982
567,0.984585
568,0.983502
569,0.986712
570,0.984131
571,0.984465
572,0.984519
573,0.9846
574,0.977876
575,0.96299
576,0.941861
577,0.8937
578,0.856569
579,0.903818
580,0.929484
581,0.922127
582,0.915915
583,0.912475
584,0.915876
585,0.919225
586,0.930801
587,0.917367
588,0.907288
589,0.930115
590,0.936538
591,0.942954
592,0.924411
593,0.926886
594,0.927916
595,0.935713
596,0.928904
597,0.926875
598,0.928501
599,0.921109
600,0.920353
601,0.868286
602,0.010578
603,0.00729
604,0.006246
605,0.005018
606,0.004002
607,0.002747
608,0.002168
609,0.002048
610,0.002365
611,0.001939
612,0.00162
613,0.002305
614,0.00207
615,0.01751
616,0.936305
617,0.953929
618,0.975567
619,0.982843
620,0.98515
621,0.978612
622,0.974357
623,0.967995
624,0.96518
625,0.976494
626,0.968474
627,0.97735
628,0.968486
629,0.968102
630,0.988818
631,0.993428
632,0.994596
633,0.994273
634,0.996779
635,0.995787
636,0.995519
637,0.996848
638,0.996406
639,0.996152
640,0.9947
641,0.019757
642,0.000999
643,0.001243
644,0.000596
645,0.000454
646,0.00053
647,0.000351
648,0.000232
649,0.000401
650,0.000399
651,0.000369
652,0.000382
653,0.000436
654,0.000505
655,0.000512
656,0.000719
657,0.000725
658,0.000596
659,0.001251
660,0.000792
661,0.001183
662,0.001349
663,0.001214
664,0.001317
665,0.001582
666,0.001652
667,0.002139
668,0.002482
669,0.002002
670,0.337597
671,0.988555
672,0.994121
673,0.995865
674,0.99566
675,0.99616
676,0.994364
677,0.990605
678,0.997547
679,0.997672
680,0.997244
681,0.996696
682,0.996611
683,0.996522
684,0.996871
685,0.997891
686,0.992069
687,0.993714
688,0.99461
689,0.9944
690,0.995227
691,0.995421
692,0.995446
693,0.994701
694,0.994221
695,0.993432
696,0.991799
697,0.992733
698,0.994558
699,0.993396
700,0.995454
701,0.99573
702,0.994791
703,0.969931
704,0.226218
705,0.861577
706,0.974602
707,0.98158
708,0.984368
709,0.995276
710,0.996717
711,0.996703
712,0.996809
713,0.994774
714,0.990968
715,0.986781
716,0.983056
717,0.993349
718,0.597905
719,0.00489
720,0.002362
721,0.001776
722,0.00211
723,0.00193
724,0.001597
725,0.007274
726,0.855307
727,0.971082
728,0.975839
729,0.977295
730,0.975759
731,0.989199
732,0.981796
733,0.961039
734,0.982588
735,0.984909
736,0.959996
737,0.950421
738,0.908819
739,0.906738
740,0.758962
741,0.764711
742,0.451499
743,0.378588
744,0.616665
745,0.55073
746,0.046687
747,0.214213
748,0.723538
749,0.654652
750,0.758459
751,0.67019
752,0.671685
753,0.759595
754,0.785384
755,0.789041
756,0.666219
757,0.698067
758,0.582966
759,0.572565
760,0.518375
761,0.490546
762,0.792131
763,0.819824
764,0.820695
765,0.846326
766,0.837662
767,0.847566
768,0.805263
769,0.7886
770,0.789611
771,0.768834
772,0.741139
773,0.755096
774,0.762926
775,0.769475
776,0.777966
777,0.779281
778,0.776323
779,0.789693
780,0.758301
781,0.714489
782,0.706184
783,0.679655
784,0.689225
785,0.680586
786,0.618845
787,0.611925
788,0.637572
789,0.681414
790,0.619234
791,0.62345
792,0.664384
793,0.863424
794,0.824426
795,0.767546
796,0.830751
797,0.810245
798,0.798216
799,0.761558
800,0.78764
801,0.798528
802,0.850821
803,0.568584
804,0.628011
805,0.658601
806,0.681849
807,0.901838
808,0.68099
809,0.680748
810,0.003783
811,0.001914
812,0.047156
813,0.384017
814,0.80224
815,0.827977
816,0.747127
817,0.941052
818,0.844537
819,0.831676
820,0.975497
821,0.978125
822,0.984721
823,0.872547
824,0.979198
825,0.979639
826,0.98458
827,0.98581
828,0.986385
829,0.982152
830,0.987121
831,0.992856
832,0.994422
833,0.994457
834,0.995688
835,0.995811
836,0.994586
837,0.994434
838,0.99412
839,0.994702
840,0.995245
841,0.995167
842,0.994508
843,0.994692
844,0.99549
845,0.995125
846,0.995545
847,0.99473
848,0.995549
849,0.995628
850,0.995114
851,0.994311
852,0.995197
853,0.99229
854,0.9922
855,0.991851
856,0.99255
857,0.991628
858,0.98975
859,0.953159
860,0.254806
861,0.338664
862,0.742723
863,0.88165
864,0.926833
865,0.963335
866,0.977794
867,0.978983
868,0.980525
869,0.981592
870,0.982081
871,0.980998
872,0.981965
873,0.985494
874,0.984277
875,0.98308
876,0.981085
877,0.989006
878,0.989034
879,0.989551
880,0.98915
881,0.986638
882,0.986482
883,0.989095
884,0.988111
885,0.987847
886,0.984993
887,0.984548
888,0.98236
889,0.976249
890,0.983962
891,0.983638
892,0.985627
893,0.985133
894,0.982665
895,0.983835
896,0.985261
897,0.982119
898,0.9841
899,0.983785
900,0.989065
901,0.990341
902,0.989622
903,0.989532
904,0.987084
905,0.987899
906,0.988354
907,0.988363
908,0.996606
909,0.996872
910,0.991901
911,0.992782
912,0.99002
913,0.94572
914,0.278686
915,0.035686
916,0.048371
917,0.503134
918,0.866327
919,0.962964
920,0.964545
921,0.977587
922,0.985627
923,0.987699
924,0.988143
925,0.991986
926,0.991713
927,0.992201
928,0.992378
929,0.993088
930,0.99351
931,0.993788
932,0.993462
933,0.991188
934,0.991563
935,0.990404
936,0.991377
937,0.992767
938,0.992088
939,0.992553
940,0.992786
941,0.991618
942,0.990668
943,0.990139
944,0.989401
945,0.989304
946,0.989231
947,0.989804
948,0.990865
949,0.99402
950,0.993612
951,0.993358
952,0.993489
953,0.993692
954,0.994184
955,0.994731
956,0.993254
957,0.993674
958,0.993371
959,0.982318
960,0.081632
961,0.169708
962,0.483571
963,0.853128
964,0.898166
965,0.959327
966,0.968276
967,0.975568
968,0.985634
