1,0.992187
2,0.99238
3,0.992451
4,0.992171
5,0.992086
6,0.990455
7,0.990354
8,0.991552
9,0.991583
10,0.992145
11,0.991051
12,0.991857
13,0.992691
14,0.993296
15,0.992291
16,0.992728
17,0.991077
18,0.991604
19,0.991329
20,0.990885
21,0.990141
22,0.990457
23,0.989419
24,0.988553
25,0.989471
26,0.989672
27,0.989592
28,0.991134
29,0.990232
30,0.99018
31,0.989375
32,0.989033
33,0.990387
34,0.990478
35,0.988985
36,0.988651
37,0.990694
38,0.990629
39,0.991295
40,0.990789
41,0.990701
42,0.990267
43,0.98973
44,0.988082
45,0.985549
46,0.98404
47,0.98015
48,0.986822
49,0.986657
50,0.985278
51,0.985881
52,0.987431
53,0.981718
54,0.975276
55,0.980085
56,0.964488
57,0.956432
58,0.936647
59,0.94417
60,0.935718
61,0.925707
62,0.954598
63,0.95609
64,0.956808
65,0.962145
66,0.950099
67,0.936206
68,0.926985
69,0.9196
70,0.919393
71,0.930035
72,0.929046
73,0.911621
74,0.917941
75,0.906849
76,0.909406
77,0.90681
78,0.8836
79,0.849364
80,0.831279
81,0.845069
82,0.852293
83,0.839268
84,0.826825
85,0.822707
86,0.844444
87,0.835512
88,0.848406
89,0.863303
90,0.829491
91,0.849875
92,0.882578
93,0.881132
94,0.881972
95,0.901166
96,0.910462
97,0.947127
98,0.948481
99,0.951405
100,0.955389
101,0.955765
102,0.925317
103,0.939807
104,0.950137
105,0.936501
106,0.944847
107,0.952154
108,0.954096
109,0.955439
110,0.958743
111,0.958065
112,0.9576
113,0.965373
114,0.963698
115,0.95871
116,0.963017
117,0.957721
118,0.97113
119,0.970465
120,0.972288
121,0.968684
122,0.969985
123,0.967526
124,0.97612
125,0.981771
126,0.987843
127,0.968699
128,0.991793
129,0.992169
130,0.993463
131,0.992095
132,0.974906
133,0.995349
134,0.982075
135,0.97991
136,0.982157
137,0.983297
138,0.982569
139,0.977407
140,0.977429
141,0.981079
142,0.995589
143,0.996003
144,0.996116
145,0.995187
146,0.994741
147,0.995367
148,0.995428
149,0.995473
150,0.995444
151,0.994606
152,0.995712
153,0.995834
154,0.995844
155,0.995408
156,0.995453
157,0.994771
158,0.994745
159,0.994917
160,0.995229
161,0.995141
162,0.995008
163,0.995137
164,0.995453
165,0.995566
166,0.995641
167,0.99555
168,0.995708
169,0.995802
170,0.99622
171,0.995955
172,0.99632
173,0.996092
174,0.994681
175,0.996211
176,0.996002
177,0.995695
178,0.99596
179,0.996026
180,0.99562
181,0.995623
182,0.995653
183,0.995216
184,0.995994
185,0.149537
186,0.003325
187,0.000908
188,0.000362
189,0.000306
190,0.000348
191,0.000323
192,0.000382
193,0.000296
194,0.00016
195,0.000126
196,0.000171
197,0.000178
198,0.000232
199,0.000209
200,0.000185
201,0.000191
202,0.000161
203,0.000247
204,0.913218
205,0.995442
206,0.995696
207,0.99663
208,0.995953
209,0.996172
210,0.995942
211,0.996209
212,0.996294
213,0.996626
214,0.996302
215,0.996676
216,0.996402
217,0.995594
218,0.995041
219,0.995737
220,0.993533
221,0.99455
222,0.992696
223,0.99268
224,0.99412
225,0.994492
226,0.994608
227,0.994771
228,0.9949
229,0.995981
230,0.995681
231,0.996033
232,0.99639
233,0.997008
234,0.996916
235,0.996593
236,0.996385
237,0.996148
238,0.995903
239,0.978388
240,0.003283
241,0.001165
242,0.000636
243,0.000399
244,0.000304
245,0.000458
246,0.000269
247,0.000153
248,0.000217
249,0.000291
250,0.00078
251,0.599615
252,0.914955
253,0.912621
254,0.909995
255,0.936264
256,0.953352
257,0.973544
258,0.979614
259,0.970422
260,0.976622
261,0.985111
262,0.986576
263,0.987142
264,0.986984
265,0.988935
266,0.970853
267,0.002704
268,0.000725
269,0.00074
270,0.000619
271,0.000337
272,0.00027
273,0.000456
274,0.000389
275,0.0004
276,0.000503
277,0.00087
278,0.0006
279,0.000469
280,0.000546
281,0.0005
282,0.000614
283,0.000524
284,0.000312
285,0.00035
286,0.000312
287,0.000345
288,0.000497
289,0.069675
290,0.96398
291,0.982412
292,0.990592
293,0.992463
294,0.992446
295,0.981364
296,0.984424
297,0.986349
298,0.987224
299,0.987305
300,0.986505
301,0.987384
302,0.987135
303,0.987121
304,0.988138
305,0.989459
306,0.988792
307,0.85453
308,0.004996
309,0.002087
310,0.001934
311,0.001291
312,0.000685
313,0.000482
314,0.000466
315,0.000788
316,0.000774
317,0.002095
318,0.223378
319,0.790286
320,0.756205
321,0.850036
322,0.883691
323,0.977235
324,0.991985
325,0.995483
326,0.995858
327,0.99755
328,0.997073
329,0.996351
330,0.996021
331,0.993738
332,0.994966
333,0.996464
334,0.995711
335,0.995201
336,0.995635
337,0.996494
338,0.996435
339,0.996967
340,0.996926
341,0.996681
342,0.996171
343,0.996309
344,0.996779
345,0.99719
346,0.996757
347,0.996558
348,0.997229
349,0.99713
350,0.996567
351,0.996261
352,0.996041
353,0.995686
354,0.996712
355,0.996619
356,0.965435
357,0.99732
358,0.997222
359,0.995689
360,0.991983
361,0.111038
362,0.019413
363,0.022974
364,0.027932
365,0.027458
366,0.040453
367,0.027456
368,0.038273
369,0.018746
370,0.586132
371,0.989397
372,0.983676
373,0.995235
374,0.991595
375,0.992787
376,0.98956
377,0.989559
378,0.994648
379,0.994654
380,0.995259
381,0.994526
382,0.856108
383,0.296261
384,0.018726
385,0.019143
386,0.022939
387,0.029313
388,0.015147
389,0.007901
390,0.010944
391,0.008148
392,0.005156
393,0.067145
394,0.760101
395,0.97832
396,0.961087
397,0.985889
398,0.992364
399,0.990905
400,0.99127
401,0.993646
402,0.936465
403,0.952427
404,0.986667
405,0.989758
406,0.973639
407,0.990767
408,0.975956
409,0.989168
410,0.994789
411,0.99445
412,0.996603
413,0.996985
414,0.998068
415,0.998331
416,0.997492
417,0.997311
418,0.997453
419,0.997259
420,0.996853
421,0.995216
422,0.995223
423,0.995693
424,0.994933
425,0.993735
426,0.993415
427,0.992966
428,0.991896
429,0.988437
430,0.005258
431,0.002862
432,0.00095
433,0.001064
434,0.000818
435,0.000688
436,0.001852
437,0.001717
438,0.002606
439,0.002855
440,0.001874
441,0.001499
442,0.001613
443,0.001453
444,0.000692
445,0.000332
446,0.000315
447,0.000292
448,0.003304
449,0.992102
450,0.996274
451,0.996402
452,0.995008
453,0.992934
454,0.99269
455,0.989109
456,0.989212
457,0.986991
458,0.985492
459,0.977513
460,0.982231
461,0.97506
462,0.97669
463,0.972822
464,0.989039
465,0.007439
466,0.002056
467,0.001043
468,0.000952
469,0.000981
470,0.000872
471,0.000703
472,0.000953
473,0.00089
474,0.013183
475,0.001651
476,0.025532
477,0.934532
478,0.962033
479,0.981145
480,0.973918
481,0.953316
482,0.95469
483,0.96512
484,0.976675
485,0.980575
486,0.983141
487,0.984029
488,0.984696
489,0.987693
490,0.984464
491,0.986101
492,0.986708
493,0.050692
494,0.002857
495,0.000824
496,0.000295
497,0.000321
498,0.00033
499,0.000629
500,0.000823
501,0.000655
502,0.000524
503,0.000534
504,0.001143
505,0.001401
506,0.000888
507,0.000471
508,0.000704
509,0.000594
510,0.000694
511,0.001567
512,0.001635
513,0.121716
514,0.984028
515,0.978808
516,0.988755
517,0.989749
518,0.990788
519,0.990311
520,0.991912
521,0.991249
522,0.990517
523,0.992806
524,0.988869
525,0.057641
526,0.00451
527,0.002051
528,0.001545
529,0.001662
530,0.00162
531,0.00117
532,0.001428
533,0.000438
534,0.001254
535,0.001184
536,0.000772
537,0.000768
538,0.000685
539,0.000791
540,0.000729
541,0.000962
542,0.00097
543,0.000899
544,0.000711
545,0.000598
546,0.000543
547,0.000554
548,0.000658
549,0.000537
550,0.000699
551,0.000755
552,0.000544
553,0.117056
554,0.514773
555,0.963146
556,0.980053
557,0.98475
558,0.976745
559,0.984102
560,0.981919
561,0.978262
562,0.977381
563,0.97992
564,0.9774
565,0.026451
566,0.005043
567,0.000932
568,0.000411
569,0.002527
570,0.00365
571,0.003487
572,0.007228
573,0.004216
574,0.002052
575,0.001489
576,0.001186
577,0.000675
578,0.001506
579,0.000887
580,0.001039
581,0.001898
582,0.31179
583,0.856061
584,0.923592
585,0.937164
586,0.96589
587,0.972687
588,0.979026
589,0.981079
590,0.984742
591,0.991772
592,0.991553
593,0.991168
594,0.992273
595,0.990325
596,0.991026
597,0.989565
598,0.990565
599,0.955081
600,0.960572
601,0.962232
602,0.956891
603,0.971038
604,0.967914
605,0.992365
606,0.993071
607,0.968438
608,0.949562
609,0.951845
610,0.927706
611,0.923285
612,0.025828
613,0.006721
614,0.005655
615,0.003864
616,0.002928
617,0.00043
618,0.000286
619,0.000266
620,0.00026
621,0.000217
622,0.000214
623,0.000276
624,0.000231
625,0.053831
626,0.935841
627,0.987548
628,0.984513
629,0.983588
630,0.983613
631,0.983121
632,0.984195
633,0.985204
634,0.985123
635,0.983801
636,0.990695
637,0.99109
638,0.992182
639,0.991689
640,0.994978
641,0.994555
642,0.99499
643,0.9952
644,0.99574
645,0.995755
646,0.996213
647,0.996081
648,0.996163
649,0.995914
650,0.995894
651,0.995222
652,0.993979
653,0.785398
654,0.001441
655,0.004758
656,0.034348
657,0.791518
658,0.969294
659,0.984406
660,0.991407
661,0.993186
662,0.984222
663,0.988093
664,0.988602
665,0.988906
666,0.988791
667,0.990954
668,0.991161
669,0.99138
670,0.996669
671,0.996879
672,0.996697
673,0.998092
674,0.997979
675,0.997642
676,0.996836
677,0.996631
678,0.996261
679,0.996452
680,0.996547
681,0.997021
682,0.996538
683,0.995983
684,0.996399
685,0.993946
686,0.99328
687,0.995621
688,0.995931
689,0.995739
690,0.995976
691,0.995904
692,0.996931
693,0.996118
694,0.996328
695,0.996336
696,0.996148
697,0.995458
698,0.995585
699,0.996447
700,0.99648
701,0.995671
702,0.995869
703,0.995772
704,0.996196
705,0.996246
706,0.995745
707,0.996712
708,0.997155
709,0.998083
710,0.998224
711,0.998016
712,0.998013
713,0.997968
714,0.997844
715,0.997801
716,0.998064
717,0.998064
718,0.99807
719,0.997725
720,0.997862
721,0.997146
722,0.997376
723,0.997615
724,0.997748
725,0.997535
726,0.997512
727,0.997406
728,0.996508
729,0.996179
730,0.995265
731,0.99435
732,0.993052
733,0.987033
734,0.986355
735,0.985564
736,0.986152
737,0.979356
738,0.51329
739,0.008722
740,0.000219
741,0.000807
742,0.38114
743,0.780026
744,0.763427
745,0.787984
746,0.77631
747,0.832152
748,0.862378
749,0.87271
750,0.871177
751,0.861179
752,0.91107
753,0.913476
754,0.912852
755,0.859607
756,0.911801
757,0.939926
758,0.943114
759,0.934839
760,0.928402
761,0.914219
762,0.89961
763,0.721541
764,0.780652
765,0.669118
766,0.842138
767,0.875303
768,0.719817
769,0.782282
770,0.722246
771,0.617652
772,0.659934
773,0.710534
774,0.714967
775,0.691533
776,0.650224
777,0.642202
778,0.664024
779,0.66418
780,0.728237
781,0.755405
782,0.77599
783,0.707205
784,0.669633
785,0.674616
786,0.768527
787,0.706923
788,0.752031
789,0.81136
790,0.865238
791,0.866566
792,0.826442
793,0.833651
794,0.840424
795,0.853865
796,0.909133
797,0.91261
798,0.916254
799,0.010558
800,0.002144
801,0.001343
802,0.00075
803,0.000819
804,0.000776
805,0.000281
806,0.000236
807,0.000271
808,0.000134
809,0.000104
810,0.000326
811,0.909499
812,0.93751
813,0.894889
814,0.911105
815,0.944931
816,0.97436
817,0.969256
818,0.96097
819,0.967626
820,0.97212
821,0.978846
822,0.981144
823,0.95127
824,0.957478
825,0.968869
826,0.985168
827,0.989329
828,0.990788
829,0.991454
830,0.987167
831,0.983478
832,0.986515
833,0.981254
834,0.988333
835,0.99088
836,0.903449
837,0.163865
838,0.109495
839,0.560625
840,0.753938
841,0.972477
842,0.977882
843,0.972319
844,0.982111
845,0.989909
846,0.98061
847,0.971284
848,0.981049
849,0.981549
850,0.969929
851,0.967127
852,0.973104
853,0.964673
854,0.975716
855,0.990322
856,0.990034
857,0.979152
858,0.967523
859,0.977388
860,0.982687
861,0.977156
862,0.979981
863,0.988044
864,0.990197
865,0.986284
866,0.100393
867,0.036061
868,0.02023
869,0.005963
870,0.006354
871,0.005714
872,0.003269
873,0.003296
874,0.002801
875,0.003334
876,0.004085
877,0.191169
878,0.966316
879,0.975029
880,0.986134
881,0.904302
882,0.844112
883,0.95908
884,0.963604
885,0.97222
886,0.965658
887,0.966704
888,0.968586
889,0.981318
890,0.955724
891,0.963054
892,0.981194
893,0.9846
894,0.980357
895,0.987735
896,0.991602
897,0.973861
898,0.994033
899,0.979074
900,0.979348
901,0.985376
902,0.977867
903,0.976272
904,0.97777
905,0.985151
906,0.978871
907,0.976187
908,0.049714
909,0.003716
910,0.001824
911,0.001549
912,0.002721
913,0.001616
914,0.001066
915,0.000608
916,0.000635
917,0.000571
918,0.000773
919,0.001001
920,0.00078
921,0.00087
922,0.000432
923,0.000522
924,0.000516
925,0.000407
926,0.000665
927,0.000611
928,0.005047
929,0.930221
930,0.976892
931,0.994931
932,0.98779
933,0.981308
934,0.985096
935,0.984107
936,0.984985
937,0.984281
938,0.987364
939,0.98883
940,0.99192
941,0.993081
942,0.993496
943,0.049088
944,0.016902
945,0.002365
946,0.001945
947,0.002842
948,0.002928
949,0.001368
950,0.001332
951,0.000558
952,0.000497
953,0.000463
954,0.000547
955,0.000352
956,0.000415
957,0.001495
958,0.001744
959,0.002251
960,0.002156
961,0.000978
962,0.000875
963,0.001289
964,0.002201
965,0.003464
966,0.766726
967,0.985094
968,0.989242
969,0.975812
970,0.968306
971,0.977794
972,0.985312
973,0.992675
974,0.992922
975,0.992894
976,0.985994
977,0.989864
978,0.991443
979,0.990089
980,0.991183
981,0.991617
982,0.997597
983,0.99072
984,0.990689
985,0.989635
986,0.990577
987,0.988311
988,0.987765
989,0.989302
990,0.990193
991,0.995727
992,0.994534
993,0.99465
994,0.990695
995,0.991221
996,0.991253
997,0.992444
998,0.991621
999,0.989702
1000,0.987142
1001,0.990968
1002,0.988616
1003,0.992248
1004,0.024597
1005,0.004789
1006,0.00217
1007,0.002006
1008,0.002124
1009,0.002313
1010,0.002581
1011,0.002338
1012,0.002496
1013,0.002636
1014,0.002764
1015,0.002257
1016,0.002531
1017,0.002602
1018,0.003256
1019,0.003467
1020,0.002651
1021,0.002882
1022,0.003313
1023,0.001648
1024,0.003465
1025,0.001765
1026,0.00269
1027,0.17834
1028,0.965872
1029,0.984855
1030,0.991621
1031,0.992488
1032,0.995701
1033,0.996539
1034,0.996516
1035,0.681854
1036,0.016496
1037,0.005589
1038,0.004063
1039,0.003507
1040,0.003424
1041,0.002204
1042,0.001473
1043,0.001887
1044,0.001746
1045,0.001888
1046,0.002595
1047,0.002838
1048,0.002571
1049,0.002001
1050,0.002129
1051,0.001839
1052,0.001963
1053,0.001879
1054,0.002218
1055,0.00241
1056,0.003321
1057,0.001962
1058,0.002641
1059,0.002714
1060,0.002993
1061,0.093226
1062,0.885527
1063,0.968581
1064,0.983216
1065,0.989425
1066,0.996385
1067,0.996537
1068,0.996178
1069,0.995703
1070,0.995687
1071,0.996113
1072,0.996866
1073,0.996494
1074,0.994048
1075,0.987074
1076,0.988175
1077,0.98517
1078,0.995375
1079,0.979251
1080,0.982502
1081,0.986361
1082,0.992919
1083,0.981215
1084,0.979386
1085,0.994463
1086,0.99445
1087,0.995475
1088,0.99495
1089,0.994869
1090,0.995169
1091,0.983394
1092,0.98699
1093,0.992934
1094,0.993558
1095,0.994983
1096,0.996166
1097,0.996091
1098,0.996253
1099,0.996907
1100,0.996773
1101,0.996558
1102,0.996555
1103,0.996572
1104,0.991338
1105,0.026339
1106,0.000802
1107,0.001048
1108,0.000793
1109,0.0009
1110,0.000476
1111,0.000471
1112,0.000567
1113,0.000773
1114,0.000668
1115,0.000506
1116,0.000484
1117,0.000149
1118,0.000156
1119,0.000164
1120,0.000159
1121,0.000139
1122,0.000151
1123,0.000233
1124,0.000207
1125,0.00024
1126,0.000296
1127,0.000243
1128,0.000279
1129,0.001805
1130,0.000719
1131,0.000901
1132,0.000853
1133,0.000576
1134,0.000414
1135,0.010744
1136,0.947059
1137,0.991644
1138,0.98973
1139,0.995192
1140,0.995455
1141,0.994566
1142,0.994649
1143,0.995083
1144,0.994524
1145,0.99332
1146,0.993583
1147,0.993354
1148,0.992571
1149,0.992823
1150,0.985886
1151,0.067278
1152,0.036283
1153,0.010593
1154,0.007061
1155,0.002614
1156,0.002088
1157,0.00193
1158,0.001407
1159,0.001175
1160,0.001226
1161,0.001125
1162,0.000885
1163,0.000532
1164,0.000542
1165,0.000611
1166,0.000242
1167,0.0003
1168,0.000627
1169,0.000769
1170,0.000645
1171,0.000458
1172,0.000427
1173,0.000493
1174,0.000442
1175,0.0008
1176,0.000923
1177,0.001091
1178,0.000882
1179,0.000636
1180,0.000665
1181,0.000461
1182,0.000459
1183,0.001538
1184,0.307424
1185,0.971353
1186,0.946041
1187,0.967699
1188,0.962404
1189,0.973949
1190,0.982765
1191,0.985396
1192,0.9888
1193,0.986861
1194,0.98615
1195,0.983304
1196,0.988189
1197,0.990073
1198,0.986721
1199,0.093978
1200,0.003857
1201,0.001934
1202,0.001789
1203,0.001357
1204,0.001988
1205,0.002053
1206,0.002672
1207,0.003012
1208,0.002613
1209,0.0024
1210,0.001904
1211,0.001849
1212,0.002272
1213,0.001064
1214,0.001232
1215,0.001012
1216,0.00026
1217,0.000265
1218,0.000369
1219,0.081536
1220,0.928451
1221,0.989267
1222,0.990913
1223,0.993679
1224,0.993762
1225,0.99639
1226,0.996273
1227,0.996518
1228,0.99577
1229,0.901894
1230,0.008065
1231,0.003051
1232,0.001489
1233,0.0016
1234,0.00193
1235,0.001422
1236,0.000353
1237,0.000539
1238,0.001039
1239,0.000909
1240,0.00129
1241,0.001738
1242,0.001284
1243,0.000641
1244,0.000756
1245,0.00162
1246,0.00263
1247,0.004889
1248,0.003264
1249,0.00147
1250,0.001959
1251,0.001357
1252,0.00128
1253,0.000968
1254,0.000693
1255,0.000955
1256,0.001478
1257,0.001008
1258,0.001413
1259,0.002174
1260,0.001305
1261,0.000602
1262,0.000936
1263,0.000869
1264,0.00086
1265,0.000677
1266,0.001006
1267,0.000738
1268,0.000627
1269,0.000854
1270,0.000792
1271,0.000834
1272,0.000985
1273,0.001668
1274,0.001266
1275,0.000946
1276,0.001347
1277,0.001303
1278,0.000591
1279,0.002359
1280,0.177639
1281,0.529206
1282,0.625419
1283,0.593248
1284,0.696116
1285,0.599797
1286,0.646324
1287,0.02508
1288,0.004386
1289,0.005707
1290,0.003643
1291,0.002572
1292,0.001792
1293,0.001373
1294,0.001433
1295,0.001434
1296,0.001475
1297,0.001691
1298,0.001979
1299,0.002218
1300,0.00165
1301,0.00154
1302,0.00202
1303,0.001424
1304,0.00111
1305,0.00162
1306,0.001547
1307,0.001411
1308,0.001928
1309,0.001484
1310,0.001799
1311,0.001744
1312,0.002242
1313,0.001914
1314,0.004977
1315,0.004178
1316,0.003621
1317,0.003757
1318,0.004215
1319,0.004636
1320,0.005276
1321,0.003885
1322,0.003884
1323,0.002483
1324,0.001825
1325,0.002869
1326,0.003644
1327,0.00369
1328,0.00369
1329,0.002737
1330,0.002668
1331,0.002802
1332,0.002296
1333,0.002416
1334,0.001918
1335,0.002026
1336,0.002453
1337,0.003054
1338,0.002621
1339,0.00265
1340,0.002269
1341,0.002436
1342,0.002492
1343,0.00226
1344,0.002237
1345,0.001436
1346,0.001479
1347,0.001521
1348,0.001347
1349,0.001517
1350,0.001319
1351,0.001422
1352,0.002092
1353,0.002307
1354,0.002329
1355,0.002888
1356,0.002365
1357,0.0029
1358,0.003271
1359,0.003219
1360,0.003661
1361,0.004016
1362,0.003956
1363,0.003481
1364,0.002991
1365,0.002799
1366,0.003034
1367,0.003006
1368,0.001722
1369,0.004794
1370,0.003381
1371,0.002716
1372,0.002672
1373,0.002055
1374,0.002634
1375,0.002519
1376,0.002055
1377,0.00267
1378,0.00243
1379,0.002138
1380,0.002275
1381,0.004783
1382,0.003124
1383,0.001907
1384,0.008006
1385,0.01649
1386,0.013818
1387,0.488425
1388,0.950349
1389,0.983865
1390,0.953309
1391,0.932429
1392,0.94583
1393,0.992244
1394,0.990858
1395,0.990245
1396,0.988943
1397,0.990673
1398,0.994133
1399,0.990962
1400,0.980704
1401,0.974535
1402,0.955173
1403,0.944746
1404,0.970014
1405,0.974848
1406,0.996498
1407,0.997667
1408,0.997511
1409,0.991229
1410,0.996585
1411,0.996192
1412,0.993227
1413,0.899019
1414,0.074801
1415,0.002866
1416,0.002255
1417,0.003383
1418,0.002538
1419,0.002929
1420,0.002743
1421,0.003459
1422,0.003117
1423,0.001617
1424,0.001162
1425,0.001065
1426,0.001425
1427,0.001913
1428,0.001954
1429,0.002267
1430,0.002327
1431,0.00272
1432,0.002745
1433,0.004333
1434,0.005298
1435,0.004352
1436,0.004027
1437,0.003396
1438,0.004258
1439,0.006262
1440,0.005989
1441,0.00416
1442,0.002886
1443,0.002252
1444,0.004104
1445,0.001828
1446,0.00189
1447,0.00264
1448,0.002728
1449,0.003181
1450,0.003138
1451,0.002698
1452,0.002058
1453,0.002392
1454,0.002639
1455,0.00206
1456,0.002201
1457,0.00325
1458,0.003243
1459,0.002487
1460,0.00375
1461,0.001479
1462,0.003946
1463,0.001019
1464,0.00061
1465,0.000774
1466,0.000615
1467,0.000759
1468,0.000424
1469,0.000329
1470,0.000857
1471,0.001654
1472,0.000267
1473,0.001957
1474,0.001771
1475,0.00137
1476,0.002685
1477,0.002202
1478,0.001904
1479,0.001714
1480,0.001589
1481,0.001397
1482,0.001684
1483,0.001734
1484,0.001659
1485,0.001812
1486,0.00151
1487,0.001195
1488,0.001404
1489,0.001934
1490,0.001818
1491,0.001754
1492,0.002279
1493,0.003047
1494,0.003362
1495,0.003169
1496,0.003167
1497,0.00603
1498,0.006695
1499,0.004978
1500,0.008926
1501,0.482064
1502,0.896597
1503,0.956857
1504,0.974354
1505,0.972533
1506,0.989023
1507,0.985882
1508,0.989893
1509,0.990527
1510,0.994177
1511,0.993111
1512,0.990241
1513,0.986197
1514,0.982659
1515,0.961229
1516,0.070434
1517,0.00995
1518,0.004468
1519,0.002682
1520,0.002419
1521,0.002154
1522,0.001545
1523,0.000836
1524,0.000531
1525,0.000356
1526,0.000302
1527,0.000285
1528,0.000387
1529,0.000271
1530,0.000262
1531,0.000209
1532,0.000276
1533,0.000254
1534,0.000293
1535,0.000364
1536,0.000467
1537,0.000213
1538,0.000284
1539,0.051453
1540,0.98792
1541,0.991678
1542,0.994178
1543,0.995526
1544,0.995051
1545,0.993951
1546,0.9957
1547,0.995588
1548,0.994316
1549,0.993349
1550,0.994134
1551,0.994106
1552,0.994817
1553,0.993828
1554,0.99261
1555,0.994119
1556,0.993299
1557,0.99423
1558,0.993105
1559,0.992093
1560,0.992588
1561,0.990718
1562,0.991996
1563,0.990032
1564,0.988714
1565,0.988354
1566,0.98563
1567,0.984172
1568,0.98217
1569,0.978886
1570,0.982
1571,0.983431
1572,0.982719
1573,0.978434
1574,0.982204
1575,0.978495
1576,0.977121
1577,0.974427
1578,0.972128
1579,0.971877
1580,0.96198
1581,0.971633
1582,0.969608
1583,0.97248
1584,0.970639
1585,0.97422
1586,0.973096
1587,0.976621
1588,0.975423
1589,0.968515
1590,0.991696
1591,0.091222
1592,0.005669
1593,0.001232
1594,0.002464
1595,0.001288
1596,0.000548
1597,0.001902
1598,0.001891
1599,0.001313
1600,0.001097
1601,0.001187
1602,0.000922
1603,0.000841
1604,0.000978
1605,0.000788
1606,0.000768
1607,0.000623
1608,0.000658
1609,0.001067
1610,0.000771
1611,0.000915
1612,0.000779
1613,0.000923
1614,0.00107
1615,0.001251
1616,0.001166
1617,0.002523
1618,0.002133
1619,0.001698
1620,0.00206
1621,0.003042
1622,0.002881
1623,0.003494
1624,0.004
1625,0.00344
1626,0.002402
1627,0.005656
1628,0.644545
1629,0.9855
1630,0.990498
1631,0.991332
1632,0.992536
1633,0.993807
1634,0.994437
1635,0.994237
1636,0.994939
1637,0.994232
1638,0.993727
1639,0.993399
1640,0.993892
1641,0.993122
1642,0.992417
1643,0.990302
1644,0.987947
1645,0.991238
1646,0.991565
1647,0.994061
1648,0.019533
1649,0.00954
1650,0.005799
1651,0.004765
1652,0.004167
1653,0.003335
1654,0.002411
1655,0.00198
1656,0.002346
1657,0.001783
1658,0.002243
1659,0.002444
1660,0.002858
1661,0.003026
1662,0.004372
1663,0.003861
1664,0.002876
1665,0.002636
1666,0.001728
1667,0.001124
1668,0.000822
1669,0.000344
1670,0.000395
1671,0.000297
1672,0.000385
1673,0.000381
1674,0.00045
1675,0.000518
1676,0.000618
1677,0.000464
1678,0.000469
1679,0.000423
1680,0.000426
1681,0.000329
1682,0.00033
1683,0.000325
1684,0.000465
1685,0.000472
1686,0.000491
1687,0.001797
1688,0.673035
1689,0.997203
1690,0.995134
1691,0.995242
1692,0.995965
1693,0.996964
1694,0.997208
1695,0.996987
1696,0.997591
1697,0.997469
1698,0.997408
1699,0.997671
1700,0.997689
1701,0.99749
1702,0.997379
1703,0.996153
1704,0.996576
1705,0.995915
1706,0.995976
1707,0.996042
1708,0.99629
1709,0.99578
1710,0.995469
1711,0.995446
1712,0.99268
1713,0.055202
1714,0.017534
1715,0.007652
1716,0.005305
1717,0.004321
1718,0.00336
1719,0.002277
1720,0.00168
1721,0.001731
1722,0.001765
1723,0.001934
1724,0.001922
1725,0.001352
1726,0.001214
1727,0.001197
1728,0.001083
1729,0.000825
1730,0.000719
1731,0.000851
1732,0.000975
1733,0.001149
1734,0.001371
1735,0.001287
1736,0.001231
1737,0.000957
1738,0.000754
1739,0.00073
1740,0.000752
1741,0.000838
1742,0.000722
1743,0.000641
1744,0.000528
1745,0.000514
1746,0.000916
1747,0.001063
1748,0.00209
1749,0.88374
1750,0.981847
1751,0.990994
1752,0.993942
1753,0.995184
1754,0.996301
1755,0.995773
1756,0.995865
1757,0.996011
1758,0.996322
1759,0.996616
1760,0.996291
1761,0.99631
1762,0.996491
1763,0.995987
1764,0.995248
1765,0.991384
1766,0.009319
1767,0.006924
1768,0.00709
1769,0.004884
1770,0.005156
1771,0.00464
1772,0.003759
1773,0.003195
1774,0.002771
1775,0.002673
1776,0.002155
1777,0.001576
1778,0.00167
1779,0.001747
1780,0.001312
1781,0.001874
1782,0.00148
1783,0.001446
1784,0.004285
1785,0.837559
1786,0.989331
1787,0.993365
1788,0.9932
1789,0.988066
1790,0.989226
1791,0.98941
1792,0.990755
1793,0.988422
1794,0.934005
1795,0.00067
1796,0.003104
1797,0.287295
1798,0.644201
1799,0.87597
1800,0.948343
1801,0.965158
1802,0.953706
1803,0.97137
1804,0.972926
1805,0.968603
1806,0.290545
1807,0.015469
1808,0.009312
1809,0.00678
1810,0.006196
1811,0.006022
1812,0.005004
1813,0.002678
1814,0.002678
1815,0.001797
1816,0.003265
1817,0.700921
1818,0.96414
1819,0.986089
1820,0.985118
1821,0.991056
1822,0.988892
1823,0.99097
1824,0.991177
1825,0.987748
1826,0.989903
1827,0.990208
1828,0.991013
1829,0.991606
1830,0.991522
1831,0.992115
1832,0.991022
1833,0.989911
1834,0.98728
1835,0.053216
1836,0.003951
1837,0.002661
1838,0.002128
1839,0.001308
1840,0.001053
1841,0.001695
1842,0.419172
1843,0.9873
1844,0.990319
1845,0.990105
1846,0.990738
1847,0.991365
1848,0.992336
1849,0.992143
1850,0.993612
1851,0.993446
1852,0.994496
1853,0.994207
1854,0.994015
1855,0.994027
1856,0.99375
1857,0.989158
1858,0.003867
1859,0.001889
1860,0.000818
1861,0.00067
1862,0.000641
1863,0.000582
1864,0.000558
1865,0.000599
1866,0.000676
1867,0.000769
1868,0.00058
1869,0.000516
1870,0.000493
1871,0.000574
1872,0.000532
1873,0.000355
1874,0.000392
1875,0.000395
1876,0.000298
1877,0.000292
1878,0.000229
1879,0.000236
1880,0.000191
1881,0.000251
1882,0.000329
1883,0.000261
1884,0.000101
1885,0.003026
1886,0.018476
1887,0.896097
1888,0.956085
1889,0.970779
1890,0.970878
1891,0.969774
1892,0.964418
1893,0.960916
1894,0.957537
1895,0.965901
1896,0.980271
1897,0.987835
1898,0.985263
1899,0.986055
1900,0.989092
1901,0.991561
1902,0.991162
1903,0.988518
1904,0.990268
1905,0.991749
1906,0.991931
1907,0.993846
1908,0.993469
1909,0.994307
1910,0.995124
1911,0.994862
1912,0.995963
1913,0.99561
1914,0.993371
1915,0.074485
1916,0.003262
1917,0.001305
1918,0.00183
1919,0.004232
1920,0.00734
1921,0.003561
1922,0.001227
1923,0.000725
1924,0.000721
1925,0.00063
1926,0.00059
1927,0.000868
1928,0.000775
1929,0.00076
1930,0.000687
1931,0.000649
1932,0.000701
1933,0.000834
1934,0.000831
1935,0.000934
1936,0.001102
1937,0.001137
1938,0.001739
1939,0.000945
1940,0.001161
1941,0.001483
1942,0.117519
1943,0.860469
1944,0.957352
1945,0.984492
1946,0.984137
1947,0.953321
1948,0.948573
1949,0.958741
1950,0.935848
1951,0.01415
1952,0.009788
1953,0.005704
1954,0.004714
1955,0.005054
1956,0.003691
1957,0.00274
1958,0.001582
1959,0.001441
1960,0.00132
1961,0.001411
1962,0.001067
1963,0.001241
1964,0.000763
1965,0.003342
1966,0.002822
1967,0.280229
1968,0.570594
1969,0.771959
1970,0.575982
1971,0.651336
1972,0.727599
1973,0.80274
1974,0.760254
1975,0.799206
1976,0.866259
1977,0.888135
1978,0.696082
1979,0.518053
1980,0.330005
1981,0.536624
1982,0.519374
1983,0.585027
1984,0.539865
1985,0.635964
1986,0.688804
1987,0.838118
1988,0.930455
1989,0.897487
1990,0.911502
1991,0.913405
1992,0.924804
1993,0.931861
1994,0.937549
1995,0.934251
1996,0.938426
1997,0.906173
1998,0.908596
1999,0.93223
2000,0.933432
2001,0.95282
2002,0.949892
2003,0.920177
2004,0.291588
2005,0.006887
2006,0.002123
2007,0.001224
2008,0.001291
2009,0.00117
2010,0.000524
2011,0.000506
2012,0.000666
2013,0.000777
2014,0.001241
2015,0.000763
2016,0.000551
2017,0.000574
2018,0.000398
2019,0.0004
2020,0.000717
2021,0.001022
2022,0.000798
2023,0.001095
2024,0.001112
2025,0.000757
2026,0.000751
2027,0.000737
2028,0.000656
2029,0.000831
2030,0.000542
2031,0.000264
2032,0.000276
2033,0.000232
2034,0.000236
2035,0.000414
2036,0.000362
2037,0.000408
2038,0.000384
2039,0.000437
2040,0.00038
2041,0.000216
2042,0.000479
2043,0.000742
2044,0.001393
2045,0.000395
2046,0.000366
2047,0.000346
2048,0.001087
2049,0.00143
2050,0.003409
2051,0.004258
2052,0.006404
2053,0.007445
2054,0.004692
2055,0.002116
2056,0.001531
2057,0.161494
2058,0.955666
2059,0.991384
2060,0.992853
2061,0.995259
2062,0.9965
2063,0.997144
2064,0.996148
2065,0.995697
2066,0.996426
2067,0.996
2068,0.995862
2069,0.813152
2070,0.01227
2071,0.00397
2072,0.004674
2073,0.005864
2074,0.002404
2075,0.001448
2076,0.000704
2077,0.001333
2078,0.000872
2079,0.00081
2080,0.000922
2081,0.000907
2082,0.000648
2083,0.000745
2084,0.00055
2085,0.000692
2086,0.00052
2087,0.000404
2088,0.000411
2089,0.000391
2090,0.000367
2091,0.000318
2092,0.000274
2093,0.000253
2094,0.000319
2095,0.000338
2096,0.000353
2097,0.000311
2098,0.000368
2099,0.000488
2100,0.00055
2101,0.000474
2102,0.000696
2103,0.00088
2104,0.000929
2105,0.001115
2106,0.001152
2107,0.001218
2108,0.001177
2109,0.000949
2110,0.000859
2111,0.000522
2112,0.000452
2113,0.000619
2114,0.000621
2115,0.000594
2116,0.000849
2117,0.000812
2118,0.000858
2119,0.000759
2120,0.000759
2121,0.00061
2122,0.000517
2123,0.000489
2124,0.000579
2125,0.00062
2126,0.000513
2127,0.000491
2128,0.000469
2129,0.000526
2130,0.000622
2131,0.00075
2132,0.00087
2133,0.000816
2134,0.000627
2135,0.000832
2136,0.000952
2137,0.000314
2138,0.000526
2139,0.000663
2140,0.000835
2141,0.000877
2142,0.001026
2143,0.00086
2144,0.000726
2145,0.000795
2146,0.000566
2147,0.000999
2148,0.000888
2149,0.000689
2150,0.000573
2151,0.000534
2152,0.000708
2153,0.000656
2154,0.000533
2155,0.000468
2156,0.000504
2157,0.000428
2158,0.000408
2159,0.000357
2160,0.000355
2161,0.000262
2162,0.00032
2163,0.000369
2164,0.000541
2165,0.000439
2166,0.000203
2167,0.000493
2168,0.000526
2169,0.000391
2170,0.000477
2171,0.000614
2172,0.000584
2173,0.000279
2174,0.000371
2175,0.000244
2176,0.000244
2177,0.000315
2178,0.000585
2179,0.000534
2180,0.000593
2181,0.000611
2182,0.000571
2183,0.000631
2184,0.000681
2185,0.000453
2186,0.000496
2187,0.000411
2188,0.000471
2189,0.000395
2190,0.000428
2191,0.000509
2192,0.000509
2193,0.000507
2194,0.000949
2195,0.001283
2196,0.001515
2197,0.001964
2198,0.00191
2199,0.001906
2200,0.001621
2201,0.001817
2202,0.001262
2203,0.000113
2204,0.000116
2205,9.5e-05
2206,6.5e-05
2207,0.000158
2208,0.000192
2209,0.000886
2210,0.000981
2211,0.001139
2212,0.005295
2213,0.936184
2214,0.97928
2215,0.987405
2216,0.988141
2217,0.9875
2218,0.989544
2219,0.991651
2220,0.992303
2221,0.992393
2222,0.993006
2223,0.992654
2224,0.993382
2225,0.992414
2226,0.99214
2227,0.991769
2228,0.51984
2229,0.036736
2230,0.004796
2231,0.002899
2232,0.001695
2233,0.000935
2234,0.000756
2235,0.000798
2236,0.000771
2237,0.000873
2238,0.000905
2239,0.000988
2240,0.001072
2241,0.001213
2242,0.001611
2243,0.00362
2244,0.004614
2245,0.003414
2246,0.003115
2247,0.006235
2248,0.00342
2249,0.00186
2250,0.001939
2251,0.002343
2252,0.002372
2253,0.002734
2254,0.002867
2255,0.001932
2256,0.002755
2257,0.004864
2258,0.007276
2259,0.006398
2260,0.017375
2261,0.000607
2262,0.323881
2263,0.949538
2264,0.962472
2265,0.97753
2266,0.983132
2267,0.982011
2268,0.985395
2269,0.989038
2270,0.988445
2271,0.990047
2272,0.99115
2273,0.991059
2274,0.99114
2275,0.991068
2276,0.462465
2277,0.011644
2278,0.00752
2279,0.004399
2280,0.002316
2281,0.001457
2282,0.001118
2283,0.001125
2284,0.001118
2285,0.00105
2286,0.000975
2287,0.001135
2288,0.000914
2289,0.000694
2290,0.000665
2291,0.000488
2292,0.000684
2293,0.000739
2294,0.000888
2295,0.000741
2296,0.000908
2297,0.000833
2298,0.001258
2299,0.001128
2300,0.001543
2301,0.001808
2302,0.001089
2303,0.001259
2304,0.000892
2305,0.000696
2306,0.001119
2307,0.001605
2308,0.003938
2309,0.005423
2310,0.00279
2311,0.001978
2312,0.003154
2313,0.001341
2314,0.001571
2315,0.006123
2316,0.002094
2317,0.008401
2318,0.008802
2319,0.008206
2320,0.004868
2321,0.004438
2322,0.004289
2323,0.005311
2324,0.004502
2325,0.002825
2326,0.002943
2327,0.002923
2328,0.002617
2329,0.000666
2330,0.001579
2331,0.00356
2332,0.005056
2333,0.00356
2334,0.002448
2335,0.001156
2336,0.000602
2337,0.000443
2338,0.000555
2339,0.000583
2340,0.000692
2341,0.000269
2342,0.000265
2343,0.000249
2344,0.000276
2345,0.000243
2346,0.000227
2347,0.000283
2348,0.00034
2349,0.000357
2350,0.000303
2351,0.000497
2352,0.00056
2353,0.000624
2354,0.356695
2355,0.96971
2356,0.986318
2357,0.990366
2358,0.99328
2359,0.993742
2360,0.995826
2361,0.996499
2362,0.996755
2363,0.996895
2364,0.995483
2365,0.995284
2366,0.994175
2367,0.994482
2368,0.540496
2369,0.002219
2370,0.001367
2371,0.000967
2372,0.000734
2373,0.00074
2374,0.00057
2375,0.000371
2376,0.000403
2377,0.000361
2378,0.000326
2379,0.000426
2380,0.00091
2381,0.002249
2382,0.001479
2383,0.001949
2384,0.001525
2385,0.000969
2386,0.001425
2387,0.001444
2388,0.001393
2389,0.00124
2390,0.001432
2391,0.001522
2392,0.001691
2393,0.001983
2394,0.001998
2395,0.001447
2396,0.001456
2397,0.000928
2398,0.000809
2399,0.00096
2400,0.000731
2401,0.000825
2402,0.001073
2403,0.000645
2404,0.000916
2405,0.00153
2406,0.000659
2407,0.000448
2408,0.000614
2409,0.001476
2410,0.001615
2411,0.042718
2412,0.171043
2413,0.078159
2414,0.034913
2415,0.006544
2416,0.005934
2417,0.001922
2418,0.001191
2419,0.001832
2420,0.002758
2421,0.003436
2422,0.003446
2423,0.003798
2424,0.00387
2425,0.001516
2426,0.002108
2427,0.00309
2428,0.003139
2429,0.00214
2430,0.002372
2431,0.003039
2432,0.002925
2433,0.002316
2434,0.001364
2435,0.001091
2436,0.00099
2437,0.001773
2438,0.001402
2439,0.001119
2440,0.000757
2441,0.000828
2442,0.000538
2443,0.000559
2444,0.000408
2445,0.013532
2446,0.895958
2447,0.983857
2448,0.985581
2449,0.948838
2450,0.952454
2451,0.873595
2452,0.961587
2453,0.961231
2454,0.976822
2455,0.964885
2456,0.975624
2457,0.978367
2458,0.264164
2459,0.003658
2460,0.002285
2461,0.000968
2462,0.000811
2463,0.000737
2464,0.000601
2465,0.000307
2466,0.000352
2467,0.000285
2468,0.000257
2469,0.000398
2470,0.000421
2471,0.000408
2472,0.000503
2473,0.000349
2474,0.000526
2475,0.000595
2476,0.0006
2477,0.000571
2478,0.000632
2479,0.000523
2480,0.00046
2481,0.000575
2482,0.000825
2483,0.001206
2484,0.001752
2485,0.000554
2486,0.000783
2487,0.001791
2488,0.001162
2489,0.002688
2490,0.001976
2491,0.003285
2492,0.001537
2493,0.003681
2494,0.00767
2495,0.002384
2496,0.001869
2497,0.001303
2498,0.000814
2499,0.000606
2500,0.000713
2501,0.000623
2502,0.000831
2503,0.005006
2504,0.006853
2505,0.001663
2506,0.001662
2507,0.008594
2508,0.001292
2509,0.000944
2510,0.000986
2511,0.001051
2512,0.000726
2513,0.000711
2514,0.000742
2515,0.000977
2516,0.001074
2517,0.002143
2518,0.002684
2519,0.003907
2520,0.003495
2521,0.004008
2522,0.003995
2523,0.003019
2524,0.003327
2525,0.000675
2526,0.002197
2527,0.001723
2528,0.001706
2529,0.001582
2530,0.001932
2531,0.001538
2532,0.000598
2533,0.000556
2534,0.000529
2535,0.000352
2536,0.000379
2537,0.000352
2538,0.000336
2539,0.000358
2540,0.000332
2541,0.000341
2542,0.00042
2543,0.000521
2544,0.000496
2545,0.00037
2546,0.000418
2547,0.000421
2548,0.00047
2549,0.00044
2550,0.000496
2551,0.000536
2552,0.000501
2553,0.000437
2554,0.000355
2555,0.000425
2556,0.000448
2557,0.000288
2558,0.000328
2559,0.000273
2560,0.000354
2561,0.000472
2562,0.000696
2563,0.000881
2564,0.001071
2565,0.001289
2566,0.001651
2567,0.00157
2568,0.001822
2569,0.009504
2570,0.013391
2571,0.003997
2572,0.001115
2573,0.002977
2574,0.001827
2575,0.001115
2576,0.00072
2577,0.000495
2578,0.000552
2579,0.000619
2580,0.000851
2581,0.000847
2582,0.000806
2583,0.001349
2584,0.002187
2585,0.001681
2586,0.001344
2587,0.002248
2588,0.002979
2589,0.002482
2590,0.002843
2591,0.001951
2592,0.001461
2593,0.001239
2594,0.001332
2595,0.00123
2596,0.00103
2597,0.001134
2598,0.000864
2599,0.000605
2600,0.000759
2601,0.000622
2602,0.000557
2603,0.000579
2604,0.000754
2605,0.000582
2606,0.000678
2607,0.000346
2608,0.000336
2609,0.000496
2610,0.001087
2611,0.00094
2612,0.001069
2613,0.000876
2614,0.000804
2615,0.018401
2616,0.96409
2617,0.979761
2618,0.992519
2619,0.989993
2620,0.980763
2621,0.930599
2622,0.979376
2623,0.988469
2624,0.98736
2625,0.986445
2626,0.986647
2627,0.98807
2628,0.986671
2629,0.993546
2630,0.992809
2631,0.993603
2632,0.992199
2633,0.993625
2634,0.993777
2635,0.944006
2636,0.005504
2637,0.001362
2638,0.000981
2639,0.000784
2640,0.000974
2641,0.000798
2642,0.000741
2643,0.000685
2644,0.000645
2645,0.000553
2646,0.000573
2647,0.000595
2648,0.000453
2649,0.00048
2650,0.000495
2651,0.000556
2652,0.000295
2653,0.000424
2654,0.000582
2655,0.000589
2656,0.000943
2657,0.001143
2658,0.001337
2659,0.001592
2660,0.001279
2661,0.001365
2662,0.001517
2663,0.001731
2664,0.002344
2665,0.0024
2666,0.00193
2667,0.001288
2668,0.002304
2669,0.001916
2670,0.000783
2671,0.001455
2672,0.903341
2673,0.942947
2674,0.943005
2675,0.960965
2676,0.972556
2677,0.970405
2678,0.970682
2679,0.976331
2680,0.979713
2681,0.981434
2682,0.983672
2683,0.978574
2684,0.029617
2685,0.013214
2686,0.007148
2687,0.004222
2688,0.004704
2689,0.003212
2690,0.002892
2691,0.002429
2692,0.001984
2693,0.001905
2694,0.001787
2695,0.001361
2696,0.000821
2697,0.000654
2698,0.000817
2699,0.000589
2700,0.000727
2701,0.001388
2702,0.068096
2703,0.97663
2704,0.994469
2705,0.993299
2706,0.993371
2707,0.993651
2708,0.995027
2709,0.996403
2710,0.996991
2711,0.032116
2712,0.002294
2713,0.001977
2714,0.001022
2715,0.000711
2716,0.000937
2717,0.000972
2718,0.000611
2719,0.000427
2720,0.000243
2721,0.000255
2722,0.00029
2723,0.00028
2724,0.000274
2725,0.000227
2726,0.000242
2727,0.000228
2728,0.000381
2729,0.000309
2730,0.000365
2731,0.000441
2732,0.000385
2733,0.000354
2734,0.000457
2735,0.000579
2736,0.000547
2737,0.062908
2738,0.943999
2739,0.990151
2740,0.992233
2741,0.991783
2742,0.992291
2743,0.992642
2744,0.992853
2745,0.993438
2746,0.993609
2747,0.993764
2748,0.992901
2749,0.991629
2750,0.991603
2751,0.99155
2752,0.990865
2753,0.991967
2754,0.989681
2755,0.990989
2756,0.989132
2757,0.989621
2758,0.990764
2759,0.99219
2760,0.993273
2761,0.993918
2762,0.992609
2763,0.991614
2764,0.990208
2765,0.98856
2766,0.990582
2767,0.295506
2768,0.008694
2769,0.03643
2770,0.439191
2771,0.777105
2772,0.794927
2773,0.806605
2774,0.764721
2775,0.775471
2776,0.774726
2777,0.845825
2778,0.851521
2779,0.921564
2780,0.389472
2781,0.021614
2782,0.00298
2783,0.000836
2784,0.001413
2785,0.001031
2786,0.001211
2787,0.001204
2788,0.00167
2789,0.001401
2790,0.001534
2791,0.001378
2792,0.002436
2793,0.815424
2794,0.991802
2795,0.992757
2796,0.99535
2797,0.98464
2798,0.981681
2799,0.994189
2800,0.989699
2801,0.987097
2802,0.987239
2803,0.983919
2804,0.983146
2805,0.920144
2806,0.895158
2807,0.899342
2808,0.922532
2809,0.982876
2810,0.981816
2811,0.981426
2812,0.978403
2813,0.971173
2814,0.979318
2815,0.183615
2816,0.002674
2817,0.001692
2818,0.152424
2819,0.795862
2820,0.918425
2821,0.964787
2822,0.956122
2823,0.951473
2824,0.948886
2825,0.966088
2826,0.979512
2827,0.979671
2828,0.984287
2829,0.988951
2830,0.895766
2831,0.005898
2832,0.003304
2833,0.000929
2834,0.000823
2835,0.000891
2836,0.000885
2837,0.000972
2838,0.000948
2839,0.346897
2840,0.9976
2841,0.998434
2842,0.998385
2843,0.998374
2844,0.998532
2845,0.998264
2846,0.998368
2847,0.998569
2848,0.998594
2849,0.998693
