1,0.995757
2,0.993785
3,0.994521
4,0.991934
5,0.990479
6,0.987899
7,0.989342
8,0.985256
9,0.986695
10,0.980411
11,0.985111
12,0.982723
13,0.980471
14,0.978266
15,0.972699
16,0.97332
17,0.966357
18,0.969172
19,0.967586
20,0.956752
21,0.971241
22,0.962425
23,0.958848
24,0.965397
25,0.973287
26,0.968906
27,0.975419
28,0.976487
29,0.966646
30,0.967113
31,0.9712
32,0.978367
33,0.979251
34,0.976206
35,0.973927
36,0.97653
37,0.986855
38,0.988002
39,0.988755
40,0.989541
41,0.990498
42,0.989811
43,0.989084
44,0.989079
45,0.981763
46,0.968396
47,0.967286
48,0.962587
49,0.944496
50,0.916841
51,0.870598
52,0.884772
53,0.814755
54,0.762468
55,0.788131
56,0.874007
57,0.829627
58,0.68176
59,0.73452
60,0.747784
61,0.826743
62,0.831917
63,0.713719
64,0.686494
65,0.55584
66,0.593365
67,0.60157
68,0.596287
69,0.592105
70,0.624517
71,0.706392
72,0.717959
73,0.701332
74,0.64885
75,0.527583
76,0.506475
77,0.610548
78,0.635869
79,0.613712
80,0.627609
81,0.610056
82,0.576309
83,0.622634
84,0.616895
85,0.674306
86,0.619227
87,0.53544
88,0.613674
89,0.579182
90,0.582494
91,0.589556
92,0.545438
93,0.487646
94,0.460592
95,0.416193
96,0.434673
97,0.57533
98,0.605784
99,0.607825
100,0.664297
101,0.768125
102,0.750134
103,0.751179
104,0.78756
105,0.772264
106,0.760208
107,0.801233
108,0.778712
109,0.708403
110,0.735114
111,0.689032
112,0.611423
113,0.59524
114,0.647134
115,0.652224
116,0.693663
117,0.721408
118,0.688971
119,0.713211
120,0.760435
121,0.877325
122,0.892422
123,0.886768
124,0.901015
125,0.907699
126,0.895049
127,0.917957
128,0.900278
129,0.947674
130,0.941319
131,0.952412
132,0.963044
133,0.962063
134,0.971104
135,0.962816
136,0.964065
137,0.96413
138,0.967929
139,0.972561
140,0.969553
141,0.973148
142,0.973127
143,0.975079
144,0.979109
145,0.982325
146,0.98252
147,0.983588
148,0.985197
149,0.988111
150,0.988699
151,0.989482
152,0.987982
153,0.988188
154,0.988736
155,0.989154
156,0.988422
157,0.989164
158,0.989067
159,0.989842
160,0.990112
161,0.990586
162,0.99101
163,0.992497
164,0.993487
165,0.991757
166,0.991405
167,0.991255
168,0.991467
169,0.991646
170,0.990527
171,0.990396
172,0.990461
173,0.991222
174,0.990804
175,0.990452
176,0.990974
177,0.990589
178,0.990555
179,0.990788
180,0.989417
181,0.991266
182,0.990854
183,0.990275
184,0.990323
185,0.99093
186,0.990696
187,0.990923
188,0.991761
189,0.992322
190,0.9914
191,0.990507
192,0.990088
193,0.989798
194,0.990256
195,0.990215
196,0.989441
197,0.990666
198,0.991511
199,0.991652
200,0.991693
201,0.99148
202,0.991624
203,0.992083
204,0.990861
205,0.991582
206,0.991828
207,0.991421
208,0.99127
209,0.990992
210,0.989996
211,0.988458
212,0.987634
213,0.989313
214,0.98714
215,0.987657
216,0.985158
217,0.979092
218,0.981169
219,0.977165
220,0.977014
221,0.976104
222,0.97881
223,0.976672
224,0.97852
225,0.975995
226,0.976197
227,0.974371
228,0.973852
229,0.978797
230,0.979089
231,0.97727
232,0.96572
233,0.97701
234,0.984006
235,0.983937
236,0.98191
237,0.980774
238,0.977639
239,0.97552
240,0.97314
241,0.966868
242,0.969526
243,0.966119
244,0.961581
245,0.971211
246,0.967719
247,0.972629
248,0.964607
249,0.949391
250,0.95334
251,0.955051
252,0.952539
253,0.95636
254,0.961599
255,0.966253
256,0.969372
257,0.972342
258,0.965801
259,0.970915
260,0.971756
261,0.967707
262,0.967222
263,0.959643
264,0.960528
265,0.931945
266,0.929098
267,0.926071
268,0.928617
269,0.934129
270,0.941362
271,0.945413
272,0.950064
273,0.950649
274,0.949855
275,0.945017
276,0.938648
277,0.944315
278,0.945792
279,0.939749
280,0.956197
281,0.947324
282,0.94706
283,0.966011
284,0.956056
285,0.957104
286,0.958397
287,0.963961
288,0.962103
289,0.949987
290,0.948968
291,0.962849
292,0.965081
293,0.966689
294,0.95915
295,0.949974
296,0.946278
297,0.964555
298,0.964655
299,0.975617
300,0.983311
301,0.979818
302,0.979839
303,0.981515
304,0.982196
305,0.982237
306,0.982162
307,0.984845
308,0.981831
309,0.985779
310,0.988988
311,0.99082
312,0.990678
313,0.987882
314,0.987872
315,0.987916
316,0.988599
317,0.986957
318,0.984124
319,0.983568
320,0.984756
321,0.985934
322,0.98693
323,0.984347
324,0.985436
325,0.98768
326,0.98365
327,0.982949
328,0.98291
329,0.98351
330,0.984618
331,0.986407
332,0.986267
333,0.983474
334,0.982708
335,0.98225
336,0.983415
337,0.982358
338,0.988219
339,0.987958
340,0.988952
341,0.990255
342,0.990963
343,0.991309
344,0.990965
345,0.990143
346,0.991353
347,0.990508
348,0.990202
349,0.991166
350,0.991049
351,0.99135
352,0.991051
353,0.991681
354,0.992155
355,0.992972
356,0.993072
357,0.992679
358,0.993154
359,0.992543
360,0.992391
361,0.99238
362,0.992924
363,0.99257
364,0.992921
365,0.992772
366,0.966631
367,0.71208
368,0.629082
369,0.825401
370,0.950402
371,0.962518
372,0.954603
373,0.969717
374,0.974997
375,0.978414
376,0.980606
377,0.981792
378,0.98514
379,0.981161
380,0.982802
381,0.984883
382,0.98469
383,0.984257
384,0.986161
385,0.985881
386,0.985335
387,0.98629
388,0.987703
389,0.986102
390,0.985608
391,0.986873
392,0.987694
393,0.987479
394,0.987913
395,0.988044
396,0.988399
397,0.990958
398,0.990836
399,0.991394
400,0.991231
401,0.991354
402,0.991628
403,0.991648
404,0.992003
405,0.990906
406,0.991238
407,0.990574
408,0.990994
409,0.989353
410,0.990026
411,0.989919
412,0.990377
413,0.990849
414,0.990804
415,0.990276
416,0.990712
417,0.990981
418,0.990582
419,0.990102
420,0.990016
421,0.99215
422,0.992055
423,0.992337
424,0.992256
425,0.992699
426,0.992871
427,0.99267
428,0.992258
429,0.992187
430,0.993115
431,0.992226
432,0.991995
433,0.992376
434,0.992288
435,0.991912
436,0.992216
437,0.991092
438,0.99238
439,0.992421
440,0.992666
441,0.992776
442,0.992161
443,0.992201
444,0.992429
445,0.992334
446,0.992061
447,0.992706
448,0.992596
449,0.992532
450,0.991597
451,0.99254
452,0.992155
453,0.991269
454,0.990163
455,0.98978
456,0.99126
457,0.993534
458,0.99297
459,0.993888
460,0.993154
461,0.994025
462,0.993722
463,0.993011
464,0.991766
465,0.991209
466,0.990743
467,0.989345
468,0.988133
469,0.988418
470,0.98737
471,0.987883
472,0.986647
473,0.987103
474,0.98739
475,0.986926
476,0.986151
477,0.985856
478,0.983102
479,0.983799
480,0.983419
481,0.989007
482,0.989475
483,0.989615
484,0.989783
485,0.989668
486,0.989483
487,0.990708
488,0.990515
489,0.990679
490,0.990779
491,0.991556
492,0.991791
493,0.988873
494,0.988827
495,0.98922
496,0.989928
497,0.99088
498,0.990541
499,0.990881
500,0.989994
501,0.987169
502,0.984047
503,0.981538
504,0.984768
505,0.987056
506,0.983853
507,0.983717
508,0.98502
509,0.987384
510,0.990034
511,0.990131
512,0.989769
513,0.989604
514,0.989369
515,0.990202
516,0.98912
517,0.990158
518,0.990957
519,0.990946
520,0.992274
521,0.992114
522,0.992564
523,0.992642
524,0.992598
525,0.992809
526,0.993274
527,0.992611
528,0.992347
529,0.993002
530,0.991767
531,0.99103
532,0.991219
533,0.992511
534,0.992978
535,0.993085
536,0.993527
537,0.993318
538,0.993185
539,0.992449
540,0.992161
541,0.993404
542,0.993182
543,0.994056
544,0.993726
545,0.993667
546,0.992876
547,0.99263
548,0.992022
549,0.993054
550,0.991878
551,0.992261
552,0.992858
553,0.991404
554,0.991077
555,0.989461
556,0.988864
557,0.988912
558,0.987654
559,0.989511
560,0.990285
561,0.988235
562,0.987468
563,0.984804
564,0.983326
565,0.983276
566,0.972887
567,0.980648
568,0.979265
569,0.983263
570,0.980466
571,0.976771
572,0.979613
573,0.97677
574,0.975947
575,0.972942
576,0.965205
577,0.972161
578,0.970801
579,0.968483
580,0.968792
581,0.97148
582,0.974331
583,0.967508
584,0.968878
585,0.968189
586,0.96445
587,0.963204
588,0.960352
589,0.951577
590,0.949374
591,0.957033
592,0.945229
593,0.929079
594,0.913694
595,0.879555
596,0.888901
597,0.8918
598,0.873078
599,0.860034
600,0.915861
601,0.855874
602,0.881533
603,0.899697
604,0.886629
605,0.912285
606,0.911167
607,0.894134
608,0.91063
609,0.885238
610,0.913259
611,0.917581
612,0.910674
613,0.945332
614,0.948026
615,0.950092
616,0.959927
617,0.971478
618,0.971167
619,0.973818
620,0.976529
621,0.970289
622,0.97435
623,0.969662
624,0.970308
625,0.966324
626,0.967772
627,0.971378
628,0.972399
629,0.976827
630,0.976556
631,0.969424
632,0.973937
633,0.520189
634,0.032088
635,0.105146
636,0.040594
637,0.675354
638,0.916315
639,0.93176
640,0.971836
641,0.98538
642,0.982502
643,0.990327
644,0.992465
645,0.993086
646,0.994039
647,0.994009
648,0.99153
649,0.991815
650,0.991008
651,0.991867
652,0.991791
653,0.991504
654,0.990649
655,0.989254
656,0.989468
657,0.990063
658,0.991601
659,0.989375
660,0.989795
661,0.994767
662,0.994659
663,0.994977
664,0.995173
665,0.995599
666,0.99646
667,0.996253
668,0.99591
669,0.995773
670,0.99573
671,0.99581
672,0.995975
673,0.995952
674,0.995786
675,0.996543
676,0.996829
677,0.990386
678,0.996503
679,0.991738
680,0.989752
681,0.989074
682,0.996163
683,0.989309
684,0.989662
685,0.987081
686,0.986872
687,0.987899
688,0.987916
689,0.987838
690,0.988259
691,0.987476
692,0.985495
693,0.984297
694,0.985872
695,0.991807
696,0.99115
697,0.989303
698,0.99262
699,0.991674
700,0.991587
701,0.991128
702,0.991385
703,0.990348
704,0.991347
705,0.991126
706,0.990879
707,0.990799
708,0.99118
709,0.988175
710,0.988168
711,0.988586
712,0.991665
713,0.992096
714,0.992547
715,0.996619
716,0.990977
717,0.987716
718,0.986061
719,0.979038
720,0.96768
721,0.975223
722,0.988706
723,0.987237
724,0.985807
725,0.965841
726,0.970031
727,0.95412
728,0.944848
729,0.895635
730,0.92073
731,0.950488
732,0.933513
733,0.906438
734,0.901571
735,0.928075
736,0.935604
737,0.939817
738,0.927857
739,0.946288
740,0.92037
741,0.879402
742,0.802653
743,0.844775
744,0.273598
745,0.075433
746,0.345813
747,0.646404
748,0.708341
749,0.725052
750,0.679171
751,0.68514
752,0.686952
753,0.604688
754,0.676562
755,0.700904
756,0.666154
757,0.677163
758,0.652501
759,0.570044
760,0.591272
761,0.635675
762,0.680128
763,0.71275
764,0.616599
765,0.611258
766,0.701847
767,0.688915
768,0.66688
769,0.619646
770,0.61929
771,0.632755
772,0.646167
773,0.613308
774,0.545909
775,0.508821
776,0.471156
777,0.431182
778,0.458517
779,0.475441
780,0.460386
781,0.439364
782,0.407978
783,0.457722
784,0.479643
785,0.554353
786,0.68361
787,0.727961
788,0.734885
789,0.722561
790,0.69975
791,0.683906
792,0.629875
793,0.542239
794,0.601594
795,0.678389
796,0.697134
797,0.718405
798,0.681333
799,0.669104
800,0.702993
801,0.720892
802,0.70141
803,0.735272
804,0.722831
805,0.748436
806,0.749771
807,0.741201
808,0.719599
809,0.686235
810,0.691831
811,0.678673
812,0.667485
813,0.674551
814,0.64466
815,0.67373
816,0.783314
817,0.778897
818,0.79863
819,0.797025
820,0.841793
821,0.868663
822,0.748706
823,0.017804
824,0.001594
825,0.004316
826,0.003397
827,0.276292
828,0.372132
829,0.839328
830,0.92012
831,0.92345
832,0.942212
833,0.952079
834,0.95758
835,0.959017
836,0.954782
837,0.931287
838,0.931428
839,0.938953
840,0.93965
841,0.960295
842,0.952923
843,0.957623
844,0.958561
845,0.964431
846,0.96177
847,0.983427
848,0.964584
849,0.973643
850,0.98416
851,0.9833
852,0.986172
853,0.987807
854,0.988868
855,0.989075
856,0.988182
857,0.988112
858,0.988009
859,0.987346
860,0.989052
861,0.987481
862,0.986369
863,0.98723
864,0.9878
865,0.987005
866,0.987641
867,0.987238
868,0.985744
869,0.98613
870,0.986958
871,0.985217
872,0.984959
873,0.98365
874,0.984531
875,0.98427
876,0.985133
877,0.990617
878,0.990175
879,0.989828
880,0.989857
881,0.990164
882,0.990774
883,0.99119
884,0.991054
885,0.990841
886,0.990579
887,0.990475
888,0.98905
889,0.985426
890,0.983247
891,0.984004
892,0.983661
893,0.985129
894,0.984784
895,0.987371
896,0.986915
897,0.987409
898,0.988557
899,0.988533
900,0.990808
901,0.991818
902,0.990688
903,0.990505
904,0.991546
905,0.989895
906,0.990213
907,0.990991
908,0.988934
909,0.988586
910,0.99098
911,0.989802
912,0.990941
913,0.987611
914,0.988894
915,0.988494
916,0.987352
917,0.988553
918,0.988374
919,0.987721
920,0.986901
921,0.987114
922,0.987431
923,0.987991
924,0.989247
925,0.988871
926,0.988905
927,0.989871
928,0.991352
929,0.990799
930,0.990206
931,0.989823
932,0.989981
933,0.99011
934,0.989634
935,0.99529
936,0.995332
937,0.994958
938,0.995635
939,0.99544
940,0.994959
941,0.995209
942,0.995313
943,0.989022
944,0.98608
945,0.995101
946,0.996424
947,0.993705
948,0.986713
949,0.960886
950,0.987419
951,0.987696
952,0.984339
953,0.987737
954,0.982177
955,0.981316
956,0.985317
957,0.985777
958,0.991035
959,0.992611
960,0.992208
961,0.992882
962,0.994091
963,0.994043
964,0.99449
965,0.994479
966,0.99358
967,0.993987
968,0.994154
969,0.994695
970,0.99507
971,0.995134
972,0.995143
973,0.994932
974,0.993748
975,0.992452
976,0.990642
977,0.989646
978,0.98715
979,0.991031
980,0.993261
981,0.989373
982,0.990932
983,0.990646
984,0.988109
985,0.992535
986,0.991145
987,0.994143
988,0.99318
989,0.990439
990,0.990549
991,0.993115
992,0.992579
993,0.993243
994,0.992435
995,0.994156
996,0.994995
997,0.99312
998,0.993556
999,0.993906
1000,0.993505
1001,0.993415
1002,0.992478
1003,0.995033
1004,0.994375
1005,0.993717
1006,0.994382
1007,0.994136
1008,0.994155
1009,0.99463
1010,0.994742
1011,0.994693
1012,0.995348
1013,0.995338
1014,0.994743
1015,0.993555
1016,0.994317
1017,0.994229
1018,0.994635
1019,0.994716
1020,0.994974
1021,0.9942
1022,0.994318
1023,0.994719
1024,0.995115
1025,0.99503
1026,0.99493
1027,0.996134
1028,0.996689
1029,0.996611
1030,0.996664
1031,0.996804
1032,0.996711
1033,0.996836
1034,0.996818
1035,0.996691
1036,0.99579
1037,0.995153
1038,0.994112
1039,0.995353
1040,0.995529
1041,0.994965
1042,0.994208
1043,0.994812
1044,0.994818
1045,0.993782
1046,0.993009
1047,0.992463
1048,0.991188
1049,0.991678
1050,0.991771
1051,0.991864
1052,0.992764
1053,0.99581
1054,0.987882
1055,0.995881
1056,0.991687
1057,0.992196
1058,0.99265
1059,0.991438
1060,0.991575
1061,0.992038
1062,0.9927
1063,0.992774
1064,0.993434
1065,0.991696
1066,0.991706
1067,0.991891
1068,0.991771
1069,0.989344
1070,0.988263
1071,0.987324
1072,0.988216
1073,0.990814
1074,0.989127
1075,0.989835
1076,0.989169
1077,0.990174
1078,0.991539
1079,0.991301
1080,0.991284
1081,0.99009
1082,0.989229
1083,0.990266
1084,0.988964
1085,0.987428
1086,0.988104
1087,0.989186
1088,0.987781
1089,0.988167
1090,0.987394
1091,0.987487
1092,0.987374
1093,0.990158
1094,0.988797
1095,0.989178
1096,0.989677
1097,0.989907
1098,0.988523
1099,0.98775
1100,0.988539
1101,0.988715
1102,0.987826
1103,0.989245
1104,0.98863
1105,0.990233
1106,0.990168
1107,0.990394
1108,0.98987
1109,0.989937
1110,0.989241
1111,0.989471
1112,0.990768
1113,0.992382
1114,0.99323
1115,0.993154
1116,0.992986
1117,0.991154
1118,0.991593
1119,0.991613
1120,0.991389
1121,0.989879
1122,0.98812
1123,0.986276
1124,0.985702
1125,0.988971
1126,0.990936
1127,0.991883
1128,0.991946
1129,0.996147
1130,0.965613
1131,0.158349
1132,0.122033
1133,0.585495
1134,0.943983
1135,0.966579
1136,0.969555
1137,0.978081
1138,0.98377
1139,0.987131
1140,0.990236
1141,0.992926
1142,0.993728
1143,0.993862
1144,0.993977
1145,0.993767
1146,0.994004
1147,0.994104
1148,0.993905
1149,0.99369
1150,0.995099
1151,0.995792
1152,0.996255
1153,0.994035
1154,0.994473
1155,0.995964
1156,0.995619
1157,0.996855
1158,0.994817
1159,0.996362
1160,0.99458
1161,0.994341
1162,0.991481
1163,0.970896
1164,0.945962
1165,0.910641
1166,0.873173
1167,0.894993
1168,0.988208
1169,0.974102
1170,0.893087
1171,0.943475
1172,0.892074
1173,0.972651
1174,0.939658
1175,0.911164
1176,0.918411
1177,0.679504
1178,0.674444
1179,0.763406
1180,0.813366
1181,0.831843
1182,0.856346
1183,0.86258
1184,0.842561
1185,0.794634
1186,0.815267
1187,0.748123
1188,0.80421
1189,0.848118
1190,0.841749
1191,0.836422
1192,0.856026
1193,0.90535
1194,0.874345
1195,0.959435
1196,0.901958
1197,0.995106
1198,0.996218
1199,0.992606
1200,0.996704
1201,0.988524
1202,0.996295
1203,0.996939
1204,0.992897
1205,0.98775
1206,0.980156
1207,0.959035
1208,0.970752
1209,0.972123
1210,0.973481
1211,0.941627
1212,0.979562
1213,0.988052
1214,0.984985
1215,0.983652
1216,0.983021
1217,0.932813
1218,0.971436
1219,0.913303
1220,0.987685
1221,0.911909
1222,0.982273
1223,0.983493
1224,0.988511
1225,0.985696
1226,0.984701
1227,0.98672
1228,0.984609
1229,0.977683
1230,0.976869
1231,0.985669
1232,0.912446
1233,0.299559
1234,0.005278
1235,0.015553
1236,0.289601
1237,0.196763
1238,0.465744
1239,0.636776
1240,0.602817
1241,0.532927
1242,0.631092
1243,0.812453
1244,0.847711
1245,0.866415
1246,0.849473
1247,0.932241
1248,0.807501
1249,0.856103
1250,0.846452
1251,0.866767
1252,0.891943
1253,0.909241
1254,0.899279
1255,0.85216
1256,0.855662
1257,0.806262
1258,0.813548
1259,0.800781
1260,0.827283
1261,0.798834
1262,0.760327
1263,0.712916
1264,0.668096
1265,0.563717
1266,0.626963
1267,0.60414
1268,0.683114
1269,0.665996
1270,0.685432
1271,0.699905
1272,0.723757
1273,0.612419
1274,0.708377
1275,0.618685
1276,0.757181
1277,0.669991
1278,0.719088
1279,0.733942
1280,0.721305
1281,0.733231
1282,0.724801
1283,0.528675
1284,0.445427
1285,0.451391
1286,0.400168
1287,0.449873
1288,0.658819
1289,0.710406
1290,0.754677
1291,0.652323
1292,0.664235
1293,0.845292
1294,0.844301
1295,0.687078
1296,0.723091
1297,0.875954
1298,0.875388
1299,0.832642
1300,0.860608
1301,0.794625
1302,0.905636
1303,0.91012
1304,0.816251
1305,0.62625
1306,0.678522
1307,0.609032
1308,0.755498
1309,0.552025
1310,0.75652
1311,0.741642
1312,0.743377
1313,0.763785
1314,0.66403
1315,0.688273
1316,0.832908
1317,0.793781
1318,0.906473
1319,0.923648
1320,0.840316
1321,0.946116
1322,0.962437
1323,0.955996
1324,0.952267
1325,0.963005
1326,0.947952
1327,0.978292
1328,0.960769
1329,0.973261
1330,0.981538
1331,0.97904
1332,0.987705
1333,0.988408
1334,0.983551
1335,0.987008
1336,0.993167
1337,0.989021
1338,0.994106
1339,0.99289
1340,0.993347
1341,0.989846
1342,0.991266
1343,0.959344
1344,0.301952
1345,0.001572
1346,0.006596
1347,0.009125
1348,0.131828
1349,0.751043
1350,0.824568
1351,0.928776
1352,0.888132
1353,0.89523
1354,0.969048
