1,0.989376
2,0.991791
3,0.98953
4,0.988726
5,0.99039
6,0.989314
7,0.989406
8,0.988543
9,0.99262
10,0.993534
11,0.992575
12,0.993291
13,0.995521
14,0.995418
15,0.996782
16,0.995856
17,0.996738
18,0.996369
19,0.99668
20,0.993975
21,0.996256
22,0.993267
23,0.992973
24,0.995304
25,0.99106
26,0.991881
27,0.99473
28,0.994791
29,0.994626
30,0.993851
31,0.994831
32,0.996389
33,0.99456
34,0.99401
35,0.996141
36,0.995172
37,0.992929
38,0.994558
39,0.996003
40,0.994842
41,0.994898
42,0.991353
43,0.990902
44,0.963596
45,0.877371
46,0.578422
47,0.068737
48,0.033545
49,0.171072
50,0.096638
51,0.019651
52,0.038305
53,0.026405
54,0.017803
55,0.016336
56,0.030284
57,0.023128
58,0.03778
59,0.047747
60,0.033683
61,0.065794
62,0.045389
63,0.160188
64,0.173203
65,0.058856
66,0.025756
67,0.014783
68,0.037513
69,0.084029
70,0.114246
71,0.053933
72,0.01404
73,0.008108
74,0.006112
75,0.0091
76,0.008064
77,0.084186
78,0.778696
79,0.797336
80,0.913563
81,0.899566
82,0.824736
83,0.800916
84,0.705562
85,0.849438
86,0.903698
87,0.932929
88,0.930725
89,0.948415
90,0.960134
91,0.919484
92,0.952096
93,0.959966
94,0.970455
95,0.975123
96,0.962192
97,0.962712
98,0.949648
99,0.954966
100,0.975269
101,0.954076
102,0.932623
103,0.935685
104,0.968467
105,0.968093
106,0.965411
107,0.969045
108,0.97337
109,0.956605
110,0.960605
111,0.970147
112,0.960593
113,0.973552
114,0.976665
115,0.977177
116,0.965376
117,0.979309
118,0.9813
119,0.981647
120,0.989012
121,0.982734
122,0.984301
123,0.973354
124,0.984
125,0.989369
126,0.992427
127,0.992113
128,0.992532
129,0.993623
130,0.995192
131,0.995376
132,0.990325
133,0.974657
134,0.976424
135,0.986152
136,0.99363
137,0.993428
138,0.9957
139,0.99525
140,0.996168
141,0.997167
142,0.996834
143,0.997637
144,0.998086
145,0.997339
146,0.997369
147,0.9973
148,0.997042
149,0.99752
150,0.99739
151,0.997341
152,0.997168
153,0.99725
154,0.997497
155,0.997153
156,0.997058
157,0.995231
158,0.994959
159,0.995608
160,0.99565
161,0.996112
162,0.995276
163,0.994668
164,0.99473
165,0.989746
166,0.993254
167,0.993327
168,0.993699
169,0.995481
170,0.995947
171,0.996595
172,0.995384
173,0.990024
174,0.989104
175,0.987571
176,0.990191
177,0.991215
178,0.987245
179,0.992319
180,0.993323
181,0.994052
182,0.993562
183,0.990577
184,0.989319
185,0.988702
186,0.991155
187,0.989941
188,0.992407
189,0.992693
190,0.991382
191,0.983108
192,0.983983
193,0.987563
194,0.987457
195,0.986995
196,0.986194
197,0.977974
198,0.989596
199,0.26248
200,0.053572
201,0.101059
202,0.042944
203,0.028409
204,0.017133
205,0.006366
206,0.008927
207,0.00705
208,0.009112
209,0.006132
210,0.004818
211,0.003461
212,0.002272
213,0.004877
214,0.00543
215,0.0104
216,0.014722
217,0.024095
218,0.01967
219,0.020676
220,0.010017
221,0.006487
222,0.030888
223,0.021167
224,0.012475
225,0.022064
226,0.017809
227,0.014162
228,0.029872
229,0.023848
230,0.027412
231,0.048084
232,0.465762
233,0.719546
234,0.887898
235,0.879138
236,0.684389
237,0.86258
238,0.953881
239,0.966681
240,0.978478
241,0.970129
242,0.985705
243,0.9816
244,0.944799
245,0.899436
246,0.813779
247,0.733828
248,0.92819
249,0.762435
250,0.240631
251,0.022375
252,0.04149
253,0.010095
254,0.012687
255,0.007943
256,0.008268
257,0.005861
258,0.005955
259,0.004996
260,0.004603
261,0.001696
262,0.001823
263,0.002127
264,0.002629
265,0.003402
266,0.008547
267,0.030675
268,0.004513
269,0.005941
270,0.0109
271,0.009806
272,0.004753
273,0.004238
274,0.003555
275,0.005157
276,0.014193
277,0.008313
278,0.005379
279,0.017876
280,0.011103
281,0.013796
282,0.009943
283,0.007948
284,0.006909
285,0.007157
286,0.009119
287,0.009739
288,0.016802
289,0.024284
290,0.017009
291,0.021476
292,0.024963
293,0.02208
294,0.019495
295,0.014958
296,0.033828
297,0.46153
298,0.928795
299,0.956671
300,0.985649
301,0.974209
302,0.986662
303,0.991026
304,0.990585
305,0.987792
306,0.97939
307,0.96363
308,0.943229
309,0.977641
310,0.989557
311,0.989705
312,0.991185
313,0.994271
314,0.990023
315,0.664791
316,0.311883
317,0.13473
318,0.192651
319,0.115199
320,0.085465
321,0.118262
322,0.189723
323,0.057348
324,0.110635
325,0.029726
326,0.053904
327,0.042849
328,0.093304
329,0.302487
330,0.32193
331,0.18207
332,0.024374
333,0.028083
334,0.032225
335,0.017577
336,0.042734
337,0.407323
338,0.955141
339,0.856345
340,0.966508
341,0.987538
342,0.987927
343,0.990187
344,0.991932
345,0.99268
346,0.993844
347,0.994626
348,0.994026
349,0.995562
350,0.995399
351,0.996929
352,0.996497
353,0.996357
354,0.992057
355,0.984613
356,0.857075
357,0.169348
358,0.153538
359,0.062916
360,0.034192
361,0.056391
362,0.026568
363,0.063076
364,0.073356
365,0.0423
366,0.042449
367,0.041501
368,0.01927
369,0.025529
370,0.021964
371,0.023581
372,0.053
373,0.199869
374,0.21062
375,0.366651
376,0.335012
377,0.378674
378,0.348445
379,0.239187
380,0.193604
381,0.176873
382,0.154124
383,0.24994
384,0.829025
385,0.974612
386,0.975769
387,0.982252
388,0.968606
389,0.967946
390,0.976877
391,0.989613
392,0.986804
393,0.992608
394,0.982136
395,0.993298
396,0.959117
397,0.791163
398,0.747394
399,0.459928
400,0.076917
401,0.045785
402,0.097711
403,0.031789
404,0.033967
405,0.042321
406,0.036348
407,0.038833
408,0.030416
409,0.086573
410,0.07254
411,0.083209
412,0.146511
413,0.202846
414,0.13678
415,0.086666
416,0.089889
417,0.054004
418,0.045346
419,0.040476
420,0.028112
421,0.064966
422,0.050703
423,0.020199
424,0.013093
425,0.015037
426,0.011184
427,0.009601
428,0.00676
429,0.005495
430,0.006382
431,0.006802
432,0.010397
433,0.005077
434,0.018789
435,0.703679
436,0.911831
437,0.958359
438,0.974109
439,0.973714
440,0.989595
441,0.96388
442,0.9853
443,0.963681
444,0.940184
445,0.905672
446,0.93526
447,0.948439
448,0.940848
449,0.953344
450,0.983524
451,0.977295
452,0.986602
453,0.990509
454,0.986523
455,0.991246
456,0.986215
457,0.984627
458,0.98819
459,0.981295
460,0.989053
461,0.993603
462,0.992638
463,0.964135
464,0.19924
465,0.036973
466,0.022795
467,0.011329
468,0.016539
469,0.067716
470,0.066254
471,0.033888
472,0.048184
473,0.030255
474,0.022244
475,0.024247
476,0.027957
477,0.03758
478,0.021628
479,0.019931
480,0.014257
481,0.013381
482,0.009697
483,0.631202
484,0.957033
485,0.979692
486,0.947903
487,0.952716
488,0.929403
489,0.911465
490,0.931875
491,0.796002
492,0.848014
493,0.880428
494,0.90983
495,0.953136
496,0.951104
497,0.914768
498,0.912258
499,0.969943
500,0.731691
501,0.178014
502,0.083127
503,0.075104
504,0.025652
505,0.020015
506,0.011517
507,0.012802
508,0.00366
509,0.001874
510,0.003467
511,0.004241
512,0.012277
513,0.027764
514,0.031513
515,0.043698
516,0.063622
517,0.042334
518,0.025559
519,0.017889
520,0.017421
521,0.013858
522,0.017698
523,0.015012
524,0.011856
525,0.019017
526,0.025821
527,0.011086
528,0.007108
529,0.011028
530,0.008851
531,0.013387
532,0.018281
533,0.007789
534,0.016721
535,0.024742
536,0.02396
537,0.022537
538,0.089606
539,0.060405
540,0.401039
541,0.513343
542,0.855771
543,0.984698
544,0.984669
545,0.986753
546,0.980141
547,0.978032
548,0.978497
549,0.984945
550,0.987057
551,0.983613
552,0.980445
553,0.971892
554,0.973749
555,0.289888
556,0.048896
557,0.159867
558,0.142569
559,0.147492
560,0.106229
561,0.014896
562,0.004491
563,0.004668
564,0.00404
565,0.002161
566,0.002511
567,0.003078
568,0.005178
569,0.008836
570,0.011445
571,0.011464
572,0.012043
573,0.011971
574,0.017576
575,0.007032
576,0.03322
577,0.707268
578,0.874424
579,0.973699
580,0.978971
581,0.985146
582,0.97932
583,0.985397
584,0.981739
585,0.978224
586,0.980321
587,0.979686
588,0.981791
589,0.959847
590,0.969673
591,0.96603
592,0.942801
593,0.944168
594,0.952627
595,0.882253
596,0.18216
597,0.019584
598,0.027972
599,0.037383
600,0.039378
601,0.01671
602,0.008673
603,0.007805
604,0.005779
605,0.006642
606,0.009937
607,0.006379
608,0.007689
609,0.006587
610,0.006135
611,0.007532
612,0.006283
613,0.002903
614,0.003942
615,0.005931
616,0.005017
617,0.004882
618,0.003647
619,0.00305
620,0.00412
621,0.007845
622,0.009053
623,0.085526
624,0.917282
625,0.960316
626,0.961139
627,0.981835
628,0.980373
629,0.984854
630,0.991467
631,0.992357
632,0.992829
633,0.993961
634,0.993104
635,0.979561
636,0.684753
637,0.861131
638,0.404355
639,0.296456
640,0.350729
641,0.226812
642,0.631819
643,0.178254
644,0.427498
645,0.599622
646,0.474439
647,0.728431
648,0.340774
649,0.858749
650,0.879755
651,0.948511
652,0.871408
653,0.975166
654,0.978117
655,0.98548
656,0.980402
657,0.971967
658,0.975591
659,0.98237
660,0.986126
661,0.988854
662,0.989508
663,0.97029
664,0.981588
665,0.97617
666,0.978471
667,0.984078
668,0.970964
669,0.978601
670,0.98543
671,0.992727
672,0.974768
673,0.970409
674,0.96998
675,0.96255
676,0.867666
677,0.917468
678,0.758137
679,0.702887
680,0.619898
681,0.256546
682,0.406232
683,0.432247
684,0.492081
685,0.493631
686,0.573611
687,0.443598
688,0.328292
689,0.363614
690,0.326581
691,0.382302
692,0.526152
693,0.350427
694,0.571526
695,0.799799
696,0.468885
697,0.782679
698,0.917978
699,0.979705
700,0.957106
701,0.968196
702,0.966079
703,0.933315
704,0.952061
705,0.95917
706,0.964557
707,0.519049
708,0.770645
709,0.704951
710,0.119227
711,0.026987
712,0.069654
713,0.08708
714,0.049996
715,0.097748
716,0.09339
717,0.223428
718,0.117516
719,0.175182
720,0.22961
721,0.32295
722,0.257434
723,0.745089
724,0.803333
725,0.780167
726,0.853393
727,0.949792
728,0.969361
729,0.973271
730,0.971614
731,0.992815
732,0.993944
733,0.996674
734,0.996807
735,0.992642
736,0.8754
737,0.90064
738,0.523206
739,0.888362
740,0.336345
741,0.407007
742,0.075522
743,0.25039
744,0.333236
745,0.160612
746,0.200147
747,0.137741
748,0.098538
749,0.213677
750,0.217256
751,0.096879
752,0.104899
753,0.379039
754,0.589644
755,0.874961
756,0.916747
757,0.905901
758,0.939675
759,0.889608
760,0.921097
761,0.937236
762,0.962915
763,0.974424
764,0.962978
765,0.924217
766,0.916563
767,0.950693
768,0.941723
769,0.976906
770,0.976487
771,0.976624
772,0.973525
773,0.982765
774,0.975229
775,0.979318
776,0.971593
777,0.966092
778,0.913612
779,0.921631
780,0.937434
781,0.955873
782,0.954034
783,0.955643
784,0.938115
785,0.863233
786,0.898012
787,0.447657
788,0.168472
789,0.15045
790,0.089555
791,0.177903
792,0.07781
793,0.135576
794,0.068423
795,0.064641
796,0.088426
797,0.139217
798,0.066406
799,0.046512
800,0.062693
801,0.041854
802,0.047897
803,0.071533
804,0.084049
805,0.068044
806,0.042763
807,0.066446
808,0.052275
809,0.030984
810,0.027661
811,0.028759
812,0.036508
813,0.025825
814,0.036362
815,0.028633
816,0.029424
817,0.023196
818,0.031588
819,0.044173
820,0.053673
821,0.036468
822,0.017888
823,0.011416
824,0.036626
825,0.017162
826,0.017373
827,0.031647
828,0.03291
829,0.059436
830,0.048802
831,0.037449
832,0.094271
833,0.13791
834,0.297577
835,0.266676
836,0.595521
837,0.448924
838,0.400538
839,0.141842
840,0.126864
841,0.934361
842,0.983648
843,0.978817
844,0.992716
845,0.984104
846,0.987436
847,0.990039
848,0.989908
849,0.990233
850,0.991525
851,0.962989
852,0.435373
853,0.093367
854,0.192083
855,0.591373
856,0.263577
857,0.313208
858,0.38312
859,0.223733
860,0.149387
861,0.174726
862,0.129073
863,0.202939
864,0.120208
865,0.075668
866,0.077427
867,0.05447
868,0.028381
869,0.030754
870,0.027421
871,0.057075
872,0.059009
873,0.127844
874,0.175703
875,0.08112
876,0.047658
877,0.107957
878,0.101659
879,0.102487
880,0.049735
881,0.041777
882,0.054092
883,0.037284
884,0.023961
885,0.017817
886,0.013205
887,0.015378
888,0.015504
889,0.005271
890,0.859507
891,0.577956
892,0.873008
893,0.98289
894,0.983247
895,0.98564
896,0.980278
897,0.989589
898,0.968121
899,0.977946
900,0.977834
901,0.984419
902,0.980203
903,0.976557
904,0.984857
905,0.991427
906,0.993115
907,0.995037
908,0.993513
909,0.994784
910,0.995129
911,0.995355
912,0.993651
913,0.991674
914,0.988661
915,0.990543
916,0.989519
917,0.989106
918,0.992597
919,0.993836
920,0.993267
921,0.992902
922,0.991442
923,0.991462
924,0.992271
925,0.995275
926,0.995748
927,0.995736
928,0.996305
929,0.995976
930,0.995059
931,0.994792
932,0.994877
933,0.994781
934,0.996033
935,0.996258
936,0.995472
937,0.996139
938,0.996314
939,0.99491
940,0.994336
941,0.951314
942,0.467566
943,0.056604
944,0.068417
945,0.051426
946,0.350736
947,0.151857
948,0.173282
949,0.050749
950,0.089225
951,0.113225
952,0.068993
953,0.016782
954,0.009329
955,0.006167
956,0.005357
957,0.005271
958,0.007786
959,0.006403
960,0.00696
961,0.003204
962,0.00611
963,0.004824
964,0.005998
965,0.01083
966,0.018986
967,0.01949
968,0.114813
969,0.744236
970,0.907045
971,0.898824
972,0.95549
973,0.989874
974,0.992297
975,0.986832
976,0.969849
977,0.982811
978,0.975453
979,0.989966
980,0.987955
981,0.986766
982,0.976893
983,0.968872
984,0.977814
985,0.975895
986,0.91393
987,0.071193
988,0.089372
989,0.151676
990,0.20002
991,0.245603
992,0.586159
993,0.295449
994,0.20317
995,0.069439
996,0.057751
997,0.014674
998,0.013202
999,0.008859
1000,0.01125
1001,0.01521
1002,0.012831
1003,0.009186
1004,0.009462
1005,0.011938
1006,0.057393
1007,0.016908
1008,0.614886
1009,0.923248
1010,0.944936
1011,0.987605
1012,0.988887
1013,0.96974
1014,0.97484
1015,0.964818
1016,0.971703
1017,0.943855
1018,0.965462
1019,0.964399
1020,0.97925
1021,0.988405
1022,0.990288
1023,0.993308
1024,0.949258
1025,0.80258
1026,0.215587
1027,0.881499
1028,0.268576
1029,0.042987
1030,0.062182
1031,0.160874
1032,0.182768
1033,0.398259
1034,0.194546
1035,0.096859
1036,0.122053
1037,0.034509
1038,0.044439
1039,0.031453
1040,0.019125
1041,0.012651
1042,0.011107
1043,0.023832
1044,0.015841
1045,0.022723
1046,0.013727
1047,0.003969
1048,0.01008
1049,0.152849
1050,0.64559
1051,0.868447
1052,0.854999
1053,0.835674
1054,0.933151
1055,0.960037
1056,0.955184
1057,0.785076
1058,0.964838
1059,0.988425
1060,0.993059
1061,0.991888
1062,0.993745
1063,0.989121
1064,0.988429
1065,0.990611
1066,0.995105
1067,0.995596
1068,0.995654
1069,0.976426
1070,0.953781
1071,0.980938
1072,0.986001
1073,0.988663
1074,0.985427
1075,0.995386
1076,0.098207
1077,0.150737
1078,0.011804
1079,0.008885
1080,0.099006
1081,0.406804
1082,0.508097
1083,0.18783
1084,0.116461
1085,0.046451
1086,0.117768
1087,0.222571
1088,0.496087
1089,0.594793
1090,0.918833
1091,0.824989
1092,0.921703
1093,0.630228
1094,0.823094
1095,0.963576
1096,0.98945
1097,0.988758
1098,0.988774
1099,0.984681
1100,0.960828
1101,0.847835
1102,0.563508
1103,0.058578
1104,0.028274
1105,0.032041
1106,0.268499
1107,0.303035
1108,0.385638
1109,0.365487
1110,0.178507
1111,0.136876
1112,0.085144
1113,0.083969
1114,0.13083
1115,0.092724
1116,0.08359
1117,0.03418
1118,0.054292
1119,0.057044
1120,0.049046
1121,0.104424
1122,0.043404
1123,0.08037
1124,0.111426
1125,0.075031
1126,0.091383
1127,0.189975
1128,0.099452
1129,0.253828
1130,0.172269
1131,0.110283
1132,0.098696
1133,0.097738
1134,0.118994
1135,0.064961
1136,0.062615
1137,0.061303
1138,0.024047
1139,0.016885
1140,0.018329
1141,0.033694
1142,0.025523
1143,0.021266
1144,0.018158
1145,0.027277
1146,0.028423
1147,0.017771
1148,0.029397
1149,0.035792
1150,0.015308
1151,0.027665
1152,0.051346
1153,0.040678
1154,0.041693
1155,0.043413
1156,0.040818
1157,0.036007
1158,0.019146
1159,0.026531
1160,0.021435
1161,0.01619
1162,0.014506
1163,0.02681
1164,0.034835
1165,0.025673
1166,0.030865
1167,0.036576
1168,0.028835
1169,0.033209
1170,0.046079
1171,0.077254
1172,0.053913
1173,0.045423
1174,0.054996
1175,0.321196
1176,0.877678
1177,0.922349
1178,0.987133
1179,0.973388
1180,0.950443
1181,0.97864
1182,0.973116
1183,0.983999
1184,0.977559
1185,0.991492
1186,0.988872
1187,0.992819
1188,0.986217
1189,0.986259
1190,0.984101
1191,0.978942
1192,0.982653
1193,0.983667
1194,0.993778
1195,0.994829
1196,0.991484
1197,0.993068
1198,0.993051
1199,0.991273
1200,0.992599
1201,0.993187
1202,0.990562
1203,0.994658
1204,0.993332
1205,0.989814
1206,0.994197
1207,0.994768
1208,0.996177
1209,0.996049
1210,0.995703
1211,0.960541
1212,0.517632
1213,0.285604
1214,0.483441
1215,0.216098
1216,0.317836
1217,0.134897
1218,0.194117
1219,0.126651
1220,0.034267
1221,0.033612
1222,0.011259
1223,0.01908
1224,0.059544
1225,0.703075
1226,0.681987
1227,0.922776
1228,0.863771
1229,0.919972
1230,0.918085
1231,0.950823
1232,0.992636
1233,0.987957
1234,0.986342
1235,0.928433
1236,0.396613
1237,0.104322
1238,0.167722
1239,0.056011
1240,0.074787
1241,0.168228
1242,0.188091
1243,0.118362
1244,0.080583
1245,0.074189
1246,0.04948
1247,0.015002
1248,0.015176
1249,0.035559
1250,0.038603
1251,0.096911
1252,0.144384
1253,0.073239
1254,0.023487
1255,0.027932
1256,0.008301
1257,0.004957
1258,0.005371
1259,0.005489
1260,0.002922
1261,0.004268
1262,0.00656
1263,0.002688
1264,0.001365
1265,0.001916
1266,0.001606
1267,0.001385
1268,0.000879
1269,0.001602
1270,0.001716
1271,0.004562
1272,0.068457
1273,0.584071
1274,0.95528
1275,0.932173
1276,0.823531
1277,0.708477
1278,0.794217
1279,0.843816
1280,0.631723
1281,0.396967
1282,0.081413
1283,0.093017
1284,0.123696
1285,0.351323
1286,0.116152
1287,0.284515
1288,0.403548
1289,0.074942
1290,0.106686
1291,0.203733
1292,0.234481
1293,0.055837
1294,0.020569
1295,0.043593
1296,0.040219
1297,0.071319
1298,0.115653
1299,0.057034
1300,0.126442
1301,0.069928
1302,0.029378
1303,0.032012
1304,0.038545
1305,0.11557
1306,0.280924
1307,0.734036
1308,0.968206
1309,0.82904
1310,0.883814
1311,0.690923
1312,0.917332
1313,0.902576
1314,0.951703
1315,0.939807
1316,0.896132
1317,0.8439
1318,0.841452
1319,0.939742
1320,0.917473
1321,0.966821
1322,0.966374
1323,0.914453
1324,0.966472
1325,0.788918
1326,0.349613
1327,0.087282
1328,0.04944
1329,0.02325
1330,0.047727
1331,0.05743
1332,0.029371
1333,0.032255
1334,0.06591
1335,0.174812
1336,0.139131
1337,0.099455
1338,0.060732
1339,0.043757
1340,0.079853
1341,0.055709
1342,0.154532
1343,0.115711
1344,0.107034
1345,0.13648
1346,0.114719
1347,0.083127
1348,0.042175
1349,0.048073
1350,0.476305
1351,0.804143
1352,0.954157
1353,0.959587
1354,0.973634
1355,0.968739
1356,0.982175
1357,0.987196
1358,0.991955
1359,0.992594
1360,0.992481
1361,0.995467
1362,0.995347
1363,0.994279
1364,0.992601
1365,0.993352
1366,0.99146
1367,0.991568
1368,0.990467
1369,0.994719
1370,0.992574
1371,0.990906
1372,0.922534
1373,0.734898
1374,0.142708
1375,0.068553
1376,0.043085
1377,0.105441
1378,0.101506
1379,0.180152
1380,0.173346
1381,0.02274
1382,0.053796
1383,0.02769
1384,0.007715
1385,0.004485
1386,0.007152
1387,0.007929
1388,0.006309
1389,0.012625
1390,0.023006
1391,0.017741
1392,0.013822
1393,0.025065
1394,0.025621
1395,0.017345
1396,0.021823
1397,0.029173
1398,0.025585
1399,0.022168
1400,0.034726
1401,0.04005
1402,0.07626
1403,0.073703
1404,0.75826
1405,0.877814
1406,0.978342
1407,0.954666
1408,0.985603
1409,0.982334
1410,0.992494
1411,0.99291
1412,0.991911
1413,0.992991
1414,0.995501
1415,0.996467
1416,0.996386
1417,0.997061
1418,0.995104
1419,0.993825
1420,0.99555
1421,0.994786
1422,0.994844
1423,0.989173
1424,0.990396
1425,0.850795
1426,0.486036
1427,0.119091
1428,0.101471
1429,0.279762
1430,0.128643
1431,0.201233
1432,0.110694
1433,0.13006
1434,0.074863
1435,0.087375
1436,0.090276
1437,0.056018
1438,0.078497
1439,0.051594
1440,0.041067
1441,0.070825
1442,0.156532
1443,0.115663
1444,0.260246
1445,0.264528
1446,0.199619
1447,0.184386
1448,0.084804
1449,0.095446
1450,0.926981
1451,0.950198
1452,0.986479
1453,0.977247
1454,0.980398
1455,0.987233
1456,0.987864
1457,0.994647
1458,0.991088
1459,0.992246
1460,0.995324
1461,0.996411
1462,0.996551
1463,0.996471
1464,0.99591
1465,0.986933
1466,0.974236
1467,0.982709
1468,0.829586
1469,0.042923
1470,0.15761
1471,0.262079
1472,0.146447
1473,0.073344
1474,0.036397
1475,0.039272
1476,0.088653
1477,0.18239
1478,0.297593
1479,0.21301
1480,0.324361
1481,0.261419
1482,0.144378
1483,0.114694
1484,0.103557
1485,0.124589
1486,0.078284
1487,0.051363
1488,0.069185
1489,0.070562
1490,0.098637
1491,0.096681
1492,0.10473
1493,0.141125
1494,0.111622
1495,0.435585
1496,0.855987
1497,0.964215
1498,0.993896
1499,0.982896
1500,0.979678
1501,0.925217
1502,0.945103
1503,0.960242
1504,0.971202
1505,0.986667
1506,0.990771
1507,0.992349
1508,0.992734
1509,0.992749
1510,0.993163
1511,0.990054
1512,0.95755
1513,0.094206
1514,0.268601
1515,0.270333
1516,0.500257
1517,0.605577
1518,0.651505
1519,0.5906
1520,0.260144
1521,0.088993
1522,0.052312
1523,0.040361
1524,0.068014
1525,0.136403
1526,0.485954
1527,0.834973
1528,0.433634
1529,0.49349
1530,0.987135
1531,0.943384
1532,0.98175
1533,0.988527
1534,0.964714
1535,0.946765
1536,0.981505
1537,0.984582
1538,0.973505
1539,0.980944
1540,0.972768
1541,0.972641
1542,0.980189
1543,0.987193
1544,0.973927
1545,0.965273
1546,0.973509
1547,0.961236
1548,0.975574
1549,0.871106
1550,0.938444
1551,0.865806
1552,0.496793
1553,0.423969
1554,0.242982
1555,0.056277
1556,0.003955
1557,0.008484
1558,0.087339
1559,0.336752
1560,0.410759
1561,0.807201
1562,0.319495
1563,0.324133
1564,0.26595
1565,0.218204
1566,0.345451
1567,0.198295
1568,0.096384
1569,0.351422
1570,0.300231
1571,0.128814
1572,0.188815
1573,0.230262
1574,0.079157
1575,0.358528
1576,0.181864
1577,0.530634
1578,0.292971
1579,0.164541
1580,0.327504
1581,0.205342
1582,0.089025
1583,0.073737
1584,0.148392
1585,0.225163
1586,0.651238
1587,0.941153
1588,0.934838
1589,0.925162
1590,0.981813
1591,0.987951
1592,0.979403
1593,0.990822
1594,0.938664
1595,0.969598
1596,0.907808
1597,0.366555
1598,0.263159
1599,0.413026
1600,0.552906
1601,0.453206
1602,0.046153
1603,0.056891
1604,0.539165
1605,0.43736
1606,0.128067
1607,0.08699
1608,0.019475
1609,0.013438
1610,0.004068
1611,0.004519
1612,0.010678
1613,0.019825
1614,0.018512
1615,0.018568
1616,0.009974
1617,0.01417
1618,0.010132
1619,0.006747
1620,0.003174
1621,0.002967
1622,0.002452
1623,0.001053
1624,0.001339
1625,0.001499
1626,0.0013
1627,0.001865
1628,0.004228
1629,0.018321
1630,0.064736
1631,0.031082
1632,0.058162
1633,0.039183
1634,0.038823
1635,0.036757
1636,0.113558
1637,0.0548
1638,0.263911
1639,0.89253
1640,0.97611
1641,0.979956
1642,0.98584
1643,0.992868
1644,0.995562
1645,0.988886
1646,0.982501
1647,0.982803
1648,0.956924
1649,0.958337
1650,0.687988
1651,0.845618
1652,0.635124
1653,0.792851
1654,0.767231
1655,0.36987
1656,0.555539
1657,0.796428
1658,0.229379
1659,0.029406
1660,0.029268
1661,0.040096
1662,0.04583
1663,0.151608
1664,0.167592
1665,0.324487
1666,0.796792
1667,0.558013
1668,0.534692
1669,0.352561
1670,0.260896
1671,0.131777
1672,0.225249
1673,0.127812
1674,0.069579
1675,0.029757
1676,0.031964
1677,0.095718
1678,0.704035
1679,0.729866
1680,0.795024
1681,0.930828
1682,0.969633
1683,0.981306
1684,0.966727
1685,0.988874
1686,0.996516
1687,0.996822
1688,0.993875
1689,0.995835
1690,0.996557
1691,0.996628
1692,0.994157
1693,0.988066
1694,0.347988
1695,0.720558
1696,0.536335
1697,0.608141
1698,0.52942
1699,0.585545
1700,0.62806
1701,0.426185
1702,0.468206
1703,0.332196
1704,0.545844
1705,0.581455
1706,0.611382
1707,0.508694
1708,0.435357
1709,0.435771
1710,0.461437
1711,0.348432
1712,0.427397
1713,0.49462
1714,0.164358
1715,0.120584
1716,0.288987
1717,0.518969
1718,0.495934
1719,0.440039
1720,0.492101
1721,0.576935
1722,0.404811
1723,0.1608
1724,0.121822
1725,0.080099
1726,0.087965
1727,0.078662
1728,0.120237
1729,0.605607
1730,0.457294
1731,0.454839
1732,0.889122
1733,0.974565
1734,0.99363
1735,0.985976
1736,0.980793
1737,0.977388
1738,0.101737
1739,0.148829
1740,0.015678
1741,0.029897
1742,0.077026
1743,0.029902
1744,0.014727
1745,0.033227
1746,0.026728
1747,0.024012
1748,0.020618
1749,0.018455
1750,0.016499
1751,0.009508
1752,0.004197
1753,0.008999
1754,0.009442
1755,0.012234
1756,0.011463
1757,0.009553
1758,0.010087
1759,0.0144
1760,0.018257
1761,0.018284
1762,0.008318
1763,0.013475
1764,0.014142
1765,0.035699
1766,0.040894
1767,0.038034
1768,0.020369
1769,0.019181
1770,0.014323
1771,0.023564
1772,0.043499
1773,0.056851
1774,0.056375
1775,0.046312
1776,0.017576
1777,0.040352
1778,0.013592
1779,0.010822
1780,0.017409
1781,0.024456
1782,0.019536
1783,0.01104
1784,0.129879
1785,0.815677
1786,0.901161
1787,0.719828
1788,0.980375
1789,0.991132
1790,0.993379
1791,0.992261
1792,0.993225
1793,0.985639
1794,0.990349
1795,0.97219
1796,0.975108
1797,0.940858
1798,0.968103
1799,0.907041
1800,0.940538
1801,0.959042
1802,0.983233
1803,0.291302
1804,0.151489
1805,0.020797
1806,0.004258
1807,0.020853
1808,0.01372
1809,0.006441
1810,0.006815
1811,0.009851
1812,0.008605
1813,0.009865
1814,0.01145
1815,0.011838
1816,0.014048
1817,0.011709
1818,0.012877
1819,0.034361
1820,0.024204
1821,0.036059
1822,0.028317
1823,0.022593
1824,0.01736
1825,0.012513
1826,0.008371
1827,0.007648
1828,0.009669
1829,0.008575
1830,0.027391
1831,0.032007
1832,0.037986
1833,0.103026
1834,0.115192
1835,0.101977
1836,0.109339
1837,0.040282
1838,0.034823
1839,0.028641
1840,0.012392
1841,0.019991
1842,0.032007
1843,0.04217
1844,0.029904
1845,0.01684
1846,0.037433
1847,0.023154
1848,0.006856
1849,0.01732
1850,0.00561
1851,0.005367
1852,0.018207
1853,0.009222
1854,0.005079
1855,0.003349
1856,0.005428
1857,0.003964
1858,0.00434
1859,0.003115
1860,0.005186
1861,0.001785
1862,0.001435
1863,0.001595
1864,0.003075
1865,0.001825
1866,0.004713
1867,0.010996
1868,0.011771
1869,0.011008
1870,0.017562
1871,0.012074
1872,0.015519
1873,0.028457
1874,0.038185
1875,0.026826
1876,0.022986
1877,0.022468
1878,0.0269
1879,0.023838
1880,0.045048
1881,0.028578
1882,0.02208
1883,0.026593
1884,0.061667
1885,0.284433
1886,0.412981
1887,0.886215
1888,0.936486
1889,0.927136
1890,0.97565
1891,0.962148
1892,0.983676
1893,0.981637
1894,0.988182
1895,0.990469
1896,0.992748
1897,0.991624
1898,0.991663
1899,0.995454
1900,0.985255
1901,0.991178
1902,0.981391
1903,0.984425
1904,0.991197
1905,0.986037
1906,0.984776
1907,0.988868
1908,0.919771
1909,0.031164
1910,0.053444
1911,0.035054
1912,0.015821
1913,0.006059
1914,0.013263
1915,0.018471
1916,0.041808
1917,0.013831
1918,0.009958
1919,0.004927
1920,0.017752
1921,0.020472
1922,0.030553
1923,0.013756
1924,0.012488
1925,0.00938
1926,0.008265
1927,0.00924
1928,0.007247
1929,0.005901
1930,0.008314
1931,0.018896
1932,0.014436
1933,0.014539
1934,0.01642
1935,0.022322
1936,0.029572
1937,0.01468
1938,0.023174
1939,0.023871
1940,0.047698
1941,0.078028
1942,0.050749
1943,0.047016
1944,0.030337
1945,0.02386
1946,0.019684
1947,0.020297
1948,0.021219
1949,0.018719
1950,0.012203
1951,0.013615
1952,0.013677
1953,0.012487
1954,0.014334
1955,0.011699
1956,0.00924
1957,0.027134
1958,0.030671
1959,0.024158
1960,0.014963
1961,0.010452
1962,0.010291
1963,0.012625
1964,0.025936
1965,0.029128
1966,0.019935
1967,0.030139
1968,0.034351
1969,0.083351
1970,0.059494
1971,0.052051
1972,0.106238
1973,0.053909
1974,0.030087
1975,0.022715
1976,0.012679
1977,0.020047
1978,0.027513
1979,0.020735
1980,0.014207
1981,0.0117
1982,0.013453
1983,0.009716
1984,0.006458
1985,0.007621
1986,0.011504
1987,0.006282
1988,0.004726
1989,0.031249
1990,0.292059
1991,0.768742
1992,0.87901
1993,0.814477
1994,0.534623
1995,0.548619
1996,0.725148
1997,0.915262
1998,0.964932
1999,0.964248
2000,0.967428
2001,0.925573
2002,0.950898
2003,0.951196
2004,0.954835
2005,0.953903
2006,0.977238
2007,0.938215
2008,0.912477
2009,0.425812
2010,0.354903
2011,0.070532
2012,0.016631
2013,0.020409
2014,0.021473
2015,0.008963
2016,0.004932
2017,0.003883
2018,0.002447
2019,0.002388
2020,0.003142
2021,0.008236
2022,0.008218
2023,0.009206
2024,0.018219
2025,0.024499
2026,0.063038
2027,0.07281
2028,0.066121
2029,0.077175
2030,0.03944
2031,0.041236
2032,0.083164
2033,0.485448
2034,0.845587
2035,0.960443
2036,0.970618
2037,0.986654
2038,0.9567
2039,0.958126
2040,0.979675
2041,0.985003
2042,0.986902
2043,0.988303
2044,0.983566
2045,0.964947
2046,0.960323
2047,0.527647
2048,0.582045
2049,0.46466
2050,0.113865
2051,0.166327
2052,0.467967
2053,0.589548
2054,0.281645
2055,0.312905
2056,0.15973
2057,0.174488
2058,0.258611
2059,0.26294
2060,0.36821
2061,0.070841
2062,0.163289
2063,0.007565
2064,0.033866
2065,0.082473
2066,0.488028
2067,0.820521
2068,0.688409
2069,0.945924
2070,0.974101
2071,0.968568
2072,0.978909
2073,0.990628
2074,0.907059
2075,0.981782
2076,0.979404
2077,0.969807
2078,0.92483
2079,0.975545
2080,0.979068
2081,0.98282
2082,0.985487
2083,0.988459
2084,0.96718
2085,0.77952
2086,0.922919
2087,0.875716
2088,0.940391
2089,0.973388
2090,0.985244
2091,0.981226
2092,0.966266
2093,0.989873
2094,0.986924
2095,0.703656
2096,0.575989
2097,0.813389
2098,0.30759
2099,0.073471
2100,0.010785
2101,0.120538
2102,0.46735
2103,0.451189
2104,0.32378
2105,0.260397
2106,0.276045
2107,0.295618
2108,0.205685
2109,0.137065
2110,0.132538
2111,0.176063
2112,0.228306
2113,0.220313
2114,0.207846
2115,0.181234
2116,0.099734
2117,0.156177
2118,0.503532
2119,0.668671
2120,0.449776
2121,0.026197
2122,0.041063
2123,0.174762
2124,0.106601
2125,0.098754
2126,0.024984
2127,0.098309
2128,0.067284
2129,0.378038
2130,0.473848
2131,0.689708
2132,0.953911
2133,0.968695
2134,0.983644
2135,0.989089
2136,0.993552
2137,0.983629
2138,0.990997
2139,0.991515
2140,0.994177
2141,0.987784
2142,0.991201
2143,0.993812
2144,0.994976
2145,0.935587
2146,0.58008
2147,0.233168
2148,0.10194
2149,0.162424
2150,0.125447
2151,0.064673
2152,0.149984
2153,0.074522
2154,0.088358
2155,0.077106
2156,0.118038
2157,0.195457
2158,0.150161
2159,0.136705
2160,0.116661
2161,0.062078
2162,0.066328
2163,0.063895
2164,0.023259
2165,0.043607
2166,0.030556
2167,0.017176
2168,0.015644
2169,0.016683
2170,0.020821
2171,0.008005
2172,0.00694
2173,0.008272
2174,0.006976
2175,0.013961
2176,0.017879
2177,0.005302
2178,0.005849
2179,0.008353
2180,0.007457
2181,0.010837
2182,0.010235
2183,0.007995
2184,0.010346
2185,0.046766
2186,0.009627
2187,0.038662
2188,0.046171
2189,0.026586
2190,0.018897
2191,0.01766
2192,0.014416
2193,0.011329
2194,0.013689
2195,0.014343
2196,0.026968
2197,0.083152
2198,0.102259
2199,0.037749
2200,0.034224
2201,0.022971
2202,0.01453
2203,0.025368
2204,0.040018
2205,0.053557
2206,0.055345
2207,0.079343
2208,0.05799
2209,0.01476
2210,0.020865
2211,0.019689
2212,0.018734
2213,0.015974
2214,0.018786
2215,0.010715
2216,0.006542
2217,0.006229
2218,0.008593
2219,0.01176
2220,0.003279
2221,0.001605
2222,0.001782
2223,0.002105
2224,0.002193
2225,0.005154
2226,0.004149
2227,0.003868
2228,0.005003
2229,0.007113
2230,0.009112
2231,0.004355
2232,0.006224
2233,0.00491
2234,0.004808
2235,0.002504
2236,0.002021
2237,0.003274
2238,0.004651
2239,0.002845
2240,0.001863
2241,0.003842
2242,0.005777
2243,0.008498
2244,0.00968
2245,0.00772
2246,0.01457
2247,0.00974
2248,0.00366
2249,0.002432
2250,0.004291
2251,0.004075
2252,0.004917
2253,0.004035
2254,0.004304
2255,0.010609
2256,0.018474
2257,0.008434
2258,0.004854
2259,0.004456
2260,0.003429
2261,0.002822
2262,0.002452
2263,0.002484
2264,0.004755
2265,0.004153
2266,0.005129
2267,0.004486
2268,0.00807
2269,0.00359
2270,0.004257
2271,0.004012
2272,0.006581
2273,0.005749
2274,0.012741
2275,0.0164
2276,0.038725
2277,0.83206
2278,0.725674
2279,0.897954
2280,0.968277
2281,0.982219
2282,0.996915
2283,0.994802
2284,0.997735
2285,0.996204
2286,0.995777
2287,0.996108
2288,0.996034
2289,0.99492
2290,0.996543
2291,0.501132
2292,0.064015
2293,0.619298
2294,0.214952
2295,0.143395
2296,0.118077
2297,0.019935
2298,0.010292
2299,0.014518
2300,0.012933
2301,0.040088
2302,0.037289
2303,0.027588
2304,0.012307
2305,0.00706
2306,0.009559
2307,0.00767
2308,0.012591
2309,0.013496
2310,0.010998
2311,0.026561
2312,0.030693
2313,0.056739
2314,0.016676
2315,0.009876
2316,0.014523
2317,0.029509
2318,0.020332
2319,0.037184
2320,0.016325
2321,0.013439
2322,0.007901
2323,0.010693
2324,0.01594
2325,0.015689
2326,0.0388
2327,0.139997
2328,0.3554
2329,0.26239
2330,0.803284
2331,0.589452
2332,0.730848
2333,0.68741
2334,0.949436
2335,0.961681
2336,0.991403
2337,0.994128
2338,0.994093
2339,0.992875
2340,0.99234
2341,0.371546
2342,0.03258
2343,0.272479
2344,0.932036
2345,0.565599
2346,0.137177
2347,0.068846
2348,0.03607
2349,0.001565
2350,0.011098
2351,0.022644
2352,0.020635
2353,0.032164
2354,0.045983
2355,0.124229
2356,0.318223
2357,0.330508
2358,0.177956
2359,0.191685
2360,0.13715
2361,0.138359
2362,0.094093
2363,0.077503
2364,0.00759
2365,0.007655
2366,0.049872
2367,0.037064
2368,0.062011
2369,0.043088
2370,0.047002
2371,0.024645
2372,0.01947
2373,0.018758
2374,0.034497
2375,0.013468
2376,0.026071
2377,0.033359
2378,0.017705
2379,0.013176
2380,0.014989
2381,0.014025
2382,0.004719
2383,0.006186
2384,0.007418
2385,0.006038
2386,0.010564
2387,0.005358
2388,0.003275
2389,0.002386
2390,0.004407
2391,0.004849
2392,0.003458
2393,0.006167
2394,0.006967
2395,0.006985
2396,0.005367
2397,0.004391
2398,0.002307
2399,0.005013
2400,0.005588
2401,0.005913
2402,0.006744
2403,0.002702
2404,0.007296
2405,0.015727
2406,0.007904
2407,0.009128
2408,0.007177
2409,0.006111
2410,0.00638
2411,0.004804
2412,0.005359
2413,0.009727
2414,0.017614
2415,0.027757
2416,0.019117
2417,0.020733
2418,0.025501
2419,0.021705
2420,0.021735
2421,0.050005
2422,0.069024
2423,0.041369
2424,0.048366
2425,0.022732
2426,0.031993
2427,0.039766
2428,0.041031
2429,0.04526
2430,0.06392
2431,0.044716
2432,0.060754
2433,0.097307
2434,0.057892
2435,0.066806
2436,0.048251
2437,0.055488
2438,0.068888
2439,0.148528
2440,0.123832
2441,0.44054
2442,0.389002
2443,0.859493
2444,0.962242
2445,0.973274
2446,0.959137
2447,0.971771
2448,0.959701
2449,0.961783
2450,0.164207
2451,0.045591
2452,0.022643
2453,0.094745
2454,0.083723
2455,0.075019
2456,0.057082
2457,0.098226
2458,0.030263
2459,0.012275
2460,0.01292
2461,0.009425
2462,0.011551
2463,0.008574
2464,0.016975
2465,0.00564
2466,0.008247
2467,0.015043
2468,0.010802
2469,0.013318
2470,0.018019
2471,0.020916
2472,0.021801
2473,0.025187
2474,0.013477
2475,0.014973
2476,0.015496
2477,0.042987
2478,0.043362
2479,0.067924
2480,0.022009
2481,0.020211
2482,0.009942
2483,0.008644
2484,0.009546
2485,0.006959
2486,0.008846
2487,0.005039
2488,0.003272
2489,0.003695
2490,0.01049
2491,0.005435
2492,0.007848
2493,0.003952
2494,0.005931
2495,0.009722
2496,0.01
2497,0.019497
2498,0.025108
2499,0.026051
2500,0.018798
2501,0.015359
2502,0.018149
2503,0.014109
2504,0.642378
2505,0.648991
2506,0.851814
2507,0.906056
2508,0.972513
2509,0.890094
2510,0.896612
2511,0.829006
2512,0.915007
2513,0.962302
2514,0.94328
2515,0.939789
2516,0.954007
2517,0.879005
2518,0.947719
2519,0.988119
2520,0.985409
2521,0.982676
2522,0.978378
2523,0.966687
2524,0.929362
2525,0.762931
2526,0.766751
2527,0.665381
2528,0.412167
2529,0.679018
2530,0.290029
2531,0.141424
2532,0.107736
2533,0.03471
2534,0.02698
2535,0.022563
2536,0.010836
2537,0.016903
2538,0.00918
2539,0.003798
2540,0.005797
2541,0.010819
2542,0.016384
2543,0.007642
2544,0.006291
2545,0.007791
2546,0.007033
2547,0.008889
2548,0.010781
2549,0.012349
2550,0.013602
2551,0.014572
2552,0.011842
2553,0.022101
2554,0.025149
2555,0.038304
2556,0.011422
2557,0.004311
2558,0.005025
2559,0.003269
2560,0.003265
2561,0.039234
2562,0.303998
2563,0.652515
2564,0.990064
2565,0.991242
2566,0.982872
2567,0.966819
2568,0.960582
2569,0.985516
2570,0.97453
2571,0.99368
2572,0.986476
2573,0.984224
2574,0.989399
2575,0.968294
2576,0.967349
2577,0.974396
2578,0.990028
2579,0.991029
2580,0.993068
2581,0.981773
2582,0.984107
2583,0.989493
2584,0.987345
2585,0.989401
2586,0.991826
2587,0.992531
2588,0.994553
2589,0.994233
2590,0.993354
2591,0.992687
2592,0.993222
2593,0.996536
2594,0.996287
2595,0.995837
2596,0.996315
2597,0.996311
2598,0.997263
2599,0.997231
2600,0.997083
2601,0.996369
2602,0.996391
2603,0.995073
2604,0.995889
2605,0.987323
2606,0.989307
2607,0.990573
2608,0.992535
2609,0.986742
2610,0.992234
2611,0.99034
2612,0.989407
2613,0.99411
2614,0.99399
2615,0.995592
2616,0.99712
2617,0.997451
2618,0.997302
2619,0.996164
2620,0.996195
2621,0.993022
2622,0.992139
2623,0.993028
2624,0.992384
2625,0.991233
2626,0.995281
2627,0.997338
2628,0.992253
2629,0.992024
2630,0.991196
2631,0.991517
2632,0.990684
2633,0.988292
2634,0.990034
2635,0.986406
2636,0.99298
2637,0.994756
2638,0.994638
2639,0.995732
2640,0.994934
2641,0.996517
2642,0.99739
2643,0.996593
2644,0.995186
2645,0.995235
2646,0.995066
2647,0.991215
2648,0.980281
2649,0.966505
2650,0.375142
2651,0.163413
2652,0.116139
2653,0.049101
2654,0.040933
2655,0.016541
2656,0.02274
2657,0.023269
2658,0.010296
2659,0.00778
2660,0.008113
2661,0.005076
2662,0.006032
2663,0.004391
2664,0.003488
2665,0.005979
2666,0.004913
2667,0.005851
2668,0.006581
2669,0.005612
2670,0.007884
2671,0.004056
2672,0.008919
2673,0.005955
2674,0.006501
2675,0.005337
2676,0.00866
2677,0.006726
2678,0.009145
2679,0.011282
2680,0.014802
2681,0.007548
2682,0.006946
2683,0.008661
2684,0.010009
2685,0.009782
2686,0.017011
2687,0.017709
2688,0.017132
2689,0.041703
2690,0.148267
2691,0.703512
2692,0.798873
2693,0.922356
2694,0.955397
2695,0.963063
2696,0.975297
2697,0.962513
2698,0.964758
2699,0.393254
2700,0.099894
2701,0.008863
2702,0.012337
2703,0.001358
2704,0.002756
2705,0.004055
2706,0.003463
2707,0.003091
2708,0.002889
2709,0.006052
2710,0.003358
2711,0.003705
2712,0.002781
2713,0.00222
2714,0.005722
2715,0.002856
2716,0.001753
2717,0.002407
2718,0.001565
2719,0.001386
2720,0.002002
2721,0.001827
2722,0.004169
2723,0.006584
2724,0.021324
2725,0.007193
2726,0.007119
2727,0.007961
2728,0.003269
2729,0.004413
2730,0.00326
2731,0.003391
2732,0.003751
2733,0.00319
2734,0.003539
2735,0.003776
2736,0.005182
2737,0.002647
2738,0.003174
2739,0.004253
2740,0.005762
2741,0.004322
2742,0.002007
2743,0.001846
2744,0.002701
2745,0.003544
2746,0.001001
2747,0.001356
2748,0.001058
2749,0.003556
2750,0.003377
2751,0.069451
2752,0.062481
2753,0.032809
2754,0.02438
2755,0.020196
2756,0.012912
2757,0.015637
2758,0.025098
2759,0.023153
2760,0.016061
2761,0.016511
2762,0.032361
2763,0.008402
2764,0.001165
2765,0.001052
2766,0.001106
2767,0.001834
2768,0.003343
2769,0.008736
2770,0.007321
2771,0.005977
2772,0.010718
2773,0.005618
2774,0.009489
2775,0.011391
2776,0.008435
2777,0.006926
2778,0.007524
2779,0.007621
2780,0.011119
2781,0.008144
2782,0.007839
2783,0.005088
2784,0.004531
2785,0.006032
2786,0.00497
2787,0.008652
2788,0.014605
2789,0.009
2790,0.003373
2791,0.00352
2792,0.004024
2793,0.00378
2794,0.008798
2795,0.017348
2796,0.018387
2797,0.016534
2798,0.023196
2799,0.032268
2800,0.04294
2801,0.022445
2802,0.03392
2803,0.023971
2804,0.010838
2805,0.006938
2806,0.004704
2807,0.005297
2808,0.005454
2809,0.002981
2810,0.003995
2811,0.006109
2812,0.009036
2813,0.00583
2814,0.006547
2815,0.009145
2816,0.007869
2817,0.024264
2818,0.016592
2819,0.019876
2820,0.00872
2821,0.003595
2822,0.00299
2823,0.003135
2824,0.002304
2825,0.002142
2826,0.003675
2827,0.004109
2828,0.005034
2829,0.003404
2830,0.005275
2831,0.007611
2832,0.013548
2833,0.005968
2834,0.007456
2835,0.010997
2836,0.019167
2837,0.118837
2838,0.079655
2839,0.772647
2840,0.701557
2841,0.945748
2842,0.987122
2843,0.994759
2844,0.992976
2845,0.994547
2846,0.992951
2847,0.992496
2848,0.988219
2849,0.9889
2850,0.971014
2851,0.477212
2852,0.039143
2853,0.011718
2854,0.006336
2855,0.009804
2856,0.003326
2857,0.006644
2858,0.006441
2859,0.007158
2860,0.005185
2861,0.012327
2862,0.024454
2863,0.020362
2864,0.014721
2865,0.032099
2866,0.04124
2867,0.042915
2868,0.023467
2869,0.010764
2870,0.011805
2871,0.01151
2872,0.012587
2873,0.005762
2874,0.003858
2875,0.005841
2876,0.005166
2877,0.00601
2878,0.006508
2879,0.00839
2880,0.007349
2881,0.004379
2882,0.003012
2883,0.001841
2884,0.003228
2885,0.003411
2886,0.005731
2887,0.006864
2888,0.007476
2889,0.008978
2890,0.010908
2891,0.014504
2892,0.010126
2893,0.026133
2894,0.015895
2895,0.014222
2896,0.014893
2897,0.014196
2898,0.022451
2899,0.023318
2900,0.024007
2901,0.031209
2902,0.021327
2903,0.024201
2904,0.02078
2905,0.012818
2906,0.013673
2907,0.014229
2908,0.016852
2909,0.015325
2910,0.007494
2911,0.012887
2912,0.01679
2913,0.016079
2914,0.017512
2915,0.016269
2916,0.011057
2917,0.012805
2918,0.013686
2919,0.014673
2920,0.01745
2921,0.032707
2922,0.033385
2923,0.024018
2924,0.06606
2925,0.06003
2926,0.09094
2927,0.041035
2928,0.042851
2929,0.022114
2930,0.025896
2931,0.029002
2932,0.036375
2933,0.030219
2934,0.01579
2935,0.017533
2936,0.010576
2937,0.017571
2938,0.023889
2939,0.020178
2940,0.030751
2941,0.023292
2942,0.03481
2943,0.031256
2944,0.01889
2945,0.012659
2946,0.014765
2947,0.014652
2948,0.014952
2949,0.03407
2950,0.017178
2951,0.018093
2952,0.005608
2953,0.019433
2954,0.013154
2955,0.009557
2956,0.017078
2957,0.026154
2958,0.039666
2959,0.168613
2960,0.895121
2961,0.971598
2962,0.948352
2963,0.952943
2964,0.953196
2965,0.996327
2966,0.995721
2967,0.995769
2968,0.996495
2969,0.997634
2970,0.997428
2971,0.997484
2972,0.997677
2973,0.99759
2974,0.996916
2975,0.996611
2976,0.995955
2977,0.990279
2978,0.993674
2979,0.991923
2980,0.981655
2981,0.976485
2982,0.969108
2983,0.942575
2984,0.873382
2985,0.8214
2986,0.741662
2987,0.619768
2988,0.295135
2989,0.119688
2990,0.088908
2991,0.112151
2992,0.035246
2993,0.035722
2994,0.039184
2995,0.056932
2996,0.075418
2997,0.075608
2998,0.090592
2999,0.078366
3000,0.0519
