1,0.907913
2,0.921704
3,0.896461
4,0.845835
5,0.899446
6,0.932548
7,0.944646
8,0.92373
9,0.948655
10,0.935956
11,0.926966
12,0.977021
13,0.964499
14,0.968443
15,0.973667
16,0.977683
17,0.971983
18,0.981341
19,0.977565
20,0.982416
21,0.973586
22,0.933627
23,0.963962
24,0.96782
25,0.955346
26,0.954897
27,0.965107
28,0.971537
29,0.97551
30,0.984501
31,0.966235
32,0.963243
33,0.964198
34,0.970803
35,0.962839
36,0.942675
37,0.940372
38,0.934104
39,0.9134
40,0.926642
41,0.899091
42,0.857949
43,0.91265
44,0.973023
45,0.977282
46,0.976144
47,0.967011
48,0.971292
49,0.951406
50,0.941184
51,0.904326
52,0.899338
53,0.917518
54,0.933664
55,0.94163
56,0.970032
57,0.960515
58,0.950969
59,0.966103
60,0.969788
61,0.820739
62,0.913701
63,0.376466
64,0.539618
65,0.550125
66,0.410126
67,0.744899
68,0.76004
69,0.758131
70,0.882217
71,0.849398
72,0.907179
73,0.70624
74,0.757835
75,0.77984
76,0.823811
77,0.817322
78,0.832586
79,0.779468
80,0.754628
81,0.819906
82,0.842292
83,0.872422
84,0.905032
85,0.919494
86,0.919019
87,0.930849
88,0.93924
89,0.935963
90,0.918215
91,0.892411
92,0.865821
93,0.746883
94,0.81302
95,0.736109
96,0.743932
97,0.315985
98,0.058398
99,0.019754
100,0.030986
101,0.031173
102,0.040078
103,0.041383
104,0.053651
105,0.095538
106,0.031716
107,0.07735
108,0.138809
109,0.393791
110,0.785765
111,0.300643
112,0.482746
113,0.296243
114,0.327329
115,0.349904
116,0.850885
117,0.91106
118,0.874861
119,0.934954
120,0.898055
121,0.832183
122,0.866302
123,0.941663
124,0.942392
125,0.953213
126,0.958258
127,0.933155
128,0.952763
129,0.95297
130,0.951577
131,0.965353
132,0.966068
133,0.981941
134,0.981149
135,0.987223
136,0.986522
137,0.984775
138,0.985949
139,0.982947
140,0.982969
141,0.982846
142,0.975803
143,0.95147
144,0.965845
145,0.931708
146,0.92193
147,0.890046
148,0.607726
149,0.181921
150,0.021013
151,0.01034
152,0.007812
153,0.012833
154,0.017954
155,0.021161
156,0.018625
157,0.014823
158,0.014064
159,0.016315
160,0.040298
161,0.021175
162,0.016583
163,0.080756
164,0.106076
165,0.457328
166,0.626856
167,0.869149
168,0.860563
169,0.78202
170,0.892171
171,0.884618
172,0.932018
173,0.866741
174,0.402543
175,0.008568
176,0.002672
177,0.006559
178,0.004595
179,0.053707
180,0.073093
181,0.039671
182,0.186149
183,0.02218
184,0.019388
185,0.024664
186,0.021416
187,0.062553
188,0.015554
189,0.01965
190,0.024848
191,0.005466
192,0.181466
193,0.339114
194,0.657203
195,0.498156
196,0.764906
197,0.857286
198,0.868468
199,0.905217
200,0.940788
201,0.94546
202,0.940448
203,0.854503
204,0.889318
205,0.508032
206,0.492456
207,0.11098
208,0.041856
209,0.081898
210,0.031095
211,0.055405
212,0.022421
213,0.006138
214,0.031685
215,0.045203
216,0.047482
217,0.040255
218,0.033278
219,0.017758
220,0.019914
221,0.255782
222,0.221975
223,0.418629
224,0.47179
225,0.45165
226,0.490033
227,0.57351
228,0.567572
229,0.470995
230,0.2352
231,0.284726
232,0.089837
233,0.050679
234,0.168419
235,0.032128
236,0.017984
237,0.017727
238,0.029875
239,0.046563
240,0.0259
241,0.14493
242,0.078331
243,0.073885
244,0.047873
245,0.082064
246,0.385525
247,0.279041
248,0.179703
249,0.641721
250,0.672397
251,0.85018
252,0.914608
253,0.955875
254,0.952444
255,0.958646
256,0.972808
257,0.96902
258,0.978327
259,0.967612
260,0.977053
261,0.97883
262,0.946303
263,0.869083
264,0.772222
265,0.181688
266,0.279914
267,0.165853
268,0.43753
269,0.551422
270,0.544421
271,0.615543
272,0.746267
273,0.846251
274,0.845678
275,0.764332
276,0.826378
277,0.812069
278,0.856189
279,0.862033
280,0.875202
281,0.907119
282,0.817001
283,0.901918
284,0.907642
285,0.910228
286,0.841668
287,0.818782
288,0.668916
289,0.285223
290,0.03431
291,0.102727
292,0.054178
293,0.049363
294,0.070638
295,0.045791
296,0.038752
297,0.028921
298,0.052482
299,0.059518
300,0.033122
301,0.010141
302,0.007279
303,0.023995
304,0.001881
305,0.044797
306,0.025511
307,0.633852
308,0.493989
309,0.418372
310,0.755903
311,0.85249
312,0.900239
313,0.896931
314,0.912536
315,0.919835
316,0.960084
317,0.979574
318,0.968672
319,0.970826
320,0.973073
321,0.965928
322,0.969164
323,0.971689
324,0.97184
325,0.981188
326,0.97901
327,0.981284
328,0.981613
329,0.988866
330,0.989528
331,0.990231
332,0.989786
333,0.987927
334,0.98281
335,0.986168
336,0.98559
337,0.972543
338,0.981874
339,0.980473
340,0.984859
341,0.988675
342,0.986601
343,0.985421
344,0.98501
345,0.984516
346,0.973615
347,0.973927
348,0.985907
349,0.96648
