1,0.982937
2,0.983183
3,0.9875
4,0.979856
5,0.982189
6,0.975718
7,0.98291
8,0.981114
9,0.984405
10,0.986209
11,0.987813
12,0.986114
13,0.991744
14,0.986542
15,0.987072
16,0.985672
17,0.986693
18,0.986747
19,0.990142
20,0.989273
21,0.989175
22,0.990112
23,0.987514
24,0.990306
25,0.987405
26,0.985832
27,0.984093
28,0.980571
29,0.984031
30,0.987484
31,0.988749
32,0.987825
33,0.984322
34,0.986222
35,0.988963
36,0.987886
37,0.991944
38,0.992225
39,0.992873
40,0.990571
41,0.992336
42,0.992198
43,0.992613
44,0.992644
45,0.991317
46,0.991073
47,0.989419
48,0.97454
49,0.931689
50,0.911058
51,0.954731
52,0.972574
53,0.960451
54,0.958684
55,0.956545
56,0.969573
57,0.926646
58,0.839634
59,0.748146
60,0.432652
61,0.136383
62,0.147219
63,0.114404
64,0.16813
65,0.207249
66,0.027761
67,0.017295
68,0.016929
69,0.022556
70,0.020393
71,0.019411
72,0.039405
73,0.027059
74,0.120841
75,0.024974
76,0.014951
77,0.025192
78,0.040528
79,0.330282
80,0.751214
81,0.87992
82,0.814553
83,0.783778
84,0.87987
85,0.861038
86,0.817396
87,0.889476
88,0.853245
89,0.929111
90,0.947838
91,0.934533
92,0.961834
93,0.959991
94,0.949958
95,0.949062
96,0.958291
97,0.938838
98,0.94198
99,0.934483
100,0.943511
101,0.91302
102,0.936087
103,0.930249
104,0.892901
105,0.940823
106,0.945868
107,0.953522
108,0.970766
109,0.950333
110,0.95893
111,0.943962
112,0.921464
113,0.958476
114,0.960184
115,0.955775
116,0.94486
117,0.961363
118,0.957343
119,0.962021
120,0.970955
121,0.983845
122,0.981369
123,0.982789
124,0.981643
125,0.978467
126,0.98072
127,0.98352
128,0.98089
129,0.987514
130,0.986754
131,0.987116
132,0.972339
133,0.975967
134,0.978439
135,0.972451
136,0.983227
137,0.982594
138,0.986787
139,0.984673
140,0.979685
141,0.982108
142,0.978575
143,0.982893
144,0.983231
145,0.98422
146,0.975894
147,0.977633
148,0.982909
149,0.986932
150,0.979352
151,0.969729
152,0.512294
153,0.353426
154,0.098693
155,0.136875
156,0.029709
157,0.060975
158,0.075998
159,0.067484
160,0.057349
161,0.085144
162,0.0769
163,0.033211
164,0.013469
165,0.012392
166,0.078569
167,0.673139
168,0.713906
169,0.945615
170,0.962674
171,0.96742
172,0.960179
173,0.977205
174,0.975777
175,0.97346
176,0.964609
177,0.966636
178,0.956768
179,0.961525
180,0.969275
181,0.877654
182,0.38917
183,0.055412
184,0.007338
185,0.008609
186,0.00854
187,0.028572
188,0.038768
189,0.032402
190,0.013206
191,0.007713
192,0.012105
193,0.011448
194,0.01764
195,0.028735
196,0.024491
197,0.013876
198,0.008762
199,0.01687
200,0.026749
201,0.056053
202,0.104349
203,0.204499
204,0.796989
205,0.90972
206,0.878989
207,0.866338
208,0.963646
209,0.981111
210,0.979336
211,0.98216
212,0.972089
213,0.970223
214,0.955247
215,0.933986
216,0.954575
217,0.883444
218,0.884896
219,0.922353
220,0.913206
221,0.931161
222,0.940143
223,0.947054
224,0.925438
225,0.917749
226,0.893616
227,0.622594
228,0.033797
229,0.010377
230,0.003153
231,0.003444
232,0.008687
233,0.005674
234,0.004943
235,0.005272
236,0.004859
237,0.02131
238,0.436171
239,0.855212
240,0.928735
241,0.969858
242,0.972363
243,0.965058
244,0.967109
245,0.961644
246,0.970087
247,0.964894
248,0.942962
249,0.976147
250,0.971164
251,0.942224
252,0.953082
253,0.948435
254,0.959747
255,0.921828
256,0.931522
257,0.913692
258,0.887386
259,0.969898
260,0.963473
261,0.824191
262,0.374585
263,0.445857
264,0.361152
265,0.152495
266,0.215015
267,0.048706
268,0.010564
269,0.009628
270,0.013883
271,0.013949
272,0.0141
273,0.011219
274,0.008392
275,0.005302
276,0.0055
277,0.009682
278,0.049646
279,0.07987
280,0.422894
281,0.517298
282,0.891816
283,0.908011
284,0.960818
285,0.963157
286,0.980358
287,0.975476
288,0.980646
289,0.971141
290,0.973741
291,0.974814
292,0.975863
293,0.973216
294,0.963061
295,0.963403
296,0.967402
297,0.876449
298,0.458693
299,0.051236
300,0.005011
301,0.004015
302,0.003917
303,0.006717
304,0.014061
305,0.003487
306,0.001509
307,0.002459
308,0.005214
309,0.004623
310,0.006143
311,0.003885
312,0.003381
313,0.009819
314,0.047235
315,0.130125
316,0.679672
317,0.828104
318,0.837211
319,0.881693
320,0.93819
321,0.901701
322,0.922998
323,0.951549
324,0.946125
325,0.980154
326,0.98192
327,0.982272
328,0.979499
329,0.975086
330,0.969975
331,0.972469
332,0.970369
333,0.964287
334,0.957008
335,0.678276
336,0.01137
337,0.025705
338,0.007277
339,0.018947
340,0.002858
341,0.002254
342,0.002857
343,0.003724
344,0.003695
345,0.003327
346,0.003056
347,0.011306
348,0.278889
349,0.209393
350,0.449858
351,0.631249
352,0.929553
353,0.954619
354,0.974389
355,0.977214
356,0.98477
357,0.981553
358,0.977459
359,0.976411
360,0.950766
361,0.684141
362,0.273377
363,0.040883
364,0.049581
365,0.01409
366,0.012813
367,0.031063
368,0.122043
369,0.230243
370,0.342363
371,0.667858
372,0.731001
373,0.299255
374,0.259701
375,0.156346
376,0.206613
377,0.096169
378,0.159953
379,0.182851
380,0.162101
381,0.21671
382,0.11229
383,0.057459
384,0.104515
385,0.073061
386,0.069031
387,0.055962
388,0.123854
389,0.153463
390,0.106205
391,0.084217
392,0.125149
393,0.072553
394,0.078169
395,0.100881
396,0.161049
397,0.465507
398,0.426892
399,0.518482
400,0.851179
401,0.930321
402,0.966533
403,0.974368
404,0.976111
405,0.975266
406,0.965084
407,0.938366
408,0.237406
409,0.267948
410,0.033936
411,0.004135
412,0.019398
413,0.016516
414,0.007744
415,0.006126
416,0.002532
417,0.004184
418,0.010991
419,0.010435
420,0.01728
421,0.018921
422,0.028057
423,0.016656
424,0.013188
425,0.017507
426,0.020054
427,0.046732
428,0.086072
429,0.52737
430,0.477221
431,0.498529
432,0.065216
433,0.011961
434,0.098516
435,0.644998
436,0.453244
437,0.834137
438,0.878275
439,0.943164
440,0.90904
441,0.298474
442,0.15637
443,0.021358
444,0.127273
445,0.052629
446,0.0488
447,0.028706
448,0.018115
449,0.012754
450,0.00782
451,0.008542
452,0.014126
453,0.016688
454,0.028423
455,0.012264
456,0.011231
457,0.008234
458,0.009614
459,0.005976
460,0.004403
461,0.006848
462,0.004805
463,0.006321
464,0.006188
465,0.025603
466,0.047398
467,0.475715
468,0.830043
469,0.811911
470,0.665547
471,0.827284
472,0.891228
473,0.912819
474,0.945292
475,0.249924
476,0.222702
477,0.04405
478,0.008513
479,0.45091
480,0.018586
481,0.03638
482,0.076607
483,0.053426
484,0.041746
485,0.060236
486,0.040345
487,0.036589
488,0.033992
489,0.042203
490,0.040976
491,0.016699
492,0.027775
493,0.019922
494,0.020507
495,0.021571
496,0.021769
497,0.024936
498,0.024639
499,0.025369
500,0.033268
501,0.031479
502,0.046394
503,0.055397
504,0.022497
505,0.111593
506,0.074963
507,0.044208
508,0.030022
509,0.035153
510,0.035924
511,0.042122
512,0.038635
513,0.052062
514,0.039249
515,0.037325
516,0.037591
517,0.065852
518,0.052347
519,0.041791
520,0.02966
521,0.030935
522,0.044223
523,0.199005
524,0.536934
525,0.576367
526,0.684756
527,0.835676
528,0.910971
529,0.937392
530,0.958533
531,0.984016
532,0.989944
533,0.990277
534,0.990886
535,0.956057
536,0.450905
537,0.338264
538,0.508862
539,0.034356
540,0.025619
541,0.057636
542,0.066251
543,0.097005
544,0.04501
545,0.099532
546,0.064557
547,0.053953
548,0.120505
549,0.042222
550,0.113349
551,0.054735
552,0.066193
553,0.014333
554,0.012503
555,0.011389
556,0.015507
557,0.02334
558,0.028412
559,0.016778
560,0.040565
561,0.058253
562,0.044447
563,0.025047
564,0.011122
565,0.01186
566,0.01176
567,0.013012
568,0.007305
569,0.00679
570,0.007748
571,0.013299
572,0.009406
573,0.012646
574,0.006204
575,0.009952
576,0.016284
577,0.008579
578,0.009011
579,0.03256
580,0.113426
581,0.121994
582,0.469756
583,0.705244
584,0.691953
585,0.827363
586,0.826135
587,0.880776
588,0.553556
589,0.246961
590,0.090167
591,0.028641
592,0.011864
593,0.014891
594,0.010454
595,0.004737
596,0.007657
597,0.010829
598,0.025309
599,0.083674
600,0.096339
601,0.228151
602,0.074272
603,0.079863
604,0.06515
605,0.15017
606,0.163945
607,0.189196
608,0.144625
609,0.383353
610,0.132662
611,0.112335
612,0.085365
613,0.063043
614,0.065818
615,0.069645
616,0.132809
617,0.217605
618,0.286621
619,0.115519
620,0.060622
621,0.109196
622,0.067905
623,0.083173
624,0.07934
625,0.047224
626,0.024517
627,0.025961
628,0.023077
629,0.022185
630,0.034382
631,0.059773
632,0.037702
633,0.022093
634,0.039338
635,0.140981
636,0.648373
637,0.940074
638,0.936559
639,0.962805
640,0.952337
641,0.96928
642,0.976315
643,0.972523
644,0.975654
645,0.978586
646,0.968642
647,0.97143
648,0.974425
649,0.967175
650,0.977074
651,0.982251
652,0.984386
653,0.987602
654,0.984947
655,0.984186
656,0.976677
657,0.978725
658,0.807635
659,0.103611
660,0.069245
661,0.007186
662,0.005601
663,0.001702
664,0.00185
665,0.003246
666,0.006026
667,0.004216
668,0.004706
669,0.002373
670,0.004087
671,0.006089
672,0.010785
673,0.021966
674,0.016456
675,0.030694
676,0.047379
677,0.050329
678,0.018008
679,0.033633
680,0.029584
681,0.025341
682,0.030176
683,0.022453
684,0.030625
685,0.031789
686,0.016303
687,0.017619
688,0.014789
689,0.009942
690,0.006966
691,0.008179
692,0.012025
693,0.005647
694,0.216616
695,0.901952
696,0.948508
697,0.954708
698,0.962822
699,0.985947
700,0.984206
701,0.98391
702,0.98801
703,0.980037
704,0.985527
705,0.9838
706,0.880186
707,0.370238
708,0.035245
709,0.023747
710,0.070461
711,0.034534
712,0.033228
713,0.024219
714,0.037097
715,0.018344
716,0.012268
717,0.02193
718,0.017485
719,0.013865
720,0.01666
721,0.0091
722,0.010202
723,0.03072
724,0.120216
725,0.101554
726,0.108662
727,0.119725
728,0.083108
729,0.026902
730,0.031577
731,0.024711
732,0.044339
733,0.018359
734,0.015285
735,0.025614
736,0.024115
737,0.013359
738,0.043981
739,0.03902
740,0.066638
741,0.041558
742,0.044115
743,0.071309
744,0.044121
745,0.08446
746,0.05508
747,0.055804
748,0.02782
749,0.025631
750,0.036932
751,0.090688
752,0.20364
753,0.172551
754,0.678689
755,0.338443
756,0.468151
757,0.428311
758,0.621071
759,0.86893
760,0.896163
761,0.914491
762,0.873102
763,0.298246
764,0.080154
765,0.067435
766,0.224079
767,0.027954
768,0.047735
769,0.025658
770,0.658583
771,0.363497
772,0.222514
773,0.302182
774,0.096318
775,0.033072
776,0.017418
777,0.006914
778,0.010219
779,0.013563
780,0.014802
781,0.028224
782,0.023869
783,0.023401
784,0.031376
785,0.027959
786,0.02988
787,0.02145
788,0.015313
789,0.012621
790,0.016899
791,0.014383
792,0.017097
793,0.024951
794,0.019046
795,0.016189
796,0.016012
797,0.019874
798,0.022457
799,0.0234
800,0.028624
801,0.011882
802,0.019214
803,0.037326
804,0.090478
805,0.13169
806,0.108198
807,0.063843
808,0.052253
809,0.015458
810,0.03302
811,0.026784
812,0.047654
813,0.083844
814,0.032884
815,0.143436
816,0.22939
817,0.208792
818,0.270361
819,0.45272
820,0.110432
821,0.08354
822,0.085456
823,0.032155
824,0.040253
825,0.147256
826,0.094259
827,0.039533
828,0.126041
829,0.26863
830,0.517882
831,0.91256
832,0.955192
833,0.970778
834,0.955197
835,0.97575
836,0.959979
837,0.875354
838,0.812672
839,0.617951
840,0.460383
841,0.80982
842,0.7731
843,0.59833
844,0.73186
845,0.496036
846,0.539486
847,0.092494
848,0.006044
849,0.016559
850,0.004018
851,0.003936
852,0.094173
853,0.028602
854,0.024105
855,0.025838
856,0.025431
857,0.078765
858,0.076148
859,0.085608
860,0.153362
861,0.141141
862,0.276038
863,0.249273
864,0.246832
865,0.075962
866,0.07546
867,0.075665
868,0.059375
869,0.058049
870,0.058163
871,0.043642
872,0.039907
873,0.059012
874,0.063938
875,0.061159
876,0.110906
877,0.191352
878,0.157885
879,0.131138
880,0.097762
881,0.118778
882,0.151148
883,0.111087
884,0.160137
885,0.176046
886,0.225611
887,0.105304
888,0.06258
889,0.020885
890,0.024703
891,0.032536
892,0.042284
893,0.05839
894,0.065538
895,0.056147
896,0.063419
897,0.092908
898,0.430689
899,0.143066
900,0.116936
901,0.075663
902,0.193758
903,0.020847
904,0.110011
905,0.449148
906,0.838162
907,0.93554
908,0.943116
909,0.901496
910,0.884684
911,0.921834
912,0.950082
913,0.934614
914,0.948439
915,0.962407
916,0.985146
917,0.983312
918,0.982865
919,0.983306
920,0.98097
921,0.974371
922,0.976974
923,0.97284
924,0.960182
925,0.961922
926,0.948765
927,0.954218
928,0.909937
929,0.940515
930,0.973
931,0.240611
932,0.00674
933,0.005843
934,0.002028
935,0.001398
936,0.001006
937,0.007263
938,0.01123
939,0.013606
940,0.021976
941,0.034182
942,0.036415
943,0.036101
944,0.027624
945,0.01
946,0.00397
947,0.011345
948,0.01319
949,0.005271
950,0.005108
951,0.011582
952,0.002113
953,0.002224
954,0.002459
955,0.00147
956,0.002955
957,0.012548
958,0.01786
959,0.10506
960,0.383958
961,0.574051
962,0.697608
963,0.940464
964,0.938718
965,0.835631
966,0.79684
967,0.846051
968,0.845854
969,0.917455
970,0.088322
971,0.044758
972,0.012031
973,0.002839
974,0.001358
975,0.001287
976,0.002137
977,0.004971
978,0.005374
979,0.005616
980,0.00717
981,0.008977
982,0.005477
983,0.002777
984,0.002839
985,0.003075
986,0.002267
987,0.001911
988,0.002564
989,0.002369
990,0.003486
991,0.001986
992,0.001125
993,0.002047
994,0.002877
995,0.004824
996,0.003943
997,0.004042
998,0.00312
999,0.004513
1000,0.005013
1001,0.00178
1002,0.001383
1003,0.001279
1004,0.001897
1005,0.001619
1006,0.003295
1007,0.003005
1008,0.003339
1009,0.001707
1010,0.002175
1011,0.00415
1012,0.009797
1013,0.033351
1014,0.040595
1015,0.033015
1016,0.030544
1017,0.026731
1018,0.014634
1019,0.008909
1020,0.007544
1021,0.006316
1022,0.001773
1023,0.003785
1024,0.012866
1025,0.702063
1026,0.915235
1027,0.965631
1028,0.969192
1029,0.944276
1030,0.96207
1031,0.976302
1032,0.934974
1033,0.960362
1034,0.952978
1035,0.964575
1036,0.974546
1037,0.945947
1038,0.773461
1039,0.023266
1040,0.007993
1041,0.00489
1042,0.006391
1043,0.023711
1044,0.26159
1045,0.016738
1046,0.007695
1047,0.004863
1048,0.009764
1049,0.009164
1050,0.008785
1051,0.006668
1052,0.017505
1053,0.009196
1054,0.007402
1055,0.006142
1056,0.003716
1057,0.003443
1058,0.004716
1059,0.003675
1060,0.005169
1061,0.003038
1062,0.002674
1063,0.004848
1064,0.00344
1065,0.001144
1066,0.001262
1067,0.001628
1068,0.001312
1069,0.002049
1070,0.001113
1071,0.002138
1072,0.001968
1073,0.003108
1074,0.002198
1075,0.002949
1076,0.005249
1077,0.00858
1078,0.009607
1079,0.021151
1080,0.015288
1081,0.004731
1082,0.006093
1083,0.003503
1084,0.010774
1085,0.012311
1086,0.008917
1087,0.012714
1088,0.019343
1089,0.011309
1090,0.011583
1091,0.016475
1092,0.020073
1093,0.024284
1094,0.020482
1095,0.023889
1096,0.017604
1097,0.013567
1098,0.013231
1099,0.013867
1100,0.013799
1101,0.02316
1102,0.024542
1103,0.02278
1104,0.017642
1105,0.006309
1106,0.008908
1107,0.011464
1108,0.648382
1109,0.433675
1110,0.665367
1111,0.722467
1112,0.845893
1113,0.866409
1114,0.86682
1115,0.569863
1116,0.157279
1117,0.144904
1118,0.219601
1119,0.274255
1120,0.08151
1121,0.084873
1122,0.03696
1123,0.057937
1124,0.007245
1125,0.005652
1126,0.00904
1127,0.011124
1128,0.034448
1129,0.039828
1130,0.034639
1131,0.018158
1132,0.026393
1133,0.029929
1134,0.0449
1135,0.037687
1136,0.062797
1137,0.045007
1138,0.05793
1139,0.027221
1140,0.024471
1141,0.009089
1142,0.015516
1143,0.032959
1144,0.02535
1145,0.048905
1146,0.031753
1147,0.064253
1148,0.013087
1149,0.01235
1150,0.010613
1151,0.006058
1152,0.011902
1153,0.042663
1154,0.021329
1155,0.020969
1156,0.01428
1157,0.017285
1158,0.020197
1159,0.008422
1160,0.006124
1161,0.005143
1162,0.003199
1163,0.005044
1164,0.005589
1165,0.003088
1166,0.003882
1167,0.006914
1168,0.011945
1169,0.03949
1170,0.041051
1171,0.059698
1172,0.032979
1173,0.027603
1174,0.018295
1175,0.021922
1176,0.032903
1177,0.011746
1178,0.005479
1179,0.002698
1180,0.00576
1181,0.003674
1182,0.003976
1183,0.005206
1184,0.008595
1185,0.004612
1186,0.008685
1187,0.007737
1188,0.01475
1189,0.022958
1190,0.132988
1191,0.013411
1192,0.018261
1193,0.102684
1194,0.048556
1195,0.164755
1196,0.882422
1197,0.912736
1198,0.711737
1199,0.590564
1200,0.855684
1201,0.932125
1202,0.939565
1203,0.963532
1204,0.966184
1205,0.958546
1206,0.945528
1207,0.790116
1208,0.559446
1209,0.028395
1210,0.010902
1211,0.010718
1212,0.005428
1213,0.009468
1214,0.005135
1215,0.014806
1216,0.002599
1217,0.020077
1218,0.030228
1219,0.01597
1220,0.014651
1221,0.019629
1222,0.028018
1223,0.014776
1224,0.012716
1225,0.02517
1226,0.026607
1227,0.002908
1228,0.006106
1229,0.006137
1230,0.010949
1231,0.003217
1232,0.002346
1233,0.010582
1234,0.002181
1235,0.002954
1236,0.004358
1237,0.004976
1238,0.011337
1239,0.007265
1240,0.005804
1241,0.027126
1242,0.03133
1243,0.052665
1244,0.037354
1245,0.004565
1246,0.0053
1247,0.002725
1248,0.004643
1249,0.154556
1250,0.158978
1251,0.050239
1252,0.035959
1253,0.032666
1254,0.059346
1255,0.047781
1256,0.036354
1257,0.042617
1258,0.024112
1259,0.044496
1260,0.036574
1261,0.041432
1262,0.035933
1263,0.026289
1264,0.03116
1265,0.02973
1266,0.038716
1267,0.026427
1268,0.027215
1269,0.021601
1270,0.020663
1271,0.029675
1272,0.038208
1273,0.026991
1274,0.02213
1275,0.027045
1276,0.022214
1277,0.021424
1278,0.003398
1279,0.004615
1280,0.004123
1281,0.005821
1282,0.010938
1283,0.014553
1284,0.028094
1285,0.044538
1286,0.050787
1287,0.04801
1288,0.109326
1289,0.333691
1290,0.218224
1291,0.157373
1292,0.093011
1293,0.070178
1294,0.041621
1295,0.022706
1296,0.017377
1297,0.038904
1298,0.033099
1299,0.031697
1300,0.015308
1301,0.010293
1302,0.006567
1303,0.006346
1304,0.005147
1305,0.008781
1306,0.008371
1307,0.006322
1308,0.007769
1309,0.006032
1310,0.005989
1311,0.006323
1312,0.005717
1313,0.005403
1314,0.136047
1315,0.2009
1316,0.120107
1317,0.06954
1318,0.088932
1319,0.065297
1320,0.433623
1321,0.427322
1322,0.554344
1323,0.805708
1324,0.846445
1325,0.797092
1326,0.771042
1327,0.765017
1328,0.690281
1329,0.65221
1330,0.787123
1331,0.850202
1332,0.899037
1333,0.893681
1334,0.896947
1335,0.953268
1336,0.879381
1337,0.923309
1338,0.797857
1339,0.846789
1340,0.903843
1341,0.897138
1342,0.903512
1343,0.883523
1344,0.860299
1345,0.92092
1346,0.943554
1347,0.937719
1348,0.954022
1349,0.958609
1350,0.95019
1351,0.96904
1352,0.964768
1353,0.968115
1354,0.962607
1355,0.96509
1356,0.967823
1357,0.956603
1358,0.946791
1359,0.968286
1360,0.972931
1361,0.969015
1362,0.958922
1363,0.962305
1364,0.958603
1365,0.956263
1366,0.930927
1367,0.328427
1368,0.12285
1369,0.008807
1370,0.007266
1371,0.011103
1372,0.01414
1373,0.014111
1374,0.015492
1375,0.016151
1376,0.016618
1377,0.013312
1378,0.029857
1379,0.0357
1380,0.025703
1381,0.011672
1382,0.007934
1383,0.011909
1384,0.018416
1385,0.045911
1386,0.016606
1387,0.260923
1388,0.742854
1389,0.711654
1390,0.956748
1391,0.969464
1392,0.921641
1393,0.679376
1394,0.628016
1395,0.637678
1396,0.761919
1397,0.940458
1398,0.934632
1399,0.882007
1400,0.21958
1401,0.009469
1402,0.29894
1403,0.048227
1404,0.083271
1405,0.417248
1406,0.336414
1407,0.234478
1408,0.145505
1409,0.211037
1410,0.128009
1411,0.071016
1412,0.116823
1413,0.204677
1414,0.265394
1415,0.240819
1416,0.023683
1417,0.010054
1418,0.006705
1419,0.015222
1420,0.014415
1421,0.339558
1422,0.415497
1423,0.851059
1424,0.759704
1425,0.95358
1426,0.852138
1427,0.911081
1428,0.960016
1429,0.982868
1430,0.979362
1431,0.987787
1432,0.984893
1433,0.986012
1434,0.986245
1435,0.988499
1436,0.987809
1437,0.984362
1438,0.984635
1439,0.986342
1440,0.991625
1441,0.970406
1442,0.973862
1443,0.689259
1444,0.067519
1445,0.008515
1446,0.018007
1447,0.009915
1448,0.010816
1449,0.011705
1450,0.026881
1451,0.058475
1452,0.063224
1453,0.071211
1454,0.056288
1455,0.058773
1456,0.409097
1457,0.188483
1458,0.077425
1459,0.25344
1460,0.384092
1461,0.645284
1462,0.662188
1463,0.749874
1464,0.741105
1465,0.898261
1466,0.925411
1467,0.906598
1468,0.928151
1469,0.929518
1470,0.931027
1471,0.944374
1472,0.923154
1473,0.934248
1474,0.961177
1475,0.950715
1476,0.958536
1477,0.936721
1478,0.940657
1479,0.962608
1480,0.9587
1481,0.968921
1482,0.97583
1483,0.973648
1484,0.974017
1485,0.966151
1486,0.962309
1487,0.98406
1488,0.982087
1489,0.922593
1490,0.935599
1491,0.902384
1492,0.889199
1493,0.893613
1494,0.806749
1495,0.97427
1496,0.977735
1497,0.976993
1498,0.953845
1499,0.917253
1500,0.054462
1501,0.012702
1502,0.024678
1503,0.005378
1504,0.00564
1505,0.004543
1506,0.004392
1507,0.007325
1508,0.010682
1509,0.010714
1510,0.009271
1511,0.004497
1512,0.006989
1513,0.002907
1514,0.002798
1515,0.001749
1516,0.013279
1517,0.07832
1518,0.260815
1519,0.799848
1520,0.617616
1521,0.836852
1522,0.858787
1523,0.953374
1524,0.979498
1525,0.968455
1526,0.975545
1527,0.976481
1528,0.974647
1529,0.962692
1530,0.9666
1531,0.979492
1532,0.974008
1533,0.969279
1534,0.97115
1535,0.971698
1536,0.981837
1537,0.976379
1538,0.979306
1539,0.985237
1540,0.980617
1541,0.978697
1542,0.976548
1543,0.978427
1544,0.981571
1545,0.977182
1546,0.974652
1547,0.970179
1548,0.975827
1549,0.974081
1550,0.980883
1551,0.982073
1552,0.987449
1553,0.981594
1554,0.980077
1555,0.981418
1556,0.974066
1557,0.979086
1558,0.964037
1559,0.964976
1560,0.955093
1561,0.978348
1562,0.973503
1563,0.978912
1564,0.979689
1565,0.9693
1566,0.968165
1567,0.975483
1568,0.968506
1569,0.97042
1570,0.96449
1571,0.974336
1572,0.966943
1573,0.964306
1574,0.963685
1575,0.971749
1576,0.978797
1577,0.969603
1578,0.963233
1579,0.949774
1580,0.963705
1581,0.920942
1582,0.931312
1583,0.893628
1584,0.872562
1585,0.905609
1586,0.893893
1587,0.918345
1588,0.88449
1589,0.572042
1590,0.383153
1591,0.216914
1592,0.085907
1593,0.054996
1594,0.072983
1595,0.027051
1596,0.029718
1597,0.075636
1598,0.245422
1599,0.61824
1600,0.857493
1601,0.84577
1602,0.972118
1603,0.982242
1604,0.988199
1605,0.987382
1606,0.987635
1607,0.986531
1608,0.978324
