1,0.946287
2,0.937038
3,0.960186
4,0.976403
5,0.973783
6,0.971536
7,0.979234
8,0.98719
9,0.987547
10,0.986946
11,0.992417
12,0.989904
13,0.988315
14,0.992008
15,0.991504
16,0.993707
17,0.983144
18,0.96951
19,0.970285
20,0.975842
21,0.971719
22,0.96269
23,0.976048
24,0.973812
25,0.949372
26,0.968772
27,0.980153
28,0.986011
29,0.991491
30,0.991935
31,0.993339
32,0.994415
33,0.994557
34,0.990976
35,0.985256
36,0.980368
37,0.978947
38,0.980684
39,0.961557
40,0.500021
41,0.3991
42,0.082214
43,0.038928
44,0.061852
45,0.023732
46,0.035669
47,0.034607
48,0.048591
49,0.002833
50,0.003795
51,0.002285
52,0.002429
53,0.006716
54,0.013959
55,0.091464
56,0.305506
57,0.719892
58,0.706725
59,0.84784
60,0.874677
61,0.891659
62,0.911752
63,0.920518
64,0.960352
65,0.974115
66,0.961446
67,0.972637
68,0.976652
69,0.936726
70,0.943415
71,0.973805
72,0.982891
73,0.978927
74,0.98023
75,0.968645
76,0.975883
77,0.944728
78,0.986846
79,0.982556
80,0.981303
81,0.969623
82,0.953983
83,0.964424
84,0.887032
85,0.924783
86,0.971976
87,0.979452
88,0.956198
89,0.968474
90,0.890054
91,0.922889
92,0.891465
93,0.902523
94,0.848258
95,0.801193
96,0.745936
97,0.685997
98,0.619322
99,0.833035
100,0.895683
101,0.866375
102,0.922301
103,0.969627
104,0.977754
105,0.97747
106,0.969142
107,0.966389
108,0.956086
109,0.95305
110,0.956301
111,0.943744
112,0.944861
113,0.972698
114,0.980553
115,0.902588
116,0.938648
117,0.984745
118,0.971237
119,0.985047
120,0.983116
121,0.958329
122,0.972439
123,0.977361
124,0.970439
125,0.95248
126,0.976604
127,0.981079
128,0.965053
129,0.978381
130,0.982694
131,0.977198
132,0.981784
133,0.985794
134,0.955963
135,0.952226
136,0.896501
137,0.64572
138,0.04822
139,0.015824
140,0.020696
141,0.004159
142,0.003614
143,0.007011
144,0.007679
145,0.007963
146,0.007723
147,0.007886
148,0.009547
149,0.017755
150,0.021013
151,0.04
152,0.023334
153,0.025319
154,0.024518
155,0.185314
156,0.827253
157,0.338369
158,0.498683
159,0.56892
160,0.889663
161,0.940241
162,0.973064
163,0.974745
164,0.978547
165,0.989565
166,0.985216
167,0.986303
168,0.976717
169,0.974272
170,0.983615
171,0.988005
172,0.989062
173,0.978238
174,0.274058
175,0.018984
176,0.016328
177,0.011822
178,0.013929
179,0.013309
180,0.02085
181,0.098647
182,0.053283
183,0.048359
184,0.037584
185,0.045231
186,0.092697
187,0.428394
188,0.029154
189,0.565833
190,0.170637
191,0.432878
192,0.726999
193,0.680715
194,0.805512
195,0.91703
196,0.965165
197,0.939967
198,0.970223
199,0.983517
200,0.978254
201,0.982304
202,0.989059
203,0.987799
204,0.981738
205,0.98309
206,0.990246
207,0.988291
208,0.987554
209,0.986394
210,0.967305
211,0.987009
212,0.988715
213,0.98581
214,0.975447
215,0.962483
216,0.696003
217,0.186474
218,0.007788
219,0.107847
220,0.031992
221,0.013934
222,0.020828
223,0.007548
224,0.005982
225,0.016008
226,0.018344
227,0.023871
228,0.015768
229,0.026583
230,0.040343
231,0.070968
232,0.039658
233,0.035652
234,0.045787
235,0.08607
236,0.315158
237,0.215799
238,0.285725
239,0.435146
240,0.933944
241,0.924467
242,0.958124
243,0.951772
244,0.921621
245,0.630025
246,0.059162
247,0.069906
248,0.004678
249,0.016529
250,0.023048
251,0.024019
252,0.033111
253,0.016017
254,0.029939
255,0.03364
256,0.169871
257,0.513256
258,0.469943
259,0.4515
260,0.700459
261,0.91261
262,0.840048
263,0.926691
264,0.893709
265,0.937956
266,0.948284
267,0.951504
268,0.955554
269,0.976116
270,0.984406
271,0.987965
272,0.985426
273,0.984141
274,0.982055
275,0.989656
276,0.992126
277,0.991558
278,0.990745
279,0.991889
280,0.993184
281,0.995107
282,0.995307
283,0.991813
284,0.994631
285,0.990801
286,0.987792
287,0.984051
288,0.983499
289,0.972171
290,0.977745
291,0.98154
292,0.987343
293,0.992595
294,0.989704
295,0.986418
296,0.986671
297,0.98586
298,0.987408
299,0.988646
300,0.980936
301,0.979152
302,0.985068
303,0.991385
304,0.98292
305,0.987603
306,0.978004
307,0.98189
308,0.990174
309,0.988877
310,0.98698
311,0.983375
312,0.985191
313,0.980196
314,0.982009
315,0.986137
316,0.98952
317,0.992066
318,0.993741
319,0.995434
320,0.993036
321,0.994343
322,0.996032
323,0.996225
324,0.995174
325,0.996074
326,0.996216
327,0.995969
328,0.996149
329,0.996639
330,0.996771
331,0.997803
332,0.996713
333,0.99612
334,0.995544
335,0.994963
336,0.996659
337,0.995494
338,0.995272
339,0.99647
340,0.996026
341,0.99447
342,0.994431
343,0.992082
344,0.994016
345,0.9928
346,0.99407
347,0.993808
348,0.994521
349,0.994667
350,0.994719
351,0.993491
352,0.993275
353,0.98948
354,0.984546
355,0.981257
356,0.983144
357,0.988391
358,0.985341
359,0.981797
360,0.980609
361,0.992889
362,0.992198
363,0.991783
364,0.990508
365,0.990832
366,0.993681
367,0.993726
368,0.988868
369,0.992321
370,0.982339
371,0.987913
372,0.993686
373,0.994372
374,0.99361
375,0.9932
376,0.994046
377,0.995669
378,0.995998
379,0.993673
380,0.993036
381,0.996221
382,0.995627
383,0.996883
384,0.997147
385,0.997392
386,0.995528
387,0.995778
388,0.996626
389,0.996432
390,0.997049
391,0.997066
392,0.995584
393,0.997114
394,0.996671
395,0.996662
396,0.995406
397,0.994921
398,0.997168
399,0.997582
400,0.997512
401,0.996918
402,0.996561
403,0.996085
404,0.995451
405,0.996134
406,0.99651
407,0.996339
408,0.996332
409,0.994733
410,0.993178
411,0.99105
412,0.995378
413,0.992935
414,0.995735
415,0.993364
416,0.991711
417,0.990374
418,0.991275
419,0.989832
420,0.989608
421,0.992812
422,0.992736
423,0.990045
424,0.987266
425,0.98198
426,0.980715
427,0.985895
428,0.987925
429,0.969657
430,0.982096
431,0.975283
432,0.978989
433,0.981723
434,0.983649
435,0.982101
436,0.988443
437,0.971653
438,0.966113
439,0.982801
440,0.987623
441,0.985903
442,0.983123
443,0.963924
444,0.936156
445,0.973893
446,0.965109
447,0.962675
448,0.971198
449,0.980352
450,0.977629
451,0.980891
452,0.985542
453,0.988814
454,0.973484
455,0.957296
456,0.951239
457,0.8668
458,0.794781
459,0.831157
460,0.866551
461,0.898949
462,0.864501
463,0.899004
464,0.834839
465,0.890481
466,0.913285
467,0.90836
468,0.890539
469,0.793916
470,0.82479
471,0.559849
472,0.541666
473,0.667213
474,0.734621
475,0.65125
476,0.660743
477,0.804847
478,0.824098
479,0.885526
480,0.865315
481,0.823939
482,0.800938
483,0.754841
484,0.780562
485,0.840919
486,0.922661
487,0.850421
488,0.818996
489,0.785222
490,0.787461
491,0.812883
492,0.808899
493,0.877755
494,0.707358
495,0.624473
496,0.695314
497,0.785069
498,0.52091
499,0.736055
500,0.849436
501,0.961437
502,0.881188
503,0.935329
504,0.849736
505,0.743905
506,0.606243
507,0.680469
508,0.747711
509,0.686813
510,0.538467
511,0.699006
