1,0.986304
2,0.979118
3,0.979047
4,0.981813
5,0.984432
6,0.987001
7,0.974771
8,0.961064
9,0.959553
10,0.979408
11,0.981088
12,0.982152
13,0.987686
14,0.982622
15,0.987806
16,0.990143
17,0.990409
18,0.990802
19,0.975886
20,0.971942
21,0.980972
22,0.965328
23,0.97088
24,0.963141
25,0.884064
26,0.871959
27,0.882523
28,0.901308
29,0.870763
30,0.92865
31,0.936237
32,0.925281
33,0.957823
34,0.902901
35,0.945532
36,0.964219
37,0.970771
38,0.977471
39,0.980001
40,0.98284
41,0.978066
42,0.982525
43,0.987132
44,0.982412
45,0.978719
46,0.989616
47,0.991052
48,0.991945
49,0.988039
50,0.98767
51,0.990029
52,0.992445
53,0.993456
54,0.993803
55,0.994593
56,0.990895
57,0.99007
58,0.980527
59,0.987817
60,0.991321
61,0.979155
62,0.981538
63,0.974206
64,0.973436
65,0.981979
66,0.980507
67,0.985348
68,0.984582
69,0.978954
70,0.982477
71,0.990256
72,0.990262
73,0.983057
74,0.979204
75,0.991378
76,0.988107
77,0.983211
78,0.990067
79,0.985972
80,0.986171
81,0.987519
82,0.984346
83,0.971935
84,0.971796
85,0.936384
86,0.947135
87,0.940358
88,0.954478
89,0.944797
90,0.948214
91,0.956505
92,0.968993
93,0.977502
94,0.97925
95,0.986201
96,0.982177
97,0.987732
98,0.977684
99,0.973985
100,0.974362
101,0.97494
102,0.74756
103,0.921315
104,0.912908
105,0.927479
106,0.959001
107,0.983574
108,0.986831
109,0.988631
110,0.98739
111,0.985649
112,0.989972
113,0.989747
114,0.992659
115,0.984704
116,0.980973
117,0.98403
118,0.989781
119,0.989655
120,0.993404
121,0.994153
122,0.994921
123,0.991282
124,0.991454
125,0.98562
126,0.989298
127,0.992396
128,0.9891
129,0.990949
130,0.98705
131,0.993041
132,0.991548
133,0.979436
134,0.979106
135,0.972514
136,0.98458
137,0.992394
138,0.99312
139,0.993295
140,0.992687
141,0.993263
142,0.992619
143,0.990627
144,0.98906
145,0.990643
146,0.989748
147,0.991193
148,0.993128
149,0.993631
150,0.993739
151,0.989064
152,0.990398
153,0.993751
154,0.992073
155,0.993489
156,0.992235
157,0.984463
158,0.972183
159,0.987458
160,0.9828
161,0.980672
162,0.972655
163,0.970644
164,0.981506
165,0.980677
166,0.982137
167,0.984345
168,0.979593
169,0.986426
170,0.98898
171,0.988364
172,0.987277
173,0.983663
174,0.985074
175,0.985192
176,0.987507
177,0.986477
178,0.983152
179,0.986031
180,0.985243
181,0.98102
182,0.987911
183,0.989253
184,0.980425
185,0.972177
186,0.973817
187,0.979415
188,0.979113
189,0.97528
190,0.974269
191,0.940642
192,0.945375
193,0.975932
194,0.976612
195,0.958703
196,0.945092
197,0.936687
198,0.94098
199,0.928357
200,0.949099
201,0.945802
202,0.945766
203,0.952906
204,0.966474
205,0.980007
206,0.980969
207,0.985626
208,0.984387
209,0.99249
210,0.991716
211,0.991146
212,0.986603
213,0.991824
214,0.989852
215,0.993723
216,0.994244
217,0.994787
218,0.994275
219,0.99408
220,0.991562
221,0.989891
222,0.986959
223,0.986913
224,0.993743
225,0.994411
226,0.994934
227,0.99552
228,0.994967
229,0.9934
230,0.992076
231,0.992578
232,0.994307
233,0.996418
234,0.996043
235,0.995239
236,0.991071
237,0.993012
238,0.993226
239,0.99302
240,0.993375
241,0.99264
242,0.992022
243,0.991492
244,0.992991
245,0.980982
246,0.980489
247,0.978525
248,0.974029
249,0.96783
250,0.973407
251,0.945612
252,0.924012
253,0.947516
254,0.983215
255,0.971472
256,0.915439
257,0.972165
258,0.966095
259,0.952442
260,0.890286
261,0.909828
262,0.914303
263,0.974266
264,0.885724
265,0.94396
266,0.929108
267,0.9405
268,0.813206
269,0.793428
270,0.765859
271,0.821775
272,0.890587
273,0.906495
274,0.915499
275,0.940788
276,0.956258
277,0.958987
278,0.962138
279,0.957646
280,0.96362
281,0.989896
282,0.991117
283,0.9919
284,0.982901
285,0.991677
286,0.945973
287,0.986687
288,0.990456
289,0.986613
290,0.973386
291,0.981565
292,0.982687
293,0.951593
294,0.986771
295,0.985853
296,0.95194
297,0.959704
298,0.961744
299,0.950613
300,0.95987
301,0.967923
302,0.976152
303,0.983897
304,0.986079
305,0.987601
306,0.987546
307,0.988876
308,0.987817
309,0.992288
310,0.987387
311,0.987771
312,0.988523
313,0.993413
314,0.98425
315,0.99199
316,0.991228
317,0.990135
318,0.993189
319,0.994428
320,0.993867
321,0.990787
322,0.990808
323,0.993456
324,0.993142
325,0.994278
326,0.995479
327,0.995921
328,0.992078
329,0.989835
330,0.990307
331,0.991998
332,0.99124
333,0.992589
334,0.992177
335,0.988254
336,0.978925
337,0.950141
338,0.959894
339,0.970098
340,0.95351
341,0.976617
342,0.965503
343,0.967671
344,0.972355
345,0.97338
346,0.984542
347,0.988611
348,0.986991
349,0.984191
350,0.986575
351,0.988608
352,0.990022
353,0.980792
354,0.978449
355,0.983744
356,0.970244
357,0.973822
358,0.9687
359,0.960142
360,0.964908
361,0.980145
362,0.974973
363,0.979937
364,0.983311
365,0.974541
366,0.973208
367,0.978906
368,0.985512
369,0.974758
370,0.972627
371,0.982749
372,0.986786
373,0.984
374,0.986825
375,0.988885
376,0.981595
377,0.97924
378,0.967884
379,0.974785
380,0.96828
381,0.976512
382,0.963895
383,0.967909
384,0.956323
385,0.951033
386,0.948454
387,0.951301
388,0.929402
389,0.907958
390,0.926143
391,0.905531
392,0.888973
393,0.908094
394,0.944045
395,0.904028
396,0.939058
397,0.974746
398,0.97103
399,0.9643
400,0.976933
401,0.970666
402,0.976289
403,0.980964
404,0.980245
405,0.943525
406,0.947722
407,0.965789
408,0.963016
409,0.985771
410,0.985856
411,0.983337
412,0.978075
413,0.978946
414,0.978288
415,0.981279
416,0.98742
417,0.994537
418,0.99403
419,0.992725
420,0.991706
421,0.988394
422,0.992398
423,0.990985
424,0.988294
425,0.988616
426,0.981779
427,0.975687
428,0.973631
429,0.967169
430,0.966667
431,0.963555
432,0.953041
433,0.950472
434,0.961381
435,0.958683
436,0.953418
437,0.944967
438,0.94918
439,0.95396
440,0.943953
441,0.953819
442,0.962311
443,0.937565
444,0.942656
445,0.89136
446,0.846865
447,0.899801
448,0.888794
449,0.88968
450,0.847727
451,0.859491
452,0.866443
453,0.892994
454,0.902315
455,0.850345
456,0.858863
457,0.927186
458,0.921269
459,0.9423
460,0.923941
461,0.922927
462,0.926071
463,0.936877
464,0.958744
465,0.946525
466,0.961982
467,0.961386
468,0.94184
469,0.969979
470,0.960182
471,0.954412
472,0.940228
473,0.939442
474,0.952363
475,0.9539
476,0.955359
477,0.937959
478,0.886365
479,0.873333
480,0.855474
481,0.806093
482,0.749769
483,0.551652
484,0.803578
485,0.80497
486,0.833707
487,0.857649
488,0.882101
489,0.800054
490,0.774308
491,0.765069
492,0.707053
493,0.831769
494,0.83715
495,0.792416
496,0.729703
497,0.756196
498,0.789679
499,0.738649
500,0.74047
501,0.654051
502,0.793565
503,0.774369
504,0.836012
505,0.87154
506,0.82687
507,0.888085
508,0.91323
509,0.958812
510,0.934442
511,0.880913
512,0.894457
513,0.905281
514,0.935984
515,0.94318
516,0.928378
517,0.910519
518,0.888278
519,0.87725
520,0.842696
521,0.916412
522,0.955823
523,0.950105
524,0.947798
525,0.962878
526,0.946578
527,0.954211
528,0.966373
529,0.975025
530,0.970685
531,0.976164
532,0.977235
533,0.975027
534,0.955624
535,0.955505
536,0.933892
537,0.974196
538,0.970198
539,0.969241
540,0.962918
541,0.983718
542,0.98097
543,0.96456
544,0.970164
545,0.960359
546,0.953729
547,0.972089
548,0.957589
549,0.962474
550,0.975484
551,0.962751
552,0.963348
553,0.972828
554,0.96553
555,0.974621
556,0.977731
557,0.97449
558,0.966578
559,0.967991
560,0.955282
561,0.96375
562,0.951817
563,0.973625
564,0.987722
565,0.99267
566,0.992146
567,0.990861
568,0.993224
569,0.993625
570,0.989347
571,0.980039
572,0.973444
573,0.978282
574,0.976668
575,0.976404
576,0.974584
577,0.969643
578,0.978476
579,0.974717
580,0.975514
581,0.97048
582,0.969996
583,0.964663
584,0.956234
585,0.959182
586,0.964922
587,0.968975
588,0.971636
589,0.967613
590,0.953631
591,0.949747
592,0.956214
593,0.96795
594,0.967036
595,0.980786
596,0.96991
597,0.963607
598,0.959117
599,0.956264
600,0.967127
601,0.965468
602,0.959118
603,0.951059
604,0.94326
605,0.918163
606,0.920976
607,0.8873
608,0.88963
609,0.945198
610,0.95355
611,0.959826
612,0.952858
613,0.95607
614,0.958756
615,0.952372
616,0.946564
617,0.962422
618,0.946155
619,0.935546
620,0.952395
621,0.96683
622,0.967256
623,0.975839
624,0.936069
625,0.965027
626,0.975529
627,0.973169
628,0.971308
629,0.975899
630,0.960927
631,0.982079
632,0.981922
633,0.941047
634,0.953076
635,0.944258
636,0.950407
637,0.982519
638,0.976113
639,0.976866
640,0.983831
641,0.982169
642,0.982528
643,0.979836
644,0.961317
645,0.970177
646,0.97666
647,0.984271
648,0.976987
649,0.977524
650,0.947365
651,0.9376
652,0.972975
653,0.983467
654,0.981541
655,0.987331
656,0.990534
657,0.990004
658,0.989565
659,0.992106
660,0.986066
661,0.992534
662,0.987397
663,0.989224
664,0.98831
665,0.981604
666,0.886626
667,0.982883
668,0.98301
669,0.976392
670,0.966815
671,0.956968
672,0.917296
673,0.968836
674,0.977297
675,0.980721
676,0.976053
677,0.987857
678,0.985915
679,0.985924
680,0.983958
681,0.985637
682,0.977775
683,0.981342
684,0.989663
685,0.989649
686,0.98681
687,0.988622
688,0.976965
689,0.977428
690,0.985435
691,0.983427
692,0.986903
693,0.981903
694,0.983306
695,0.98135
696,0.977017
697,0.965975
698,0.968919
699,0.986436
700,0.968261
701,0.983337
702,0.970732
703,0.990641
704,0.979295
705,0.974314
706,0.970371
707,0.981824
708,0.969192
709,0.992337
710,0.992633
711,0.987225
712,0.979947
713,0.989835
714,0.953294
715,0.952323
716,0.989122
717,0.987306
718,0.987168
719,0.98145
720,0.993209
721,0.988973
722,0.976538
723,0.984025
724,0.977937
725,0.971519
726,0.913194
727,0.637774
728,0.521229
729,0.648429
730,0.864432
731,0.892991
732,0.928575
733,0.972847
734,0.978349
735,0.974913
736,0.982189
737,0.985448
738,0.980897
739,0.987225
740,0.984509
741,0.974785
742,0.968454
743,0.958941
744,0.973044
745,0.957489
746,0.964136
747,0.952097
748,0.957004
749,0.940662
750,0.928835
751,0.921221
752,0.938162
753,0.925148
754,0.92187
755,0.929679
756,0.936595
757,0.910391
758,0.939027
759,0.943989
760,0.91588
761,0.907218
762,0.926995
763,0.926729
764,0.936985
765,0.956556
766,0.956473
767,0.933428
768,0.959858
769,0.974774
770,0.97222
771,0.968953
772,0.964283
773,0.941737
774,0.928902
775,0.911558
776,0.939455
777,0.940873
778,0.931462
779,0.947303
780,0.953376
781,0.942
782,0.9338
783,0.917766
784,0.886198
785,0.882898
786,0.848726
787,0.851289
788,0.806641
789,0.825242
790,0.850066
791,0.878784
792,0.8802
793,0.743989
794,0.742204
795,0.961966
796,0.850521
797,0.731123
798,0.816952
799,0.930374
800,0.856673
801,0.82214
802,0.841434
803,0.838194
804,0.86891
805,0.881408
806,0.898267
807,0.905244
808,0.897081
809,0.87508
810,0.869272
811,0.927273
812,0.960763
813,0.967459
814,0.937563
815,0.927724
816,0.938072
817,0.898264
818,0.936431
819,0.790955
820,0.812105
821,0.940147
822,0.849181
823,0.877106
824,0.914178
825,0.905186
826,0.931517
827,0.93866
828,0.941254
829,0.922885
830,0.939102
831,0.942843
832,0.946543
833,0.942842
834,0.956376
835,0.968012
836,0.960039
837,0.963209
838,0.971477
839,0.963446
840,0.963282
841,0.937974
842,0.94093
843,0.940492
844,0.981037
845,0.981535
846,0.98261
847,0.983144
848,0.981309
849,0.980575
850,0.980057
851,0.963758
852,0.956244
853,0.958076
854,0.962452
855,0.960792
856,0.979237
857,0.977635
858,0.971775
859,0.974456
860,0.967699
861,0.967188
862,0.945374
863,0.961277
864,0.944982
865,0.886103
866,0.952534
867,0.962221
868,0.977176
869,0.980383
870,0.984588
871,0.98319
872,0.947678
873,0.977132
874,0.984153
875,0.979325
876,0.976191
877,0.762216
878,0.957295
879,0.965792
880,0.980408
881,0.980711
882,0.860334
883,0.927169
884,0.937676
885,0.909491
886,0.894751
887,0.983028
888,0.988925
889,0.983947
890,0.987548
891,0.977893
892,0.970253
893,0.974392
894,0.924482
895,0.922524
896,0.942309
897,0.911188
898,0.913792
899,0.928299
900,0.962064
901,0.962328
902,0.953473
903,0.920214
904,0.951832
905,0.931859
906,0.947657
907,0.944488
908,0.924526
909,0.908838
910,0.944704
911,0.9423
912,0.937926
913,0.977675
914,0.981003
915,0.983488
916,0.976589
917,0.973896
918,0.973928
919,0.96942
920,0.979201
921,0.986637
922,0.984766
923,0.988564
924,0.972748
925,0.98911
926,0.986084
927,0.98046
928,0.982123
929,0.983702
930,0.980149
931,0.986838
932,0.983335
933,0.974571
934,0.96771
935,0.985246
936,0.985878
937,0.990526
938,0.989525
939,0.984035
940,0.983898
941,0.974544
942,0.979877
943,0.964469
944,0.953714
945,0.962333
946,0.986417
947,0.978333
948,0.987028
949,0.982276
950,0.986477
951,0.983548
952,0.977441
953,0.973559
954,0.976294
955,0.976339
956,0.974979
957,0.983069
958,0.98787
959,0.993412
960,0.992443
961,0.99155
962,0.992133
963,0.995058
964,0.994494
965,0.996925
966,0.99589
967,0.99596
968,0.996368
969,0.997236
970,0.996181
971,0.995306
972,0.986908
973,0.988525
974,0.987051
975,0.991605
976,0.991387
977,0.991343
978,0.989256
979,0.991577
980,0.985538
981,0.988546
982,0.983737
983,0.988729
984,0.990816
985,0.992602
986,0.990763
987,0.991906
988,0.989296
989,0.99376
990,0.987574
991,0.977987
992,0.969419
993,0.973309
994,0.975348
995,0.975161
996,0.971364
997,0.971264
998,0.973254
999,0.982788
1000,0.977135
1001,0.979658
1002,0.985711
1003,0.99159
1004,0.990954
1005,0.986283
1006,0.984769
1007,0.980064
1008,0.986535
1009,0.95804
1010,0.959591
1011,0.978559
1012,0.992404
1013,0.992432
1014,0.984054
1015,0.987856
1016,0.987128
1017,0.979972
1018,0.964184
1019,0.949118
1020,0.958103
1021,0.955533
1022,0.963741
1023,0.971733
1024,0.967867
1025,0.983477
1026,0.972918
1027,0.971599
1028,0.94812
1029,0.949931
1030,0.95906
1031,0.956586
1032,0.961777
1033,0.991333
1034,0.992728
1035,0.99318
1036,0.992173
1037,0.992843
1038,0.990454
1039,0.990479
1040,0.990432
1041,0.988959
1042,0.992898
1043,0.988458
1044,0.983904
1045,0.967151
1046,0.976918
1047,0.98017
1048,0.988301
1049,0.987333
1050,0.989881
1051,0.987374
1052,0.987163
1053,0.986819
1054,0.982862
1055,0.986956
1056,0.9895
1057,0.98631
1058,0.987992
1059,0.989751
1060,0.99082
1061,0.991243
1062,0.98746
1063,0.983135
1064,0.98528
1065,0.982858
1066,0.980292
1067,0.978628
1068,0.978121
1069,0.987869
1070,0.990031
1071,0.995227
1072,0.995142
1073,0.995252
1074,0.993945
1075,0.993869
1076,0.991914
1077,0.987144
1078,0.986965
1079,0.992179
1080,0.992444
1081,0.995274
1082,0.994756
1083,0.995324
1084,0.992251
1085,0.992884
1086,0.992185
1087,0.985581
1088,0.98875
1089,0.993781
1090,0.993705
1091,0.992353
1092,0.992241
1093,0.988138
1094,0.988265
1095,0.985923
1096,0.988045
1097,0.988199
1098,0.989622
1099,0.988582
1100,0.959313
1101,0.96648
1102,0.976468
1103,0.975211
1104,0.974961
1105,0.989693
1106,0.987443
1107,0.98772
1108,0.985996
1109,0.985377
1110,0.989809
1111,0.986862
1112,0.983976
1113,0.985643
1114,0.983284
1115,0.980747
1116,0.984804
1117,0.986904
1118,0.986657
1119,0.987605
1120,0.987062
1121,0.988596
1122,0.979033
1123,0.983277
1124,0.986404
1125,0.99129
1126,0.991529
1127,0.990798
1128,0.990451
1129,0.988488
1130,0.990193
1131,0.989682
1132,0.991213
1133,0.994515
1134,0.993684
1135,0.989514
1136,0.986318
1137,0.987791
1138,0.98749
1139,0.979424
1140,0.980251
1141,0.967457
1142,0.973625
1143,0.983528
1144,0.987519
1145,0.983287
1146,0.973844
1147,0.972995
1148,0.9699
1149,0.974441
1150,0.970864
1151,0.973946
1152,0.949229
1153,0.932039
1154,0.850543
1155,0.939238
1156,0.938399
1157,0.979932
1158,0.98221
1159,0.985176
1160,0.987382
1161,0.982237
1162,0.990889
1163,0.984457
1164,0.991872
1165,0.987353
1166,0.983676
1167,0.986911
1168,0.986519
1169,0.979513
1170,0.987086
1171,0.985329
1172,0.990794
1173,0.993107
1174,0.988692
1175,0.990765
1176,0.980024
1177,0.946142
1178,0.931309
1179,0.933183
1180,0.953918
1181,0.9318
1182,0.904202
1183,0.950077
1184,0.959519
1185,0.939262
1186,0.929097
1187,0.94567
1188,0.92531
1189,0.954094
1190,0.964639
1191,0.963356
1192,0.951947
1193,0.92776
1194,0.950532
1195,0.950601
1196,0.968508
1197,0.981939
1198,0.985021
1199,0.992512
1200,0.993717
1201,0.988373
1202,0.990189
1203,0.990571
1204,0.994689
1205,0.992156
1206,0.985152
1207,0.988157
1208,0.972206
1209,0.960538
1210,0.932809
1211,0.956819
1212,0.964395
1213,0.977547
1214,0.978733
1215,0.971508
1216,0.965015
1217,0.969086
1218,0.976426
1219,0.979987
1220,0.981568
1221,0.981039
1222,0.979376
1223,0.976744
1224,0.969113
1225,0.977629
1226,0.97959
1227,0.988215
1228,0.987774
1229,0.98579
1230,0.989043
1231,0.986305
1232,0.986766
1233,0.986536
1234,0.987119
1235,0.980455
1236,0.969824
1237,0.981084
1238,0.982707
1239,0.982184
1240,0.983701
1241,0.981557
1242,0.955838
1243,0.967561
1244,0.974533
1245,0.960275
1246,0.965818
1247,0.961977
1248,0.959446
1249,0.971452
1250,0.968123
1251,0.974087
1252,0.971885
1253,0.972307
1254,0.722748
1255,0.695683
1256,0.684394
1257,0.875985
1258,0.950676
1259,0.97152
1260,0.976025
1261,0.976733
1262,0.982462
1263,0.9767
1264,0.985259
1265,0.974036
1266,0.977234
1267,0.977021
1268,0.989992
1269,0.988463
1270,0.987705
1271,0.983854
1272,0.982758
1273,0.971322
1274,0.969532
1275,0.961331
1276,0.961363
1277,0.954116
1278,0.925535
1279,0.960063
1280,0.910319
1281,0.790209
1282,0.809466
1283,0.844039
1284,0.802433
1285,0.863414
1286,0.965059
1287,0.879695
1288,0.887064
1289,0.857797
1290,0.962035
1291,0.970822
1292,0.967139
1293,0.844793
1294,0.824086
1295,0.818993
1296,0.772756
1297,0.768512
1298,0.855633
1299,0.745288
1300,0.716492
1301,0.773405
1302,0.722629
1303,0.62413
1304,0.630321
1305,0.595084
1306,0.634037
1307,0.743817
1308,0.638292
1309,0.744538
1310,0.738914
1311,0.827856
1312,0.812903
1313,0.859314
1314,0.887204
1315,0.906156
1316,0.87937
1317,0.898691
1318,0.781659
1319,0.792845
1320,0.748281
1321,0.775932
1322,0.82634
1323,0.853297
1324,0.944811
1325,0.946118
1326,0.957141
1327,0.956742
1328,0.958749
1329,0.97243
1330,0.966131
1331,0.97683
1332,0.966233
1333,0.946113
1334,0.954083
1335,0.953779
1336,0.943675
1337,0.958646
1338,0.96523
1339,0.970185
1340,0.969436
1341,0.943318
1342,0.962703
1343,0.978468
1344,0.982083
1345,0.983965
1346,0.985034
1347,0.980559
1348,0.983916
1349,0.985118
1350,0.988358
1351,0.986963
1352,0.98994
1353,0.989357
1354,0.992369
1355,0.992754
