1,0.952323
2,0.943247
3,0.940594
4,0.934749
5,0.938149
6,0.941013
7,0.94216
8,0.953357
9,0.955267
10,0.967472
11,0.978736
12,0.975704
13,0.973245
14,0.967419
15,0.968592
16,0.972359
17,0.959182
18,0.953833
19,0.952521
20,0.948162
21,0.949296
22,0.947046
23,0.931274
24,0.948024
25,0.925708
26,0.944484
27,0.931836
28,0.965135
29,0.910468
30,0.553418
31,0.459193
32,0.617447
33,0.879085
34,0.881276
35,0.960682
36,0.951922
37,0.966939
38,0.968388
39,0.978722
40,0.980743
41,0.981771
42,0.98629
43,0.984372
44,0.987048
45,0.981387
46,0.981878
47,0.986237
48,0.984498
49,0.979006
50,0.979697
51,0.151067
52,0.000542
53,0.000463
54,0.000241
55,0.000393
56,0.00054
57,0.000295
58,0.000345
59,0.00029
60,0.000448
61,0.000363
62,0.000486
63,0.00044
64,0.000489
65,0.00044
66,0.000268
67,0.000478
68,0.002155
69,0.149527
70,0.743484
71,0.824476
72,0.911795
73,0.896982
74,0.905946
75,0.913074
76,0.908212
77,0.894543
78,0.936623
79,0.939108
80,0.91909
81,0.97306
82,0.979804
83,0.969919
84,0.958702
85,0.95573
86,0.968679
87,0.973565
88,0.974914
89,0.970496
90,0.969558
91,0.969483
92,0.954644
93,0.911207
94,0.012639
95,0.000703
96,0.000959
97,0.001031
98,0.001102
99,0.001024
100,0.000862
101,0.000938
102,0.000811
103,0.000778
104,0.000853
105,0.000582
106,0.000595
107,0.000455
108,0.000872
109,0.00205
110,0.376358
111,0.894227
112,0.913085
113,0.880952
114,0.897438
115,0.874465
116,0.848305
117,0.878514
118,0.948836
119,0.956435
120,0.966461
121,0.925859
122,0.923205
123,0.950418
124,0.948528
125,0.962353
126,0.961854
127,0.963214
128,0.045809
129,0.001262
130,0.001162
131,0.001094
132,0.000832
133,0.001113
134,0.000982
135,0.001051
136,0.001351
137,0.001085
138,0.000666
139,0.000793
140,0.000772
141,0.000888
142,0.000689
143,0.000546
144,0.000568
145,0.000416
146,0.000451
147,0.000492
148,0.000609
149,0.000403
150,0.000482
151,0.000774
152,0.053444
153,0.187978
154,0.205164
155,0.222707
156,0.545511
157,0.846624
158,0.861613
159,0.839111
160,0.828788
161,0.857835
162,0.853997
163,0.835302
164,0.806616
165,0.799665
166,0.759784
167,0.789505
168,0.746112
169,0.814465
170,0.69897
171,0.182781
172,0.130401
173,0.154268
174,0.249714
175,0.267571
176,0.791956
177,0.544468
178,0.583752
179,0.610369
180,0.502532
181,0.60052
182,0.668781
183,0.694434
184,0.742422
185,0.66784
186,0.619848
187,0.627213
188,0.602001
189,0.629992
190,0.691322
191,0.762664
192,0.77019
193,0.853954
194,0.851649
195,0.863266
196,0.819677
197,0.867074
198,0.810308
199,0.827632
200,0.871877
201,0.856428
202,0.861184
203,0.821214
204,0.831408
205,0.871919
206,0.915616
207,0.907396
208,0.922147
209,0.92644
210,0.954942
211,0.945901
212,0.938209
213,0.938614
214,0.92623
215,0.910878
216,0.944524
217,0.928532
218,0.915483
219,0.950128
220,0.934812
221,0.946445
222,0.926928
223,0.956951
224,0.941331
225,0.960866
226,0.936496
227,0.927282
228,0.928853
229,0.835531
230,0.587825
231,0.484749
232,0.63232
233,0.541339
234,0.401887
235,0.478344
236,0.530245
237,0.393779
238,0.423717
239,0.460534
240,0.551685
241,0.50796
242,0.534279
243,0.490754
244,0.572442
245,0.534589
246,0.417733
247,0.178766
248,0.13241
249,0.159482
250,0.138969
251,0.21271
252,0.311077
253,0.600341
254,0.62984
255,0.609416
256,0.499663
257,0.357313
258,0.334768
259,0.332443
260,0.351943
261,0.414762
262,0.373457
263,0.370324
264,0.473953
265,0.788711
266,0.820182
267,0.814525
268,0.861824
269,0.85587
270,0.872541
271,0.880251
272,0.876694
273,0.8944
274,0.893022
275,0.893294
276,0.904174
277,0.911276
278,0.913865
279,0.912317
280,0.913928
281,0.913826
282,0.911406
283,0.748467
284,0.066255
285,0.006494
286,0.007441
287,0.007723
288,0.009568
289,0.035593
290,0.027829
291,0.01902
292,0.020369
293,0.020695
294,0.025395
295,0.06769
296,0.444619
297,0.36569
298,0.25648
299,0.113089
300,0.24192
301,0.515069
302,0.563145
303,0.510073
304,0.577738
305,0.565735
306,0.607582
307,0.601791
308,0.592205
309,0.746184
310,0.717021
311,0.126394
312,0.429008
313,0.382328
314,0.039595
315,0.001052
316,0.001083
317,0.001256
318,0.000861
319,0.000875
320,0.000958
321,0.000946
322,0.000985
323,0.001049
324,0.00104
325,0.000615
326,0.000472
327,0.000499
328,0.000644
329,0.000621
330,0.000712
331,0.000578
332,0.000492
333,0.000326
334,0.013858
335,0.156364
336,0.211653
337,0.239213
338,0.360552
339,0.065731
340,0.080547
341,0.112534
342,0.134514
343,0.109448
344,0.099308
345,0.433001
346,0.670389
347,0.785157
348,0.679856
349,0.741052
350,0.869497
351,0.924673
352,0.794901
353,0.57389
354,0.535644
355,0.638281
356,0.711612
357,0.771145
358,0.841991
359,0.861356
360,0.859556
361,0.845592
362,0.883012
363,0.83987
364,0.835673
365,0.815179
366,0.839838
367,0.841639
368,0.835492
369,0.835929
370,0.814354
371,0.803711
372,0.788903
373,0.871279
374,0.858152
375,0.864011
376,0.80977
377,0.791125
378,0.762577
379,0.765694
380,0.7527
381,0.74717
382,0.792301
383,0.752868
384,0.749099
385,0.860772
386,0.864895
387,0.824961
388,0.824998
389,0.840346
390,0.847521
391,0.844174
392,0.847071
393,0.856186
394,0.868031
395,0.851007
396,0.790547
397,0.819569
398,0.822981
399,0.842929
400,0.844595
401,0.846333
402,0.825173
403,0.807384
404,0.799851
405,0.799602
406,0.810055
407,0.766187
408,0.726968
409,0.814645
410,0.805937
411,0.790084
412,0.810782
413,0.830551
414,0.864844
415,0.811085
416,0.832052
417,0.834815
418,0.82332
419,0.837195
420,0.809472
421,0.728543
422,0.766289
423,0.765665
424,0.660697
425,0.661875
426,0.733089
427,0.720511
428,0.749851
429,0.726357
430,0.741145
431,0.748601
432,0.72222
433,0.721749
434,0.744646
435,0.71064
