1,0.862298
2,0.938515
3,0.958564
4,0.559057
5,0.326034
6,0.586006
7,0.322759
8,0.246358
9,0.115852
10,0.20183
11,0.186443
12,0.250471
13,0.526156
14,0.842442
15,0.739557
16,0.951296
17,0.970123
18,0.960768
19,0.946726
20,0.917469
21,0.960256
22,0.952697
23,0.965003
24,0.957543
25,0.965227
26,0.974542
27,0.970538
28,0.969892
29,0.965943
30,0.965824
31,0.950288
32,0.972323
33,0.969578
34,0.966717
35,0.950751
36,0.965738
37,0.969305
38,0.974805
39,0.955467
40,0.947495
41,0.910811
42,0.912419
43,0.915281
44,0.847868
45,0.987541
46,0.277705
47,0.001154
48,0.000843
49,0.000757
50,0.000641
51,0.000713
52,0.000122
53,0.000132
54,0.00013
55,0.000809
56,0.000782
57,0.000104
58,0.000113
59,0.002178
60,0.001763
61,5.2e-05
62,5.6e-05
63,0.001844
64,0.002454
65,0.002441
66,0.001236
67,0.000935
68,0.16381
69,0.13592
70,0.053698
71,0.499666
72,0.883437
73,0.922465
74,0.937263
75,0.94956
76,0.944833
77,0.956234
78,0.948307
79,0.869317
80,0.952422
81,0.898177
82,0.840512
83,0.902462
84,0.878092
85,0.965104
86,0.962924
87,0.955732
88,0.957291
89,0.951786
90,0.963677
91,0.912216
92,0.930515
93,0.941167
94,0.889036
95,0.91803
96,0.417275
97,0.001284
98,0.000574
99,0.000382
100,0.00044
101,0.00039
102,0.000326
103,0.000211
104,0.000274
105,0.000408
106,0.000508
107,0.000457
108,0.00051
109,0.000364
110,0.000389
111,0.000439
112,0.000422
113,0.004554
114,0.003353
115,0.003279
116,0.004148
117,0.000847
118,0.000714
119,0.00075
120,0.000783
121,0.001151
122,0.001922
123,0.0015
124,0.001956
125,0.001172
126,0.001103
127,0.001568
128,0.001998
129,0.001509
130,0.000258
131,0.000218
132,0.000364
133,0.000553
134,0.000585
135,0.000549
136,0.000657
137,0.001541
138,0.00323
139,0.001808
140,0.001727
141,0.001189
142,0.001378
143,0.005439
144,0.347428
145,0.670515
146,0.29874
147,0.718955
148,0.850828
149,0.944154
150,0.934332
151,0.929718
152,0.856858
153,0.963157
154,0.95852
155,0.271397
156,0.011267
157,0.002825
158,0.004178
159,0.006938
160,0.007703
161,0.009665
162,0.016814
163,0.006922
164,0.014573
165,0.022584
166,0.032497
167,0.030921
168,0.03696
169,0.017954
170,0.013562
171,0.006701
172,0.010318
173,0.007698
174,0.007339
175,0.003967
176,0.032044
177,0.567299
178,0.322268
179,0.715225
180,0.803976
181,0.932907
182,0.915543
183,0.921808
184,0.90655
185,0.909933
186,0.902504
187,0.914377
188,0.890101
189,0.929718
190,0.923041
191,0.88636
192,0.945284
193,0.9432
194,0.923776
195,0.924181
196,0.878163
197,0.884787
198,0.902924
199,0.864078
200,0.899562
201,0.83341
202,0.838324
203,0.719172
204,0.778278
205,0.821344
206,0.844603
207,0.779096
208,0.301719
209,0.028357
210,0.031283
211,0.020579
212,0.010367
213,0.010723
214,0.014759
215,0.010564
216,0.010115
217,0.01224
218,0.01363
219,0.01897
220,0.018315
221,0.046715
222,0.055874
223,0.050764
224,0.028799
225,0.020739
226,0.080895
227,0.828361
228,0.876567
229,0.951124
230,0.951284
231,0.966115
232,0.981135
233,0.97934
234,0.98064
235,0.973723
236,0.978297
237,0.987553
238,0.985134
239,0.985922
240,0.984771
241,0.982392
242,0.986499
243,0.981961
244,0.983494
245,0.986387
246,0.98602
247,0.985284
248,0.984817
249,0.986143
250,0.985092
251,0.981271
252,0.389408
253,0.016216
254,0.016433
255,0.015395
256,0.013869
257,0.014217
258,0.009028
259,0.009465
260,0.013184
261,0.005705
262,0.007592
263,0.006236
264,0.002812
265,0.004265
266,0.003919
267,0.004205
268,0.002203
269,0.002304
270,0.00431
271,0.004949
272,0.005917
273,0.003615
274,0.003523
275,0.003933
276,0.002729
277,0.004835
278,0.018731
279,0.002945
280,0.006272
281,0.004523
282,0.007561
283,0.007313
284,0.003812
285,0.00228
286,0.003077
287,0.002674
288,0.018325
289,0.431103
290,0.86341
291,0.767327
292,0.964688
293,0.972002
294,0.941743
295,0.949215
296,0.957777
297,0.953359
298,0.972394
299,0.970029
300,0.976827
301,0.97781
302,0.976876
303,0.970122
304,0.959863
305,0.96763
306,0.964471
307,0.947576
308,0.930918
309,0.936059
310,0.932117
311,0.973668
312,0.211531
313,0.021631
314,0.004711
315,0.004713
316,0.003177
317,0.002723
318,0.003671
319,0.003913
320,0.003464
321,0.00287
322,0.003823
323,0.005572
324,0.005786
325,0.015525
326,0.245183
327,0.751111
328,0.745799
329,0.909467
330,0.964694
331,0.963053
332,0.966836
333,0.963364
334,0.958078
335,0.967676
336,0.962997
337,0.948673
338,0.955967
339,0.955642
340,0.95086
341,0.952401
342,0.963459
343,0.96151
344,0.963316
345,0.963608
346,0.966358
347,0.966854
348,0.967622
349,0.960552
350,0.96265
351,0.960544
352,0.962938
353,0.962827
354,0.962369
355,0.937794
356,0.049787
357,0.02275
358,0.011497
359,0.018559
360,0.014664
361,0.014612
362,0.014844
363,0.014818
364,0.012011
365,0.013287
366,0.019303
367,0.02157
368,0.021232
369,0.55316
370,0.842891
371,0.45451
372,0.46549
373,0.830756
374,0.916151
375,0.939498
376,0.933711
377,0.925076
378,0.943737
379,0.923447
380,0.958346
381,0.934022
382,0.919627
383,0.922971
384,0.945683
385,0.950814
386,0.935957
387,0.943528
388,0.945343
389,0.948875
390,0.954311
391,0.949556
392,0.952435
393,0.962503
394,0.934448
395,0.924442
396,0.939315
397,0.966856
398,0.96755
399,0.967169
400,0.9654
401,0.965688
402,0.964949
403,0.96338
404,0.962521
405,0.963067
406,0.949346
407,0.953843
408,0.949844
409,0.93369
410,0.936825
411,0.937265
412,0.945802
413,0.944526
414,0.947337
415,0.957208
416,0.956414
417,0.955784
418,0.605036
419,0.479989
420,0.145106
421,0.046392
422,0.037279
423,0.021956
424,0.011628
425,0.018211
426,0.029488
427,0.032282
428,0.032627
429,0.019161
430,0.02125
431,0.015916
432,0.015843
433,0.018209
434,0.019504
435,0.016867
436,0.01818
437,0.017458
438,0.0287
439,0.019517
440,0.014092
441,0.012532
442,0.00823
443,0.006761
444,0.009939
445,0.019308
446,0.024557
447,0.022965
448,0.028248
449,0.022333
450,0.025756
451,0.02019
452,0.047782
453,0.03768
454,0.014374
455,0.009976
456,0.343395
457,0.699886
458,0.818335
459,0.614775
460,0.824163
461,0.808065
462,0.843465
463,0.723256
464,0.593123
465,0.568043
466,0.576842
467,0.594386
468,0.606112
469,0.74664
470,0.537029
471,0.428117
472,0.526158
473,0.312633
474,0.049577
475,0.043057
476,0.055757
477,0.046795
478,0.051559
479,0.040024
480,0.045673
481,0.031063
482,0.04148
483,0.027747
484,0.038573
485,0.457834
486,0.809516
487,0.711712
488,0.125651
489,0.272019
490,0.283835
491,0.387184
492,0.40385
493,0.381411
494,0.399033
495,0.292702
496,0.242952
497,0.206669
498,0.331785
499,0.238209
500,0.283266
501,0.438733
502,0.41031
503,0.362591
504,0.485458
505,0.73522
506,0.8381
507,0.774001
508,0.786583
509,0.830276
510,0.547167
511,0.124107
512,0.041371
513,0.049119
514,0.030329
515,0.026095
516,0.023717
517,0.03112
518,0.02631
519,0.019438
520,0.018264
521,0.014254
522,0.026485
523,0.024681
524,0.015217
525,0.017243
526,0.015402
527,0.014461
528,0.010516
529,0.005653
530,0.006624
531,0.004755
532,0.004403
533,0.003796
534,0.003766
535,0.005745
536,0.00602
537,0.007281
538,0.006958
539,0.008473
540,0.011244
541,0.009406
542,0.015829
543,0.009332
544,0.008849
545,0.006691
546,0.008435
547,0.005312
548,0.006296
549,0.005737
550,0.005512
551,0.004685
552,0.004881
553,0.001995
554,0.002013
555,0.001495
556,0.001367
557,0.001226
558,0.001174
559,0.001158
560,0.001338
561,0.000965
562,0.001028
563,0.001045
564,0.001004
565,0.002271
566,0.002606
567,0.002722
568,0.003033
569,0.003968
570,0.005416
571,0.002987
572,0.002662
573,0.002053
574,0.002926
575,0.003041
576,0.004503
577,0.002939
578,0.003943
579,0.011095
580,0.321761
581,0.701316
582,0.712784
583,0.875855
584,0.925918
585,0.940286
586,0.938463
587,0.911795
588,0.054802
589,0.00453
590,0.003435
591,0.006298
592,0.010244
593,0.005531
594,0.011572
595,0.009955
596,0.01981
597,0.022339
598,0.019127
599,0.03383
600,0.082003
601,0.133323
602,0.164104
603,0.110217
604,0.120199
605,0.077685
606,0.062769
607,0.045057
608,0.066351
609,0.072099
610,0.0509
611,0.041257
612,0.028355
613,0.05699
614,0.04619
615,0.026943
616,0.02737
617,0.043561
618,0.032521
619,0.0406
620,0.040619
621,0.042249
622,0.033902
623,0.035226
624,0.029325
625,0.028236
626,0.036369
627,0.025345
628,0.041538
629,0.051583
630,0.048889
631,0.066456
632,0.071762
633,0.06496
634,0.041516
635,0.071029
636,0.021641
637,0.015871
638,0.01859
639,0.011954
640,0.025971
641,0.019504
642,0.027389
643,0.027802
644,0.03429
645,0.036046
646,0.035138
647,0.010753
648,0.027282
649,0.00787
650,0.02891
651,0.005877
652,0.035436
653,0.011084
654,0.008499
655,0.003781
656,0.002613
657,0.002941
658,0.009786
659,0.005036
660,0.018721
661,0.007195
662,0.00741
663,0.00724
664,0.01465
665,0.006512
666,0.00604
667,0.007747
668,0.004368
669,0.003112
670,0.002516
671,0.001942
672,0.002183
673,0.005656
674,0.005068
675,0.009176
676,0.007588
677,0.006931
678,0.00689
679,0.00402
680,0.003155
681,0.007937
682,0.003571
683,0.003677
684,0.00406
685,0.001832
686,0.001274
687,0.002535
688,0.001016
689,0.001111
690,0.000489
691,0.000383
692,0.000367
693,0.002162
694,0.000782
695,0.000736
696,0.000763
697,0.002681
698,0.002049
699,0.001833
700,0.001605
701,0.000624
702,0.001036
703,0.001008
704,0.001094
705,0.000906
706,0.001663
707,0.001681
708,0.001058
709,0.003042
710,0.001194
711,0.002737
712,0.002227
713,0.002461
714,0.001646
715,0.002058
716,0.002155
717,0.001911
718,0.001741
719,0.001558
720,0.001461
721,0.001332
722,0.001408
723,0.000562
724,0.000695
725,0.002347
726,0.001214
727,0.001239
728,0.002637
729,0.00136
730,0.000649
731,0.000787
732,0.000558
733,0.000852
734,0.001252
735,0.002806
736,0.196964
737,0.193529
738,0.601413
739,0.929257
740,0.963054
741,0.962571
742,0.982102
743,0.97863
744,0.969801
745,0.976111
746,0.983797
747,0.983197
748,0.978175
749,0.976391
750,0.98316
751,0.983641
752,0.984154
753,0.982849
754,0.981558
755,0.983428
756,0.983686
757,0.985423
758,0.986101
759,0.985788
760,0.986976
761,0.986855
762,0.985502
763,0.984488
764,0.983425
765,0.985468
766,0.986337
767,0.985905
768,0.977354
769,0.136087
770,0.009381
771,0.006078
772,0.009261
773,0.010058
774,0.018999
775,0.024688
776,0.024415
777,0.012516
778,0.013203
779,0.012241
780,0.012313
781,0.00938
782,0.007652
783,0.007501
784,0.0057
785,0.007652
786,0.006079
787,0.006429
788,0.005391
789,0.004611
790,0.003614
791,0.0033
792,0.005612
793,0.00267
794,0.002405
795,0.002149
796,0.002357
797,0.001652
798,0.000976
799,0.001161
800,0.033718
801,0.425302
802,0.507974
803,0.846754
804,0.833255
805,0.960233
806,0.928612
807,0.938639
808,0.944032
809,0.961563
810,0.965753
811,0.956427
812,0.951963
813,0.9559
814,0.951908
815,0.954748
816,0.953545
817,0.957034
818,0.966627
819,0.953767
820,0.962766
821,0.96736
822,0.971654
823,0.961036
824,0.967743
825,0.859632
826,0.048061
827,0.027053
828,0.032258
829,0.018899
830,0.022501
831,0.00636
832,0.004937
833,0.004164
834,0.007944
835,0.006453
836,0.007094
837,0.014851
838,0.031515
839,0.027887
840,0.021321
841,0.008468
842,0.011209
843,0.010092
844,0.011325
845,0.008144
846,0.005929
847,0.004492
848,0.004483
849,0.005259
850,0.011179
851,0.006725
852,0.006
853,0.005439
854,0.004377
855,0.001195
856,0.000951
857,0.001756
858,0.004609
859,0.013236
860,0.012198
861,0.004572
862,0.002533
863,0.001613
864,0.0052
865,0.248188
866,0.723901
867,0.604585
868,0.642906
869,0.678382
870,0.464118
871,0.405632
872,0.679778
873,0.717863
874,0.789705
875,0.79669
876,0.711105
877,0.663002
878,0.476583
879,0.612332
880,0.516085
881,0.769171
882,0.807945
883,0.872168
884,0.871638
885,0.745887
886,0.775038
887,0.667706
888,0.746258
889,0.660863
890,0.69513
891,0.832893
892,0.874228
893,0.878133
894,0.918648
895,0.920953
896,0.920156
897,0.80288
898,0.869056
899,0.760343
900,0.391491
901,0.02293
902,0.003112
903,0.000629
904,0.001936
905,0.00171
906,0.004382
907,0.003367
908,0.004108
909,0.002518
910,0.001813
911,0.001044
912,0.001551
913,0.000546
914,0.000449
915,0.000666
916,0.000746
917,0.000539
918,0.001044
919,0.001521
920,0.001617
921,0.001329
922,0.001207
923,0.001326
924,0.001473
925,0.00077
926,0.001059
927,0.001985
928,0.004274
929,0.005188
930,0.004758
931,0.000895
932,0.000842
933,0.000791
934,0.003355
935,0.003949
936,0.003679
937,0.003682
938,0.003095
939,0.002779
940,0.002034
941,0.000992
942,0.000901
943,0.000593
944,0.000696
945,0.000622
946,0.000586
947,0.000495
948,0.000893
949,0.000734
950,0.000715
951,0.000859
952,0.000616
953,0.016529
954,0.12147
955,0.525417
956,0.197287
957,0.71747
958,0.898189
959,0.902085
960,0.92723
961,0.939752
962,0.933175
963,0.928215
964,0.940037
965,0.698494
966,0.059767
967,0.008492
968,0.008631
969,0.013142
970,0.007878
971,0.009392
972,0.004443
973,0.005675
974,0.010904
975,0.016168
976,0.037734
977,0.021941
978,0.020794
979,0.028249
980,0.015971
981,0.013043
982,0.014072
983,0.012638
984,0.013777
985,0.017685
986,0.017796
987,0.022485
988,0.01369
989,0.011567
990,0.010403
991,0.010663
992,0.008483
993,0.009369
994,0.006438
995,0.004169
996,0.007445
997,0.005318
998,0.008603
999,0.006321
1000,0.006644
1001,0.00769
1002,0.008263
1003,0.011877
1004,0.008215
1005,0.010156
1006,0.007482
1007,0.005704
1008,0.038772
1009,0.459311
1010,0.177566
1011,0.702231
1012,0.920709
1013,0.907148
1014,0.912944
1015,0.915615
1016,0.923726
1017,0.931381
1018,0.937405
1019,0.93444
1020,0.934717
1021,0.908175
1022,0.912997
1023,0.906728
1024,0.891806
1025,0.88763
1026,0.893316
1027,0.889848
1028,0.888712
1029,0.878635
1030,0.892051
1031,0.89645
1032,0.891804
1033,0.938445
1034,0.931094
1035,0.920257
1036,0.934601
1037,0.928092
1038,0.925316
1039,0.9264
1040,0.898396
1041,0.597485
1042,0.738257
1043,0.695225
1044,0.427463
1045,0.027209
1046,0.00677
1047,0.009871
1048,0.009899
1049,0.015149
1050,0.019942
1051,0.009648
1052,0.011664
1053,0.009471
1054,0.009505
1055,0.008553
1056,0.008991
1057,0.008243
1058,0.00826
1059,0.007205
1060,0.005501
1061,0.005638
1062,0.005537
1063,0.00583
1064,0.006631
1065,0.006379
1066,0.005985
1067,0.004678
1068,0.004313
1069,0.003946
1070,0.004087
1071,0.003215
1072,0.003497
1073,0.004229
1074,0.003379
1075,0.003132
1076,0.003958
1077,0.239804
1078,0.659523
1079,0.472615
1080,0.722999
1081,0.923991
1082,0.922804
1083,0.913967
1084,0.924225
1085,0.935351
1086,0.938787
1087,0.939211
1088,0.943772
1089,0.92397
1090,0.930077
1091,0.933575
1092,0.898702
1093,0.971995
1094,0.958014
1095,0.929732
1096,0.824838
1097,0.916262
1098,0.886135
1099,0.884668
1100,0.828787
1101,0.89216
1102,0.793717
1103,0.865913
1104,0.849498
1105,0.915984
1106,0.472123
1107,0.444658
1108,0.304713
1109,0.054347
1110,0.034656
1111,0.000357
1112,0.000175
1113,0.000666
1114,0.001133
1115,9e-05
1116,0.000366
1117,0.000305
1118,0.000155
1119,0.000116
1120,0.000145
1121,0.000278
1122,0.000289
1123,0.000286
1124,0.000306
1125,0.000255
1126,0.620495
1127,0.000242
1128,0.000236
1129,0.000302
1130,0.000304
1131,0.000385
1132,0.000442
1133,0.000438
1134,0.000401
1135,0.000328
1136,0.000339
