1,0.948937
2,0.955058
3,0.960029
4,0.970911
5,0.968757
6,0.965652
7,0.971007
8,0.972194
9,0.776034
10,0.349458
11,0.70692
12,0.522085
13,0.512453
14,0.108438
15,0.035751
16,0.021938
17,0.025029
18,0.073423
19,0.134983
20,0.094048
21,0.626729
22,0.811771
23,0.960326
24,0.960113
25,0.977969
26,0.968473
27,0.970211
28,0.976887
29,0.980653
30,0.971335
31,0.979527
32,0.97461
33,0.974972
34,0.949242
35,0.956596
36,0.960705
37,0.965541
38,0.971817
39,0.979108
40,0.979648
41,0.981254
42,0.984236
43,0.982765
44,0.984088
45,0.983342
46,0.985273
47,0.985763
48,0.984651
49,0.984456
50,0.979601
51,0.979377
52,0.978653
53,0.975088
54,0.984907
55,0.974528
56,0.95568
57,0.989514
58,0.98942
59,0.990528
60,0.986271
61,0.976068
62,0.976236
63,0.979682
64,0.97734
65,0.970371
66,0.942493
67,0.942899
68,0.948159
69,0.982558
70,0.986496
71,0.915644
72,0.782158
73,0.838037
74,0.016071
75,0.006941
76,0.00067
77,0.000452
78,0.000604
79,0.000145
80,0.000537
81,0.000979
82,0.00126
83,0.000961
84,0.000659
85,0.000174
86,9.2e-05
87,9.6e-05
88,0.000212
89,0.000209
90,0.000178
91,0.000133
92,0.000441
93,0.000216
94,0.000243
95,0.000293
96,0.000343
97,0.000392
98,0.066895
99,0.238694
100,0.713094
101,0.93476
102,0.935181
103,0.933413
104,0.945228
105,0.954719
106,0.963344
107,0.754066
108,0.892138
109,0.968179
110,0.96897
111,0.969729
112,0.971896
113,0.968699
114,0.969818
115,0.961309
116,0.953505
117,0.945331
118,0.952575
119,0.939302
120,0.946991
121,0.949111
122,0.938224
123,0.925495
124,0.904106
125,0.88371
126,0.913764
127,0.930677
128,0.935139
129,0.931547
130,0.937333
131,0.575564
132,0.001299
133,0.001891
134,0.002202
135,0.000538
136,0.000171
137,0.000217
138,0.001213
139,0.001111
140,0.001554
141,0.002439
142,0.005
143,0.003979
144,0.003154
145,0.002471
146,0.002901
147,0.003162
148,0.000797
149,0.007307
150,0.527839
151,0.348021
152,0.291662
153,0.659331
154,0.828897
155,0.761379
156,0.981436
157,0.964336
158,0.938181
159,0.929677
160,0.969704
161,0.896501
162,0.922222
163,0.942878
164,0.907495
165,0.910576
166,0.912631
167,0.918264
168,0.877908
169,0.931694
170,0.93367
171,0.92493
172,0.885434
173,0.898873
174,0.900162
175,0.865474
176,0.877933
177,0.841127
178,0.974349
179,0.967388
180,0.956987
181,0.95365
182,0.944094
183,0.056605
184,0.003791
185,0.011932
186,0.000559
187,0.000468
188,0.001218
189,0.001067
190,0.001094
191,0.001748
192,0.001387
193,0.002281
194,0.003272
195,0.002435
196,0.003685
197,0.003681
198,0.003185
199,0.003716
200,0.001871
201,0.000671
202,0.000493
203,0.000365
204,0.00074
205,0.001571
206,0.00322
207,0.61663
208,0.352474
209,0.238224
210,0.659213
211,0.668167
212,0.764443
213,0.955215
214,0.957153
215,0.952
216,0.959642
217,0.86267
218,0.917812
219,0.928655
220,0.946072
221,0.93954
222,0.95721
223,0.953709
224,0.971597
225,0.97748
226,0.978029
227,0.977165
228,0.968933
229,0.974718
230,0.961326
231,0.95932
232,0.955554
233,0.963828
234,0.947658
235,0.939867
236,0.967895
237,0.974133
238,0.977028
239,0.973147
240,0.976778
241,0.973816
242,0.974361
243,0.977043
244,0.978695
245,0.980026
246,0.982781
247,0.980184
248,0.982558
249,0.983408
250,0.983249
251,0.980821
252,0.97908
253,0.980002
254,0.979104
255,0.977692
256,0.97845
257,0.980205
258,0.982899
259,0.982822
260,0.982514
261,0.981361
262,0.980655
263,0.981053
264,0.981708
265,0.977638
266,0.977707
267,0.978925
268,0.975388
269,0.978246
270,0.979561
271,0.981542
272,0.881952
273,0.014514
274,0.003924
275,0.00333
276,0.002175
277,0.000887
278,0.000968
279,0.00138
280,0.001658
281,0.001623
282,0.00116
283,0.002077
284,0.00196
285,0.001741
286,0.001452
287,0.005039
288,0.073015
289,0.316624
290,0.128705
291,0.923358
292,0.951289
293,0.956989
294,0.940792
295,0.941812
296,0.949007
297,0.945497
298,0.959393
299,0.954225
300,0.96476
301,0.972792
302,0.978679
303,0.978965
304,0.977259
305,0.975233
306,0.970196
307,0.967093
308,0.959315
309,0.954946
310,0.947385
311,0.931975
312,0.927896
313,0.951923
314,0.956164
315,0.954677
316,0.959497
317,0.969737
318,0.969991
