1,0.985012
2,0.984104
3,0.991358
4,0.990392
5,0.988148
6,0.98636
7,0.987264
8,0.985939
9,0.990153
10,0.991703
11,0.992403
12,0.9917
13,0.99161
14,0.991261
15,0.990463
16,0.989276
17,0.991111
18,0.992283
19,0.993145
20,0.972731
21,0.978615
22,0.978352
23,0.977493
24,0.972149
25,0.989295
26,0.975177
27,0.978783
28,0.970489
29,0.974089
30,0.9691
31,0.968813
32,0.94073
33,0.94341
34,0.950494
35,0.955022
36,0.968771
37,0.988973
38,0.989271
39,0.990361
40,0.991588
41,0.992494
42,0.992648
43,0.991521
44,0.992105
45,0.992527
46,0.991101
47,0.983148
48,0.973818
49,0.396375
50,0.02098
51,0.002254
52,0.001576
53,0.000557
54,0.001982
55,0.004889
56,0.005242
57,0.006876
58,0.008075
59,0.00614
60,0.004795
61,0.004764
62,0.003289
63,0.00324
64,0.002527
65,0.004376
66,0.004111
67,0.00358
68,0.003333
69,0.003238
70,0.002729
71,0.002566
72,0.002445
73,0.001805
74,0.000841
75,0.00091
76,0.000883
77,0.000827
78,0.000243
79,0.000281
80,0.000839
81,0.217151
82,0.367881
83,0.775383
84,0.722918
85,0.795391
86,0.792485
87,0.825559
88,0.820539
89,0.82852
90,0.809444
91,0.822655
92,0.841853
93,0.855206
94,0.852534
95,0.839146
96,0.872384
97,0.88151
98,0.866978
99,0.879441
100,0.840413
101,0.858593
102,0.892582
103,0.867538
104,0.91318
105,0.168989
106,0.005807
107,0.00173
108,0.001349
109,0.001561
110,0.001047
111,0.000534
112,0.00048
113,0.000345
114,0.000487
115,0.001578
116,0.000744
117,0.001288
118,0.000572
119,0.001087
120,0.000703
121,0.002223
122,0.002725
123,0.001783
124,0.00153
125,0.000706
126,0.000691
127,0.001262
128,0.001587
129,0.001434
130,0.001044
131,0.001
132,0.000901
133,0.000742
134,0.000685
135,0.000738
136,0.000877
137,0.00097
138,0.000951
139,0.001119
140,0.004117
141,0.004882
142,0.000824
143,0.124251
144,0.28529
145,0.066116
146,0.382677
147,0.820824
148,0.853159
149,0.838743
150,0.852051
151,0.797732
152,0.869891
153,0.894205
154,0.844411
155,0.906349
156,0.92662
157,0.9354
158,0.942078
159,0.934392
160,0.937959
161,0.926017
162,0.964764
163,0.905927
164,0.874513
165,0.811434
166,0.770005
167,0.940473
168,0.935489
169,0.95596
170,0.9614
171,0.956863
172,0.974744
173,0.969717
174,0.96195
175,0.952674
176,0.954863
177,0.951276
178,0.958197
179,0.962062
180,0.955495
181,0.941916
182,0.95009
183,0.947486
184,0.950721
185,0.954479
186,0.958798
187,0.966987
188,0.968402
189,0.965082
190,0.958188
191,0.952351
192,0.952569
193,0.929277
194,0.934784
195,0.941236
196,0.943495
197,0.944497
198,0.937274
199,0.943128
200,0.935507
201,0.942934
202,0.741443
203,0.644399
204,0.063063
205,0.00209
206,0.00112
207,0.000642
208,0.00071
209,0.000884
210,0.000759
211,0.000578
212,0.000547
213,0.000711
214,0.000662
215,0.000745
216,0.00067
217,0.001301
218,0.000978
219,0.00131
220,0.001353
221,0.001029
222,0.000775
223,0.000833
224,0.000428
225,0.000234
226,0.000182
227,0.000186
228,0.000182
229,0.000144
230,0.000147
231,0.000175
232,0.000214
233,0.000268
234,0.000516
235,0.00089
236,0.001581
237,0.000393
238,0.000481
239,0.000333
240,0.000921
241,0.51314
242,0.524208
243,0.54512
244,0.880962
245,0.96835
246,0.977353
247,0.973742
248,0.975482
249,0.970094
250,0.967066
251,0.968556
252,0.962144
253,0.962369
254,0.960551
255,0.964568
256,0.96724
257,0.973519
258,0.974074
259,0.974586
260,0.971699
261,0.973217
262,0.97309
263,0.971978
264,0.972555
265,0.974301
266,0.969793
267,0.973829
268,0.973804
269,0.94253
270,0.944681
271,0.945325
272,0.951442
273,0.934739
274,0.970177
275,0.972601
276,0.974876
277,0.928576
278,0.942023
279,0.95494
280,0.956406
281,0.950232
282,0.96389
283,0.950233
284,0.97955
285,0.946101
286,0.954762
287,0.951779
288,0.951494
289,0.966821
290,0.953893
291,0.948628
292,0.951794
293,0.959189
294,0.961668
295,0.951592
296,0.95867
297,0.954816
298,0.896049
299,0.211509
300,0.18272
301,0.692559
302,0.649772
303,0.658823
304,0.799915
305,0.942778
306,0.913189
307,0.916362
308,0.906808
309,0.939232
310,0.913967
311,0.956003
312,0.940617
313,0.973228
314,0.966231
315,0.96805
316,0.977449
317,0.976447
318,0.962941
319,0.974506
320,0.961482
321,0.966633
322,0.918737
323,0.928073
324,0.92672
325,0.959072
326,0.969601
327,0.946022
328,0.94192
329,0.930284
330,0.961302
331,0.962988
332,0.959066
333,0.866277
334,0.880671
335,0.949356
336,0.951546
337,0.949814
338,0.941085
339,0.925471
340,0.939836
341,0.936393
342,0.927508
343,0.811178
344,0.687493
345,0.62919
346,0.641234
347,0.303883
348,0.276353
349,0.725296
350,0.734937
351,0.749548
352,0.770734
353,0.775699
354,0.854321
355,0.817617
356,0.818669
357,0.802055
358,0.766632
359,0.709731
360,0.658225
361,0.484919
362,0.443852
363,0.486522
364,0.715751
365,0.783565
366,0.82206
367,0.882226
368,0.894081
369,0.883691
370,0.825927
371,0.594916
372,0.374419
373,0.006827
374,0.00156
375,0.001557
376,0.001388
377,0.000932
378,0.000809
379,0.001128
380,0.001193
381,0.000723
382,0.001055
383,0.001497
384,0.000921
385,0.001394
386,0.000788
387,0.003991
388,0.206907
389,0.18006
390,0.151713
391,0.867407
392,0.900046
393,0.93025
394,0.878446
395,0.902219
396,0.924094
397,0.933103
398,0.891857
399,0.944599
400,0.950266
401,0.896889
402,0.906539
403,0.869085
404,0.819935
405,0.862126
406,0.885403
407,0.865169
408,0.877193
409,0.916783
410,0.925155
411,0.913297
412,0.91348
413,0.901537
414,0.900133
415,0.892052
416,0.886635
417,0.895994
418,0.936522
419,0.903443
420,0.889963
421,0.946037
422,0.942437
423,0.938302
424,0.941818
425,0.892293
426,0.91993
427,0.945715
428,0.934627
429,0.931519
430,0.938116
431,0.82768
432,0.300295
433,0.009096
434,0.000508
435,0.00021
436,0.000231
437,0.000218
438,0.000304
439,0.000301
440,0.000386
441,0.004455
442,0.449144
443,0.729339
444,0.112756
445,0.147237
446,0.213161
447,0.251218
448,0.393772
449,0.624009
450,0.748721
451,0.704425
452,0.545548
453,0.564067
454,0.453733
455,0.386114
456,0.359347
457,0.465891
458,0.374173
459,0.34282
460,0.407441
461,0.390502
462,0.358016
463,0.368674
464,0.337561
465,0.297596
466,0.291495
467,0.145689
468,0.131405
469,0.188657
470,0.195078
471,0.186436
472,0.174353
473,0.191634
474,0.157526
475,0.202885
476,0.211105
477,0.207963
478,0.194921
479,0.173853
480,0.170595
481,0.190739
482,0.177853
483,0.1759
484,0.175108
485,0.136187
486,0.136676
487,0.122292
488,0.128904
489,0.099247
490,0.090661
491,0.085996
492,0.079913
493,0.120175
494,0.106128
495,0.113951
496,0.114297
497,0.089434
498,0.105929
499,0.13527
500,0.145551
501,0.14744
502,0.148988
503,0.138384
504,0.151543
505,0.112071
506,0.116496
507,0.135774
508,0.574493
509,0.616276
510,0.075141
511,0.001269
512,0.001451
513,0.001439
514,0.001231
515,0.001416
516,0.001579
517,0.000942
518,0.000981
519,0.000813
520,0.000815
521,0.0009
522,0.000676
523,0.014553
524,0.519751
525,0.546685
526,0.067647
527,0.15364
528,0.229887
529,0.774427
530,0.536438
531,0.557977
532,0.675618
533,0.77032
534,0.764813
535,0.817075
536,0.843086
537,0.85603
538,0.839512
539,0.81346
540,0.866601
541,0.915927
542,0.901469
543,0.920401
544,0.899244
545,0.884223
546,0.90527
547,0.877789
548,0.890126
549,0.920021
550,0.91809
551,0.95186
552,0.844897
553,0.262257
554,0.30752
555,0.170979
556,0.359097
557,0.542808
558,0.627839
559,0.695108
560,0.762264
561,0.797991
562,0.83202
563,0.811167
564,0.797095
565,0.901684
566,0.905201
567,0.852614
568,0.789357
569,0.75325
570,0.436019
571,0.741797
572,0.617885
573,0.64433
574,0.78748
575,0.910635
576,0.790694
577,0.901037
578,0.938841
579,0.9407
580,0.975238
581,0.938239
582,0.692985
583,0.712037
584,0.694227
585,0.790269
586,0.805712
587,0.960809
588,0.958712
589,0.98828
590,0.984648
591,0.984465
592,0.9266
593,0.690257
594,0.058888
595,0.014007
596,0.036805
597,0.031723
598,0.026001
599,0.024188
600,0.005156
601,0.007491
602,0.006698
603,0.002055
604,0.003558
605,0.016336
606,0.018925
607,0.025818
608,0.030913
609,0.023644
610,0.802571
611,0.859315
612,0.870827
613,0.882541
614,0.863409
615,0.915751
616,0.928623
617,0.959733
618,0.976152
619,0.971274
620,0.967796
621,0.966996
622,0.97
623,0.983362
624,0.979531
625,0.962805
626,0.922198
627,0.928639
628,0.92273
629,0.936816
630,0.940453
631,0.935335
632,0.920798
633,0.924031
634,0.951438
635,0.970765
636,0.973008
637,0.970306
638,0.968918
639,0.949511
640,0.955659
641,0.921036
642,0.934233
643,0.915647
644,0.881359
645,0.832965
646,0.886159
647,0.90317
648,0.867411
649,0.700886
650,0.523236
651,0.482528
652,0.449502
653,0.361587
654,0.373443
655,0.415237
656,0.435019
657,0.520709
658,0.661464
659,0.72587
660,0.676722
661,0.755673
662,0.702182
663,0.678808
664,0.65121
665,0.553381
666,0.551481
667,0.606806
668,0.609234
669,0.629388
670,0.616609
671,0.60136
672,0.572168
673,0.438217
674,0.447689
675,0.427191
676,0.442944
677,0.456581
678,0.457965
679,0.430871
680,0.327274
681,0.347815
682,0.336359
683,0.329174
684,0.336239
685,0.306086
686,0.360162
687,0.385097
688,0.407043
689,0.47035
690,0.464169
691,0.415329
692,0.445789
693,0.420146
694,0.437715
695,0.421935
696,0.480974
697,0.467322
698,0.482063
699,0.494173
700,0.474883
701,0.470464
702,0.438891
703,0.458896
704,0.474148
705,0.470168
706,0.449686
707,0.550979
708,0.47767
709,0.651367
710,0.549352
711,0.506126
712,0.684955
713,0.67459
714,0.832427
715,0.145246
716,0.102482
717,0.10633
718,0.096026
719,0.074784
720,0.088544
721,0.096147
722,0.108846
723,0.103703
724,0.675375
725,0.761527
726,0.617897
727,0.524218
728,0.480029
729,0.378624
730,0.554399
731,0.572926
732,0.688824
733,0.779447
734,0.782324
735,0.822262
736,0.847485
737,0.84716
738,0.892102
739,0.879994
740,0.909437
741,0.916547
742,0.914771
743,0.930283
744,0.920766
745,0.945729
746,0.950313
747,0.952975
748,0.956432
749,0.949124
750,0.949342
751,0.97158
752,0.973318
753,0.974777
754,0.970051
755,0.973167
756,0.972121
757,0.976824
758,0.974308
759,0.974779
760,0.974341
761,0.974819
762,0.963621
763,0.9724
764,0.975066
765,0.976332
766,0.97661
767,0.970502
768,0.961914
769,0.966985
770,0.960807
771,0.95831
772,0.955437
773,0.956135
774,0.959674
775,0.933892
776,0.948573
777,0.961942
778,0.964482
779,0.964416
780,0.959264
781,0.949307
782,0.95624
783,0.952359
784,0.953765
785,0.945679
786,0.935302
787,0.921435
788,0.944435
789,0.947367
790,0.962106
791,0.964276
792,0.958179
793,0.95807
794,0.366632
795,0.068426
796,0.012562
797,0.002466
798,0.002635
799,0.003537
800,0.003267
801,0.001687
802,0.001261
803,0.001267
804,0.001452
805,0.001526
806,0.000819
807,0.001901
808,0.602323
809,0.629584
810,0.555081
811,0.556227
812,0.657182
813,0.800386
814,0.884175
815,0.900864
816,0.937372
817,0.958751
818,0.967998
819,0.95845
820,0.961333
821,0.952151
822,0.955129
