1,0.965946
2,0.961233
3,0.942031
4,0.937785
5,0.939816
6,0.928625
7,0.936181
8,0.93082
9,0.95332
10,0.949483
11,0.911441
12,0.948254
13,0.960945
14,0.959167
15,0.963477
16,0.961791
17,0.96764
18,0.968576
19,0.96612
20,0.965266
21,0.964859
22,0.965813
23,0.964939
24,0.958857
25,0.941678
26,0.964162
27,0.955919
28,0.971691
29,0.972014
30,0.975973
31,0.975906
32,0.977994
33,0.976293
34,0.973704
35,0.973337
36,0.981431
37,0.988405
38,0.988822
39,0.989272
40,0.989372
41,0.991411
42,0.987798
43,0.988474
44,0.986678
45,0.985426
46,0.987132
47,0.986505
48,0.895001
49,0.046537
50,0.005022
51,0.007893
52,0.003131
53,0.001837
54,0.002315
55,0.000549
56,0.001584
57,0.003403
58,0.002245
59,0.016632
60,0.001267
61,0.002646
62,0.004675
63,0.003226
64,0.006008
65,0.004531
66,0.003465
67,0.002273
68,0.001976
69,0.002447
70,0.050915
71,0.388175
72,0.634797
73,0.872036
74,0.928825
75,0.94352
76,0.947953
77,0.967065
78,0.964931
79,0.917403
80,0.91411
81,0.920017
82,0.920639
83,0.922384
84,0.924534
85,0.942958
86,0.940508
87,0.924341
88,0.937021
89,0.922405
90,0.915602
91,0.927678
92,0.908841
93,0.911406
94,0.917376
95,0.923917
96,0.920311
97,0.919602
98,0.918459
99,0.927724
100,0.926718
101,0.927345
102,0.925269
103,0.916232
104,0.896829
105,0.270262
106,0.001329
107,0.00065
108,0.000718
109,0.000493
110,0.000657
111,0.000947
112,0.000685
113,0.00082
114,0.000914
115,0.001475
116,0.001727
117,0.001515
118,0.003477
119,0.003152
120,0.006257
121,0.009665
122,0.007633
123,0.003156
124,0.002222
125,0.002062
126,0.002824
127,0.02614
128,0.556294
129,0.507752
130,0.795176
131,0.898061
132,0.865177
133,0.904548
134,0.955071
135,0.95466
136,0.961168
137,0.958226
138,0.970999
139,0.955352
140,0.959589
141,0.957933
142,0.963839
143,0.951391
144,0.920034
145,0.939599
146,0.932091
147,0.932353
148,0.937393
149,0.887787
150,0.880977
151,0.898348
152,0.915509
153,0.921642
154,0.905375
155,0.886068
156,0.90033
157,0.858207
158,0.859579
159,0.883754
160,0.023754
161,0.001377
162,0.003392
163,0.001633
164,0.001531
165,0.001793
166,0.00238
167,0.002248
168,0.002886
169,0.000746
170,0.000836
171,0.000955
172,0.001617
173,0.002167
174,0.00277
175,0.002693
176,0.002111
177,0.008461
178,0.007572
179,0.008386
180,0.008718
181,0.001059
182,0.001288
183,0.000685
184,0.00219
185,0.000376
186,0.000181
187,0.000143
188,0.000148
189,0.0004
190,0.00054
191,0.000666
192,0.000818
193,0.000209
194,0.0001
195,0.00012
196,0.000187
197,0.001432
198,0.001569
199,0.002671
200,0.003479
201,0.003096
202,0.00273
203,0.001582
204,0.000314
205,0.000151
206,0.000155
207,0.000129
208,0.000197
209,0.000586
210,0.001861
211,0.002333
212,0.00381
213,0.001991
214,0.001411
215,0.003512
216,0.002712
217,0.001327
218,0.001457
219,0.000731
220,0.000988
221,0.0008
222,0.001296
223,0.000827
224,0.000953
225,0.000859
226,0.000732
227,0.00082
228,0.000786
229,0.000466
230,0.000668
231,0.000437
232,0.001609
233,0.000446
234,0.00098
235,0.000444
236,0.000254
237,0.000145
238,0.000211
239,0.06309
240,0.280052
241,0.160203
242,0.522157
243,0.940846
244,0.946859
245,0.963471
246,0.975248
247,0.983137
248,0.979716
249,0.972435
250,0.97825
251,0.983225
252,0.985458
253,0.982767
254,0.979856
255,0.979526
256,0.972892
257,0.965121
258,0.950629
259,0.95531
260,0.963376
261,0.960229
262,0.980611
263,0.977089
264,0.972893
265,0.970247
266,0.964557
267,0.967566
268,0.968623
269,0.96116
270,0.943956
271,0.941196
272,0.948551
273,0.945461
274,0.932052
275,0.929829
276,0.927372
277,0.609941
278,0.021994
279,0.008126
280,0.007013
281,0.006845
282,0.00655
283,0.007102
284,0.008093
285,0.006717
286,0.005324
287,0.005426
288,0.005112
289,0.003842
290,0.002828
291,0.002369
292,0.004786
293,0.004262
294,0.005433
295,0.007015
296,0.004892
297,0.00347
298,0.002615
299,0.025531
300,0.720647
301,0.714523
302,0.675801
303,0.729573
304,0.781918
305,0.827793
306,0.839437
307,0.816293
308,0.924964
309,0.93133
310,0.904893
311,0.874261
312,0.801706
313,0.949056
314,0.818421
315,0.591352
316,0.154742
317,0.001208
318,0.000438
319,0.00056
320,0.000685
321,0.000551
322,0.000812
323,0.000636
324,0.001655
325,0.000948
326,0.001067
327,0.001293
328,0.002729
329,0.003006
330,0.002395
331,0.001323
332,0.002164
333,0.000737
334,0.003551
335,0.102554
336,0.091962
337,0.326799
338,0.331226
339,0.366717
340,0.563671
341,0.455308
342,0.679865
343,0.636621
344,0.686041
345,0.744162
346,0.779474
347,0.604297
348,0.659627
349,0.895101
350,0.744757
351,0.680672
352,0.7025
353,0.550838
354,0.59758
355,0.518748
356,0.622845
357,0.561296
358,0.675676
359,0.562282
360,0.531207
361,0.442972
362,0.474987
363,0.434238
364,0.434416
365,0.420921
366,0.442592
367,0.368998
368,0.373619
369,0.361063
370,0.358354
371,0.370029
372,0.015387
373,0.000398
374,0.000466
375,0.000205
376,0.000262
377,0.000414
378,0.000678
379,0.00057
380,0.000448
381,0.001474
382,0.00175
383,0.001344
384,0.001284
385,0.000865
386,0.000969
387,0.001181
388,0.000925
389,0.000838
390,0.000825
391,0.000839
392,0.001246
393,0.001737
394,0.001188
395,0.001764
396,0.001724
397,0.003768
398,0.003074
399,0.00384
400,0.003632
401,0.003352
402,0.003857
403,0.006846
404,0.003112
405,0.00252
406,0.003726
407,0.002693
408,0.002212
409,0.000809
410,0.129482
411,0.370867
412,0.062691
413,0.082251
414,0.434481
415,0.402663
416,0.434913
417,0.530088
418,0.528537
419,0.515692
420,0.578823
421,0.598625
422,0.62081
423,0.509696
424,0.132575
425,0.003858
426,0.005095
427,0.001798
428,0.002712
429,0.003314
430,0.005289
431,0.004136
432,0.005599
433,0.008582
434,0.008222
435,0.008601
436,0.004791
437,0.020678
438,0.581789
439,0.193373
440,0.534658
441,0.558605
442,0.7951
443,0.83774
444,0.764467
445,0.51642
446,0.584985
447,0.646472
448,0.706966
449,0.726918
450,0.742391
451,0.730849
452,0.661227
453,0.588754
454,0.497973
455,0.566544
456,0.686857
457,0.448838
458,0.336461
459,0.407364
460,0.470502
461,0.392625
462,0.393237
463,0.338678
464,0.328457
465,0.371188
466,0.323024
467,0.351906
468,0.325441
469,0.339506
470,0.257389
471,0.309806
472,0.311378
473,0.316704
474,0.293577
475,0.301503
476,0.41512
477,0.312938
478,0.286348
479,0.183878
480,0.202303
481,0.163974
482,0.16511
483,0.134295
484,0.143665
485,0.087244
486,0.066147
487,0.094013
488,0.093389
489,0.093057
490,0.098373
491,0.113216
492,0.185349
493,0.268671
494,0.42095
495,0.408667
496,0.412618
497,0.245973
498,0.027514
499,0.003603
500,0.006747
501,0.007166
502,0.008854
503,0.006004
504,0.005278
505,0.005111
506,0.005683
507,0.005378
508,0.00537
509,0.004678
510,0.00485
511,0.004922
512,0.005606
513,0.004022
514,0.00502
515,0.004989
516,0.004504
517,0.003309
518,0.003514
519,0.00285
520,0.002747
521,0.002882
522,0.002892
523,0.003047
524,0.004584
525,0.004872
526,0.006431
527,0.006543
528,0.005176
529,0.004161
530,0.005356
531,0.005221
532,0.005724
533,0.005266
534,0.00639
535,0.007069
536,0.004881
537,0.00529
538,0.00442
539,0.004755
540,0.004695
541,0.005142
542,0.004124
543,0.003345
544,0.002298
545,0.002176
546,0.002359
547,0.001168
548,0.001012
549,0.002496
550,0.002871
551,0.003218
552,0.00345
553,0.005849
554,0.006204
555,0.003051
556,0.002864
557,0.002111
558,0.002372
559,0.001244
560,0.001243
561,0.002363
562,0.00285
563,0.00272
564,0.002267
565,0.007228
566,0.306651
567,0.729723
568,0.525514
569,0.712404
570,0.649814
571,0.862626
572,0.908154
573,0.937205
574,0.944491
575,0.954102
576,0.96316
577,0.973748
578,0.947215
579,0.980364
580,0.972946
581,0.973988
582,0.974112
583,0.981794
584,0.966719
585,0.968591
586,0.972078
587,0.971455
588,0.967118
589,0.977535
590,0.975508
591,0.971859
592,0.973607
593,0.971485
594,0.973779
595,0.972925
596,0.968903
597,0.977103
598,0.973464
599,0.967157
600,0.709778
601,0.160073
602,0.041139
603,0.009603
604,0.007317
605,0.002386
606,0.003105
607,0.002308
608,0.004245
609,0.00693
610,0.01129
611,0.010332
612,0.007607
613,0.001744
614,0.003318
615,0.003787
616,0.004323
617,0.004753
618,0.005221
619,0.006292
620,0.005926
621,0.006877
622,0.004341
623,0.002965
624,0.00167
625,0.001659
626,0.001722
627,0.001274
628,0.00132
629,0.000573
630,0.002237
631,0.518627
632,0.589828
633,0.328099
634,0.628233
635,0.867168
636,0.915256
637,0.907628
638,0.909421
639,0.894447
640,0.864815
641,0.852151
642,0.847349
643,0.736151
644,0.714103
645,0.794368
646,0.803271
647,0.808883
648,0.803386
649,0.789095
650,0.722935
651,0.031464
652,0.000356
653,0.001187
654,0.00303
655,0.00425
656,0.004773
657,0.005717
658,0.007111
659,0.005434
660,0.007134
661,0.00248
662,0.0032
663,0.003599
664,0.001771
665,0.001231
666,0.001514
667,0.001891
668,0.001452
669,0.001884
670,0.002335
671,0.003007
672,0.003159
673,0.006246
674,0.008195
675,0.01103
676,0.0093
677,0.009226
678,0.00983
679,0.009116
680,0.004263
681,0.181569
682,0.263502
683,0.040456
684,0.146481
685,0.180421
686,0.295539
687,0.332287
688,0.352956
689,0.261495
690,0.234711
691,0.141105
692,0.110458
693,0.117215
694,0.187826
695,0.27359
696,0.242248
697,0.573796
698,0.52245
699,0.464524
700,0.485927
701,0.46424
702,0.473701
703,0.478834
704,0.53103
705,0.462986
706,0.415372
707,0.404561
708,0.505966
709,0.372609
710,0.372973
711,0.242429
712,0.205153
713,0.320258
714,0.322258
715,0.624839
716,0.834254
717,0.714272
718,0.769494
719,0.831742
720,0.832572
721,0.881573
722,0.822276
723,0.631959
724,0.569035
725,0.682264
726,0.717218
727,0.734348
728,0.522383
729,0.649678
730,0.506348
731,0.565629
732,0.576502
733,0.479976
734,0.550427
735,0.530353
736,0.385861
737,0.449914
738,0.631446
739,0.741505
740,0.729434
741,0.562968
742,0.458927
743,0.694904
744,0.617809
745,0.64181
746,0.743315
747,0.816518
748,0.782463
749,0.749277
750,0.799554
751,0.827814
752,0.82731
753,0.850216
754,0.861095
755,0.841316
756,0.742899
757,0.708434
758,0.724401
759,0.723498
760,0.650783
761,0.669132
762,0.703513
763,0.776292
764,0.817438
765,0.705635
766,0.837304
767,0.886093
768,0.728333
769,0.726285
770,0.204337
771,0.214417
772,0.295662
773,0.4913
774,0.389925
775,0.52214
776,0.652956
777,0.687949
778,0.688815
779,0.709719
780,0.695405
781,0.755725
782,0.772268
783,0.721895
784,0.718479
785,0.525473
786,0.470809
787,0.444615
788,0.413223
789,0.382123
790,0.34403
791,0.358569
792,0.363194
793,0.586541
794,0.014643
795,0.001599
796,0.001162
797,0.000845
798,0.000373
799,0.000505
800,0.000585
801,0.00026
802,0.00049
803,0.00035
804,0.000365
805,0.000909
806,0.001074
807,0.000714
808,0.000742
809,0.000245
810,0.000593
811,0.000645
812,0.000614
813,0.000263
814,0.000218
815,0.000209
816,0.000261
817,9.5e-05
818,8e-05
819,8.4e-05
820,0.000131
821,5.7e-05
822,4.7e-05
823,5.6e-05
824,6e-05
825,9.3e-05
826,0.0001
827,8.9e-05
828,0.000111
829,8.5e-05
830,0.000823
831,0.002679
832,0.026461
833,0.082633
834,0.242126
835,0.426687
836,0.759108
837,0.707824
838,0.66806
839,0.779305
840,0.886601
841,0.90491
842,0.892828
843,0.843739
844,0.849349
845,0.852666
846,0.835304
847,0.909383
848,0.92161
849,0.932446
850,0.841246
851,0.187457
852,0.087527
853,0.010891
854,0.001198
855,0.002014
856,0.002086
857,0.001879
858,0.006283
859,0.003175
860,0.003554
861,0.005451
862,0.006493
863,0.004962
864,0.008593
865,0.00531
866,0.001941
867,0.002025
868,0.001618
869,0.001042
870,0.000855
871,0.000586
872,0.000478
873,0.000493
874,0.000917
875,0.161096
876,0.032969
877,0.124329
878,0.018156
879,0.031422
880,0.081569
881,0.108066
882,0.112865
883,0.098092
884,0.104124
885,0.099461
886,0.114341
887,0.08965
888,0.147948
889,0.361596
890,0.28587
891,0.048366
892,0.004205
893,0.000416
894,0.000184
895,0.00037
896,0.000658
897,0.001087
898,0.002065
899,0.000718
900,0.000395
901,0.000133
902,0.000127
903,8.8e-05
904,7.2e-05
905,0.00012
906,0.000164
907,0.000127
908,0.000154
909,0.000191
910,0.000153
911,0.00015
912,0.000146
913,0.00032
914,0.00049
915,0.000511
916,0.000385
917,0.00031
918,0.000194
919,0.000135
920,0.00016
921,0.000118
922,9.1e-05
923,0.000148
924,0.000245
925,0.031773
926,0.079492
927,0.054935
928,0.098759
929,0.014762
930,0.048044
931,0.072826
932,0.051836
933,0.054852
934,0.121766
935,0.103941
936,0.106581
937,0.035286
938,0.101748
939,0.143732
940,0.086477
941,0.014239
942,0.009884
943,0.001665
944,0.001896
945,0.002967
946,0.001006
947,0.000625
948,0.000508
949,0.000394
950,0.0004
951,0.000409
952,0.000414
953,0.000527
954,0.000473
955,0.000413
956,0.000414
957,0.00032
958,0.000336
959,0.00036
960,0.000329
961,0.000567
962,0.000896
963,0.000438
964,0.000462
965,0.000896
966,0.000597
967,0.000477
968,0.000435
969,0.000542
970,0.000303
971,0.000337
972,0.00082
973,0.00019
974,0.000314
975,0.000193
976,0.000328
977,0.000272
978,0.000371
979,0.00053
980,0.000619
981,0.000718
982,0.001255
983,0.00088
984,0.000823
985,0.000559
986,0.000835
987,0.000615
988,0.000879
989,0.000672
990,0.000913
991,0.001049
992,0.000864
993,0.001106
994,0.004497
995,0.105455
996,0.123338
997,0.308127
998,0.522098
999,0.557811
1000,0.525155
1001,0.83246
1002,0.820078
1003,0.601369
1004,0.862687
1005,0.923948
1006,0.901837
1007,0.896495
1008,0.905666
1009,0.948578
1010,0.965654
1011,0.769452
1012,0.712017
1013,0.67102
1014,0.77841
1015,0.799864
1016,0.845103
1017,0.516664
1018,0.266041
1019,0.743521
1020,0.878976
1021,0.711411
1022,0.631808
1023,0.633761
1024,0.753646
1025,0.714731
1026,0.046922
1027,0.042467
1028,0.31852
1029,0.262137
1030,0.860443
1031,0.621574
1032,0.751749
1033,0.753764
1034,0.649549
1035,0.278802
1036,0.076013
1037,0.106315
1038,0.374191
1039,0.366146
1040,0.738811
1041,0.738948
1042,0.744499
1043,0.732272
1044,0.753898
1045,0.736559
1046,0.767204
1047,0.742299
1048,0.750258
1049,0.770465
1050,0.740742
1051,0.63078
1052,0.680561
1053,0.50643
1054,0.49405
1055,0.483224
1056,0.510801
1057,0.679619
1058,0.272943
1059,0.21799
1060,0.277603
1061,0.247463
1062,0.890144
1063,0.890763
1064,0.890814
1065,0.887409
1066,0.890188
1067,0.305026
1068,0.901899
1069,0.314262
1070,0.855275
1071,0.871455
1072,0.856946
1073,0.862845
1074,0.90809
1075,0.897189
1076,0.904175
1077,0.907041
1078,0.894423
1079,0.927454
1080,0.898036
1081,0.872851
1082,0.842515
1083,0.841824
1084,0.7652
1085,0.746241
1086,0.566168
1087,0.623709
1088,0.597985
1089,0.56939
1090,0.584289
1091,0.569991
1092,0.584978
1093,0.649607
1094,0.708278
1095,0.659202
1096,0.710296
1097,0.710999
1098,0.57117
1099,0.347971
1100,0.349326
1101,0.244255
1102,0.36882
1103,0.434593
1104,0.499545
1105,0.472723
1106,0.521162
1107,0.535668
1108,0.565078
1109,0.580511
1110,0.537205
1111,0.595428
1112,0.097262
1113,0.021311
1114,0.005697
1115,0.00173
1116,0.001903
1117,0.001359
1118,0.001413
1119,0.002097
1120,0.003128
1121,0.001581
1122,0.001304
1123,0.000153
1124,0.000608
1125,0.000712
1126,0.000133
1127,0.000126
1128,0.00015
1129,0.000112
1130,0.000108
1131,0.000115
1132,0.000145
1133,0.000737
1134,0.000214
1135,0.00022
1136,0.000208
1137,0.000183
1138,0.000164
1139,9.8e-05
1140,0.000545
1141,0.000136
1142,0.000139
1143,0.000152
1144,0.000159
1145,0.000213
1146,0.000224
1147,0.000224
1148,0.000254
1149,0.000248
1150,0.000302
1151,0.000235
1152,0.000291
1153,0.02972
1154,0.403056
1155,0.392512
1156,0.474948
1157,0.872698
1158,0.922546
1159,0.900885
1160,0.876456
1161,0.91354
1162,0.93355
1163,0.929456
1164,0.936796
1165,0.782526
1166,0.630205
1167,0.699079
1168,0.849347
1169,0.330875
1170,0.77786
1171,0.611074
1172,0.724585
1173,0.780732
1174,0.899509
1175,0.875648
1176,0.794187
1177,0.775426
1178,0.712662
1179,0.797985
1180,0.613654
1181,0.661352
1182,0.694535
1183,0.472323
1184,0.365619
1185,0.202609
1186,0.147818
1187,0.118637
1188,0.036701
1189,0.189748
1190,0.173834
1191,0.113548
1192,0.08035
1193,0.509402
1194,0.151286
1195,0.014371
1196,0.000568
1197,0.000299
1198,0.000112
1199,0.000147
1200,0.000597
1201,0.000437
1202,0.000756
1203,0.089072
1204,0.012828
1205,0.008674
1206,0.010163
1207,0.026944
1208,0.073762
1209,0.275579
1210,0.431538
1211,0.470796
1212,0.589343
1213,0.486706
1214,0.293025
1215,0.347845
1216,0.212188
1217,0.108719
1218,0.043719
1219,0.05104
1220,0.369709
1221,0.046017
1222,0.000786
1223,0.000438
1224,0.000315
1225,0.000142
1226,0.000502
1227,0.000113
1228,0.00097
1229,0.00065
1230,0.00047
1231,0.000974
1232,0.00203
1233,0.004326
1234,0.00611
1235,0.003823
1236,0.00425
1237,0.004732
1238,0.004326
1239,0.002524
1240,0.00039
1241,0.001153
1242,0.001281
1243,0.000723
1244,0.001357
1245,0.001814
1246,0.002035
1247,0.001363
1248,0.00171
1249,0.000994
1250,0.000482
1251,0.00064
1252,0.000699
1253,0.000407
1254,0.000501
1255,0.001958
1256,0.259604
1257,0.150819
1258,0.575022
1259,0.82556
1260,0.960576
1261,0.933654
1262,0.948186
1263,0.916874
1264,0.976985
1265,0.975858
1266,0.964895
1267,0.980602
1268,0.959981
1269,0.948906
1270,0.976629
1271,0.966296
1272,0.976536
1273,0.965027
1274,0.957843
1275,0.963069
1276,0.965446
1277,0.969242
1278,0.958575
1279,0.966229
1280,0.812004
1281,0.022785
1282,0.01252
1283,0.18877
1284,0.393137
1285,0.363824
1286,0.133015
1287,0.213936
1288,0.175413
1289,0.104722
1290,0.048088
1291,0.060141
1292,0.053536
1293,0.022747
1294,0.023543
1295,0.013242
1296,0.011503
1297,0.006347
1298,0.006084
1299,0.025385
1300,0.026288
1301,0.021119
1302,0.002644
1303,0.015511
1304,0.01992
1305,0.01134
1306,0.014526
1307,0.007817
1308,0.007764
1309,0.004938
1310,0.004916
1311,0.005033
1312,0.00219
1313,0.000988
1314,0.022887
1315,0.143746
1316,0.179917
1317,0.523095
1318,0.805733
1319,0.86557
1320,0.803013
1321,0.325676
1322,0.296642
1323,0.037968
1324,0.005883
1325,0.014812
1326,0.005374
1327,0.00406
1328,0.002648
1329,0.002479
1330,0.002575
1331,0.003439
1332,0.003705
1333,0.005848
1334,0.008908
1335,0.007962
1336,0.005375
1337,0.005854
1338,0.004751
1339,0.004723
1340,0.006998
1341,0.006932
1342,0.005681
1343,0.008401
1344,0.00856
1345,0.004233
1346,0.006951
1347,0.006346
1348,0.007102
1349,0.002521
1350,0.002011
1351,0.051717
1352,0.113007
1353,0.115631
1354,0.196458
1355,0.659764
1356,0.860598
1357,0.939258
1358,0.903794
1359,0.920876
1360,0.807632
1361,0.849752
1362,0.780333
1363,0.781546
1364,0.80025
1365,0.817567
1366,0.757003
1367,0.688912
1368,0.68302
1369,0.637868
1370,0.62844
1371,0.643236
1372,0.547937
1373,0.572694
1374,0.618541
1375,0.61885
1376,0.584075
1377,0.519035
1378,0.468587
1379,0.491052
1380,0.483273
1381,0.462213
1382,0.475133
1383,0.288349
1384,0.641198
1385,0.155574
1386,0.029373
1387,0.00597
1388,0.004923
1389,0.004025
1390,0.005922
1391,0.008294
1392,0.025136
1393,0.008098
1394,0.009905
1395,0.006268
1396,0.002978
1397,0.004382
1398,0.003155
1399,0.004056
1400,0.001893
1401,0.002173
1402,0.004966
1403,0.00273
1404,0.005334
1405,0.001597
1406,0.002397
1407,0.0022
1408,0.00107
1409,0.000613
1410,0.000495
1411,0.000557
1412,0.000911
1413,0.001384
1414,0.002413
1415,0.000228
1416,0.002697
1417,0.000142
1418,0.000223
1419,0.000186
1420,0.00014
1421,0.001007
1422,0.00108
1423,0.00101
1424,0.001219
1425,0.001021
1426,0.001066
1427,0.001443
1428,0.00092
1429,0.000657
1430,0.000522
1431,0.000509
1432,0.000705
1433,0.000781
1434,0.000772
1435,0.001033
1436,0.001377
1437,0.001384
1438,0.001488
1439,0.001168
1440,0.000953
1441,0.001024
1442,0.001569
1443,0.000875
1444,0.000964
1445,0.000516
1446,0.000642
1447,0.000839
1448,0.001091
1449,0.001638
1450,0.005034
1451,0.002558
1452,0.001399
1453,0.387288
1454,0.115671
1455,0.347943
1456,0.531522
1457,0.73698
1458,0.821935
1459,0.97381
1460,0.82087
1461,0.703094
1462,0.219556
1463,0.014902
1464,0.00274
1465,0.001323
1466,0.015526
1467,0.011337
1468,0.001234
1469,0.001071
1470,0.001332
1471,0.001653
1472,0.001503
1473,0.001326
1474,0.002944
1475,0.451094
1476,0.552933
1477,0.935062
1478,0.956798
1479,0.976583
1480,0.98378
1481,0.978014
1482,0.983195
1483,0.982154
1484,0.97471
1485,0.975921
1486,0.97405
1487,0.975774
1488,0.976269
1489,0.975251
1490,0.980986
1491,0.974491
1492,0.977384
1493,0.981341
1494,0.981012
1495,0.97927
1496,0.978003
1497,0.981555
1498,0.980635
1499,0.980666
1500,0.979799
1501,0.975312
1502,0.977594
1503,0.976073
1504,0.973795
1505,0.977288
1506,0.973277
1507,0.965072
1508,0.965437
1509,0.963522
1510,0.964796
1511,0.943724
1512,0.94659
1513,0.951209
1514,0.937901
1515,0.939045
1516,0.935076
1517,0.941461
1518,0.932328
1519,0.939388
1520,0.94551
1521,0.939366
1522,0.940804
1523,0.940259
1524,0.838178
1525,0.427589
1526,0.709104
1527,0.434184
1528,0.03534
1529,0.007205
1530,0.004015
1531,0.003832
1532,0.00498
1533,0.005119
1534,0.005865
1535,0.004715
1536,0.005169
1537,0.004651
1538,0.0044
1539,0.005307
1540,0.005473
1541,0.004038
1542,0.003375
1543,0.00292
1544,0.003129
1545,0.00256
1546,0.001841
1547,0.00144
1548,0.00114
1549,0.001045
1550,0.000741
1551,0.000955
1552,0.000621
1553,0.000756
1554,0.001713
1555,0.002106
1556,0.002125
1557,0.001896
1558,0.002682
1559,0.002273
1560,0.002765
1561,0.002249
1562,0.00204
1563,0.001878
1564,0.002601
1565,0.00262
1566,0.00151
1567,0.000621
1568,0.000699
1569,0.001652
1570,0.00106
1571,0.001819
1572,0.005527
1573,0.002413
1574,0.002563
1575,0.003006
1576,0.002877
1577,0.00278
1578,0.003475
1579,0.002765
1580,0.001772
1581,0.000544
1582,0.000388
1583,0.000674
1584,0.001356
1585,0.002337
1586,0.002965
1587,0.00218
1588,0.00251
1589,0.001973
1590,0.002525
1591,0.001889
1592,0.001034
1593,0.000631
1594,0.000788
1595,0.00055
1596,0.000532
1597,0.001313
1598,0.001559
1599,0.0013
1600,0.001163
1601,0.001161
1602,0.001302
1603,0.001002
1604,0.001244
1605,0.001231
1606,0.001215
1607,0.001321
1608,0.001387
1609,0.001675
1610,0.00169
1611,0.001734
1612,0.001643
1613,0.002242
1614,0.002589
1615,0.002687
1616,0.002727
1617,0.001886
1618,0.001708
1619,0.001669
1620,0.001506
1621,0.000813
1622,0.000709
1623,0.000461
1624,0.000409
1625,0.000314
1626,0.000377
1627,0.000659
1628,0.001239
1629,0.001765
1630,0.0022
1631,0.001055
1632,0.000846
1633,0.001262
1634,0.000796
1635,0.000669
1636,0.000925
1637,0.000896
1638,0.00087
1639,0.000781
1640,0.000858
1641,0.000816
1642,0.000862
1643,0.000849
1644,0.000918
1645,0.002215
1646,0.186469
1647,0.635247
1648,0.864446
1649,0.444861
1650,0.678466
1651,0.791802
1652,0.671279
1653,0.671841
1654,0.754302
1655,0.778537
1656,0.829731
1657,0.803217
1658,0.854014
1659,0.747798
1660,0.719909
1661,0.721898
1662,0.618647
1663,0.944265
1664,0.952286
1665,0.94907
1666,0.966214
1667,0.967825
1668,0.961627
1669,0.822343
1670,0.634053
1671,0.836853
1672,0.374518
1673,0.016851
1674,0.000447
1675,0.001366
1676,0.00093
1677,0.000642
1678,0.000241
1679,0.000302
1680,0.00015
1681,0.000115
1682,9.8e-05
1683,9.9e-05
1684,0.000109
1685,0.00012
1686,9.7e-05
1687,9.7e-05
1688,9.3e-05
1689,6.9e-05
1690,5.4e-05
1691,0.000175
1692,0.000175
1693,0.000192
1694,0.000129
1695,0.000341
1696,0.000411
1697,4.2e-05
1698,0.000182
1699,0.000253
1700,0.001428
1701,0.059456
1702,0.261663
1703,0.043393
1704,0.498753
1705,0.72488
1706,0.631806
1707,0.56473
1708,0.889887
1709,0.49788
1710,0.535428
1711,0.566217
1712,0.692382
1713,0.74332
1714,0.66402
1715,0.636733
1716,0.729184
1717,0.801492
1718,0.740615
1719,0.842938
1720,0.686815
1721,0.654208
1722,0.60547
1723,0.649828
1724,0.69551
1725,0.688606
1726,0.769558
1727,0.762567
1728,0.735769
1729,0.77897
1730,0.742208
1731,0.823744
1732,0.663712
1733,0.702528
1734,0.754642
1735,0.844532
1736,0.979148
1737,0.981839
1738,0.982746
1739,0.983433
1740,0.980688
1741,0.963411
1742,0.378455
1743,0.096812
1744,0.009825
1745,0.000538
1746,0.000279
1747,0.000411
1748,0.000312
1749,0.000195
1750,0.000199
1751,0.000164
1752,0.000134
1753,0.000296
1754,0.000336
1755,0.000372
1756,0.000342
1757,0.000285
1758,0.000305
1759,0.000332
1760,0.000357
1761,0.000337
1762,0.000293
1763,0.000293
1764,0.000255
1765,0.000394
1766,0.000365
1767,0.000343
1768,0.00039
1769,0.000388
1770,0.000481
1771,0.000354
1772,0.000335
1773,0.000354
1774,0.000325
1775,0.000331
1776,0.000537
1777,0.000469
1778,0.000284
1779,0.000363
1780,0.000377
1781,0.000266
1782,0.000222
1783,0.000234
1784,0.000148
1785,0.000133
1786,0.000112
1787,0.000108
1788,0.000126
1789,0.000232
1790,0.000258
1791,0.000227
1792,0.000468
1793,0.000619
1794,0.02367
1795,0.085071
1796,0.033516
1797,0.059539
1798,0.488978
1799,0.602522
1800,0.642712
1801,0.645528
1802,0.519935
1803,0.486403
1804,0.570321
1805,0.663574
1806,0.754806
1807,0.773348
1808,0.797625
1809,0.749357
1810,0.771625
1811,0.768799
1812,0.730495
1813,0.744047
1814,0.717447
1815,0.692317
1816,0.752122
1817,0.781588
1818,0.80683
1819,0.776833
1820,0.782088
1821,0.781312
1822,0.799639
1823,0.819208
1824,0.819494
1825,0.813151
1826,0.78612
1827,0.586511
1828,0.01167
1829,0.001171
1830,0.000316
1831,0.000158
1832,0.000303
1833,0.000333
1834,0.000122
1835,9.5e-05
1836,8e-05
1837,4.4e-05
1838,5.3e-05
1839,2.1e-05
1840,1.6e-05
1841,4.9e-05
1842,4e-05
1843,4e-05
1844,4.5e-05
1845,0.00016
1846,7.9e-05
1847,8.3e-05
1848,0.000103
1849,8.7e-05
1850,2.5e-05
1851,2.5e-05
1852,7.2e-05
1853,5.7e-05
1854,7.7e-05
1855,7e-05
1856,8.8e-05
1857,9.2e-05
1858,0.000101
1859,0.000248
1860,0.000673
1861,0.000104
1862,0.000297
1863,0.000214
1864,0.00025
1865,8.9e-05
1866,8.4e-05
1867,6.5e-05
1868,0.000129
1869,0.000349
1870,0.000176
1871,0.000248
1872,0.000514
1873,0.000832
1874,0.000529
1875,0.000339
1876,0.000449
1877,0.000283
1878,0.000308
1879,0.000499
1880,0.000561
1881,0.00058
1882,0.000436
1883,0.000227
1884,0.000103
1885,0.000113
1886,0.000108
1887,7.8e-05
1888,9.9e-05
1889,3.5e-05
1890,0.001994
1891,0.001294
1892,0.001002
1893,0.00113
1894,0.000122
1895,0.000145
1896,0.000625
1897,0.000857
1898,0.000688
1899,0.000489
1900,0.009046
1901,0.157324
1902,0.372067
1903,0.021193
1904,0.484284
1905,0.728398
1906,0.756103
1907,0.776239
1908,0.698061
1909,0.759089
1910,0.783223
1911,0.716908
1912,0.711416
1913,0.6922
1914,0.956317
1915,0.721178
1916,0.836682
1917,0.833977
1918,0.836014
1919,0.836444
1920,0.856067
1921,0.912687
1922,0.908026
1923,0.896667
1924,0.89954
1925,0.824322
1926,0.818177
1927,0.67964
1928,0.005596
1929,0.000944
1930,0.003087
1931,0.006943
1932,0.00321
1933,0.00247
1934,0.002912
1935,0.002346
1936,0.002122
1937,0.003053
1938,0.002789
1939,0.002088
1940,0.00152
1941,0.001227
1942,0.001311
1943,0.001698
1944,0.001541
1945,0.000717
1946,0.000751
1947,0.000728
1948,0.000766
1949,0.00104
1950,0.000909
1951,0.000669
1952,0.001853
1953,0.002575
1954,0.002649
1955,0.002879
1956,0.003828
1957,0.00251
1958,0.002837
1959,0.001732
1960,0.00224
1961,0.001977
1962,0.001642
1963,0.003219
1964,0.002629
1965,0.002004
1966,0.001384
1967,0.002766
1968,0.002474
1969,0.002053
1970,0.001092
1971,0.004702
1972,0.00972
1973,0.005899
1974,0.003102
1975,0.037878
1976,0.084437
1977,0.151417
1978,0.525274
1979,0.68163
1980,0.749015
1981,0.507078
1982,0.38519
1983,0.264989
1984,0.256499
1985,0.293761
1986,0.340565
1987,0.325105
1988,0.295734
1989,0.55725
1990,0.49724
1991,0.242151
1992,0.015093
1993,0.007579
1994,0.000726
1995,0.000127
1996,0.000189
1997,0.000149
1998,4e-05
1999,3.2e-05
2000,4.2e-05
2001,4e-05
2002,3.3e-05
2003,0.000124
2004,0.001026
2005,0.002744
2006,0.003274
2007,0.006463
2008,0.007299
2009,0.005816
2010,0.014692
2011,0.017346
2012,0.015887
2013,0.00648
2014,0.011296
2015,0.006667
2016,0.006391
2017,0.013763
2018,0.013274
2019,0.003288
2020,0.003741
2021,0.000867
2022,0.001146
2023,0.001355
2024,0.001795
2025,0.001232
2026,0.001067
2027,0.000988
2028,0.000846
2029,0.000509
2030,0.000587
2031,0.000635
2032,0.000657
2033,0.00054
2034,0.000629
2035,0.001015
2036,0.001105
2037,0.001505
2038,0.001925
2039,0.001799
2040,0.001613
2041,0.005394
2042,0.006093
2043,0.005816
2044,0.009434
2045,0.006215
2046,0.003021
2047,0.00539
2048,0.004803
2049,0.000692
2050,0.00033
2051,0.000759
2052,0.000477
2053,8.2e-05
2054,6.7e-05
2055,0.000137
2056,0.000162
2057,0.000204
2058,0.000403
2059,0.000563
2060,5.4e-05
2061,5.2e-05
2062,6e-05
2063,6.9e-05
2064,6.1e-05
2065,6.4e-05
2066,5.1e-05
2067,5.2e-05
2068,7.6e-05
2069,0.00028
2070,0.000464
2071,0.000228
2072,0.00045
2073,0.000158
2074,0.000208
2075,0.021077
2076,0.012455
2077,0.02479
2078,0.047682
2079,0.300986
2080,0.497867
2081,0.504476
2082,0.711121
2083,0.698243
2084,0.706763
2085,0.781833
2086,0.612508
2087,0.522832
2088,0.293939
2089,0.397209
2090,0.213338
2091,0.155376
2092,0.135836
2093,0.060094
2094,0.088487
2095,0.099282
2096,0.127521
2097,0.147743
2098,0.108522
2099,0.100702
2100,0.119768
2101,0.163192
2102,0.153807
2103,0.183202
2104,0.163727
2105,0.210768
2106,0.216342
2107,0.226997
2108,0.196489
2109,0.135531
2110,0.140886
2111,0.425015
2112,0.447819
2113,0.023182
2114,0.003339
2115,0.001893
2116,0.001464
2117,0.000197
2118,0.000238
2119,0.000177
2120,0.000201
2121,0.000221
2122,0.000271
2123,0.000253
2124,0.000281
2125,0.000448
2126,0.000364
2127,0.000544
2128,0.000216
2129,0.00026
2130,0.00035
2131,0.000307
2132,0.000292
2133,0.000317
2134,0.00026
2135,0.000284
2136,0.000325
2137,0.000372
2138,0.000318
2139,0.000338
2140,0.000287
2141,0.000309
2142,0.000312
2143,0.000312
2144,0.000345
2145,0.000346
2146,0.000317
2147,0.000368
2148,0.000366
2149,0.000455
2150,0.000465
2151,0.000565
2152,0.000603
2153,0.000374
2154,0.000504
2155,0.000409
2156,0.000308
2157,0.000369
2158,0.000236
2159,0.000165
2160,0.00013
2161,0.000113
2162,0.000119
2163,0.00011
2164,0.000187
2165,0.000212
2166,0.000217
2167,0.000233
2168,0.000183
2169,8.5e-05
2170,0.000169
2171,0.000101
2172,0.000103
2173,0.000195
2174,0.000208
2175,0.000175
2176,0.000157
2177,0.000143
2178,0.000175
2179,0.000191
2180,0.000289
2181,0.000254
2182,0.00026
2183,0.000271
2184,0.000265
2185,0.000353
2186,0.000289
2187,0.000322
2188,0.000346
2189,0.000374
2190,0.000264
2191,0.000258
2192,0.000135
2193,0.000172
2194,0.000657
2195,0.00264
2196,0.004843
2197,0.015703
2198,0.035294
2199,0.082432
2200,0.078208
2201,0.083075
2202,0.08209
2203,0.070929
2204,0.062201
2205,0.058375
2206,0.059855
2207,0.04409
2208,0.032085
2209,0.154444
2210,0.125491
2211,0.133186
2212,0.178481
2213,0.098373
2214,0.077161
2215,0.069303
2216,0.063609
2217,0.00097
2218,4.7e-05
2219,9.9e-05
2220,9.5e-05
2221,0.000184
2222,0.000189
2223,0.000361
2224,0.000282
2225,0.000235
2226,0.000228
2227,0.000164
2228,0.000164
2229,0.000134
2230,0.000138
2231,0.00013
2232,0.000199
2233,7.9e-05
2234,7.2e-05
2235,9.6e-05
2236,8e-05
2237,7.4e-05
2238,6.1e-05
2239,5.3e-05
2240,9.6e-05
2241,6.4e-05
2242,5.6e-05
2243,3.7e-05
2244,4.1e-05
2245,5.1e-05
2246,6e-05
2247,3.4e-05
2248,3.6e-05
2249,3.6e-05
2250,3.3e-05
2251,3.9e-05
2252,4.5e-05
2253,3.8e-05
2254,4.4e-05
2255,4.2e-05
2256,3.7e-05
2257,7.3e-05
2258,8.2e-05
2259,5.6e-05
2260,6.2e-05
2261,6.6e-05
2262,0.00011
2263,0.000154
2264,0.000165
2265,0.00021
2266,9.8e-05
2267,7.1e-05
2268,7.6e-05
2269,0.000116
2270,6.4e-05
2271,5.4e-05
2272,6.1e-05
2273,7.6e-05
2274,3.6e-05
2275,2.8e-05
2276,3.4e-05
2277,3.5e-05
2278,4.1e-05
2279,2.9e-05
2280,2.2e-05
2281,4.1e-05
2282,5.4e-05
2283,4.9e-05
2284,3.6e-05
2285,2.9e-05
2286,3.7e-05
2287,3.2e-05
2288,6.1e-05
2289,6.8e-05
2290,9.6e-05
2291,9.2e-05
2292,0.000213
2293,8.6e-05
2294,0.000127
2295,9.8e-05
2296,0.0001
2297,6.2e-05
2298,6.5e-05
2299,6.7e-05
2300,8.4e-05
2301,8.5e-05
2302,9.2e-05
2303,9.3e-05
2304,0.000108
2305,0.000193
2306,0.000212
2307,0.000109
2308,0.000143
2309,9.4e-05
2310,9.7e-05
2311,0.000694
2312,0.000699
2313,0.000375
2314,0.000885
2315,0.000343
2316,0.000262
2317,0.000358
2318,0.000475
2319,0.000741
2320,0.000431
2321,0.001331
2322,0.00084
2323,0.00129
2324,0.000476
2325,0.000542
2326,0.000756
2327,0.000619
2328,0.000783
2329,0.001485
2330,0.001371
2331,0.001554
2332,0.001879
2333,0.003755
2334,0.015402
2335,0.004195
2336,0.022689
2337,0.018824
2338,0.155551
2339,0.330584
2340,0.096962
2341,0.46996
2342,0.33576
2343,0.39259
2344,0.449544
2345,0.854183
2346,0.884668
2347,0.829446
2348,0.879959
2349,0.859373
2350,0.713654
2351,0.449499
2352,0.420502
2353,0.662827
2354,0.268736
2355,0.112608
2356,0.094255
2357,0.011039
2358,0.004303
2359,0.001286
2360,0.000794
2361,0.000654
2362,0.000317
2363,0.001195
2364,0.003286
2365,0.001692
2366,0.001366
2367,0.001308
2368,0.0006
2369,0.000617
2370,0.00046
2371,0.000678
2372,0.000768
2373,0.000288
2374,0.000201
2375,0.000302
2376,0.000628
2377,0.003233
2378,0.00034
2379,0.000282
2380,0.000221
2381,0.000292
2382,0.000162
2383,0.0001
2384,6.5e-05
2385,8e-05
2386,0.000257
2387,0.000224
2388,7.6e-05
2389,1.6e-05
2390,1.4e-05
2391,2.8e-05
2392,6.3e-05
2393,6.8e-05
2394,0.000562
2395,0.000284
2396,0.000479
2397,0.001054
2398,0.001261
2399,0.000843
2400,0.000546
2401,0.001316
2402,0.0013
2403,0.001648
2404,0.002228
2405,0.002932
2406,0.006529
2407,0.009412
2408,0.014339
2409,0.021802
2410,0.016059
2411,0.045339
2412,0.060835
2413,0.190202
2414,0.072694
2415,0.122532
2416,0.220361
2417,0.313263
2418,0.331073
2419,0.317018
2420,0.294727
2421,0.331117
2422,0.356658
2423,0.416193
2424,0.059913
2425,0.016626
2426,0.027136
2427,0.039637
2428,0.012872
2429,0.006977
2430,0.001639
2431,0.004097
2432,0.000447
2433,0.000338
2434,0.00066
2435,0.001147
2436,0.00112
2437,0.001546
2438,0.002374
2439,0.00517
2440,0.003985
2441,0.001959
2442,0.001735
2443,0.002484
2444,0.003653
2445,0.002756
2446,0.00205
2447,0.002301
2448,0.002077
2449,0.002846
2450,0.002673
2451,0.002537
2452,0.002275
2453,0.004364
2454,0.005926
2455,0.011538
2456,0.001907
2457,0.074259
2458,0.043728
2459,0.639121
2460,0.826242
2461,0.899294
2462,0.907854
2463,0.898236
2464,0.850742
2465,0.772282
2466,0.214145
2467,0.061798
2468,0.003289
2469,0.004818
2470,0.00489
2471,0.000933
2472,0.001203
2473,0.00061
2474,0.000639
2475,0.000322
2476,0.000688
2477,0.001511
2478,0.003723
2479,0.002309
2480,0.00156
2481,0.001554
2482,0.003127
2483,0.002801
2484,0.003495
2485,0.002217
2486,0.002946
2487,0.002895
2488,0.002919
2489,0.00401
2490,0.003979
2491,0.003539
2492,0.004969
2493,0.002857
2494,0.003744
2495,0.002148
2496,0.002284
2497,0.000462
2498,0.000567
2499,0.000667
2500,0.000654
2501,0.001822
2502,0.002495
2503,0.002575
2504,0.002571
2505,0.002426
2506,0.001996
2507,0.001718
2508,0.001148
2509,0.000424
2510,0.000313
2511,0.000356
2512,0.000772
2513,0.000884
2514,0.001603
2515,0.001164
2516,0.001217
2517,0.001069
2518,0.001257
2519,0.00101
2520,0.248977
2521,0.23795
2522,0.13109
2523,0.41187
2524,0.702525
2525,0.759253
2526,0.778774
2527,0.854504
2528,0.883074
2529,0.894431
2530,0.906843
2531,0.919472
2532,0.876764
2533,0.019594
2534,0.004688
2535,0.001786
2536,0.002128
2537,0.001286
2538,0.001459
2539,0.001909
2540,0.002611
2541,0.001656
2542,0.001151
2543,0.000724
2544,0.000743
2545,0.001084
2546,0.000788
2547,0.001414
2548,0.001101
2549,0.001411
2550,0.00181
2551,0.00313
2552,0.003585
2553,0.007822
2554,0.007096
2555,0.004503
2556,0.013737
2557,0.003268
2558,0.003274
2559,0.004502
2560,0.003077
2561,0.001903
2562,0.002882
2563,0.001826
2564,0.001891
2565,0.001796
2566,0.001761
2567,0.001738
2568,0.003746
2569,0.006166
2570,0.003252
2571,0.002352
2572,0.003588
2573,0.003688
2574,0.003481
2575,0.002694
2576,0.001731
2577,0.00027
2578,0.032841
2579,0.24674
2580,0.05127
2581,0.038793
2582,0.046359
2583,0.081836
2584,0.105049
2585,0.076933
2586,0.06183
2587,0.087928
2588,0.066016
2589,0.065401
2590,0.097846
2591,0.082611
2592,0.083387
2593,0.1065
2594,0.317985
2595,0.497526
2596,0.006339
2597,0.000863
2598,0.001059
2599,0.001043
2600,0.001827
2601,0.001639
2602,0.001403
2603,0.001565
2604,0.001812
2605,0.001091
2606,0.00095
2607,0.000945
2608,0.001105
2609,0.000632
2610,0.000663
2611,0.000698
2612,0.000967
2613,0.00103
2614,0.006863
2615,0.492762
2616,0.519544
2617,0.065278
2618,0.071068
2619,0.102947
2620,0.192239
2621,0.186962
2622,0.184174
2623,0.214655
2624,0.302864
2625,0.312479
2626,0.229624
2627,0.380114
2628,0.246712
2629,0.236203
2630,0.26769
2631,0.253973
2632,0.380425
2633,0.003229
2634,0.001092
2635,0.001062
2636,0.001173
2637,0.000909
2638,0.002763
2639,0.009556
2640,0.03476
2641,0.028998
2642,0.027574
2643,0.010983
2644,0.008578
2645,0.002918
2646,0.002394
2647,0.002623
2648,0.004096
2649,0.003715
2650,0.006284
2651,0.012347
2652,0.005196
2653,0.00321
2654,0.00036
2655,0.00048
2656,0.003897
2657,0.004456
2658,0.004627
2659,0.003576
2660,0.003346
2661,0.003033
2662,0.004303
2663,0.004565
2664,0.004421
2665,0.002452
2666,0.002475
2667,0.002611
2668,0.002468
2669,0.002278
2670,0.001929
2671,0.001696
2672,0.001682
2673,0.001279
2674,0.001364
2675,0.001048
2676,0.000939
2677,0.0021
2678,0.002114
2679,0.002294
2680,0.002371
2681,6.2e-05
2682,6.1e-05
2683,7.6e-05
2684,8.3e-05
2685,0.001717
2686,0.00015
2687,0.002771
2688,0.004105
2689,0.003324
2690,0.005384
2691,0.005731
2692,0.006112
2693,0.005956
2694,0.006692
2695,0.004939
2696,0.012745
2697,0.014661
2698,0.021961
2699,0.019309
2700,0.020055
2701,0.010292
2702,0.009189
2703,0.007329
2704,0.011814
2705,0.008374
2706,0.005675
2707,0.003899
2708,0.003273
2709,0.00485
2710,0.005686
2711,0.003483
2712,0.003304
2713,0.00314
2714,0.00281
2715,0.000816
2716,0.008364
2717,0.022893
2718,0.071918
2719,0.073602
2720,0.535623
2721,0.519208
2722,0.440432
2723,0.637748
2724,0.530014
2725,0.53681
2726,0.551297
2727,0.5757
2728,0.594862
2729,0.513187
2730,0.568475
2731,0.630361
2732,0.585721
2733,0.774202
2734,0.691191
2735,0.611436
2736,0.855307
2737,0.874773
2738,0.868387
2739,0.840829
2740,0.901425
2741,0.879115
2742,0.79107
2743,0.865714
2744,0.947627
2745,0.719816
2746,0.758734
2747,0.662007
2748,0.91136
2749,0.895519
2750,0.810084
2751,0.777945
2752,0.506371
2753,0.277625
2754,0.043608
2755,0.020438
2756,0.050078
2757,0.030992
2758,0.014826
2759,0.020441
2760,0.013691
2761,0.019681
2762,0.013598
2763,0.016144
2764,0.01819
2765,0.02107
2766,0.021927
2767,0.028777
2768,0.022889
2769,0.028215
2770,0.027796
2771,0.031541
2772,0.036947
2773,0.040687
2774,0.033196
2775,0.027815
2776,0.028684
2777,0.01908
2778,0.0041
2779,0.001064
2780,0.000357
2781,4e-05
2782,4e-05
2783,4.5e-05
2784,3.4e-05
2785,5e-05
2786,3e-05
2787,3e-05
2788,3e-05
2789,4.6e-05
2790,4.5e-05
2791,3.1e-05
2792,3.7e-05
2793,3e-05
2794,1e-05
2795,1.2e-05
2796,4.5e-05
2797,5.5e-05
2798,4.1e-05
2799,4.1e-05
2800,2.6e-05
2801,2.7e-05
2802,2.3e-05
2803,0.000203
2804,9.9e-05
2805,0.000105
2806,0.000172
2807,0.00016
2808,0.000403
2809,0.000441
2810,0.000394
2811,0.000208
2812,0.00028
2813,0.000236
2814,0.000269
2815,0.000329
2816,0.000231
2817,0.00019
2818,9.3e-05
2819,8.1e-05
2820,0.000121
2821,0.000216
2822,0.000158
2823,0.00016
2824,0.000155
2825,0.000106
2826,0.000143
2827,0.000999
2828,0.00153
2829,0.000893
2830,0.003309
2831,0.029991
2832,0.083219
2833,0.344942
2834,0.414227
2835,0.324362
2836,0.277763
2837,0.274532
2838,0.279877
2839,0.627754
2840,0.743633
2841,0.547098
2842,0.455444
2843,0.418477
2844,0.217937
2845,0.129232
2846,0.289018
2847,0.024154
2848,0.001396
2849,0.000202
2850,0.00018
2851,0.000227
2852,0.001202
2853,0.000337
2854,0.000359
2855,0.000713
2856,0.00071
2857,0.000392
2858,0.000116
2859,9.1e-05
2860,0.000115
2861,0.000184
2862,0.000202
2863,0.000303
2864,0.000346
2865,0.000493
2866,0.00024
2867,0.000294
2868,0.000163
2869,0.000133
2870,8.7e-05
2871,9.7e-05
2872,6.6e-05
2873,9e-05
2874,0.000137
2875,0.000146
2876,0.000165
2877,0.000114
2878,7.6e-05
2879,6.1e-05
2880,8.1e-05
2881,6e-05
2882,7.1e-05
2883,5e-05
2884,3.8e-05
2885,2e-05
2886,9e-06
2887,1.1e-05
2888,8e-06
2889,9e-06
2890,6e-06
2891,1.3e-05
2892,3.9e-05
2893,6.3e-05
2894,0.000192
2895,0.000156
2896,0.000363
2897,0.000217
2898,0.000314
2899,5.5e-05
2900,0.000192
2901,0.002729
2902,0.072147
2903,0.041463
2904,0.166652
2905,0.721059
2906,0.913305
2907,0.9023
2908,0.886528
2909,0.914847
2910,0.915949
2911,0.91692
2912,0.918611
2913,0.929834
2914,0.905576
2915,0.928906
2916,0.932986
2917,0.925196
2918,0.933538
2919,0.922789
2920,0.86322
2921,0.888087
2922,0.900532
2923,0.020958
2924,0.000577
2925,0.000403
2926,0.000153
2927,5.1e-05
2928,4e-05
2929,0.000355
2930,0.000333
2931,0.000221
2932,0.000296
2933,0.000878
2934,0.000702
2935,0.000675
2936,0.00065
2937,0.003404
2938,0.027121
2939,0.026592
2940,0.045406
2941,0.018203
2942,0.030328
2943,0.018554
2944,0.019497
2945,0.008786
2946,0.007167
2947,0.005342
2948,0.005148
2949,0.004015
2950,0.004202
2951,0.003275
2952,0.004264
2953,0.007623
2954,0.00466
2955,0.00555
2956,0.006956
2957,0.006485
2958,0.00497
2959,0.003719
2960,0.004181
2961,0.004356
2962,0.004264
2963,0.003707
2964,0.005967
2965,0.008526
2966,0.005405
2967,0.005383
2968,0.007149
2969,0.006046
2970,0.007625
2971,0.007539
2972,0.005492
2973,0.004428
2974,0.005636
2975,0.006622
2976,0.007283
2977,0.010466
2978,0.01239
2979,0.013134
2980,0.010082
2981,0.000742
2982,0.008662
2983,0.004112
2984,0.003156
2985,0.001547
2986,0.000819
2987,0.000145
2988,0.000655
2989,0.000658
2990,0.00055
2991,0.000746
2992,0.000402
2993,0.000596
2994,0.001054
2995,0.000544
2996,0.001442
2997,0.000427
2998,0.000397
2999,0.000701
3000,0.000361
3001,0.000113
3002,0.000131
3003,9.2e-05
3004,0.000311
3005,0.000349
3006,0.000594
3007,0.000394
3008,0.0002
3009,0.000224
3010,0.000163
3011,0.000281
3012,0.000316
3013,0.000544
3014,0.000663
3015,0.000586
3016,0.002316
3017,0.001001
3018,0.000458
3019,0.00014
3020,0.00071
3021,0.000359
3022,0.000583
3023,0.004646
3024,0.008303
3025,0.057195
3026,0.004644
3027,0.002336
3028,0.001906
3029,0.002115
3030,0.002707
3031,0.002629
3032,0.001457
3033,0.001599
3034,0.001921
3035,0.001389
3036,0.002329
3037,0.003418
3038,0.004199
3039,0.003518
3040,0.00481
3041,0.021654
3042,0.024878
3043,0.031045
3044,0.011159
3045,0.010336
3046,0.012918
3047,0.008672
3048,0.012024
3049,0.020118
3050,0.00644
3051,0.022235
3052,0.010381
3053,0.007621
3054,0.168378
3055,0.525971
3056,0.355409
3057,0.265259
3058,0.681687
3059,0.905173
3060,0.985926
3061,0.985517
3062,0.987915
3063,0.990818
3064,0.947989
3065,0.970061
3066,0.959711
3067,0.920766
3068,0.907372
3069,0.940161
3070,0.954009
3071,0.926099
3072,0.933196
3073,0.94823
3074,0.9405
3075,0.905777
3076,0.920611
3077,0.92105
3078,0.919738
3079,0.951122
3080,0.940426
3081,0.808594
3082,0.926987
3083,0.653888
3084,0.193379
3085,0.037525
3086,0.037021
3087,0.014468
3088,0.535902
3089,0.567873
3090,0.616471
3091,0.683279
3092,0.876891
3093,0.854508
3094,0.859699
3095,0.879484
3096,0.776407
3097,0.839313
3098,0.851127
3099,0.915345
3100,0.900622
3101,0.873905
3102,0.903968
3103,0.942405
3104,0.927644
3105,0.931206
3106,0.939464
3107,0.921838
3108,0.912597
3109,0.926278
3110,0.945057
3111,0.851057
3112,0.707778
3113,0.040842
3114,0.043975
3115,0.027413
3116,0.022664
3117,0.010084
3118,0.00316
3119,0.002938
3120,0.007182
3121,0.012883
3122,0.016155
3123,0.004819
3124,0.014334
3125,0.034013
3126,0.04149
3127,0.046791
3128,0.042858
3129,0.054406
3130,0.049151
3131,0.028437
3132,0.027748
3133,0.017621
3134,0.015266
3135,0.00936
3136,0.005787
3137,0.003903
3138,0.002766
3139,0.042096
3140,0.314365
3141,0.201046
3142,0.607161
3143,0.511713
3144,0.582092
3145,0.634089
3146,0.58833
3147,0.682258
3148,0.681264
3149,0.765463
3150,0.191061
3151,0.012182
3152,0.015635
3153,0.004724
3154,0.004195
3155,0.003351
3156,0.003681
3157,0.025759
3158,0.142319
3159,0.443103
3160,0.547926
3161,0.608042
3162,0.611452
3163,0.60268
3164,0.616224
3165,0.694472
3166,0.639853
3167,0.702838
3168,0.663701
3169,0.824081
3170,0.881322
3171,0.873267
3172,0.907294
3173,0.86515
3174,0.905958
3175,0.907252
3176,0.873784
3177,0.877742
3178,0.890444
3179,0.926556
3180,0.904504
3181,0.91964
3182,0.940525
3183,0.944641
3184,0.941789
3185,0.875087
3186,0.342552
3187,0.008064
3188,0.03675
3189,0.005065
3190,0.009164
3191,0.001902
3192,0.011654
3193,0.019163
3194,0.039495
3195,0.023834
3196,0.025925
3197,0.012215
3198,0.030539
3199,0.10311
3200,0.068043
3201,0.040824
3202,0.188804
3203,0.107522
3204,0.36818
3205,0.375622
3206,0.641386
3207,0.579878
3208,0.616055
3209,0.640747
3210,0.751701
3211,0.760364
3212,0.898054
3213,0.852801
3214,0.729879
3215,0.854574
3216,0.918427
3217,0.908736
3218,0.935425
3219,0.91842
3220,0.872892
3221,0.923726
3222,0.595154
3223,0.015533
3224,0.008392
3225,0.003754
3226,0.00138
3227,0.00299
3228,0.003074
3229,0.001892
3230,0.001095
3231,0.001481
3232,0.010578
3233,0.01447
3234,0.016728
3235,0.004705
3236,0.006516
3237,0.161074
3238,0.221365
3239,0.337078
3240,0.628888
3241,0.686382
3242,0.796729
3243,0.796284
3244,0.81289
3245,0.691572
3246,0.781405
3247,0.827064
3248,0.010227
3249,0.000548
3250,0.0011
3251,0.000331
3252,0.001327
3253,0.000734
3254,0.002246
3255,0.001327
3256,0.000232
3257,0.000302
3258,0.00148
3259,0.000615
3260,0.000336
3261,0.000199
3262,0.000167
3263,0.000122
3264,9.3e-05
3265,0.00011
3266,9.2e-05
3267,0.000102
3268,0.000314
3269,0.000384
3270,0.000539
3271,0.001083
3272,0.019575
3273,0.009961
3274,0.000677
3275,0.006128
3276,0.062499
3277,0.277317
3278,0.326034
3279,0.154058
3280,0.207096
3281,0.298794
3282,0.407486
3283,0.468035
3284,0.026492
3285,0.048459
3286,0.092779
3287,0.152068
3288,0.086926
3289,0.119205
3290,0.245123
3291,0.262867
3292,0.408702
3293,0.456391
3294,0.20394
3295,0.132189
3296,0.145844
3297,0.232368
3298,0.15038
3299,0.362391
3300,0.445998
3301,0.658447
3302,0.67537
3303,0.567225
3304,0.331451
3305,0.175123
3306,0.197933
3307,0.18841
3308,0.254303
3309,0.242399
