1,0.979041
2,0.97415
3,0.964823
4,0.974219
5,0.977655
6,0.975257
7,0.974322
8,0.967584
9,0.962007
10,0.963902
11,0.965199
12,0.969434
13,0.950109
14,0.95466
15,0.942588
16,0.929595
17,0.943794
18,0.961376
19,0.955481
20,0.984258
21,0.983954
22,0.985108
23,0.984525
24,0.98473
25,0.986203
26,0.986051
27,0.986044
28,0.985895
29,0.987458
30,0.987965
31,0.986471
32,0.985296
33,0.984098
34,0.985858
35,0.987005
36,0.985884
37,0.978923
38,0.982528
39,0.940966
40,0.964243
41,0.960715
42,0.981734
43,0.983964
44,0.987575
45,0.982894
46,0.965589
47,0.974615
48,0.961813
49,0.92911
50,0.934397
51,0.944209
52,0.930146
53,0.885543
54,0.849636
55,0.850965
56,0.838225
57,0.827492
58,0.920879
59,0.863346
60,0.865258
61,0.799139
62,0.848966
63,0.879485
64,0.859021
65,0.959737
66,0.951942
67,0.948499
68,0.938777
69,0.926258
70,0.900787
71,0.862721
72,0.847497
73,0.827775
74,0.83135
75,0.794094
76,0.831732
77,0.820304
78,0.819402
79,0.818842
80,0.819811
81,0.811898
82,0.794721
83,0.80747
84,0.838847
85,0.834568
86,0.823842
87,0.832856
88,0.819327
89,0.787998
90,0.822265
91,0.824088
92,0.820008
93,0.822184
94,0.801151
95,0.82985
96,0.850422
97,0.813704
98,0.831418
99,0.809901
100,0.81061
101,0.785748
102,0.882631
103,0.881876
104,0.876375
105,0.884418
106,0.869861
107,0.854187
108,0.876845
109,0.856903
110,0.857167
111,0.861315
112,0.869206
113,0.903949
114,0.923274
115,0.910273
116,0.905716
117,0.918946
118,0.940681
119,0.930162
120,0.928991
121,0.934518
122,0.931698
123,0.940509
124,0.950771
125,0.957392
126,0.940923
127,0.937293
128,0.935488
129,0.933975
130,0.935163
131,0.92753
132,0.945274
133,0.936984
134,0.941305
135,0.944839
136,0.945322
137,0.937625
138,0.920492
139,0.919745
140,0.911766
141,0.916949
142,0.933444
143,0.878381
144,0.888187
145,0.915343
146,0.907764
147,0.924635
148,0.922507
149,0.950096
150,0.949363
151,0.940965
152,0.929049
153,0.926721
154,0.910938
155,0.893848
156,0.904108
157,0.891639
158,0.88273
159,0.856321
160,0.818263
161,0.832714
162,0.818874
163,0.815253
164,0.84721
165,0.853498
166,0.818484
167,0.811673
168,0.806101
169,0.817832
170,0.816514
171,0.818485
172,0.817593
173,0.841367
174,0.813468
175,0.798101
176,0.797623
177,0.781089
178,0.769976
179,0.779774
180,0.780336
181,0.756362
182,0.775443
183,0.764375
184,0.756529
185,0.749725
186,0.773775
187,0.726067
188,0.752017
189,0.8286
190,0.82776
191,0.835011
192,0.848224
193,0.879959
194,0.889925
195,0.900937
196,0.881281
197,0.872319
198,0.866509
199,0.867329
200,0.875207
201,0.876531
202,0.869923
203,0.853993
204,0.862571
205,0.915604
206,0.923481
207,0.921689
208,0.928124
209,0.929967
210,0.929655
211,0.938234
212,0.946833
213,0.939871
214,0.932849
215,0.981625
216,0.980594
217,0.918512
218,0.981727
219,0.981524
220,0.981618
221,0.981465
222,0.981894
223,0.982147
224,0.93641
225,0.937123
226,0.9364
227,0.934143
228,0.934622
229,0.917093
230,0.92828
231,0.937118
232,0.944492
233,0.941817
234,0.937495
235,0.941342
236,0.938929
237,0.945483
238,0.944783
239,0.940387
240,0.936493
241,0.91071
242,0.914424
243,0.89631
244,0.918599
245,0.904016
246,0.904947
247,0.911119
248,0.892623
249,0.899925
250,0.895619
251,0.915073
252,0.918746
253,0.926296
254,0.91494
255,0.914668
256,0.913168
257,0.909802
258,0.915076
259,0.912878
260,0.91282
261,0.902134
262,0.891619
263,0.867673
264,0.89778
265,0.891531
266,0.906219
267,0.925735
268,0.918889
269,0.905332
270,0.901828
271,0.8983
272,0.889702
273,0.883396
274,0.900656
275,0.9049
276,0.897811
277,0.937595
278,0.936286
279,0.932658
280,0.930797
281,0.93952
282,0.929558
283,0.926652
284,0.929347
285,0.932402
286,0.908537
287,0.913559
288,0.941453
289,0.923599
290,0.923366
291,0.914356
292,0.918288
293,0.912215
294,0.921152
295,0.916068
296,0.920931
297,0.919745
298,0.918697
299,0.924617
300,0.916265
301,0.887353
302,0.88989
303,0.878977
304,0.842445
305,0.815666
306,0.830913
307,0.834092
308,0.836711
309,0.842108
310,0.85167
311,0.863787
312,0.851168
313,0.857858
314,0.877118
315,0.877649
316,0.871232
317,0.869775
318,0.877136
319,0.864036
320,0.863234
321,0.865288
322,0.682928
323,0.511897
324,0.310507
325,0.494491
326,0.529286
327,0.60311
328,0.704126
329,0.626986
330,0.73196
331,0.761856
332,0.794698
333,0.799493
334,0.831207
335,0.85544
336,0.847288
337,0.825505
338,0.833124
339,0.822187
340,0.835057
341,0.843189
342,0.833923
343,0.808961
344,0.826417
345,0.818261
346,0.814169
347,0.798898
348,0.796566
349,0.717856
350,0.72541
351,0.752704
352,0.750634
353,0.737436
354,0.743121
355,0.758498
356,0.690349
357,0.665412
358,0.674065
359,0.646192
360,0.646294
361,0.629095
362,0.645244
363,0.684512
364,0.697609
365,0.685388
366,0.716955
367,0.756429
368,0.727274
369,0.721993
370,0.738344
371,0.724171
372,0.731336
373,0.693205
374,0.702282
375,0.724028
376,0.733758
377,0.72449
378,0.721134
379,0.74392
380,0.731369
381,0.725861
382,0.740162
383,0.741463
384,0.754728
385,0.651886
386,0.667331
387,0.706064
388,0.728353
389,0.701097
390,0.700988
391,0.715172
392,0.737274
393,0.7402
394,0.737255
395,0.732839
396,0.744147
397,0.792587
398,0.8025
399,0.793422
400,0.78621
401,0.728292
402,0.659238
403,0.658981
404,0.68664
405,0.678127
406,0.696871
407,0.69569
408,0.70545
409,0.759723
410,0.753589
411,0.763687
412,0.748328
413,0.735906
414,0.751352
415,0.765243
416,0.760225
417,0.755141
418,0.771524
419,0.740681
420,0.762318
421,0.742604
422,0.721747
423,0.712819
424,0.733802
425,0.742141
426,0.758341
427,0.736584
428,0.743319
429,0.708857
430,0.661701
431,0.663489
432,0.656255
433,0.716126
434,0.706515
435,0.697361
436,0.69638
437,0.672992
438,0.668676
439,0.672594
440,0.671816
441,0.66045
442,0.6018
443,0.575124
444,0.560026
445,0.629533
446,0.589849
447,0.572267
448,0.570261
449,0.609956
450,0.607024
451,0.601658
452,0.601277
453,0.55122
454,0.534485
455,0.479553
456,0.469045
457,0.454959
458,0.461737
459,0.457107
460,0.46475
461,0.459316
462,0.439613
463,0.42842
464,0.43663
465,0.453785
466,0.427948
467,0.451615
468,0.454924
469,0.5008
470,0.488277
471,0.47514
472,0.484294
473,0.479205
474,0.436641
475,0.455447
476,0.445633
477,0.454631
478,0.394321
479,0.410083
480,0.438127
481,0.577843
482,0.554901
483,0.583542
484,0.578547
485,0.585753
486,0.59523
487,0.583404
488,0.631208
489,0.617738
490,0.548051
491,0.565448
492,0.572871
493,0.500597
494,0.494316
495,0.469221
496,0.457447
497,0.480093
498,0.476635
499,0.497509
500,0.500047
501,0.466357
502,0.952316
503,0.94382
504,0.952295
505,0.977437
506,0.973544
507,0.973855
508,0.970356
509,0.964577
510,0.965442
511,0.967035
512,0.969014
513,0.973686
514,0.975351
515,0.976549
516,0.975506
517,0.981833
518,0.982842
519,0.981897
520,0.979035
521,0.978182
522,0.976835
523,0.978002
524,0.980435
525,0.981006
526,0.980464
527,0.980129
528,0.985788
529,0.986007
530,0.987809
531,0.985115
532,0.985037
533,0.772352
534,0.986526
535,0.986526
536,0.986692
537,0.986746
538,0.987353
539,0.987253
540,0.987966
541,0.901808
542,0.906112
543,0.980698
544,0.980062
545,0.97974
546,0.981972
547,0.981303
548,0.981273
549,0.981576
550,0.980348
551,0.982888
552,0.983952
553,0.982374
554,0.983218
555,0.983595
556,0.983397
557,0.982071
558,0.986677
559,0.986625
560,0.987447
561,0.985386
562,0.983176
563,0.979389
564,0.970729
565,0.966874
566,0.964252
567,0.959487
568,0.955685
569,0.952087
570,0.956837
571,0.959626
572,0.959152
573,0.959724
574,0.959376
575,0.9506
576,0.939897
577,0.932345
578,0.936945
579,0.933017
580,0.924691
581,0.923624
582,0.926143
583,0.928818
584,0.928401
585,0.928964
586,0.933317
587,0.931959
588,0.932412
589,0.92485
590,0.90466
591,0.914024
592,0.856157
593,0.857369
594,0.872549
595,0.88625
596,0.899327
597,0.917494
598,0.912417
599,0.915269
600,0.910313
601,0.953861
602,0.94753
603,0.948472
604,0.956805
605,0.953442
606,0.948022
607,0.94669
608,0.947877
609,0.952079
610,0.952824
611,0.949681
612,0.953928
613,0.97477
614,0.973527
615,0.973346
616,0.973239
617,0.974716
618,0.969826
619,0.973761
620,0.97319
621,0.973823
622,0.972829
623,0.975952
624,0.980807
625,0.98188
626,0.980546
627,0.979374
628,0.978639
629,0.978628
630,0.976631
631,0.977391
632,0.979552
633,0.980442
634,0.980742
635,0.982473
636,0.983
637,0.984755
638,0.985501
639,0.985989
640,0.986901
641,0.987195
642,0.931767
643,0.987452
644,0.987474
645,0.987533
646,0.985833
647,0.985564
648,0.98546
649,0.98799
650,0.987947
651,0.986767
652,0.987055
653,0.986752
654,0.987
655,0.987006
656,0.986848
657,0.987585
658,0.987118
659,0.987539
660,0.987659
661,0.986061
662,0.986082
663,0.986759
664,0.986112
665,0.985773
666,0.984844
667,0.984978
668,0.985047
669,0.986294
670,0.985587
671,0.977806
672,0.979558
673,0.977779
674,0.978064
675,0.978411
676,0.982078
677,0.981255
678,0.972993
679,0.97569
680,0.97698
681,0.974326
682,0.974751
683,0.975584
684,0.976366
685,0.974866
686,0.976128
687,0.975639
688,0.973624
689,0.97366
690,0.974609
691,0.973545
692,0.974774
693,0.963373
694,0.955944
695,0.96609
696,0.969526
697,0.978566
698,0.979814
699,0.980826
700,0.981484
701,0.976816
702,0.976146
703,0.969817
704,0.971118
705,0.965475
706,0.96729
707,0.965548
708,0.9679
709,0.96948
710,0.970256
711,0.970015
712,0.973358
713,0.975172
714,0.975015
715,0.971289
716,0.973935
717,0.974447
718,0.974694
719,0.975677
720,0.976941
721,0.979404
722,0.97899
723,0.978815
724,0.973569
725,0.974872
726,0.974039
727,0.981639
728,0.982911
729,0.97973
730,0.9616
731,0.968819
732,0.970082
733,0.957845
734,0.961899
735,0.966301
736,0.965168
737,0.963351
738,0.965553
739,0.967419
740,0.968105
741,0.967581
742,0.968152
743,0.973399
744,0.972037
745,0.936788
746,0.930109
747,0.883539
748,0.870505
749,0.874065
750,0.882166
751,0.827837
752,0.810988
753,0.755058
754,0.751222
755,0.933772
756,0.803178
757,0.921217
758,0.923602
759,0.914116
760,0.909773
761,0.817863
762,0.813585
763,0.898877
764,0.90064
765,0.804481
766,0.784286
767,0.746031
768,0.752567
769,0.688762
770,0.823478
771,0.635187
772,0.684901
773,0.811961
774,0.807631
775,0.78285
776,0.864367
777,0.861603
778,0.802124
779,0.760612
780,0.764392
781,0.67664
782,0.689326
783,0.695146
784,0.695473
785,0.70637
786,0.690342
787,0.687691
788,0.618103
789,0.652053
790,0.642538
791,0.681008
792,0.630464
793,0.670341
794,0.743021
795,0.725146
796,0.730382
797,0.725812
798,0.729775
799,0.742899
800,0.7545
801,0.768852
802,0.77652
803,0.791213
804,0.794549
805,0.827408
806,0.82656
807,0.831855
808,0.841629
809,0.890832
810,0.90033
811,0.906499
812,0.905783
813,0.902131
814,0.903905
815,0.907264
816,0.922289
817,0.918411
818,0.92783
819,0.933206
820,0.933505
821,0.940264
822,0.941909
823,0.938976
824,0.955794
825,0.923264
826,0.935099
827,0.926558
828,0.933137
829,0.953077
830,0.954678
831,0.953134
832,0.951476
833,0.950477
834,0.947933
835,0.948356
836,0.952974
837,0.954299
838,0.958646
839,0.96334
840,0.979393
841,0.976418
842,0.97714
843,0.977844
844,0.976181
845,0.978562
846,0.97839
847,0.972416
848,0.949509
849,0.952447
850,0.940157
851,0.950342
852,0.950042
853,0.927948
854,0.931751
855,0.932105
856,0.933396
857,0.928192
858,0.928524
859,0.925954
860,0.927143
861,0.924917
862,0.91218
863,0.923262
864,0.921064
865,0.969156
866,0.963089
867,0.965527
868,0.96077
869,0.94657
870,0.948868
871,0.953186
872,0.952743
873,0.944226
874,0.945365
875,0.951424
876,0.969402
877,0.969618
878,0.968233
879,0.965617
880,0.962164
881,0.951887
882,0.953917
883,0.957618
884,0.952918
885,0.949235
886,0.949378
887,0.945141
888,0.943141
889,0.953628
890,0.954956
891,0.95696
892,0.954688
893,0.953394
894,0.957778
895,0.953558
896,0.962629
897,0.952193
898,0.952566
899,0.958399
900,0.964637
901,0.945255
902,0.938837
903,0.923995
904,0.937876
905,0.93718
906,0.936924
907,0.950021
908,0.950458
909,0.948931
910,0.941875
911,0.937996
912,0.936389
913,0.951317
914,0.952122
915,0.953527
916,0.956657
917,0.953358
918,0.949946
919,0.963625
920,0.967307
921,0.965257
922,0.964291
923,0.964733
924,0.966044
925,0.972097
926,0.971432
927,0.974991
928,0.977446
929,0.978999
930,0.981349
931,0.980877
932,0.979946
933,0.976946
934,0.971482
935,0.977842
936,0.979197
937,0.96775
938,0.971113
939,0.968829
940,0.96761
941,0.966282
942,0.969703
943,0.974427
944,0.967955
945,0.96513
946,0.968772
947,0.966255
948,0.971122
949,0.96545
950,0.968032
951,0.969477
952,0.96809
953,0.973239
954,0.97228
955,0.977833
956,0.977172
957,0.973714
958,0.977461
959,0.975973
960,0.973056
961,0.969359
962,0.972399
963,0.975575
964,0.972229
965,0.978576
966,0.978719
967,0.978496
968,0.9777
969,0.977489
970,0.975917
971,0.977265
972,0.974651
973,0.981385
974,0.982093
975,0.980881
976,0.977845
977,0.977968
978,0.978062
979,0.977928
980,0.976056
981,0.975393
982,0.975529
983,0.976015
984,0.971707
985,0.961264
986,0.962713
987,0.96373
988,0.96281
989,0.958199
990,0.952977
991,0.953517
992,0.950692
993,0.953825
994,0.953901
995,0.956959
996,0.957514
997,0.950081
998,0.955184
999,0.634058
1000,0.508526
1001,0.519579
1002,0.807577
1003,0.939601
1004,0.904416
1005,0.917528
1006,0.895068
1007,0.903581
1008,0.939556
1009,0.952677
1010,0.953429
1011,0.959185
1012,0.955757
1013,0.962568
1014,0.967469
1015,0.967597
1016,0.971389
1017,0.969373
1018,0.9763
1019,0.976007
1020,0.977016
1021,0.973184
1022,0.970398
1023,0.971243
1024,0.970896
1025,0.972724
1026,0.965919
1027,0.950464
1028,0.947501
1029,0.954405
1030,0.953903
1031,0.945881
1032,0.941689
1033,0.917999
1034,0.913285
1035,0.900838
1036,0.890088
1037,0.886056
1038,0.885827
1039,0.866116
1040,0.822629
1041,0.864683
1042,0.920673
1043,0.791918
1044,0.678144
1045,0.668937
1046,0.648994
1047,0.509809
1048,0.591706
1049,0.732354
1050,0.835721
1051,0.758736
1052,0.764425
1053,0.643886
1054,0.590361
1055,0.474824
1056,0.456265
1057,0.563986
1058,0.5777
1059,0.632683
1060,0.593796
1061,0.617026
1062,0.549093
1063,0.623097
1064,0.719983
1065,0.746414
1066,0.735055
1067,0.746339
1068,0.724127
1069,0.948968
1070,0.803376
1071,0.803907
1072,0.834232
1073,0.841992
1074,0.870555
1075,0.903018
1076,0.889241
1077,0.844422
1078,0.858032
1079,0.723225
1080,0.744712
1081,0.87313
1082,0.884542
1083,0.874164
1084,0.882226
1085,0.914812
1086,0.867389
1087,0.866917
1088,0.83413
1089,0.851736
1090,0.844654
1091,0.857288
1092,0.858197
1093,0.830744
1094,0.839688
1095,0.838639
1096,0.833784
1097,0.82973
1098,0.853759
1099,0.780116
1100,0.764366
1101,0.762034
1102,0.776846
1103,0.779561
1104,0.850365
1105,0.8571
1106,0.86758
1107,0.862627
1108,0.853758
1109,0.846974
1110,0.856229
1111,0.864858
1112,0.82009
1113,0.778931
1114,0.777132
1115,0.808971
1116,0.818525
1117,0.856883
1118,0.85768
1119,0.850374
1120,0.866259
1121,0.872661
1122,0.865271
1123,0.845364
1124,0.84498
1125,0.841444
1126,0.84
1127,0.834471
1128,0.837089
1129,0.8586
1130,0.868555
1131,0.822503
1132,0.815332
1133,0.857212
1134,0.828693
1135,0.838691
1136,0.82178
1137,0.812106
1138,0.810441
1139,0.810901
1140,0.812098
1141,0.822176
1142,0.827851
1143,0.813134
1144,0.806715
1145,0.761755
1146,0.689891
1147,0.716833
1148,0.685599
1149,0.686548
1150,0.71801
1151,0.723526
1152,0.721027
1153,0.793976
1154,0.799753
1155,0.794686
1156,0.782674
1157,0.775297
1158,0.774904
1159,0.751365
1160,0.770423
1161,0.738521
1162,0.726565
1163,0.728957
1164,0.687143
1165,0.557644
1166,0.687018
1167,0.662024
1168,0.682173
1169,0.686878
1170,0.69388
1171,0.674565
1172,0.691178
1173,0.697268
1174,0.701476
1175,0.666724
1176,0.480511
1177,0.547061
1178,0.536982
1179,0.551219
1180,0.578457
1181,0.636282
1182,0.629175
1183,0.625619
1184,0.65321
1185,0.64573
1186,0.65306
1187,0.647778
1188,0.610069
1189,0.59563
1190,0.595668
1191,0.594088
1192,0.596304
1193,0.601216
1194,0.5976
1195,0.574404
1196,0.601744
1197,0.575958
1198,0.595403
1199,0.563653
1200,0.606293
1201,0.584129
1202,0.570316
1203,0.594442
1204,0.644421
1205,0.600645
1206,0.685959
1207,0.690027
1208,0.755925
1209,0.760864
1210,0.797834
1211,0.797475
1212,0.81027
1213,0.814189
1214,0.831026
1215,0.834546
1216,0.890104
1217,0.883979
1218,0.891993
1219,0.888131
1220,0.908305
1221,0.917971
1222,0.908233
1223,0.927337
1224,0.927549
1225,0.959593
1226,0.961962
1227,0.963693
1228,0.969396
1229,0.960248
1230,0.952202
1231,0.947305
1232,0.946993
1233,0.95263
1234,0.957557
1235,0.96583
1236,0.968117
1237,0.969036
1238,0.976209
1239,0.974
1240,0.97763
1241,0.977814
1242,0.976903
1243,0.975781
1244,0.974864
1245,0.973967
1246,0.973428
1247,0.971805
1248,0.97564
1249,0.97498
1250,0.974492
1251,0.972388
1252,0.973033
1253,0.970646
1254,0.965019
1255,0.96522
1256,0.966956
1257,0.966114
1258,0.964566
1259,0.962524
1260,0.966882
1261,0.96075
1262,0.96375
1263,0.964177
1264,0.96257
1265,0.95985
1266,0.959467
1267,0.956453
1268,0.949494
1269,0.953482
1270,0.954359
1271,0.94711
1272,0.95276
1273,0.933646
1274,0.914657
1275,0.919374
1276,0.921993
1277,0.921486
1278,0.921698
1279,0.930713
1280,0.928756
1281,0.920604
1282,0.911467
1283,0.888544
1284,0.892945
1285,0.858008
1286,0.858279
1287,0.847561
1288,0.84037
1289,0.818569
1290,0.864195
1291,0.834681
1292,0.815759
1293,0.824178
1294,0.828871
1295,0.815784
1296,0.802507
1297,0.818913
1298,0.853263
1299,0.840296
1300,0.883585
1301,0.88425
1302,0.88943
1303,0.931404
1304,0.891651
1305,0.871466
1306,0.909184
1307,0.931494
1308,0.938615
1309,0.934213
1310,0.931754
1311,0.939399
1312,0.939607
1313,0.936628
1314,0.88896
1315,0.884229
1316,0.90358
1317,0.918014
1318,0.919839
1319,0.921644
1320,0.933102
1321,0.953345
1322,0.952313
1323,0.954672
1324,0.954397
1325,0.960681
1326,0.957735
1327,0.958641
1328,0.959867
1329,0.958447
1330,0.963469
1331,0.964758
1332,0.965912
1333,0.97139
1334,0.972014
1335,0.972388
1336,0.975255
1337,0.980197
1338,0.97188
1339,0.973548
1340,0.974981
1341,0.974793
1342,0.971522
1343,0.971215
1344,0.969425
1345,0.964366
1346,0.961663
1347,0.950085
1348,0.775847
1349,0.69568
1350,0.703305
1351,0.854765
1352,0.850067
