1,0.996871
2,0.997107
3,0.997428
4,0.997255
5,0.988789
6,0.989679
7,0.987073
8,0.986988
9,0.984975
10,0.985243
11,0.985087
12,0.99745
13,0.992299
14,0.997969
15,0.997228
16,0.997308
17,0.997324
18,0.997347
19,0.997657
20,0.997976
21,0.998135
22,0.998461
23,0.998291
24,0.998233
25,0.998541
26,0.99861
27,0.998579
28,0.998682
29,0.99857
30,0.998406
31,0.99847
32,0.998564
33,0.998751
34,0.998554
35,0.998341
36,0.974436
37,0.997634
38,0.997697
39,0.997805
40,0.997674
41,0.997799
42,0.997501
43,0.983817
44,0.981046
45,0.982031
46,0.981548
47,0.981369
48,0.982329
49,0.969078
50,0.977291
51,0.821818
52,0.329915
53,0.273671
54,0.18789
55,0.297295
56,0.333465
57,0.321204
58,0.429729
59,0.367668
60,0.277052
61,0.181892
62,0.184191
63,0.217773
64,0.238951
65,0.240055
66,0.236671
67,0.170935
68,0.170328
69,0.15021
70,0.191839
71,0.176072
72,0.810677
73,0.970915
74,0.963345
75,0.936183
76,0.928452
77,0.928973
78,0.954589
79,0.956006
80,0.954226
81,0.94981
82,0.958631
83,0.946401
84,0.950881
85,0.873239
86,0.878209
87,0.906007
88,0.91388
89,0.905999
90,0.902579
91,0.918267
92,0.91196
93,0.950086
94,0.950701
95,0.956613
96,0.952726
97,0.96162
98,0.969243
99,0.969217
100,0.967646
101,0.961622
102,0.607457
103,0.355716
104,0.272258
105,0.263747
106,0.249409
107,0.230043
108,0.238224
109,0.169337
110,0.18106
111,0.193247
112,0.189469
113,0.22706
114,0.75992
115,0.962574
116,0.979571
117,0.981559
118,0.983441
119,0.991344
120,0.991852
121,0.985769
122,0.992299
123,0.987278
124,0.986313
125,0.985669
126,0.988657
127,0.987682
128,0.984283
129,0.987025
130,0.985639
131,0.985871
132,0.987392
133,0.988643
134,0.989174
135,0.990081
136,0.989997
137,0.989637
138,0.990148
139,0.969123
140,0.20501
141,0.10702
142,0.139026
143,0.154529
144,0.206118
145,0.309243
146,0.303123
147,0.349512
148,0.43355
149,0.384428
150,0.387555
151,0.378379
152,0.291336
153,0.158365
154,0.244333
155,0.971109
156,0.989435
157,0.993097
158,0.990762
159,0.996868
160,0.996789
161,0.99597
162,0.995924
163,0.996127
164,0.98408
165,0.984212
166,0.99643
167,0.996156
168,0.989139
169,0.997106
170,0.997472
171,0.996866
172,0.996287
173,0.996057
174,0.996739
175,0.996642
176,0.996683
177,0.997023
178,0.997503
179,0.997824
180,0.997007
181,0.99748
182,0.996829
183,0.996544
184,0.997198
185,0.99735
186,0.997331
187,0.997337
188,0.997302
189,0.997861
190,0.997848
191,0.997995
192,0.998169
193,0.998233
194,0.998313
195,0.997885
196,0.998317
197,0.998092
198,0.998282
199,0.998037
200,0.998314
201,0.998001
202,0.993525
203,0.95388
204,0.97675
205,0.984946
206,0.861966
207,0.898266
208,0.975502
209,0.971943
210,0.987766
211,0.987482
212,0.991506
213,0.995631
214,0.994719
215,0.972878
216,0.977639
217,0.979846
218,0.978122
219,0.984915
220,0.984783
221,0.984955
222,0.983154
223,0.981309
224,0.982261
225,0.982658
226,0.982487
227,0.980282
228,0.971083
229,0.973392
230,0.973082
231,0.972546
232,0.979062
233,0.97484
234,0.982118
235,0.982138
236,0.979396
237,0.98107
238,0.980551
239,0.976685
240,0.977862
241,0.985088
242,0.98628
243,0.996164
244,0.996123
245,0.996059
246,0.988709
247,0.987059
248,0.987952
249,0.987156
250,0.993964
251,0.991853
252,0.993532
253,0.991446
254,0.928951
255,0.950111
256,0.974984
257,0.981235
258,0.975799
259,0.993512
260,0.989873
261,0.986095
262,0.967309
263,0.965436
264,0.971422
265,0.977456
266,0.978653
267,0.977123
268,0.976477
269,0.981787
270,0.979393
271,0.900507
272,0.885981
273,0.909048
274,0.906535
275,0.938099
276,0.937878
277,0.899817
278,0.91112
279,0.893454
280,0.909584
281,0.918031
282,0.896555
283,0.91174
284,0.921131
285,0.920437
286,0.907851
287,0.913087
288,0.91404
289,0.902043
290,0.969008
291,0.970069
292,0.97258
293,0.972204
294,0.977393
295,0.982622
296,0.982416
297,0.980749
298,0.983803
299,0.980186
300,0.981311
301,0.946709
302,0.951121
303,0.955104
304,0.973301
305,0.971335
306,0.979892
307,0.981517
308,0.982451
309,0.983217
310,0.981358
311,0.977018
312,0.977142
313,0.971244
314,0.967446
315,0.968897
316,0.972063
317,0.957558
318,0.977838
319,0.980436
320,0.980388
321,0.978525
322,0.977457
323,0.955345
324,0.953361
325,0.977955
326,0.97535
327,0.977327
328,0.976126
329,0.975412
330,0.980604
331,0.983552
332,0.985313
333,0.984655
334,0.982889
335,0.987027
336,0.990216
337,0.986063
338,0.988714
339,0.990163
340,0.991594
341,0.991704
342,0.989898
343,0.992461
344,0.990867
345,0.990036
346,0.989279
347,0.989329
348,0.989021
349,0.988687
350,0.988151
351,0.987734
352,0.985106
353,0.989317
354,0.988846
355,0.987142
356,0.987413
357,0.98298
358,0.981905
359,0.982369
360,0.979826
361,0.982177
362,0.985311
363,0.983537
364,0.986587
365,0.988905
366,0.989482
367,0.989122
368,0.989621
369,0.989071
370,0.984764
371,0.98453
372,0.984522
373,0.976561
374,0.977723
375,0.974205
376,0.979816
377,0.972369
378,0.974803
379,0.976233
380,0.976572
381,0.969536
382,0.971763
383,0.984118
384,0.98367
385,0.984343
386,0.984568
387,0.986489
388,0.983779
389,0.982097
390,0.98036
391,0.994215
392,0.994874
393,0.99564
394,0.995607
395,0.994959
396,0.993949
397,0.97418
398,0.978243
399,0.971597
400,0.97561
401,0.971375
402,0.979923
403,0.978543
404,0.978667
405,0.977419
406,0.976183
407,0.973826
408,0.955853
409,0.958261
410,0.959125
411,0.933087
412,0.946703
413,0.928067
414,0.847592
415,0.83794
416,0.872397
417,0.85574
418,0.897272
419,0.899139
420,0.86896
421,0.87993
422,0.868425
423,0.87483
424,0.860607
425,0.862378
426,0.880724
427,0.855149
428,0.840105
429,0.843796
430,0.816202
431,0.973775
432,0.970981
433,0.952212
434,0.951623
435,0.959352
436,0.961002
437,0.959181
438,0.963301
439,0.965866
440,0.969225
441,0.968217
442,0.97114
443,0.977167
444,0.976863
445,0.974914
446,0.975302
447,0.977315
448,0.976475
449,0.979642
450,0.976501
451,0.9793
452,0.972392
453,0.986881
454,0.971474
455,0.976645
456,0.918787
457,0.833172
458,0.858361
459,0.815399
460,0.749265
461,0.756637
462,0.844536
463,0.796561
464,0.398865
465,0.452882
466,0.302077
467,0.851627
468,0.980152
469,0.978025
470,0.923957
471,0.882795
472,0.38428
473,0.468283
474,0.616494
475,0.559774
476,0.544455
477,0.364925
478,0.436448
479,0.499649
480,0.564276
481,0.723709
482,0.866336
483,0.935572
484,0.948672
485,0.955715
486,0.968689
487,0.959098
488,0.957429
489,0.910648
490,0.897525
491,0.911855
492,0.950016
493,0.396492
494,0.877955
495,0.870411
496,0.86282
497,0.845994
498,0.891801
499,0.873018
500,0.834796
501,0.862906
502,0.891296
503,0.883308
504,0.894499
505,0.910841
506,0.903767
507,0.909684
508,0.930707
509,0.935975
510,0.929115
511,0.949617
512,0.960427
513,0.944142
514,0.943683
515,0.930576
516,0.925162
517,0.920901
518,0.921039
519,0.909851
520,0.918522
521,0.911997
522,0.93126
523,0.94729
524,0.940448
525,0.940706
526,0.958581
527,0.957628
528,0.952358
529,0.962494
530,0.939734
531,0.946272
532,0.947235
533,0.935341
534,0.935878
535,0.91994
536,0.913153
537,0.934158
538,0.949503
539,0.941011
540,0.94266
541,0.950223
542,0.939505
543,0.929133
544,0.96338
545,0.975246
546,0.97121
547,0.971523
548,0.97176
549,0.933958
550,0.951237
551,0.945483
552,0.960215
553,0.966798
554,0.966071
555,0.963535
556,0.941965
557,0.20934
558,0.115376
559,0.123685
560,0.112564
561,0.153041
562,0.139925
563,0.179209
564,0.182092
565,0.192726
566,0.163559
567,0.16403
568,0.688207
569,0.977903
570,0.98077
571,0.981715
572,0.983117
573,0.983072
574,0.982023
575,0.979029
576,0.980441
577,0.98167
578,0.985586
579,0.98647
580,0.989746
581,0.989092
582,0.989131
583,0.985255
584,0.986751
585,0.985808
586,0.988428
587,0.989452
588,0.990007
589,0.991525
590,0.99089
591,0.991093
592,0.991154
593,0.990526
594,0.99085
595,0.991773
596,0.992097
597,0.992763
598,0.992889
599,0.992754
600,0.992888
601,0.990293
602,0.992286
603,0.99258
604,0.993283
605,0.993893
606,0.990715
607,0.988826
608,0.990247
609,0.989691
610,0.98832
611,0.989561
612,0.988454
613,0.988983
614,0.989213
615,0.990143
616,0.989187
617,0.990209
618,0.990855
619,0.990927
620,0.989822
621,0.988287
622,0.988883
623,0.989265
624,0.989858
625,0.987903
626,0.989936
627,0.990082
628,0.991875
629,0.992062
630,0.992922
631,0.993172
632,0.994507
633,0.993664
634,0.994025
635,0.994224
636,0.994078
637,0.992527
638,0.992429
639,0.992334
640,0.973155
641,0.992844
642,0.992227
643,0.978804
644,0.975128
645,0.957513
646,0.963918
647,0.789811
648,0.728128
649,0.718594
650,0.765757
651,0.821879
652,0.884232
653,0.882754
654,0.866261
655,0.877502
656,0.885456
657,0.876583
658,0.919974
659,0.872828
660,0.885367
661,0.86633
662,0.849885
663,0.862435
664,0.818499
665,0.829922
666,0.813334
667,0.828513
668,0.802657
669,0.805406
670,0.816092
671,0.852849
672,0.855647
673,0.84321
674,0.785271
675,0.802101
676,0.807164
677,0.763962
678,0.81842
679,0.854113
680,0.798044
681,0.842991
682,0.807032
683,0.795999
684,0.805227
685,0.793994
686,0.767534
687,0.839184
688,0.854954
689,0.844585
690,0.646292
691,0.614416
692,0.591331
693,0.73661
694,0.68574
695,0.760835
696,0.80733
697,0.737372
698,0.759146
699,0.725015
700,0.705555
701,0.79887
702,0.710656
703,0.764997
704,0.982162
705,0.780993
706,0.228205
707,0.176575
708,0.126121
709,0.13822
710,0.166378
711,0.189304
712,0.188062
713,0.195222
714,0.234374
715,0.236171
716,0.155072
717,0.194768
718,0.176481
719,0.271724
720,0.250984
721,0.870842
722,0.982999
723,0.988244
724,0.990615
725,0.991397
726,0.989164
727,0.98792
728,0.980246
729,0.97799
730,0.984101
731,0.988502
732,0.99214
733,0.874166
734,0.496174
735,0.504931
736,0.449958
737,0.592105
738,0.585923
739,0.553615
740,0.566866
741,0.461567
742,0.429382
743,0.233712
744,0.222157
745,0.178507
746,0.152785
747,0.183529
748,0.19022
749,0.172175
750,0.159555
751,0.216646
752,0.226935
753,0.263915
754,0.289503
755,0.289252
756,0.257898
757,0.265422
758,0.301658
759,0.321083
760,0.2452
761,0.23981
762,0.220765
763,0.273535
764,0.283806
765,0.295935
766,0.254225
767,0.35206
768,0.468102
769,0.65253
770,0.770684
771,0.8653
772,0.832083
773,0.766514
774,0.717436
775,0.47335
776,0.276685
777,0.311345
778,0.198659
779,0.256953
780,0.238959
781,0.181324
782,0.191029
783,0.184187
784,0.157826
785,0.148098
786,0.211694
787,0.21493
788,0.361648
789,0.300731
790,0.383743
791,0.373118
792,0.260899
793,0.253194
794,0.271198
795,0.234498
796,0.225743
797,0.156513
798,0.156305
799,0.192224
800,0.186024
801,0.163362
802,0.155819
803,0.145534
804,0.129662
805,0.107603
806,0.220006
807,0.219347
808,0.340717
809,0.252577
810,0.857276
811,0.948087
812,0.977795
813,0.982308
814,0.983878
815,0.98632
816,0.988252
817,0.985523
818,0.986449
819,0.987774
820,0.984826
821,0.987282
822,0.987323
823,0.986838
824,0.989476
825,0.990737
826,0.990293
827,0.991806
828,0.991287
829,0.989151
830,0.991989
831,0.991059
832,0.990071
833,0.989662
834,0.989159
835,0.988497
836,0.917543
837,0.319497
838,0.135226
839,0.156917
840,0.143109
841,0.128845
842,0.124573
843,0.159213
844,0.137684
845,0.087587
846,0.136009
847,0.124064
848,0.114408
849,0.131293
850,0.14482
851,0.296082
852,0.225857
853,0.148767
854,0.153006
855,0.194149
856,0.18107
857,0.771278
858,0.987061
859,0.9897
860,0.991319
861,0.992894
862,0.992899
863,0.992856
864,0.993396
865,0.990126
866,0.989274
867,0.989647
868,0.989823
869,0.988659
870,0.988063
871,0.986857
872,0.982554
873,0.98273
874,0.980948
875,0.981993
876,0.933086
877,0.605363
878,0.265447
879,0.111617
880,0.141001
881,0.165932
882,0.130893
883,0.192034
884,0.217402
885,0.188895
886,0.233599
887,0.063933
888,0.043294
889,0.049015
890,0.057503
891,0.045853
892,0.034112
893,0.083706
894,0.072504
895,0.146449
896,0.105745
897,0.039362
898,0.042937
899,0.025494
900,0.02935
901,0.095188
902,0.087028
903,0.12212
904,0.016385
905,0.079612
906,0.720245
907,0.83919
908,0.940552
909,0.970224
910,0.936937
911,0.861427
912,0.851551
913,0.753842
914,0.794827
915,0.811902
916,0.916191
917,0.964216
918,0.976723
919,0.980457
920,0.98152
921,0.98107
922,0.975002
923,0.97178
924,0.975862
925,0.962662
926,0.928898
927,0.914399
928,0.837434
929,0.701625
930,0.673318
931,0.655356
932,0.660233
933,0.690241
934,0.761741
935,0.726431
936,0.750106
937,0.715714
938,0.860666
939,0.832376
940,0.827123
941,0.909158
942,0.933335
943,0.895556
944,0.917558
945,0.955549
946,0.923749
947,0.938829
948,0.93499
949,0.965156
950,0.956509
951,0.960165
952,0.960867
953,0.956429
954,0.951223
955,0.953769
956,0.945099
957,0.948361
958,0.966209
959,0.960576
960,0.971393
961,0.972769
962,0.972437
963,0.970929
964,0.969889
965,0.975592
966,0.976643
967,0.97661
968,0.9799
969,0.97867
970,0.975447
971,0.981874
972,0.979222
973,0.970605
974,0.974233
975,0.978569
976,0.975682
977,0.976204
978,0.907543
979,0.922068
980,0.938779
981,0.96639
982,0.974804
983,0.981093
984,0.974609
985,0.970234
986,0.975148
987,0.95934
988,0.910492
989,0.449517
990,0.003705
991,0.005007
992,0.019922
993,0.028993
994,0.015776
995,0.047572
996,0.105897
997,0.156547
998,0.25794
999,0.405366
1000,0.521202
1001,0.449507
1002,0.439535
1003,0.338157
1004,0.510101
1005,0.25024
1006,0.593669
1007,0.939101
1008,0.98403
1009,0.986346
1010,0.985204
1011,0.977478
1012,0.982843
1013,0.98437
1014,0.984782
1015,0.988604
1016,0.988556
1017,0.984579
1018,0.980511
1019,0.971895
1020,0.9675
1021,0.962823
1022,0.917687
1023,0.869697
1024,0.840491
1025,0.86038
1026,0.891069
1027,0.947229
1028,0.912936
1029,0.950093
1030,0.964519
1031,0.946076
1032,0.919494
1033,0.967495
1034,0.976437
1035,0.954813
1036,0.951615
1037,0.959466
1038,0.956061
1039,0.950216
1040,0.94001
1041,0.930645
1042,0.943911
1043,0.968886
1044,0.956724
1045,0.970739
1046,0.916703
1047,0.898363
1048,0.820217
1049,0.796963
1050,0.735786
1051,0.631978
1052,0.448949
1053,0.820712
1054,0.807199
1055,0.842221
1056,0.867336
1057,0.86607
1058,0.823873
1059,0.844551
1060,0.903894
1061,0.903053
1062,0.91875
1063,0.939457
1064,0.9406
1065,0.927211
1066,0.959537
1067,0.81126
1068,0.720814
1069,0.616704
1070,0.536955
1071,0.515175
1072,0.583971
1073,0.367537
1074,0.170748
1075,0.264964
1076,0.396763
1077,0.316803
1078,0.376802
1079,0.402927
1080,0.410208
1081,0.340697
1082,0.390302
1083,0.405016
1084,0.454928
1085,0.921042
1086,0.910196
1087,0.909593
1088,0.917069
1089,0.924233
1090,0.917923
1091,0.930079
1092,0.941675
1093,0.946974
1094,0.960095
1095,0.963662
1096,0.968534
1097,0.968503
1098,0.972992
1099,0.976639
1100,0.987431
1101,0.990699
1102,0.992735
1103,0.991543
1104,0.990998
1105,0.985365
1106,0.984377
1107,0.989854
1108,0.991948
1109,0.993024
1110,0.99432
1111,0.994319
1112,0.993276
1113,0.99324
1114,0.993932
1115,0.994446
1116,0.993537
1117,0.99286
1118,0.99301
1119,0.991998
1120,0.991558
1121,0.975296
1122,0.737334
1123,0.398262
1124,0.299706
1125,0.286176
1126,0.336975
1127,0.330823
1128,0.274641
1129,0.271475
1130,0.350682
1131,0.416066
1132,0.419718
1133,0.405256
1134,0.494754
1135,0.539461
1136,0.563765
1137,0.448275
1138,0.386519
1139,0.785165
1140,0.983221
1141,0.972003
1142,0.978824
1143,0.970986
1144,0.958467
1145,0.950072
1146,0.944612
1147,0.961792
1148,0.965131
1149,0.968923
1150,0.962208
1151,0.971913
1152,0.980379
1153,0.951032
1154,0.175168
1155,0.07634
1156,0.055274
1157,0.057182
1158,0.072476
1159,0.069294
1160,0.08103
1161,0.080441
1162,0.090803
1163,0.145475
1164,0.124506
1165,0.137763
1166,0.167604
1167,0.143879
1168,0.126449
1169,0.137231
1170,0.174158
1171,0.965622
1172,0.982401
1173,0.977972
1174,0.976255
1175,0.954767
1176,0.91732
1177,0.854762
1178,0.870777
1179,0.866681
1180,0.886373
1181,0.851643
1182,0.858344
1183,0.886927
1184,0.861614
1185,0.83727
1186,0.86597
1187,0.856705
1188,0.855687
1189,0.882978
1190,0.847972
1191,0.886385
1192,0.994251
1193,0.793166
1194,0.158219
1195,0.166518
1196,0.152044
1197,0.138397
1198,0.125298
1199,0.426144
1200,0.363622
1201,0.230856
1202,0.245862
1203,0.273473
1204,0.246232
1205,0.227191
1206,0.22634
1207,0.213141
1208,0.177669
1209,0.171477
1210,0.245171
1211,0.292487
1212,0.256344
1213,0.261859
1214,0.245372
1215,0.146716
1216,0.149601
1217,0.159267
1218,0.15375
1219,0.152439
1220,0.16963
1221,0.180893
1222,0.173831
1223,0.217924
1224,0.198894
1225,0.141885
1226,0.135511
1227,0.137292
1228,0.780811
1229,0.994243
1230,0.990875
1231,0.969797
1232,0.984427
1233,0.973763
1234,0.9798
1235,0.983809
1236,0.984354
1237,0.986538
1238,0.984208
1239,0.984835
1240,0.98199
1241,0.98038
1242,0.987377
1243,0.991517
1244,0.987721
1245,0.987911
1246,0.99152
1247,0.989344
1248,0.986628
1249,0.975398
1250,0.413223
1251,0.151795
1252,0.136945
1253,0.12309
1254,0.126166
1255,0.131953
1256,0.154875
1257,0.133823
1258,0.120987
1259,0.17145
1260,0.113677
1261,0.187387
1262,0.197592
1263,0.229507
1264,0.290631
1265,0.218417
1266,0.205966
1267,0.230365
1268,0.239955
1269,0.258035
1270,0.217774
1271,0.23807
1272,0.250048
1273,0.264027
1274,0.265747
1275,0.241714
1276,0.189935
1277,0.177417
1278,0.15037
1279,0.155549
1280,0.146098
1281,0.157528
1282,0.170648
1283,0.157403
1284,0.155971
1285,0.155415
1286,0.14428
1287,0.134935
1288,0.125897
1289,0.123333
1290,0.168535
1291,0.860402
1292,0.965069
1293,0.973237
1294,0.972644
1295,0.970668
1296,0.981859
1297,0.978843
1298,0.979406
1299,0.983845
1300,0.985203
1301,0.981113
1302,0.982341
1303,0.985972
1304,0.984169
1305,0.984882
1306,0.988307
1307,0.986531
1308,0.985654
1309,0.986346
1310,0.984751
1311,0.986807
1312,0.986113
1313,0.986189
1314,0.985121
1315,0.988424
1316,0.98733
1317,0.986465
1318,0.940814
1319,0.193872
1320,0.189162
1321,0.156955
1322,0.140887
1323,0.148373
1324,0.131498
1325,0.117912
1326,0.11597
1327,0.084475
1328,0.070137
1329,0.054261
1330,0.08794
1331,0.055537
1332,0.052128
1333,0.035959
1334,0.042988
1335,0.030281
1336,0.031156
1337,0.029712
1338,0.028734
1339,0.030563
1340,0.039678
1341,0.040034
1342,0.044965
1343,0.037139
1344,0.03211
1345,0.038257
1346,0.03271
1347,0.035308
1348,0.044566
1349,0.025584
1350,0.02571
1351,0.035195
1352,0.035276
1353,0.031484
1354,0.037217
1355,0.034739
1356,0.025422
1357,0.03037
1358,0.052119
1359,0.080763
1360,0.070727
1361,0.073944
1362,0.069977
1363,0.079911
1364,0.088279
1365,0.075035
1366,0.072535
1367,0.093766
1368,0.07934
1369,0.070573
1370,0.05626
1371,0.065292
1372,0.071948
1373,0.075618
1374,0.111524
1375,0.109001
1376,0.112757
1377,0.315227
1378,0.451713
1379,0.15026
1380,0.240835
1381,0.464756
1382,0.108696
1383,0.131213
1384,0.114311
1385,0.097077
1386,0.271099
1387,0.973904
1388,0.993906
1389,0.972207
1390,0.978895
1391,0.943356
1392,0.967924
1393,0.947321
1394,0.94574
1395,0.921459
1396,0.94977
1397,0.927707
1398,0.913104
1399,0.927529
1400,0.972057
1401,0.968367
1402,0.972398
1403,0.973095
1404,0.966315
1405,0.981006
1406,0.980545
1407,0.981003
1408,0.971894
1409,0.974737
1410,0.960669
1411,0.969707
1412,0.956348
1413,0.968059
1414,0.981845
1415,0.97962
1416,0.973664
1417,0.958549
1418,0.935489
1419,0.96232
1420,0.969373
1421,0.974827
1422,0.964721
1423,0.949456
1424,0.971986
1425,0.967053
1426,0.964865
1427,0.993222
1428,0.583183
1429,0.209255
1430,0.214812
1431,0.203143
1432,0.178655
1433,0.129128
1434,0.137167
1435,0.136651
1436,0.105788
1437,0.099745
1438,0.105384
1439,0.115148
1440,0.12288
1441,0.170997
1442,0.150308
1443,0.138099
1444,0.138583
1445,0.126198
1446,0.118756
1447,0.156227
1448,0.167969
1449,0.239708
1450,0.233692
1451,0.22754
1452,0.233825
1453,0.250756
1454,0.236878
1455,0.229011
1456,0.235868
1457,0.249365
1458,0.139325
1459,0.146034
1460,0.146147
1461,0.150807
1462,0.155891
1463,0.161524
1464,0.170612
1465,0.125296
1466,0.131912
1467,0.133515
1468,0.092102
1469,0.102165
1470,0.110516
1471,0.117122
1472,0.108841
1473,0.109831
1474,0.118057
1475,0.138918
1476,0.142815
1477,0.151226
1478,0.145723
1479,0.15707
1480,0.155196
1481,0.14281
1482,0.155279
1483,0.168062
1484,0.190855
1485,0.184851
1486,0.148872
1487,0.151487
1488,0.162747
1489,0.160421
1490,0.18656
1491,0.192645
1492,0.29291
1493,0.973403
1494,0.978721
1495,0.989165
1496,0.990142
1497,0.98672
1498,0.988725
1499,0.973938
1500,0.960449
1501,0.949914
1502,0.954759
1503,0.92387
1504,0.942463
1505,0.951288
1506,0.981179
1507,0.974812
1508,0.973914
1509,0.970687
1510,0.977502
1511,0.970491
1512,0.980754
1513,0.962592
1514,0.974438
1515,0.968785
1516,0.974852
1517,0.974952
1518,0.969343
1519,0.955567
1520,0.962643
1521,0.957344
1522,0.952156
1523,0.939534
1524,0.962758
1525,0.951237
1526,0.970685
1527,0.951999
1528,0.945536
1529,0.972432
1530,0.976934
1531,0.973536
1532,0.980313
1533,0.979046
1534,0.974758
1535,0.974792
1536,0.974292
1537,0.958643
1538,0.959206
1539,0.975948
1540,0.979115
1541,0.974697
1542,0.976709
1543,0.97502
1544,0.966819
1545,0.960563
1546,0.93339
1547,0.964735
1548,0.961909
1549,0.860249
1550,0.859711
1551,0.885153
1552,0.852412
1553,0.846233
1554,0.848326
1555,0.867428
1556,0.755392
1557,0.760646
1558,0.78506
1559,0.775167
1560,0.682397
1561,0.632795
1562,0.617324
1563,0.583264
1564,0.666569
1565,0.706472
1566,0.608035
1567,0.625821
1568,0.61787
1569,0.566514
1570,0.556941
1571,0.562288
1572,0.56508
1573,0.862632
1574,0.839786
1575,0.892137
1576,0.669517
1577,0.604238
1578,0.650675
1579,0.466931
1580,0.49347
1581,0.528272
1582,0.538832
1583,0.539853
1584,0.577687
1585,0.570907
1586,0.633295
1587,0.575853
1588,0.841388
1589,0.98787
1590,0.760215
1591,0.227099
1592,0.239301
1593,0.267487
1594,0.311702
1595,0.32353
1596,0.416837
1597,0.293681
1598,0.427723
1599,0.392496
1600,0.413011
1601,0.415835
1602,0.473979
1603,0.375716
1604,0.283318
1605,0.623607
1606,0.526445
1607,0.523328
1608,0.317128
1609,0.512482
1610,0.502445
1611,0.417302
1612,0.416816
1613,0.388064
1614,0.359081
1615,0.441927
1616,0.483087
1617,0.358206
1618,0.372585
1619,0.333628
1620,0.233789
1621,0.225589
1622,0.225357
1623,0.222575
1624,0.231632
1625,0.21843
1626,0.248726
1627,0.252231
1628,0.247447
1629,0.280188
1630,0.231799
1631,0.179849
1632,0.193499
1633,0.184566
1634,0.277413
1635,0.187013
1636,0.278415
1637,0.161479
1638,0.202469
1639,0.282874
1640,0.284356
1641,0.469132
1642,0.835737
1643,0.975886
1644,0.983362
1645,0.978674
1646,0.980399
1647,0.948351
1648,0.953612
1649,0.970987
1650,0.970415
1651,0.962935
1652,0.974174
1653,0.922394
1654,0.43458
1655,0.210401
1656,0.239985
1657,0.237102
1658,0.195935
1659,0.143953
1660,0.178645
1661,0.190327
1662,0.157635
1663,0.174577
1664,0.133989
1665,0.149679
1666,0.140454
1667,0.121081
1668,0.126302
1669,0.161039
1670,0.162493
1671,0.14926
1672,0.146566
1673,0.106854
1674,0.103394
1675,0.111422
1676,0.125621
1677,0.122737
1678,0.10844
1679,0.131021
1680,0.12899
1681,0.363644
1682,0.95145
1683,0.989307
1684,0.989859
1685,0.988871
1686,0.979169
1687,0.986534
1688,0.984755
1689,0.985473
1690,0.984552
1691,0.981808
1692,0.981373
1693,0.982084
1694,0.980503
1695,0.980127
1696,0.97986
1697,0.983393
1698,0.9814
1699,0.990618
1700,0.590447
1701,0.217555
1702,0.161141
1703,0.116264
1704,0.120328
1705,0.093063
1706,0.100924
1707,0.100211
1708,0.094281
1709,0.098004
1710,0.107838
1711,0.09273
1712,0.094213
1713,0.088612
1714,0.086452
1715,0.080093
1716,0.089783
1717,0.111463
1718,0.121465
1719,0.121526
1720,0.348331
1721,0.974287
1722,0.959551
1723,0.956451
1724,0.948704
1725,0.955291
1726,0.944796
1727,0.943962
1728,0.951284
1729,0.956066
1730,0.962699
1731,0.965973
1732,0.964184
1733,0.954422
1734,0.962555
1735,0.964875
1736,0.964852
1737,0.962125
1738,0.955847
1739,0.946189
1740,0.979726
1741,0.98175
1742,0.970381
1743,0.977855
1744,0.982129
1745,0.962529
1746,0.963358
1747,0.979484
1748,0.980313
1749,0.970051
1750,0.976549
1751,0.979785
1752,0.980338
1753,0.984387
1754,0.984484
1755,0.987004
1756,0.985987
1757,0.982622
1758,0.985179
1759,0.984079
1760,0.969965
1761,0.979914
1762,0.985962
1763,0.992374
1764,0.994487
1765,0.981878
1766,0.97961
1767,0.979972
1768,0.982407
1769,0.987059
1770,0.989022
1771,0.986097
1772,0.986231
1773,0.987272
1774,0.989235
1775,0.989502
1776,0.992905
1777,0.993525
1778,0.992991
1779,0.99338
1780,0.993118
1781,0.991769
1782,0.992237
1783,0.992053
1784,0.994038
1785,0.994007
1786,0.994378
1787,0.993582
1788,0.9927
1789,0.970197
1790,0.967837
1791,0.965779
1792,0.96088
1793,0.973035
1794,0.970926
1795,0.973568
1796,0.97634
1797,0.975702
1798,0.9735
1799,0.976099
1800,0.979798
1801,0.969766
1802,0.967562
1803,0.959874
1804,0.961278
1805,0.964673
1806,0.961528
1807,0.958034
1808,0.959748
1809,0.955502
1810,0.963708
1811,0.956441
1812,0.956426
1813,0.979683
1814,0.975973
1815,0.975351
1816,0.98146
1817,0.980915
1818,0.980263
1819,0.984946
1820,0.982842
1821,0.979762
1822,0.972985
1823,0.973357
1824,0.973555
1825,0.974112
1826,0.971729
1827,0.963581
1828,0.964492
1829,0.967396
1830,0.975961
1831,0.975519
1832,0.977959
1833,0.964893
1834,0.964699
1835,0.959638
1836,0.962866
1837,0.969481
1838,0.973825
1839,0.974932
1840,0.96464
1841,0.972356
1842,0.974147
1843,0.973521
1844,0.975995
1845,0.978885
1846,0.939891
1847,0.3286
1848,0.200262
1849,0.191108
1850,0.190478
1851,0.227228
1852,0.152444
1853,0.201374
1854,0.150104
1855,0.116316
1856,0.135558
1857,0.112261
1858,0.110259
1859,0.103662
1860,0.105238
1861,0.116297
1862,0.177523
1863,0.141959
1864,0.132799
1865,0.163487
1866,0.184806
1867,0.262933
1868,0.287972
1869,0.232913
1870,0.211634
1871,0.209706
1872,0.277162
1873,0.313649
1874,0.297693
1875,0.313741
1876,0.252863
1877,0.244074
1878,0.244496
1879,0.232186
1880,0.242685
1881,0.233273
1882,0.23207
1883,0.208913
1884,0.219972
1885,0.217391
1886,0.354164
1887,0.984325
1888,0.979005
1889,0.861371
1890,0.838665
1891,0.769057
1892,0.770917
1893,0.788954
1894,0.831541
1895,0.86193
1896,0.977219
1897,0.413763
1898,0.353064
1899,0.305426
1900,0.296156
1901,0.357024
1902,0.391999
1903,0.400192
1904,0.333275
1905,0.334857
1906,0.317151
1907,0.328164
1908,0.392791
1909,0.21012
1910,0.201112
1911,0.203354
1912,0.20984
1913,0.224575
1914,0.229418
1915,0.221823
1916,0.206911
1917,0.210132
1918,0.217463
1919,0.217775
1920,0.217685
1921,0.247642
1922,0.202672
1923,0.225187
1924,0.255301
1925,0.262167
1926,0.253686
1927,0.307043
1928,0.313858
1929,0.311994
1930,0.353075
1931,0.342961
1932,0.266089
1933,0.272397
1934,0.273964
1935,0.281887
1936,0.25442
1937,0.217056
1938,0.236449
1939,0.242979
1940,0.942785
1941,0.977754
1942,0.968463
1943,0.973521
1944,0.95136
1945,0.946889
1946,0.948051
1947,0.97524
1948,0.957609
1949,0.947632
1950,0.962333
1951,0.986805
1952,0.964577
1953,0.438415
1954,0.237288
1955,0.258659
1956,0.197359
1957,0.160797
1958,0.138109
1959,0.129943
1960,0.130652
1961,0.121093
1962,0.12816
1963,0.127189
1964,0.113653
1965,0.105441
1966,0.119226
1967,0.123823
1968,0.136715
1969,0.195637
1970,0.207753
1971,0.276577
1972,0.840635
1973,0.608755
1974,0.933697
1975,0.987062
1976,0.984418
1977,0.97929
1978,0.970611
1979,0.966861
1980,0.970446
1981,0.971211
1982,0.979405
1983,0.979097
1984,0.977004
1985,0.976462
1986,0.976287
1987,0.97594
1988,0.976278
1989,0.968698
1990,0.967429
1991,0.974457
1992,0.969614
1993,0.955848
1994,0.96231
1995,0.961782
1996,0.963363
1997,0.959968
1998,0.966716
1999,0.97044
2000,0.975832
2001,0.972139
2002,0.972869
2003,0.966144
2004,0.9684
2005,0.961874
2006,0.979192
2007,0.715598
2008,0.115994
2009,0.123562
2010,0.129989
2011,0.120182
2012,0.12483
2013,0.13271
2014,0.126089
2015,0.121254
2016,0.117183
2017,0.125841
2018,0.141593
2019,0.132555
2020,0.134857
2021,0.163706
2022,0.146765
2023,0.103797
2024,0.098399
2025,0.071921
2026,0.060348
2027,0.0523
2028,0.060489
2029,0.049905
2030,0.049062
2031,0.042005
2032,0.079398
2033,0.622797
2034,0.729019
2035,0.72621
2036,0.697404
2037,0.639311
2038,0.618423
2039,0.387215
2040,0.341742
2041,0.283872
2042,0.252126
2043,0.24781
2044,0.180995
2045,0.174007
2046,0.222378
2047,0.199533
2048,0.236901
2049,0.110208
2050,0.097621
2051,0.079975
2052,0.067817
2053,0.065794
2054,0.070625
2055,0.0809
2056,0.089813
2057,0.102882
2058,0.105397
2059,0.12659
2060,0.131762
2061,0.121653
2062,0.135493
2063,0.14916
2064,0.198015
2065,0.181027
2066,0.186001
2067,0.203666
2068,0.239437
2069,0.439809
2070,0.977608
2071,0.972901
2072,0.982672
2073,0.956747
2074,0.917956
2075,0.9232
2076,0.870878
2077,0.824557
2078,0.811981
2079,0.797819
2080,0.89829
2081,0.872724
2082,0.843802
2083,0.839894
2084,0.823294
2085,0.74294
2086,0.752718
2087,0.753017
2088,0.781001
2089,0.585761
2090,0.606808
2091,0.617618
2092,0.38637
2093,0.577018
2094,0.605331
2095,0.293062
2096,0.268167
2097,0.29075
2098,0.390098
2099,0.351183
2100,0.344567
2101,0.582832
2102,0.338111
2103,0.312463
2104,0.519507
2105,0.293305
2106,0.295738
2107,0.31887
2108,0.328235
2109,0.383325
2110,0.377269
2111,0.364788
2112,0.418418
2113,0.255839
2114,0.301569
2115,0.246195
2116,0.269033
2117,0.286496
2118,0.3339
2119,0.331218
2120,0.291626
2121,0.28521
2122,0.314639
2123,0.281556
2124,0.282717
2125,0.382278
2126,0.509947
2127,0.440095
2128,0.622755
2129,0.556141
2130,0.518005
2131,0.497103
2132,0.508421
2133,0.545107
2134,0.567304
2135,0.595664
2136,0.59444
2137,0.631855
2138,0.858428
2139,0.864108
2140,0.897142
2141,0.845232
2142,0.84847
2143,0.935192
2144,0.897216
2145,0.952084
2146,0.973689
2147,0.934814
2148,0.867327
2149,0.965185
2150,0.97496
2151,0.977288
2152,0.970725
2153,0.991222
2154,0.989923
2155,0.987879
2156,0.993455
2157,0.988544
2158,0.98631
2159,0.986362
2160,0.991463
2161,0.993419
2162,0.994605
2163,0.99138
2164,0.970994
2165,0.976911
2166,0.979452
2167,0.986269
2168,0.985467
2169,0.982273
2170,0.988637
2171,0.991016
2172,0.992763
2173,0.990279
2174,0.991335
2175,0.988225
2176,0.994788
2177,0.986735
2178,0.987706
2179,0.989539
2180,0.991899
2181,0.99042
2182,0.989845
2183,0.989776
2184,0.98735
2185,0.988741
2186,0.989484
2187,0.989079
2188,0.981456
2189,0.991376
2190,0.980232
2191,0.982195
2192,0.98197
2193,0.981219
2194,0.982235
2195,0.981549
2196,0.978715
2197,0.965647
2198,0.968911
2199,0.965266
2200,0.9649
2201,0.968426
2202,0.987619
2203,0.960946
2204,0.961002
2205,0.981911
2206,0.962616
2207,0.962472
2208,0.987182
2209,0.985082
2210,0.969118
2211,0.967423
2212,0.970826
2213,0.961865
2214,0.964744
2215,0.969914
2216,0.969487
2217,0.952369
2218,0.964046
2219,0.993453
2220,0.993615
2221,0.994842
2222,0.995183
2223,0.996226
2224,0.996159
2225,0.996245
2226,0.996692
2227,0.996307
2228,0.996492
2229,0.996653
2230,0.996364
2231,0.99634
2232,0.99654
2233,0.987351
2234,0.985852
2235,0.989779
2236,0.98755
2237,0.986247
2238,0.992567
2239,0.919778
2240,0.863087
2241,0.854358
2242,0.711594
2243,0.670539
2244,0.191836
2245,0.156205
2246,0.13848
2247,0.107075
2248,0.146154
2249,0.169253
2250,0.232141
2251,0.246099
2252,0.214449
2253,0.224494
2254,0.210289
2255,0.213026
2256,0.205885
2257,0.184588
2258,0.189708
2259,0.21266
2260,0.24462
2261,0.215582
2262,0.311413
2263,0.294442
2264,0.38052
2265,0.854494
2266,0.987351
2267,0.978434
2268,0.979901
2269,0.982148
2270,0.985331
2271,0.982659
2272,0.979089
2273,0.973905
2274,0.990488
2275,0.918777
2276,0.301373
2277,0.145997
2278,0.163697
2279,0.138065
2280,0.160319
2281,0.169141
2282,0.171388
2283,0.146782
2284,0.16637
2285,0.162516
2286,0.165022
2287,0.133682
2288,0.136768
2289,0.171369
2290,0.150326
2291,0.160483
2292,0.182036
2293,0.148099
2294,0.112235
2295,0.139842
2296,0.177039
2297,0.173683
2298,0.173797
2299,0.177516
2300,0.197796
2301,0.203966
2302,0.23724
2303,0.240619
2304,0.222652
2305,0.0432
2306,0.011649
2307,0.08518
2308,0.226653
2309,0.156295
2310,0.364637
2311,0.320136
2312,0.275966
2313,0.327664
2314,0.274334
2315,0.284494
2316,0.290942
2317,0.216523
2318,0.223955
2319,0.239748
2320,0.229834
2321,0.207487
2322,0.253883
2323,0.201299
2324,0.252582
2325,0.300699
2326,0.312064
2327,0.264972
2328,0.236672
2329,0.246777
2330,0.247005
2331,0.307519
2332,0.341396
2333,0.358865
2334,0.376887
2335,0.388643
2336,0.355005
2337,0.33969
2338,0.325085
2339,0.32318
2340,0.305891
2341,0.370135
2342,0.350307
2343,0.346171
2344,0.349106
2345,0.345124
2346,0.333078
2347,0.27996
2348,0.266348
2349,0.245523
2350,0.244121
2351,0.237461
2352,0.203567
2353,0.132463
2354,0.160366
2355,0.196258
2356,0.165222
2357,0.170518
2358,0.156989
2359,0.143865
2360,0.134936
2361,0.123305
2362,0.110486
2363,0.072441
2364,0.080108
2365,0.262659
2366,0.297304
2367,0.254927
2368,0.29209
2369,0.236164
2370,0.238902
2371,0.265755
2372,0.279444
2373,0.239568
2374,0.214268
2375,0.215339
2376,0.230437
2377,0.184184
2378,0.179823
2379,0.182835
2380,0.139506
2381,0.138239
2382,0.132669
2383,0.147048
2384,0.133448
2385,0.112462
2386,0.158992
2387,0.182708
2388,0.175224
2389,0.190749
2390,0.217007
2391,0.209548
2392,0.168301
2393,0.196272
2394,0.292202
2395,0.36661
2396,0.446214
2397,0.370243
2398,0.374601
2399,0.383854
2400,0.354744
2401,0.350218
2402,0.337839
2403,0.355048
2404,0.374328
2405,0.363582
2406,0.385397
2407,0.34031
2408,0.329573
2409,0.336267
2410,0.326908
2411,0.328144
2412,0.333602
2413,0.290361
2414,0.249343
2415,0.231234
2416,0.23455
2417,0.20992
2418,0.218048
2419,0.211357
2420,0.203203
2421,0.25131
2422,0.804811
2423,0.971647
2424,0.980674
2425,0.989576
2426,0.990564
2427,0.988573
2428,0.987032
2429,0.334882
2430,0.239394
2431,0.200146
2432,0.230819
2433,0.23326
2434,0.260846
2435,0.225328
2436,0.255878
2437,0.284715
2438,0.229175
2439,0.20774
2440,0.214087
2441,0.246422
2442,0.248067
2443,0.270011
2444,0.210955
2445,0.225772
2446,0.231079
2447,0.777151
2448,0.969909
2449,0.966032
2450,0.984137
2451,0.986944
2452,0.988253
2453,0.986315
2454,0.987349
2455,0.986471
2456,0.987558
2457,0.877335
2458,0.637994
2459,0.780426
2460,0.920944
2461,0.940948
2462,0.965252
2463,0.953686
2464,0.95339
2465,0.939948
2466,0.93441
2467,0.950238
2468,0.952198
2469,0.945267
2470,0.957433
2471,0.957718
2472,0.965015
2473,0.943846
2474,0.971448
2475,0.963727
2476,0.968769
2477,0.972871
2478,0.974416
2479,0.974338
2480,0.975516
2481,0.975192
2482,0.973219
2483,0.979262
2484,0.979174
2485,0.969112
2486,0.96871
2487,0.966844
2488,0.967098
2489,0.96547
2490,0.966168
2491,0.966646
2492,0.959578
2493,0.96353
2494,0.95977
2495,0.9582
2496,0.954313
2497,0.962277
2498,0.957292
2499,0.958639
2500,0.952893
2501,0.95509
2502,0.944636
2503,0.943632
2504,0.947579
2505,0.946963
2506,0.941788
2507,0.939916
2508,0.945945
2509,0.960033
2510,0.802293
2511,0.218229
2512,0.192434
2513,0.15672
2514,0.164479
2515,0.146035
2516,0.168822
2517,0.164919
2518,0.189389
2519,0.158839
2520,0.156855
2521,0.115401
2522,0.125645
2523,0.133743
2524,0.131991
2525,0.121001
2526,0.095479
2527,0.099087
2528,0.116183
2529,0.120503
2530,0.123725
2531,0.107181
2532,0.120311
2533,0.168128
2534,0.189353
2535,0.396249
2536,0.214912
2537,0.8974
2538,0.986765
2539,0.985366
2540,0.986819
2541,0.978322
2542,0.979446
2543,0.977758
2544,0.980728
2545,0.973619
2546,0.977119
2547,0.980468
2548,0.982547
2549,0.977682
2550,0.588922
2551,0.200907
2552,0.161604
2553,0.176622
2554,0.185435
2555,0.195277
2556,0.203597
2557,0.174835
2558,0.185892
2559,0.169818
2560,0.198687
2561,0.173125
2562,0.157677
2563,0.110765
2564,0.092925
2565,0.092509
2566,0.135073
2567,0.145119
2568,0.136067
2569,0.093187
2570,0.093795
2571,0.100123
2572,0.106286
2573,0.091901
2574,0.095588
2575,0.101055
2576,0.104027
2577,0.092937
2578,0.092871
2579,0.110575
2580,0.1135
2581,0.125763
2582,0.118145
2583,0.118522
2584,0.135387
2585,0.144493
2586,0.1603
2587,0.163072
2588,0.167055
2589,0.151494
2590,0.157261
2591,0.191804
2592,0.237996
2593,0.246318
2594,0.23978
2595,0.236795
2596,0.305249
2597,0.712364
2598,0.955849
2599,0.982791
2600,0.976772
2601,0.982542
2602,0.981334
2603,0.888672
2604,0.252517
2605,0.208769
2606,0.238966
2607,0.234132
2608,0.186186
2609,0.195553
2610,0.209934
2611,0.221851
2612,0.225924
2613,0.194776
2614,0.211554
2615,0.141446
2616,0.153983
2617,0.10978
2618,0.124076
2619,0.129947
2620,0.144472
2621,0.139207
2622,0.126581
2623,0.153229
2624,0.18776
2625,0.165279
2626,0.172275
2627,0.164588
2628,0.137883
2629,0.140713
2630,0.134062
2631,0.128946
2632,0.129743
2633,0.118907
2634,0.166694
2635,0.143162
2636,0.124671
2637,0.185386
2638,0.208292
2639,0.264525
2640,0.260788
2641,0.21649
2642,0.217059
2643,0.208635
2644,0.212327
2645,0.201135
2646,0.20572
2647,0.221798
2648,0.202418
2649,0.155881
2650,0.201868
2651,0.200407
2652,0.226129
2653,0.147359
2654,0.146805
2655,0.128178
2656,0.142339
2657,0.193537
2658,0.88043
2659,0.974322
2660,0.979633
2661,0.98301
2662,0.98555
2663,0.984774
2664,0.982051
2665,0.974839
2666,0.983682
2667,0.980181
2668,0.979439
2669,0.980165
2670,0.975721
2671,0.964265
2672,0.978828
2673,0.957909
2674,0.9713
2675,0.981291
2676,0.986874
2677,0.983463
2678,0.988005
2679,0.984398
2680,0.990334
2681,0.991685
2682,0.992093
2683,0.973476
2684,0.590689
2685,0.433537
2686,0.307312
2687,0.271455
2688,0.221044
2689,0.208954
2690,0.396778
2691,0.341198
2692,0.276204
2693,0.211552
2694,0.249946
2695,0.230874
2696,0.266027
2697,0.240462
2698,0.275148
2699,0.211448
2700,0.258899
2701,0.319169
2702,0.43705
2703,0.879966
2704,0.982098
2705,0.979333
2706,0.982488
2707,0.97348
2708,0.970099
2709,0.971166
2710,0.968617
2711,0.972167
2712,0.977176
2713,0.978643
2714,0.979702
2715,0.98012
2716,0.978995
2717,0.977249
2718,0.980912
2719,0.972776
2720,0.961964
2721,0.96953
2722,0.96998
2723,0.967118
2724,0.97244
2725,0.954051
2726,0.966324
2727,0.962016
2728,0.93334
2729,0.96136
2730,0.902
2731,0.960754
2732,0.856095
2733,0.862455
2734,0.841126
2735,0.74223
2736,0.942317
2737,0.939225
2738,0.933522
2739,0.933741
2740,0.917614
2741,0.779428
2742,0.760134
2743,0.715348
2744,0.691278
2745,0.690077
2746,0.739683
2747,0.678046
2748,0.638315
2749,0.632955
2750,0.697873
2751,0.661666
2752,0.634712
2753,0.636534
2754,0.522234
2755,0.490601
2756,0.530145
2757,0.53467
2758,0.60211
2759,0.686941
2760,0.616702
2761,0.491187
2762,0.530673
2763,0.551162
2764,0.544536
2765,0.630901
2766,0.952549
2767,0.609359
2768,0.954678
2769,0.958566
2770,0.379979
2771,0.364301
2772,0.627515
2773,0.208789
2774,0.284019
2775,0.305527
2776,0.34515
2777,0.334149
2778,0.333461
2779,0.420089
2780,0.47153
2781,0.531704
2782,0.552352
2783,0.903357
2784,0.887968
2785,0.804862
2786,0.790285
2787,0.820415
2788,0.834018
2789,0.836402
2790,0.880763
2791,0.920312
2792,0.918323
2793,0.904645
2794,0.900999
2795,0.870066
2796,0.887358
2797,0.843031
2798,0.84224
2799,0.835421
2800,0.826691
2801,0.883213
2802,0.822861
2803,0.84388
2804,0.890636
2805,0.885902
2806,0.892797
2807,0.880056
2808,0.886632
2809,0.854447
2810,0.976401
2811,0.883469
2812,0.37425
2813,0.27394
2814,0.249567
2815,0.220736
2816,0.229998
2817,0.241408
2818,0.218974
2819,0.213601
2820,0.225381
2821,0.239833
2822,0.229479
2823,0.249609
2824,0.251962
2825,0.311449
2826,0.404754
2827,0.720494
2828,0.983018
2829,0.98807
2830,0.990748
2831,0.991793
2832,0.893428
2833,0.883033
2834,0.931835
2835,0.918863
2836,0.944729
2837,0.924399
2838,0.907709
2839,0.862746
2840,0.931533
2841,0.89076
2842,0.922171
2843,0.980669
2844,0.525279
2845,0.258735
2846,0.316983
2847,0.267188
2848,0.266237
2849,0.234368
2850,0.279117
2851,0.261612
2852,0.252212
2853,0.246229
2854,0.21162
2855,0.218218
2856,0.22301
2857,0.266542
2858,0.226786
2859,0.243117
2860,0.235524
2861,0.197968
2862,0.219547
2863,0.176601
2864,0.184689
2865,0.149057
2866,0.165672
2867,0.16244
2868,0.190092
2869,0.161917
2870,0.144078
2871,0.15144
2872,0.169208
2873,0.163493
2874,0.168149
2875,0.16879
2876,0.177951
2877,0.172284
2878,0.183052
2879,0.172013
2880,0.1676
2881,0.085917
2882,0.099291
2883,0.134143
2884,0.137112
2885,0.154764
2886,0.22957
2887,0.034533
2888,0.076916
2889,0.221321
2890,0.267142
2891,0.334629
2892,0.476771
2893,0.479661
2894,0.559338
2895,0.527145
2896,0.576644
2897,0.567539
2898,0.531208
2899,0.523193
2900,0.342731
2901,0.473271
2902,0.377311
2903,0.35945
2904,0.360863
2905,0.300994
2906,0.32117
2907,0.327837
2908,0.332383
2909,0.332559
2910,0.31077
2911,0.347927
2912,0.331203
2913,0.277335
2914,0.277477
2915,0.269626
2916,0.245665
2917,0.228777
2918,0.238543
2919,0.220187
2920,0.165875
2921,0.241365
2922,0.226296
2923,0.219431
2924,0.176904
2925,0.184566
2926,0.398312
2927,0.92842
2928,0.992105
2929,0.990049
2930,0.992057
2931,0.988662
2932,0.987326
2933,0.985809
2934,0.985333
2935,0.98129
2936,0.989113
2937,0.985367
2938,0.980761
2939,0.979451
2940,0.981598
2941,0.986629
2942,0.98509
2943,0.985941
2944,0.987669
2945,0.983074
2946,0.979668
2947,0.984386
2948,0.985021
2949,0.987358
2950,0.989064
2951,0.984249
2952,0.974526
2953,0.965678
2954,0.815894
2955,0.902951
2956,0.948559
2957,0.979587
2958,0.983885
2959,0.97292
2960,0.982732
2961,0.983111
2962,0.980131
2963,0.974315
2964,0.978851
2965,0.960518
2966,0.964188
2967,0.960102
2968,0.908806
2969,0.92626
2970,0.955876
2971,0.89838
2972,0.919386
2973,0.924209
2974,0.955331
2975,0.902498
2976,0.877665
2977,0.90046
2978,0.98154
2979,0.970401
2980,0.974108
2981,0.979544
2982,0.933092
2983,0.961478
2984,0.948066
2985,0.944918
2986,0.951552
2987,0.957343
2988,0.942935
2989,0.884719
2990,0.900898
2991,0.911915
2992,0.907149
2993,0.941758
2994,0.946156
2995,0.935826
2996,0.940023
2997,0.959473
2998,0.950685
2999,0.93964
3000,0.938182
3001,0.960976
3002,0.964499
3003,0.962751
3004,0.946111
3005,0.968322
3006,0.939398
3007,0.929119
3008,0.911294
3009,0.889784
3010,0.889932
3011,0.906794
3012,0.938213
3013,0.882638
3014,0.868572
3015,0.840123
3016,0.849248
3017,0.845421
3018,0.924379
3019,0.919844
3020,0.89949
3021,0.93022
3022,0.940032
3023,0.945648
3024,0.933787
3025,0.939979
3026,0.942729
3027,0.959309
3028,0.960814
3029,0.945603
3030,0.952733
3031,0.875949
3032,0.851901
3033,0.918954
3034,0.895073
3035,0.928742
3036,0.936907
3037,0.603254
3038,0.574995
3039,0.603691
3040,0.559439
3041,0.458865
3042,0.43593
3043,0.421369
3044,0.431738
3045,0.408395
3046,0.430109
3047,0.548408
3048,0.614656
3049,0.698776
3050,0.662179
3051,0.713528
3052,0.707042
3053,0.726928
3054,0.747124
3055,0.833521
3056,0.833933
3057,0.802042
3058,0.825975
3059,0.853389
3060,0.845804
3061,0.801435
3062,0.81479
3063,0.814562
3064,0.821693
3065,0.831547
3066,0.831313
3067,0.841045
3068,0.750009
3069,0.834603
3070,0.843001
3071,0.87359
3072,0.860777
3073,0.883238
3074,0.876676
3075,0.882074
3076,0.877747
3077,0.897893
3078,0.827635
3079,0.857528
3080,0.838976
3081,0.87684
3082,0.985769
3083,0.639059
3084,0.453184
3085,0.359545
3086,0.392792
3087,0.313164
3088,0.302928
3089,0.274344
3090,0.166564
3091,0.338957
3092,0.337077
3093,0.27046
3094,0.274854
3095,0.272851
3096,0.243383
3097,0.125571
3098,0.131255
3099,0.102353
3100,0.141871
3101,0.131689
3102,0.113555
3103,0.145296
3104,0.295155
3105,0.341526
3106,0.36903
3107,0.279795
3108,0.277178
3109,0.319959
3110,0.421377
3111,0.381415
3112,0.44645
3113,0.394371
3114,0.47322
3115,0.439749
3116,0.423883
3117,0.456285
3118,0.416649
3119,0.323975
3120,0.343007
3121,0.346531
3122,0.313638
3123,0.253516
3124,0.262721
3125,0.248554
3126,0.299697
3127,0.226266
3128,0.261393
3129,0.93626
3130,0.9884
3131,0.993004
3132,0.992649
3133,0.989688
3134,0.984036
3135,0.983172
3136,0.985922
3137,0.980626
3138,0.986502
3139,0.990186
3140,0.987622
3141,0.989852
3142,0.990902
3143,0.993325
3144,0.931097
3145,0.347766
3146,0.27769
3147,0.266718
3148,0.294669
3149,0.394501
3150,0.293589
3151,0.316766
3152,0.297677
3153,0.3164
3154,0.243349
3155,0.274917
3156,0.32553
3157,0.309053
3158,0.323261
3159,0.333464
3160,0.564046
3161,0.525589
3162,0.560578
3163,0.520304
3164,0.420698
3165,0.492046
3166,0.442351
3167,0.168038
3168,0.171244
3169,0.104327
3170,0.108464
3171,0.0988
3172,0.093096
3173,0.090263
3174,0.113573
3175,0.098551
3176,0.105536
3177,0.078005
3178,0.0608
3179,0.054522
3180,0.060521
3181,0.060167
3182,0.052492
3183,0.048139
3184,0.052433
3185,0.052108
3186,0.056871
3187,0.060403
3188,0.055473
3189,0.061816
3190,0.092113
3191,0.151995
3192,0.129304
3193,0.167221
3194,0.863919
3195,0.986572
3196,0.987877
3197,0.979722
3198,0.980763
3199,0.980449
3200,0.97835
3201,0.983144
3202,0.984607
3203,0.983365
3204,0.988924
3205,0.941737
3206,0.168802
3207,0.098244
3208,0.145225
3209,0.142996
3210,0.144292
3211,0.186648
3212,0.16648
3213,0.175992
3214,0.252312
3215,0.178987
3216,0.216431
3217,0.133133
3218,0.123483
3219,0.098751
3220,0.081439
3221,0.077841
3222,0.076814
3223,0.130058
3224,0.003328
3225,0.002346
3226,0.00522
3227,0.452817
3228,0.615052
3229,0.23532
3230,0.343775
3231,0.312786
3232,0.453339
3233,0.395346
3234,0.525443
3235,0.513412
3236,0.743179
3237,0.970983
3238,0.992024
3239,0.992038
3240,0.991846
3241,0.987153
3242,0.988366
3243,0.978385
3244,0.980028
3245,0.978421
3246,0.979827
3247,0.964413
3248,0.516219
3249,0.369749
3250,0.37453
3251,0.512738
3252,0.625215
3253,0.562268
3254,0.490108
3255,0.457974
3256,0.476453
3257,0.314428
3258,0.329035
3259,0.2646
3260,0.238184
3261,0.235069
3262,0.175545
3263,0.169825
3264,0.190553
3265,0.187097
3266,0.197266
3267,0.173394
3268,0.125017
3269,0.132803
3270,0.185786
3271,0.186856
3272,0.1717
3273,0.174299
3274,0.177701
3275,0.189618
3276,0.194342
3277,0.292687
3278,0.315572
3279,0.330523
3280,0.392702
3281,0.336241
3282,0.348897
3283,0.33861
3284,0.308794
3285,0.458427
3286,0.330226
3287,0.259596
3288,0.326521
3289,0.302916
3290,0.318128
3291,0.188067
3292,0.205713
3293,0.305051
3294,0.209928
3295,0.308047
3296,0.322451
3297,0.313499
3298,0.431548
3299,0.398092
3300,0.510973
3301,0.302027
3302,0.894795
3303,0.916752
3304,0.983713
3305,0.977491
3306,0.966769
3307,0.94126
3308,0.969458
3309,0.9577
3310,0.969202
3311,0.975733
3312,0.935508
3313,0.794497
3314,0.8105
3315,0.819937
3316,0.699364
3317,0.83632
3318,0.834228
3319,0.797797
3320,0.762047
3321,0.736796
3322,0.738341
3323,0.792969
3324,0.855587
3325,0.633871
3326,0.615231
3327,0.724916
3328,0.662204
3329,0.713252
3330,0.733045
3331,0.696569
3332,0.801881
3333,0.828357
3334,0.921288
3335,0.915993
3336,0.948409
3337,0.949953
3338,0.934825
3339,0.970126
3340,0.978782
3341,0.97869
3342,0.977785
3343,0.978954
3344,0.983756
3345,0.978272
3346,0.982268
3347,0.980778
3348,0.974475
3349,0.980869
3350,0.981094
3351,0.983123
3352,0.982312
3353,0.985125
3354,0.982049
3355,0.978357
3356,0.96595
3357,0.978876
3358,0.978158
3359,0.976126
3360,0.977379
3361,0.980062
3362,0.988669
3363,0.983518
3364,0.985035
3365,0.98766
3366,0.985439
3367,0.98664
3368,0.982344
3369,0.98249
3370,0.986318
3371,0.984896
3372,0.985979
3373,0.976636
3374,0.978914
3375,0.981043
3376,0.981347
3377,0.979037
3378,0.979013
3379,0.976712
3380,0.97861
3381,0.982069
3382,0.989045
3383,0.987298
3384,0.987573
3385,0.982057
3386,0.980554
3387,0.979153
3388,0.986309
3389,0.987228
3390,0.985391
3391,0.985309
3392,0.988351
3393,0.988321
3394,0.986408
3395,0.986523
3396,0.984812
3397,0.984681
3398,0.983576
3399,0.98117
3400,0.979742
3401,0.984541
3402,0.985346
3403,0.985157
3404,0.981984
3405,0.97669
3406,0.982212
3407,0.978465
3408,0.934137
3409,0.98548
3410,0.987126
3411,0.986966
3412,0.949117
3413,0.961587
3414,0.965639
3415,0.962546
3416,0.966596
3417,0.974296
3418,0.97993
3419,0.975488
3420,0.967999
3421,0.933707
3422,0.796772
3423,0.405909
3424,0.294018
3425,0.295242
3426,0.153346
3427,0.139875
3428,0.146915
3429,0.17498
3430,0.177642
3431,0.158764
3432,0.170299
3433,0.149073
3434,0.143419
3435,0.130823
3436,0.116775
3437,0.10248
3438,0.095357
3439,0.077949
3440,0.031334
3441,0.003989
3442,0.001124
3443,0.002063
3444,0.020237
3445,0.020266
3446,0.020307
3447,0.039484
3448,0.046678
3449,0.12399
3450,0.105588
3451,0.091728
3452,0.082887
3453,0.091112
3454,0.145616
3455,0.784408
3456,0.974033
3457,0.970623
3458,0.955546
3459,0.95848
3460,0.957455
3461,0.966996
3462,0.974391
3463,0.961343
3464,0.949259
3465,0.916972
3466,0.913421
3467,0.920351
3468,0.939686
3469,0.895922
3470,0.901317
3471,0.859908
3472,0.920601
3473,0.879637
3474,0.858456
3475,0.876468
3476,0.806261
3477,0.842921
3478,0.979466
3479,0.976853
3480,0.978891
3481,0.988989
3482,0.760821
3483,0.227693
3484,0.226675
3485,0.166907
3486,0.189406
3487,0.160692
3488,0.147621
3489,0.131638
3490,0.193146
3491,0.202145
3492,0.174615
3493,0.146231
3494,0.141814
3495,0.176294
3496,0.092559
3497,0.172726
3498,0.082986
3499,0.179848
3500,0.774645
3501,0.684301
3502,0.969465
3503,0.989822
3504,0.989517
3505,0.98904
3506,0.983083
3507,0.975551
3508,0.977682
3509,0.974858
3510,0.978454
3511,0.983696
3512,0.982489
3513,0.979839
3514,0.981981
3515,0.982473
3516,0.983527
3517,0.974235
3518,0.975483
3519,0.977228
3520,0.979298
3521,0.977938
3522,0.986556
3523,0.985979
3524,0.986783
3525,0.986873
3526,0.986005
3527,0.988279
3528,0.98872
3529,0.982358
3530,0.982544
3531,0.983772
3532,0.983443
3533,0.991777
3534,0.990696
3535,0.990365
3536,0.992806
3537,0.991158
3538,0.989422
3539,0.988593
3540,0.988995
3541,0.981332
3542,0.982212
3543,0.988314
3544,0.993783
3545,0.485053
3546,0.387359
3547,0.342123
3548,0.386248
3549,0.37589
3550,0.248023
3551,0.245148
3552,0.274986
3553,0.243052
3554,0.277115
3555,0.285384
3556,0.281171
3557,0.298528
3558,0.416948
3559,0.382861
3560,0.316553
3561,0.309665
3562,0.419537
3563,0.82828
3564,0.970395
3565,0.977796
3566,0.985115
3567,0.987434
3568,0.987432
3569,0.987382
3570,0.988112
3571,0.986664
3572,0.987768
3573,0.987022
3574,0.988164
3575,0.985321
3576,0.984792
3577,0.983973
3578,0.983609
3579,0.984272
3580,0.8793
3581,0.603627
3582,0.460807
3583,0.273724
3584,0.154842
3585,0.146225
3586,0.076581
3587,0.092867
3588,0.090421
3589,0.144476
3590,0.159391
3591,0.192232
3592,0.149795
3593,0.226715
3594,0.210248
3595,0.333561
3596,0.361924
3597,0.346859
3598,0.330758
3599,0.362292
3600,0.373941
3601,0.391331
3602,0.292811
3603,0.319861
3604,0.235233
3605,0.227178
3606,0.210843
3607,0.224766
3608,0.177109
3609,0.20715
3610,0.584787
3611,0.908608
3612,0.962016
3613,0.949383
3614,0.95221
3615,0.948682
3616,0.942367
3617,0.930564
3618,0.927939
3619,0.927227
3620,0.945182
3621,0.942669
3622,0.940551
3623,0.952516
3624,0.952029
3625,0.925065
3626,0.925563
3627,0.919719
3628,0.934047
3629,0.951471
3630,0.951811
3631,0.953683
3632,0.95461
3633,0.94687
3634,0.952605
3635,0.950879
3636,0.941663
3637,0.978444
3638,0.979848
3639,0.962723
3640,0.354853
3641,0.341959
3642,0.337447
3643,0.270948
3644,0.30589
3645,0.257611
3646,0.323235
3647,0.331465
3648,0.311587
3649,0.263638
3650,0.245504
3651,0.279273
3652,0.283514
3653,0.267797
3654,0.304874
3655,0.313093
3656,0.304066
3657,0.304232
3658,0.321712
3659,0.393356
3660,0.417998
3661,0.398834
3662,0.42623
3663,0.40081
3664,0.482663
3665,0.352652
3666,0.356156
3667,0.36298
3668,0.386066
3669,0.339179
3670,0.338606
3671,0.360877
3672,0.425993
3673,0.371499
3674,0.798286
3675,0.986062
3676,0.969435
3677,0.981857
3678,0.977563
3679,0.976168
3680,0.981963
3681,0.979844
3682,0.978761
3683,0.981823
3684,0.981421
3685,0.974778
3686,0.979442
3687,0.985529
3688,0.985422
3689,0.984232
3690,0.987169
3691,0.986788
3692,0.98528
3693,0.98025
3694,0.981262
3695,0.989614
3696,0.683407
3697,0.355508
3698,0.324492
3699,0.347972
3700,0.3182
3701,0.36751
3702,0.352688
3703,0.309431
3704,0.29389
3705,0.89882
3706,0.991096
3707,0.991922
3708,0.99045
3709,0.987882
3710,0.985791
3711,0.983347
3712,0.98478
3713,0.982952
3714,0.987627
3715,0.45363
3716,0.243137
3717,0.235252
3718,0.167592
3719,0.18836
3720,0.190904
3721,0.285427
3722,0.28965
3723,0.265215
3724,0.288157
3725,0.273399
3726,0.267952
3727,0.288226
3728,0.29084
3729,0.274341
3730,0.285623
3731,0.289343
3732,0.273677
3733,0.307889
3734,0.321536
3735,0.300173
3736,0.297485
3737,0.310393
3738,0.301687
3739,0.256533
3740,0.320854
3741,0.265022
3742,0.207108
3743,0.201853
3744,0.196079
3745,0.139554
3746,0.126533
3747,0.092012
3748,0.131877
3749,0.09525
3750,0.104489
3751,0.162059
3752,0.171537
3753,0.167147
3754,0.142828
3755,0.14084
3756,0.197053
3757,0.173721
3758,0.210288
3759,0.287402
3760,0.24489
3761,0.187807
3762,0.194539
3763,0.189164
3764,0.196829
3765,0.135714
3766,0.133989
3767,0.170044
3768,0.182298
3769,0.15527
3770,0.186947
3771,0.152689
3772,0.100868
3773,0.089713
3774,0.037383
3775,0.080369
3776,0.229277
3777,0.35763
3778,0.452845
3779,0.434858
3780,0.431001
3781,0.983294
3782,0.991807
3783,0.988572
3784,0.990705
3785,0.991758
3786,0.990928
3787,0.985902
3788,0.986929
3789,0.988269
3790,0.988079
3791,0.990287
3792,0.989092
3793,0.977484
3794,0.974189
3795,0.970758
3796,0.952542
3797,0.941062
3798,0.968185
3799,0.969966
3800,0.975106
3801,0.970241
3802,0.969885
3803,0.970161
3804,0.969074
3805,0.957826
3806,0.967537
3807,0.974536
3808,0.969895
3809,0.970878
3810,0.968975
3811,0.929588
3812,0.920143
3813,0.934087
3814,0.922821
3815,0.927374
3816,0.956867
3817,0.921544
3818,0.936555
3819,0.935832
3820,0.935597
3821,0.925846
3822,0.909929
3823,0.986584
3824,0.532197
3825,0.340034
3826,0.429822
3827,0.398811
3828,0.332559
3829,0.219556
3830,0.224843
3831,0.26896
3832,0.298498
3833,0.313671
3834,0.317387
3835,0.28278
3836,0.266435
3837,0.275283
3838,0.261007
3839,0.230375
3840,0.302145
3841,0.301275
3842,0.310307
3843,0.356136
3844,0.359425
3845,0.342747
3846,0.293927
3847,0.307177
3848,0.287558
3849,0.369101
3850,0.189542
3851,0.208735
3852,0.203858
3853,0.1391
3854,0.145899
3855,0.132632
3856,0.146182
3857,0.154718
3858,0.130713
3859,0.120487
3860,0.118827
3861,0.117082
3862,0.122273
3863,0.103538
3864,0.073268
3865,0.541656
3866,0.127223
3867,0.349674
3868,0.825894
3869,0.701955
3870,0.51197
3871,0.460098
3872,0.224611
3873,0.23621
3874,0.292079
3875,0.275786
3876,0.290392
3877,0.253373
3878,0.294737
3879,0.277212
3880,0.257447
3881,0.280085
3882,0.316813
3883,0.422434
3884,0.208095
3885,0.219085
3886,0.228388
3887,0.224303
3888,0.246786
3889,0.173925
3890,0.154171
3891,0.170415
3892,0.272328
3893,0.263829
3894,0.289817
3895,0.262874
3896,0.191011
3897,0.211948
3898,0.197443
3899,0.197778
3900,0.21844
3901,0.199766
3902,0.199315
3903,0.198718
3904,0.666546
3905,0.985998
3906,0.990107
3907,0.990656
3908,0.990204
3909,0.987309
3910,0.966643
3911,0.971549
3912,0.976399
3913,0.981366
3914,0.951019
3915,0.976824
3916,0.983239
3917,0.986077
3918,0.968935
3919,0.937832
3920,0.897523
3921,0.879497
3922,0.835026
3923,0.823017
3924,0.812263
3925,0.861062
3926,0.901813
3927,0.888692
3928,0.88283
3929,0.908402
3930,0.927457
3931,0.94402
3932,0.950675
3933,0.878559
3934,0.903886
3935,0.879486
3936,0.852997
3937,0.820215
3938,0.736517
3939,0.733519
3940,0.776435
3941,0.784028
3942,0.861357
3943,0.891638
3944,0.901597
3945,0.893937
3946,0.89606
3947,0.871269
3948,0.88038
3949,0.852913
3950,0.737591
3951,0.444847
3952,0.545382
3953,0.773672
3954,0.754701
3955,0.75869
3956,0.778586
3957,0.734994
3958,0.658575
3959,0.546657
3960,0.700201
3961,0.687907
3962,0.633118
3963,0.651862
3964,0.6823
3965,0.753073
3966,0.663094
3967,0.721527
3968,0.691082
3969,0.764706
3970,0.742213
3971,0.669138
3972,0.683555
3973,0.704658
3974,0.693648
3975,0.708108
3976,0.762615
3977,0.722796
3978,0.601056
3979,0.567931
3980,0.558461
3981,0.604662
3982,0.528946
3983,0.431028
3984,0.361843
3985,0.264581
3986,0.342635
3987,0.344977
3988,0.329383
3989,0.368909
3990,0.30417
3991,0.327527
3992,0.311138
3993,0.167786
3994,0.121923
3995,0.135015
3996,0.150743
3997,0.297444
3998,0.23686
3999,0.188913
4000,0.093578
4001,0.222258
4002,0.218539
4003,0.246083
4004,0.236814
4005,0.234211
4006,0.144376
4007,0.26418
4008,0.315235
4009,0.453651
4010,0.400181
4011,0.443489
4012,0.502455
4013,0.542694
4014,0.966856
4015,0.902403
4016,0.441297
4017,0.327542
4018,0.353429
4019,0.399731
4020,0.453567
4021,0.46321
4022,0.437466
4023,0.515434
4024,0.514165
4025,0.520082
4026,0.536446
4027,0.538331
4028,0.9004
4029,0.991893
4030,0.945152
4031,0.973719
4032,0.950351
4033,0.977247
4034,0.96225
4035,0.978804
4036,0.977766
4037,0.978137
4038,0.974645
4039,0.970027
4040,0.974915
4041,0.983501
4042,0.990702
4043,0.991625
4044,0.991648
4045,0.993789
4046,0.874805
4047,0.596085
4048,0.635063
4049,0.556778
4050,0.563944
4051,0.686347
4052,0.651526
4053,0.628411
4054,0.681371
4055,0.933689
4056,0.994083
4057,0.970435
4058,0.98278
4059,0.984143
4060,0.97743
4061,0.977009
4062,0.979139
4063,0.979712
4064,0.974067
4065,0.988512
4066,0.991443
4067,0.986121
4068,0.986782
4069,0.976784
4070,0.977134
4071,0.978375
4072,0.972667
4073,0.976812
4074,0.978993
4075,0.972611
4076,0.910814
4077,0.974261
4078,0.870337
4079,0.88105
4080,0.886866
4081,0.930788
4082,0.947228
4083,0.936896
4084,0.956298
4085,0.955236
4086,0.945057
4087,0.986562
4088,0.986371
4089,0.98273
4090,0.985917
4091,0.98469
4092,0.98344
4093,0.969806
4094,0.969628
4095,0.98095
4096,0.981968
4097,0.991315
4098,0.958599
4099,0.94161
4100,0.946867
4101,0.989302
4102,0.964011
4103,0.992537
4104,0.991879
4105,0.992555
4106,0.976013
4107,0.97087
4108,0.960726
4109,0.98947
4110,0.990095
4111,0.990231
4112,0.989671
4113,0.990244
4114,0.989779
4115,0.984584
4116,0.984165
4117,0.989191
4118,0.987353
4119,0.987341
4120,0.98725
4121,0.986165
4122,0.988835
4123,0.99067
4124,0.992785
4125,0.811301
4126,0.745406
4127,0.724902
4128,0.684717
4129,0.25093
4130,0.25595
4131,0.205168
4132,0.190013
4133,0.205703
4134,0.195365
4135,0.192305
4136,0.175572
4137,0.157911
4138,0.179073
4139,0.192636
4140,0.205607
4141,0.181122
4142,0.18537
4143,0.167101
4144,0.178921
4145,0.217718
4146,0.230303
4147,0.179334
4148,0.244831
4149,0.205857
4150,0.249389
4151,0.231346
4152,0.23853
4153,0.407985
4154,0.482306
4155,0.57067
4156,0.473634
4157,0.438443
4158,0.421316
4159,0.957602
4160,0.96739
4161,0.912162
4162,0.877761
4163,0.870308
4164,0.869979
4165,0.714841
4166,0.747047
4167,0.880867
4168,0.867595
4169,0.900137
4170,0.884101
4171,0.888685
4172,0.908936
4173,0.842558
4174,0.886854
4175,0.858185
4176,0.788646
4177,0.893313
4178,0.861513
4179,0.780704
4180,0.679427
4181,0.468113
4182,0.483482
4183,0.659815
4184,0.652325
4185,0.507857
4186,0.51201
4187,0.691814
4188,0.75949
4189,0.910294
4190,0.877242
4191,0.893464
4192,0.898569
4193,0.928511
4194,0.907156
4195,0.879096
4196,0.933221
4197,0.903441
4198,0.881863
4199,0.633141
4200,0.639895
4201,0.600512
4202,0.639934
4203,0.48734
4204,0.677987
4205,0.568571
4206,0.772676
4207,0.3885
4208,0.630791
4209,0.741314
4210,0.769059
4211,0.757266
4212,0.775311
4213,0.959318
4214,0.957217
4215,0.955458
4216,0.93469
4217,0.927358
4218,0.960977
4219,0.943899
4220,0.926044
4221,0.94898
4222,0.940085
4223,0.937908
4224,0.933246
4225,0.93102
4226,0.931408
4227,0.925356
4228,0.921098
4229,0.906944
4230,0.911375
4231,0.899128
4232,0.919407
4233,0.921082
4234,0.920661
4235,0.881267
4236,0.581521
4237,0.700359
4238,0.633361
4239,0.711307
4240,0.671708
4241,0.786936
4242,0.80966
4243,0.704821
4244,0.614035
4245,0.584712
4246,0.71591
4247,0.542861
4248,0.987518
4249,0.846798
4250,0.555046
4251,0.541296
4252,0.545732
4253,0.392581
4254,0.476828
4255,0.493831
4256,0.454664
4257,0.574455
4258,0.660477
4259,0.951471
4260,0.975032
4261,0.978103
4262,0.986225
4263,0.982379
4264,0.971195
4265,0.979288
4266,0.971943
4267,0.965294
4268,0.960559
4269,0.977215
4270,0.974302
4271,0.97602
4272,0.98563
4273,0.938466
4274,0.956904
4275,0.923152
4276,0.93112
4277,0.944642
4278,0.940497
4279,0.937146
4280,0.902134
4281,0.910647
4282,0.929704
4283,0.917931
4284,0.91104
4285,0.959964
4286,0.962313
4287,0.965046
4288,0.978178
4289,0.983218
4290,0.991782
4291,0.656286
4292,0.461782
4293,0.393049
4294,0.350938
4295,0.314417
4296,0.306347
4297,0.247884
4298,0.320237
4299,0.365466
4300,0.340407
4301,0.341622
4302,0.176072
4303,0.238928
4304,0.228058
4305,0.271455
4306,0.219485
4307,0.326621
4308,0.30913
4309,0.273635
4310,0.270675
4311,0.249613
4312,0.282718
4313,0.290098
4314,0.328294
4315,0.309334
4316,0.20817
4317,0.234719
4318,0.22307
4319,0.114642
4320,0.134387
4321,0.213376
4322,0.130397
4323,0.128936
4324,0.808489
4325,0.99172
4326,0.990144
4327,0.988571
4328,0.988654
4329,0.978322
4330,0.974572
4331,0.970985
4332,0.974096
4333,0.960986
4334,0.964213
4335,0.981373
4336,0.942844
4337,0.498979
4338,0.459059
4339,0.405674
4340,0.515757
4341,0.481554
4342,0.476041
4343,0.298936
4344,0.224996
4345,0.245299
4346,0.220371
4347,0.176246
4348,0.123766
4349,0.100652
4350,0.083648
4351,0.092597
4352,0.086729
4353,0.103103
4354,0.134535
4355,0.105659
4356,0.114084
4357,0.138917
4358,0.116204
4359,0.128568
4360,0.120704
4361,0.124489
4362,0.120417
4363,0.106796
4364,0.110381
4365,0.102902
4366,0.157207
4367,0.231394
4368,0.269181
4369,0.34913
4370,0.372322
4371,0.350601
4372,0.372799
4373,0.407964
4374,0.37179
4375,0.278365
4376,0.314443
4377,0.250766
4378,0.272778
4379,0.295999
4380,0.321505
4381,0.248978
4382,0.237181
4383,0.239304
4384,0.16248
4385,0.167389
4386,0.16262
4387,0.117482
4388,0.083127
4389,0.085561
4390,0.076684
4391,0.06519
4392,0.775553
4393,0.982896
4394,0.870017
4395,0.857075
4396,0.88713
4397,0.851822
4398,0.813497
4399,0.709482
4400,0.755038
4401,0.761027
4402,0.818616
4403,0.95361
4404,0.944164
4405,0.836845
4406,0.831836
4407,0.895067
4408,0.808243
4409,0.816104
4410,0.819407
4411,0.732611
4412,0.710667
4413,0.764895
4414,0.702201
4415,0.759532
4416,0.731618
4417,0.485526
4418,0.742434
4419,0.467335
4420,0.473927
4421,0.448177
4422,0.47838
4423,0.519486
4424,0.461663
4425,0.514243
4426,0.444578
4427,0.46496
4428,0.989289
4429,0.703376
4430,0.025661
4431,0.038996
4432,0.044247
4433,0.04258
4434,0.038983
4435,0.034951
4436,0.046491
4437,0.05037
4438,0.044824
4439,0.044008
4440,0.041622
4441,0.044198
4442,0.043056
4443,0.045227
4444,0.059948
4445,0.042756
4446,0.054848
4447,0.080672
4448,0.104189
4449,0.096976
4450,0.171091
4451,0.198088
4452,0.197409
4453,0.226673
4454,0.354259
4455,0.06853
4456,0.006916
4457,0.035219
4458,0.018258
4459,0.101588
4460,0.571898
4461,0.37345
4462,0.396991
4463,0.639234
4464,0.845031
4465,0.81233
4466,0.94481
4467,0.982639
4468,0.987761
4469,0.985726
4470,0.954359
4471,0.910431
4472,0.883274
4473,0.881282
4474,0.874551
4475,0.88871
4476,0.903574
4477,0.917183
4478,0.965852
4479,0.156258
4480,0.08813
4481,0.174778
4482,0.135874
4483,0.149052
4484,0.242392
4485,0.183205
4486,0.14255
4487,0.145068
4488,0.166368
4489,0.189693
4490,0.208153
4491,0.198705
4492,0.19573
4493,0.187374
4494,0.197932
4495,0.178667
4496,0.121891
4497,0.11331
4498,0.18024
4499,0.105509
4500,0.166783
4501,0.144811
4502,0.159649
4503,0.146162
4504,0.083513
4505,0.113746
4506,0.111016
4507,0.107505
4508,0.096804
4509,0.119477
4510,0.142094
4511,0.177237
4512,0.175622
4513,0.163493
4514,0.158439
4515,0.158745
4516,0.126025
4517,0.122518
4518,0.132861
4519,0.121201
4520,0.132022
4521,0.128891
4522,0.11846
4523,0.119636
4524,0.095622
4525,0.133411
4526,0.118473
4527,0.279651
4528,0.981191
4529,0.880738
4530,0.531902
4531,0.389047
4532,0.362973
4533,0.307794
4534,0.460527
4535,0.646512
4536,0.742478
4537,0.990181
4538,0.854918
4539,0.646198
4540,0.35991
4541,0.313951
4542,0.414471
4543,0.430905
4544,0.419797
4545,0.251597
4546,0.203273
4547,0.18035
4548,0.210404
4549,0.232524
4550,0.21123
4551,0.276384
4552,0.2775
4553,0.203148
4554,0.171929
4555,0.186644
4556,0.17422
4557,0.197164
4558,0.183527
4559,0.177707
4560,0.178891
4561,0.192033
4562,0.10857
4563,0.095471
4564,0.170729
4565,0.201694
4566,0.221033
4567,0.145168
4568,0.16714
4569,0.183082
4570,0.189926
4571,0.215028
4572,0.223655
4573,0.193981
4574,0.470803
4575,0.464112
4576,0.413947
4577,0.507534
4578,0.483797
4579,0.438141
4580,0.427519
4581,0.433971
4582,0.460071
4583,0.385904
4584,0.290356
4585,0.271806
4586,0.255806
4587,0.239143
4588,0.272279
4589,0.264358
4590,0.321057
4591,0.259781
4592,0.318844
4593,0.311849
4594,0.425895
4595,0.442616
4596,0.492742
4597,0.152436
4598,0.14738
4599,0.521315
4600,0.594788
4601,0.669265
4602,0.57338
4603,0.218101
4604,0.227426
4605,0.293116
4606,0.311309
4607,0.28811
4608,0.520864
4609,0.221265
4610,0.229239
4611,0.231376
4612,0.31062
4613,0.335553
4614,0.340544
4615,0.332466
4616,0.696942
4617,0.95856
4618,0.987971
4619,0.989178
4620,0.945316
4621,0.946154
4622,0.941366
4623,0.916534
4624,0.902983
4625,0.880772
4626,0.989335
4627,0.302849
4628,0.180823
4629,0.148885
4630,0.175919
4631,0.188597
4632,0.176755
4633,0.181805
4634,0.248093
4635,0.234904
4636,0.226556
4637,0.233282
4638,0.245195
4639,0.732456
4640,0.690354
4641,0.830888
4642,0.814143
4643,0.855006
4644,0.9038
4645,0.848321
4646,0.674278
4647,0.481043
4648,0.349234
4649,0.307238
4650,0.1774
4651,0.171071
4652,0.177293
4653,0.107659
4654,0.222442
4655,0.07371
4656,0.188306
4657,0.06568
4658,0.075368
4659,0.064764
4660,0.111399
4661,0.144129
4662,0.135737
4663,0.134301
4664,0.123992
4665,0.205888
4666,0.15708
4667,0.177553
4668,0.152085
4669,0.11613
4670,0.123269
4671,0.12939
4672,0.116576
4673,0.161909
4674,0.176052
4675,0.099108
4676,0.197726
4677,0.211082
4678,0.119435
4679,0.175127
4680,0.276373
4681,0.301936
4682,0.275432
4683,0.270414
4684,0.13382
4685,0.075409
4686,0.064314
4687,0.095298
4688,0.087372
4689,0.137856
4690,0.144858
4691,0.148919
4692,0.133648
4693,0.276019
4694,0.279927
4695,0.290653
4696,0.303576
4697,0.222604
4698,0.301041
4699,0.246233
4700,0.236874
4701,0.324303
4702,0.349538
4703,0.370954
4704,0.318076
4705,0.322562
4706,0.415367
4707,0.737942
4708,0.977242
4709,0.971625
4710,0.967784
4711,0.973272
4712,0.989661
4713,0.963809
4714,0.972348
4715,0.985944
4716,0.979607
4717,0.91404
4718,0.917553
4719,0.927444
4720,0.923815
4721,0.937788
4722,0.931319
4723,0.917929
4724,0.950018
4725,0.910541
4726,0.936788
4727,0.940251
4728,0.849725
4729,0.849006
4730,0.907149
4731,0.925558
4732,0.937442
4733,0.939798
4734,0.92728
4735,0.947474
4736,0.946388
4737,0.944655
4738,0.962629
4739,0.94353
4740,0.93764
4741,0.967871
4742,0.972984
4743,0.975865
4744,0.977301
4745,0.972919
4746,0.961082
4747,0.978642
4748,0.973936
4749,0.971248
4750,0.971038
4751,0.949012
4752,0.971015
4753,0.948264
4754,0.938502
4755,0.945985
4756,0.944501
4757,0.935241
4758,0.96836
4759,0.236961
4760,0.123422
4761,0.14917
4762,0.132466
4763,0.127151
4764,0.112325
4765,0.075703
