1,0.997031
2,0.997383
3,0.997301
4,0.997653
5,0.997533
6,0.997801
7,0.997869
8,0.997833
9,0.997816
10,0.997852
11,0.997812
12,0.997582
13,0.99641
14,0.996184
15,0.995561
16,0.994901
17,0.992715
18,0.983152
19,0.984226
20,0.961041
21,0.982231
22,0.986198
23,0.987186
24,0.994789
25,0.996541
26,0.997069
27,0.998329
28,0.988827
29,0.993238
30,0.993536
31,0.982455
32,0.994955
33,0.995049
34,0.995515
35,0.996186
36,0.996789
37,0.995818
38,0.995818
39,0.982533
40,0.986879
41,0.992211
42,0.785395
43,0.585178
44,0.438415
45,0.399165
46,0.357156
47,0.299607
48,0.136306
49,0.202692
50,0.27899
51,0.275809
52,0.333014
53,0.964773
54,0.994211
55,0.991648
56,0.991211
57,0.990004
58,0.989455
59,0.989749
60,0.989003
61,0.981681
62,0.988038
63,0.982556
64,0.983909
65,0.89492
66,0.188564
67,0.164154
68,0.141996
69,0.062992
70,0.044015
71,0.036487
72,0.040425
73,0.042358
74,0.046334
75,0.054317
76,0.056074
77,0.055789
78,0.060544
79,0.080186
80,0.083776
81,0.071126
82,0.116019
83,0.839283
84,0.971194
85,0.927016
86,0.958974
87,0.956576
88,0.941171
89,0.917897
90,0.941558
91,0.921032
92,0.908374
93,0.912729
94,0.907355
95,0.8769
96,0.902164
97,0.871588
98,0.836379
99,0.768267
100,0.853821
101,0.834634
102,0.934134
103,0.916093
104,0.782117
105,0.800352
106,0.811075
107,0.877052
108,0.879244
109,0.796143
110,0.745149
111,0.796453
112,0.880104
113,0.855984
114,0.692233
115,0.721256
116,0.792208
117,0.768984
118,0.69648
119,0.67958
120,0.673875
121,0.750015
122,0.799749
123,0.868375
124,0.871577
125,0.89933
126,0.923792
127,0.886249
128,0.938024
129,0.939323
130,0.933267
131,0.934268
132,0.942922
133,0.910213
134,0.958811
135,0.956183
136,0.950563
137,0.941403
138,0.950448
139,0.978836
140,0.980285
141,0.979127
142,0.976915
143,0.98348
144,0.981939
145,0.981036
146,0.979556
147,0.982465
148,0.980696
149,0.986859
150,0.983652
151,0.989969
152,0.989166
153,0.986459
154,0.987472
155,0.98815
156,0.990586
157,0.979916
158,0.974554
159,0.961608
160,0.964769
161,0.977909
162,0.98888
163,0.929433
164,0.926212
165,0.945161
166,0.972481
167,0.989545
168,0.99095
169,0.988819
170,0.985479
171,0.996003
172,0.996011
173,0.97495
174,0.967559
175,0.974892
176,0.97713
177,0.977571
178,0.983125
179,0.988684
180,0.996001
181,0.990137
182,0.98304
183,0.994992
184,0.993153
185,0.994661
186,0.995947
187,0.995262
188,0.994964
189,0.993447
190,0.99481
191,0.996
192,0.996051
193,0.997153
194,0.996826
195,0.996983
196,0.99678
197,0.997336
198,0.993318
199,0.997271
200,0.988345
201,0.990039
202,0.994101
203,0.994047
204,0.990907
205,0.989482
206,0.984711
207,0.976608
208,0.977336
209,0.99336
210,0.982766
211,0.985209
212,0.990714
213,0.995202
214,0.995223
215,0.993364
216,0.991754
217,0.993493
218,0.993234
219,0.993509
220,0.99279
221,0.990636
222,0.98924
223,0.987486
224,0.983066
225,0.984192
226,0.968806
227,0.960522
228,0.957369
229,0.975462
230,0.975174
231,0.964742
232,0.960915
233,0.951813
234,0.936282
235,0.921192
236,0.899933
237,0.937577
238,0.949821
239,0.943302
240,0.944515
241,0.956961
242,0.969775
243,0.933742
244,0.92126
245,0.905397
246,0.916418
247,0.902187
248,0.881331
249,0.897691
250,0.89065
251,0.9045
252,0.961225
253,0.95153
254,0.959529
255,0.959931
256,0.960794
257,0.955388
258,0.957479
259,0.963989
260,0.954622
261,0.959365
262,0.947563
263,0.950894
264,0.968457
265,0.959529
266,0.968151
267,0.964107
268,0.969316
269,0.97051
270,0.967968
271,0.973008
272,0.970305
273,0.963689
274,0.970355
275,0.949278
276,0.950964
277,0.931698
278,0.452015
279,0.500415
280,0.38798
281,0.927544
282,0.985775
283,0.983347
284,0.983743
285,0.983715
286,0.986024
287,0.987701
288,0.988289
289,0.970808
290,0.970196
291,0.98524
292,0.984897
293,0.987379
294,0.989578
295,0.988885
296,0.987577
297,0.989705
298,0.988278
299,0.989094
300,0.990572
301,0.990417
302,0.990217
303,0.989534
304,0.989821
305,0.991899
306,0.99112
307,0.988716
308,0.987845
309,0.98941
310,0.989062
311,0.98725
312,0.98759
313,0.983953
314,0.981501
315,0.986953
316,0.986323
317,0.985963
318,0.985965
319,0.986855
320,0.987016
321,0.984997
322,0.983064
323,0.984637
324,0.987012
325,0.986614
326,0.985699
327,0.988219
328,0.992449
329,0.992953
330,0.993552
331,0.993454
332,0.991111
333,0.991041
334,0.991749
335,0.991691
336,0.996398
337,0.995672
338,0.997025
339,0.996667
340,0.996728
341,0.996683
342,0.996255
343,0.996539
344,0.996604
345,0.9969
346,0.996411
347,0.99657
348,0.996099
349,0.994702
350,0.994359
351,0.977863
352,0.963349
353,0.180319
354,0.130084
355,0.091514
356,0.061609
357,0.0801
358,0.077727
359,0.089697
360,0.080812
361,0.09093
362,0.089005
363,0.12414
364,0.553823
365,0.974881
366,0.972574
367,0.962414
368,0.986022
369,0.987479
370,0.988113
371,0.988876
372,0.989708
373,0.987932
374,0.985666
375,0.981414
376,0.984715
377,0.978309
378,0.978869
379,0.983897
380,0.985745
381,0.987442
382,0.989868
383,0.987288
384,0.98512
385,0.986203
386,0.98661
387,0.985954
388,0.986943
389,0.990043
390,0.991327
391,0.991376
392,0.990653
393,0.99152
394,0.99105
395,0.990506
396,0.988979
397,0.986203
398,0.984771
399,0.982838
400,0.986694
401,0.986539
402,0.987125
403,0.987418
404,0.987489
405,0.989759
406,0.989112
407,0.989583
408,0.988809
409,0.986801
410,0.984941
411,0.984788
412,0.985865
413,0.983849
414,0.983972
415,0.98364
416,0.981987
417,0.981522
418,0.986471
419,0.988808
420,0.983651
421,0.982832
422,0.9827
423,0.985319
424,0.984578
425,0.985822
426,0.987315
427,0.988331
428,0.993381
429,0.993394
430,0.993742
431,0.992356
432,0.990111
433,0.995818
434,0.993246
435,0.993058
436,0.973961
437,0.972134
438,0.96878
439,0.972704
440,0.975624
441,0.990038
442,0.969989
443,0.992182
444,0.991437
445,0.993529
446,0.993637
447,0.993127
448,0.994246
449,0.980382
450,0.994593
451,0.995272
452,0.994601
453,0.994329
454,0.994604
455,0.990305
456,0.991872
457,0.976466
458,0.982055
459,0.979429
460,0.98786
461,0.953468
462,0.962987
463,0.968871
464,0.980472
465,0.979101
466,0.979241
467,0.985051
468,0.980303
469,0.973175
470,0.961067
471,0.95031
472,0.979372
473,0.572273
474,0.742087
475,0.891355
476,0.974016
477,0.977208
478,0.968778
479,0.971893
480,0.979763
481,0.96686
482,0.971254
483,0.973042
484,0.978453
485,0.982076
486,0.97801
487,0.98023
488,0.969316
489,0.970998
490,0.967954
491,0.968939
492,0.966346
493,0.961039
494,0.963346
495,0.967027
496,0.968044
497,0.962279
498,0.973746
499,0.970581
500,0.973137
501,0.973724
502,0.968839
503,0.976224
504,0.96999
505,0.973007
506,0.985562
507,0.987851
508,0.984638
509,0.983916
510,0.984572
511,0.988297
512,0.988348
513,0.986041
514,0.986929
515,0.989128
516,0.990903
517,0.988054
518,0.989124
519,0.990796
520,0.966805
521,0.990286
522,0.991195
523,0.993056
524,0.992601
525,0.991318
526,0.99188
527,0.99064
528,0.990842
529,0.981041
530,0.98416
531,0.984188
532,0.982987
533,0.987329
534,0.987224
535,0.98635
536,0.878351
537,0.252861
538,0.147288
539,0.078389
540,0.080379
541,0.085919
542,0.088884
543,0.098776
544,0.110311
545,0.106311
546,0.884712
547,0.978794
548,0.967852
549,0.99158
550,0.9919
551,0.990878
552,0.993796
553,0.991529
554,0.993061
555,0.992735
556,0.992595
557,0.992943
558,0.992025
559,0.991553
560,0.992038
561,0.988373
562,0.873441
563,0.220689
564,0.170834
565,0.221539
566,0.151799
567,0.131453
568,0.251936
569,0.282666
570,0.253559
571,0.179977
572,0.179091
573,0.087317
574,0.163167
575,0.252237
576,0.376126
577,0.209807
578,0.201784
579,0.241207
580,0.376511
581,0.438171
582,0.447651
583,0.234049
584,0.313164
585,0.9133
586,0.984268
587,0.971024
588,0.978859
589,0.985438
590,0.986648
591,0.986244
592,0.988856
593,0.987719
594,0.966971
595,0.977501
596,0.974645
597,0.969766
598,0.987306
599,0.975759
600,0.974133
601,0.977868
602,0.977014
603,0.956089
604,0.957725
605,0.96463
606,0.975579
607,0.972756
608,0.969554
609,0.963907
610,0.96605
611,0.964415
612,0.9598
613,0.963625
614,0.989238
615,0.992557
616,0.988867
617,0.992338
618,0.993619
619,0.991283
620,0.988702
621,0.95426
622,0.987383
623,0.975513
624,0.975093
625,0.979445
626,0.983903
627,0.984424
628,0.992313
629,0.991785
630,0.993037
631,0.993636
632,0.993269
633,0.992756
634,0.991654
635,0.956415
636,0.965655
637,0.953217
638,0.990738
639,0.9938
640,0.992872
641,0.992545
642,0.991344
643,0.991601
644,0.990681
645,0.990288
646,0.990947
647,0.986102
648,0.982138
649,0.980327
650,0.982466
651,0.980562
652,0.975291
653,0.975335
654,0.981784
655,0.983197
656,0.982576
657,0.978216
658,0.976776
659,0.972773
660,0.977737
661,0.965532
662,0.961485
663,0.963615
664,0.961907
665,0.960093
666,0.979248
667,0.979387
668,0.982332
669,0.982333
670,0.983102
671,0.981357
672,0.979928
673,0.978887
674,0.982159
675,0.971367
676,0.974293
677,0.974038
678,0.975146
679,0.991293
680,0.963268
681,0.926629
682,0.952168
683,0.969024
684,0.985869
685,0.982196
686,0.984803
687,0.988214
688,0.989285
689,0.989094
690,0.98915
691,0.990687
692,0.990425
693,0.98891
694,0.985768
695,0.88266
696,0.918684
697,0.721028
698,0.797483
699,0.977911
700,0.978185
701,0.981028
702,0.983514
703,0.98181
704,0.981117
705,0.978648
706,0.979937
707,0.987024
708,0.965601
709,0.971156
710,0.984012
711,0.979955
712,0.974613
713,0.984214
714,0.987889
715,0.982547
716,0.979008
717,0.987161
718,0.989626
719,0.983605
720,0.986519
721,0.993548
722,0.99136
723,0.991535
724,0.989882
725,0.988451
726,0.983504
727,0.98592
728,0.979156
729,0.970648
730,0.965215
731,0.970972
732,0.981681
733,0.954983
734,0.954551
735,0.953007
736,0.961228
737,0.97052
738,0.97069
739,0.937096
740,0.934129
741,0.931313
742,0.938768
743,0.986944
744,0.986256
745,0.989309
746,0.991238
747,0.992041
748,0.992435
749,0.973417
750,0.727703
751,0.035165
752,0.93278
753,0.964805
754,0.977117
755,0.985459
756,0.986382
757,0.986592
758,0.986068
759,0.982992
760,0.98694
761,0.985448
762,0.983241
763,0.983169
764,0.982056
765,0.980074
766,0.979726
767,0.978255
768,0.975327
769,0.971771
770,0.971469
771,0.968619
772,0.969463
773,0.97126
774,0.967256
775,0.969561
776,0.970567
777,0.964935
778,0.964138
779,0.966584
780,0.969933
781,0.969716
782,0.967316
783,0.971746
784,0.973338
785,0.972065
786,0.972812
787,0.96765
788,0.969827
789,0.952433
790,0.968826
791,0.967064
792,0.964089
793,0.979257
794,0.976168
795,0.979892
796,0.980131
797,0.985274
798,0.98616
799,0.984957
800,0.98748
801,0.98333
802,0.981303
803,0.986348
804,0.884956
805,0.979667
806,0.972031
807,0.974266
808,0.971195
809,0.975173
810,0.978678
811,0.981102
812,0.977951
813,0.981607
814,0.983667
815,0.981036
816,0.982257
817,0.986311
818,0.985641
819,0.986063
820,0.98463
821,0.986164
822,0.986763
823,0.986776
824,0.988392
825,0.989285
826,0.987957
827,0.937936
828,0.803794
829,0.395635
830,0.91351
831,0.96325
832,0.970935
833,0.951781
834,0.954951
835,0.952065
836,0.943234
837,0.953678
838,0.959287
839,0.952468
840,0.905373
841,0.929024
842,0.991442
843,0.931819
844,0.94965
845,0.955046
846,0.958906
847,0.938511
848,0.935237
849,0.928918
850,0.929319
851,0.934403
852,0.938278
853,0.935936
854,0.954189
855,0.959244
856,0.986672
857,0.940095
858,0.946682
859,0.988842
860,0.950144
861,0.968208
862,0.967264
863,0.960406
864,0.965735
865,0.970086
866,0.990188
867,0.988384
868,0.988898
869,0.984472
870,0.984697
871,0.977677
872,0.988035
873,0.966688
874,0.982979
875,0.988083
876,0.989453
877,0.967162
878,0.956826
879,0.981791
880,0.985541
881,0.985159
882,0.986994
883,0.986484
884,0.986798
885,0.980998
886,0.977999
887,0.944071
888,0.941602
889,0.980596
890,0.98022
891,0.986541
892,0.986603
893,0.98208
894,0.979469
895,0.979575
896,0.950301
897,0.979986
898,0.953088
899,0.98357
900,0.95811
901,0.980836
902,0.97957
903,0.936709
904,0.975076
905,0.974769
906,0.97407
907,0.977067
908,0.979577
909,0.977071
910,0.982968
911,0.983019
912,0.986858
913,0.983467
914,0.98462
915,0.984367
916,0.981808
917,0.986062
918,0.984408
919,0.985451
920,0.986815
921,0.985834
922,0.982804
923,0.982995
924,0.98364
925,0.947223
926,0.945553
927,0.958448
928,0.949389
929,0.945976
930,0.969419
931,0.968997
932,0.967995
933,0.962022
934,0.969708
935,0.971799
936,0.971228
937,0.966359
938,0.968281
939,0.96668
940,0.962832
941,0.956236
942,0.9599
943,0.966977
944,0.967232
945,0.9649
946,0.964691
947,0.964225
948,0.964496
949,0.971091
950,0.970133
951,0.966357
952,0.967984
953,0.960037
954,0.96749
955,0.96415
956,0.962499
957,0.961728
958,0.960617
959,0.957031
960,0.963004
961,0.954107
962,0.959459
963,0.957668
964,0.958926
965,0.965187
966,0.98908
967,0.960557
968,0.951988
969,0.960597
970,0.956298
971,0.950914
972,0.954137
973,0.972163
974,0.968479
975,0.970162
976,0.967701
977,0.96837
978,0.969824
979,0.970289
980,0.982269
981,0.984233
982,0.987525
983,0.969577
984,0.983569
985,0.962356
986,0.961564
987,0.952071
988,0.958922
989,0.983966
990,0.935733
991,0.758374
992,0.809413
993,0.720733
994,0.837952
995,0.812885
996,0.893742
997,0.955165
998,0.960299
999,0.966181
1000,0.973279
1001,0.976662
1002,0.976705
1003,0.981752
1004,0.981304
1005,0.977253
1006,0.974067
1007,0.970127
1008,0.973442
1009,0.970955
1010,0.973845
1011,0.968119
1012,0.972739
1013,0.970466
1014,0.971961
1015,0.966734
1016,0.965516
1017,0.967405
1018,0.965348
1019,0.966124
1020,0.965537
1021,0.946653
1022,0.957073
1023,0.958006
1024,0.956463
1025,0.949953
1026,0.953397
1027,0.965703
1028,0.972772
1029,0.972927
1030,0.961127
1031,0.967866
1032,0.966191
1033,0.949549
1034,0.948981
1035,0.94466
1036,0.946321
1037,0.96732
1038,0.956139
1039,0.959196
1040,0.970719
1041,0.959847
1042,0.969489
1043,0.977042
1044,0.979467
1045,0.972985
1046,0.97842
1047,0.975333
1048,0.966267
1049,0.952378
1050,0.954376
1051,0.956475
1052,0.942827
1053,0.970416
1054,0.97088
1055,0.976003
1056,0.976448
1057,0.981565
1058,0.981427
1059,0.980442
1060,0.983449
1061,0.981687
1062,0.980659
1063,0.980174
1064,0.971438
1065,0.967842
1066,0.962798
1067,0.959393
1068,0.966549
1069,0.967695
1070,0.969485
1071,0.973485
1072,0.974915
1073,0.975938
1074,0.97015
1075,0.971686
1076,0.973406
1077,0.976919
1078,0.978443
1079,0.984408
1080,0.982499
1081,0.976404
1082,0.974225
1083,0.970555
1084,0.967256
1085,0.974208
1086,0.98059
1087,0.981514
1088,0.979657
1089,0.977186
1090,0.976822
1091,0.977978
1092,0.976168
1093,0.978948
1094,0.981795
1095,0.978242
1096,0.979284
1097,0.97639
1098,0.973742
1099,0.971337
1100,0.974573
1101,0.971975
1102,0.973992
1103,0.974638
1104,0.973729
1105,0.978567
1106,0.98455
1107,0.98491
1108,0.985105
1109,0.986753
1110,0.987525
1111,0.98714
1112,0.984832
1113,0.983643
1114,0.983237
1115,0.984675
1116,0.975977
1117,0.979856
1118,0.980934
1119,0.981496
1120,0.981262
1121,0.982798
1122,0.984109
1123,0.900457
1124,0.448032
1125,0.236539
1126,0.18347
1127,0.191968
1128,0.183961
1129,0.158925
1130,0.089943
1131,0.071823
1132,0.076741
1133,0.085307
1134,0.078378
1135,0.19977
1136,0.202207
1137,0.711174
1138,0.974908
1139,0.989681
1140,0.985654
1141,0.98964
1142,0.989614
1143,0.98969
1144,0.991628
1145,0.990538
1146,0.988925
1147,0.988604
1148,0.990735
1149,0.989461
1150,0.989143
1151,0.980921
1152,0.925305
1153,0.426834
1154,0.194305
1155,0.186221
1156,0.188758
1157,0.173616
1158,0.166409
1159,0.17421
1160,0.192361
1161,0.196439
1162,0.164055
1163,0.17135
1164,0.183323
1165,0.179762
1166,0.179274
1167,0.162619
1168,0.133759
1169,0.130102
1170,0.14003
1171,0.137171
1172,0.144386
1173,0.67768
1174,0.979233
1175,0.993571
1176,0.989805
1177,0.99264
1178,0.993481
1179,0.994108
1180,0.992992
1181,0.991951
1182,0.990109
1183,0.991597
1184,0.98919
1185,0.986259
1186,0.98557
1187,0.985812
1188,0.986243
1189,0.985252
1190,0.985472
1191,0.987503
1192,0.985144
1193,0.982132
1194,0.97972
1195,0.984809
1196,0.987121
1197,0.991809
1198,0.987739
1199,0.987933
1200,0.94901
1201,0.566838
1202,0.349571
1203,0.404827
1204,0.345956
1205,0.347211
1206,0.343828
1207,0.297784
1208,0.201969
1209,0.156693
1210,0.167714
1211,0.170831
1212,0.177835
1213,0.127721
1214,0.113383
1215,0.145505
1216,0.136497
1217,0.140554
1218,0.827209
1219,0.977512
1220,0.989045
1221,0.989669
1222,0.982529
1223,0.937641
1224,0.977216
1225,0.975153
1226,0.971549
1227,0.97324
1228,0.976296
1229,0.974364
1230,0.975291
1231,0.975485
1232,0.980727
1233,0.978121
1234,0.983591
1235,0.987785
1236,0.98502
1237,0.982485
1238,0.982469
1239,0.986929
1240,0.987119
1241,0.977863
1242,0.977079
1243,0.985147
1244,0.986642
1245,0.984133
1246,0.991509
1247,0.992721
1248,0.992495
1249,0.993705
1250,0.993205
1251,0.992606
1252,0.991879
1253,0.991086
1254,0.991978
1255,0.988786
1256,0.985784
1257,0.961472
1258,0.546666
1259,0.283036
1260,0.288518
1261,0.230737
1262,0.220889
1263,0.21415
1264,0.226722
1265,0.237443
1266,0.265164
1267,0.311239
1268,0.275023
1269,0.828724
1270,0.973442
1271,0.983621
1272,0.980852
1273,0.976248
1274,0.983123
1275,0.984858
1276,0.930808
1277,0.930907
1278,0.987077
1279,0.846358
1280,0.295103
1281,0.224384
1282,0.421906
1283,0.312258
1284,0.349809
1285,0.230831
1286,0.236824
1287,0.241038
1288,0.242823
1289,0.261497
1290,0.321067
1291,0.310601
1292,0.286758
1293,0.290691
1294,0.261754
1295,0.229794
1296,0.272366
1297,0.412411
1298,0.365279
1299,0.664646
1300,0.975171
1301,0.969908
1302,0.97027
1303,0.971721
1304,0.955315
1305,0.597082
1306,0.934781
1307,0.895793
1308,0.873037
1309,0.93829
1310,0.950842
1311,0.945918
1312,0.954263
1313,0.943807
1314,0.959324
1315,0.972632
1316,0.973353
1317,0.964619
1318,0.966087
1319,0.977359
1320,0.975352
1321,0.970909
1322,0.975978
1323,0.979057
1324,0.984272
1325,0.982037
1326,0.988528
1327,0.989298
1328,0.990911
1329,0.990876
1330,0.991258
1331,0.991244
1332,0.990774
1333,0.984017
1334,0.983586
1335,0.984896
1336,0.985895
1337,0.958391
1338,0.95235
1339,0.947684
1340,0.95542
1341,0.955883
1342,0.952912
1343,0.95734
1344,0.983075
1345,0.984106
1346,0.9879
1347,0.993082
1348,0.993234
1349,0.987662
1350,0.987562
1351,0.984796
1352,0.992385
1353,0.991646
1354,0.991248
1355,0.984921
1356,0.970008
1357,0.823718
1358,0.595946
1359,0.575896
1360,0.583765
1361,0.545337
1362,0.440833
1363,0.459019
1364,0.448403
1365,0.429381
1366,0.451528
1367,0.436707
1368,0.466324
1369,0.376381
1370,0.313831
1371,0.364911
1372,0.479753
1373,0.421165
1374,0.370038
1375,0.338196
1376,0.300902
1377,0.30675
1378,0.363245
1379,0.315424
1380,0.286872
1381,0.266184
1382,0.303578
1383,0.255714
1384,0.275525
1385,0.242575
1386,0.239682
1387,0.214463
1388,0.27753
1389,0.278637
1390,0.21475
1391,0.231651
1392,0.231702
1393,0.307258
1394,0.220627
1395,0.224673
1396,0.204429
1397,0.160812
1398,0.163457
1399,0.171718
1400,0.171695
1401,0.185815
1402,0.190665
1403,0.269256
1404,0.269599
1405,0.27458
1406,0.304301
1407,0.304398
1408,0.232477
1409,0.208781
1410,0.273935
1411,0.225763
1412,0.216938
1413,0.144619
1414,0.089824
1415,0.357203
1416,0.862117
1417,0.574029
1418,0.418726
1419,0.567696
1420,0.607055
1421,0.465303
1422,0.427442
1423,0.311736
1424,0.34414
1425,0.340949
1426,0.405847
1427,0.207356
1428,0.228077
1429,0.400089
1430,0.377124
1431,0.381252
1432,0.32767
1433,0.353313
1434,0.359562
1435,0.302178
1436,0.386516
1437,0.912199
1438,0.976927
1439,0.969034
1440,0.972032
1441,0.966539
1442,0.968207
1443,0.96885
1444,0.966565
1445,0.95963
1446,0.961579
1447,0.959144
1448,0.961863
1449,0.957463
1450,0.963791
1451,0.967114
1452,0.97072
1453,0.930237
1454,0.155643
1455,0.108432
1456,0.113484
1457,0.115776
1458,0.108496
1459,0.10386
1460,0.10168
1461,0.106121
1462,0.120369
1463,0.152487
1464,0.168907
1465,0.209587
1466,0.21761
1467,0.21492
1468,0.200652
1469,0.199518
1470,0.172962
1471,0.19123
1472,0.139902
1473,0.121728
1474,0.122857
1475,0.126009
1476,0.129824
1477,0.140843
1478,0.128265
1479,0.13427
1480,0.143024
1481,0.134411
1482,0.13726
1483,0.171509
1484,0.176809
1485,0.158246
1486,0.146082
1487,0.114253
1488,0.109811
1489,0.174288
1490,0.209341
1491,0.238567
1492,0.258542
1493,0.284563
1494,0.743814
1495,0.95442
1496,0.915724
1497,0.945803
1498,0.919793
1499,0.970131
1500,0.973168
1501,0.971277
1502,0.982157
1503,0.990528
1504,0.993357
1505,0.992653
1506,0.992797
1507,0.992828
1508,0.992119
1509,0.981991
1510,0.976803
1511,0.988619
1512,0.992011
1513,0.993338
1514,0.993654
1515,0.993799
1516,0.954025
1517,0.96235
1518,0.966249
1519,0.970907
1520,0.976649
1521,0.977067
1522,0.981774
1523,0.981669
1524,0.980208
