1,0.98938
2,0.988965
3,0.377883
4,0.169544
5,0.390673
6,0.387923
7,0.310614
8,0.257734
9,0.236455
10,0.296408
11,0.293896
12,0.278486
13,0.402059
14,0.361894
15,0.0654
16,0.022176
17,0.02362
18,0.038519
19,0.025915
20,0.03436
21,0.038936
22,0.143853
23,0.044913
24,0.032553
25,0.046987
26,0.045153
27,0.045598
28,0.147297
29,0.159997
30,0.128356
31,0.163883
32,0.136827
33,0.200257
34,0.173253
35,0.187987
36,0.147924
37,0.143576
38,0.221319
39,0.125867
40,0.137337
41,0.142265
42,0.139635
43,0.134676
44,0.209963
45,0.218015
46,0.20824
47,0.189882
48,0.168874
49,0.221566
50,0.293756
51,0.955022
52,0.991311
53,0.982981
54,0.982696
55,0.981089
56,0.984177
57,0.985722
58,0.984562
59,0.975024
60,0.975797
61,0.979403
62,0.979481
63,0.979192
64,0.983943
65,0.989494
66,0.989857
67,0.987616
68,0.989324
69,0.985242
70,0.98831
71,0.989139
72,0.924784
73,0.114585
74,0.165025
75,0.172988
76,0.183459
77,0.176332
78,0.19498
79,0.193085
80,0.47198
81,0.980067
82,0.987292
83,0.974319
84,0.944496
85,0.935406
86,0.954416
87,0.939048
88,0.936699
89,0.910417
90,0.912189
91,0.811198
92,0.953702
93,0.937819
94,0.965359
95,0.922595
96,0.929077
97,0.936553
98,0.92702
99,0.912967
100,0.932212
101,0.937134
102,0.904876
103,0.884966
104,0.924416
105,0.942997
106,0.943963
107,0.951674
108,0.952357
109,0.937632
110,0.945658
111,0.942734
112,0.935211
113,0.884911
114,0.286411
115,0.194657
116,0.137073
117,0.118291
118,0.14044
119,0.113866
120,0.130056
121,0.066595
122,0.066285
123,0.063547
124,0.058022
125,0.047564
126,0.044715
127,0.042716
128,0.042071
129,0.040376
130,0.032177
131,0.028142
132,0.02523
133,0.034825
134,0.030377
135,0.03454
136,0.039915
137,0.046013
138,0.051183
139,0.061111
140,0.052125
141,0.045784
142,0.048786
143,0.038664
144,0.302425
145,0.969434
146,0.988487
147,0.983764
148,0.986042
149,0.987432
150,0.985441
151,0.970083
152,0.963558
153,0.976631
154,0.971172
155,0.967752
156,0.959657
157,0.958816
158,0.967846
159,0.971289
160,0.976879
161,0.98576
162,0.985702
163,0.989667
164,0.984734
165,0.980407
166,0.989736
167,0.889999
168,0.168233
169,0.160351
170,0.140712
171,0.186331
172,0.190196
173,0.217614
174,0.145662
175,0.144823
176,0.144529
177,0.148932
178,0.132716
179,0.134458
180,0.154387
181,0.098261
182,0.097367
183,0.104866
184,0.144867
185,0.90863
186,0.987033
187,0.985604
188,0.983538
189,0.984118
190,0.980667
191,0.980172
192,0.974988
193,0.971776
194,0.973758
195,0.984594
196,0.972223
197,0.347483
198,0.272324
199,0.195246
200,0.127277
201,0.192246
202,0.180875
203,0.160614
204,0.169478
205,0.146076
206,0.152034
207,0.162806
208,0.133266
209,0.140593
210,0.131269
211,0.134696
212,0.142689
213,0.121193
214,0.083681
215,0.044247
216,0.03863
217,0.054522
218,0.06341
219,0.056898
220,0.04644
221,0.037403
222,0.032844
223,0.038642
224,0.03772
225,0.038008
226,0.042635
227,0.037334
228,0.022929
229,0.033585
230,0.027692
231,0.026499
232,0.034328
233,0.67555
234,0.979311
235,0.985492
236,0.975809
237,0.976214
238,0.983163
239,0.978978
240,0.979478
241,0.968475
242,0.973061
243,0.970694
244,0.969432
245,0.954279
246,0.959829
247,0.968793
248,0.978258
249,0.97703
250,0.980853
251,0.973701
252,0.976861
253,0.982705
254,0.987643
255,0.98603
256,0.985906
257,0.743396
258,0.038745
259,0.018309
260,0.033723
261,0.020948
262,0.018113
263,0.02425
264,0.032371
265,0.046189
266,0.051571
267,0.054255
268,0.051369
269,0.04313
270,0.02966
271,0.030313
272,0.038305
273,0.033463
274,0.035577
275,0.046248
276,0.036062
277,0.06104
278,0.058532
279,0.052118
280,0.053772
281,0.051304
282,0.044876
283,0.047711
284,0.050171
285,0.060975
286,0.067318
287,0.063501
288,0.075318
289,0.053103
290,0.047498
291,0.060942
292,0.105891
293,0.094807
294,0.094416
295,0.128832
296,0.175787
297,0.558334
298,0.969955
299,0.990083
300,0.985848
301,0.985445
302,0.98282
303,0.987072
304,0.98872
305,0.991012
306,0.988443
307,0.721644
308,0.12037
309,0.07983
310,0.064293
311,0.052644
312,0.06246
313,0.098688
314,0.098498
315,0.108754
316,0.140028
317,0.148689
318,0.150566
319,0.095714
320,0.106433
321,0.125503
322,0.078924
323,0.097169
324,0.074967
325,0.12976
326,0.078179
327,0.114465
328,0.114804
329,0.115251
330,0.140123
331,0.211978
332,0.204452
333,0.195498
334,0.175776
335,0.184992
336,0.191717
337,0.185374
338,0.152806
339,0.142562
340,0.188037
341,0.231606
342,0.331122
343,0.316165
344,0.264808
345,0.293108
346,0.218899
347,0.174254
348,0.200539
349,0.326778
350,0.292953
351,0.254277
352,0.210957
353,0.201376
354,0.19012
355,0.181725
356,0.156856
357,0.09515
358,0.108606
359,0.093807
360,0.101023
361,0.089166
362,0.104157
363,0.111569
364,0.131339
365,0.143132
366,0.092828
367,0.116347
368,0.112088
369,0.128402
370,0.156636
371,0.127051
372,0.12713
373,0.106913
374,0.114901
375,0.094176
376,0.103513
377,0.101635
378,0.158522
379,0.096887
380,0.075257
381,0.07566
382,0.082573
383,0.076162
384,0.076627
385,0.081204
386,0.109525
387,0.134833
388,0.18452
389,0.181893
390,0.258917
391,0.229529
392,0.195111
393,0.249394
394,0.287733
395,0.296679
396,0.931837
397,0.986941
398,0.958779
399,0.912563
400,0.920342
401,0.956594
402,0.948728
403,0.966545
404,0.966183
405,0.969808
406,0.9006
407,0.905747
408,0.913193
409,0.914411
410,0.91391
411,0.979302
412,0.985566
413,0.763278
414,0.577753
415,0.343619
416,0.37743
417,0.214532
418,0.243316
419,0.248261
420,0.263142
421,0.136803
422,0.097527
423,0.100386
424,0.093342
425,0.098398
426,0.104899
427,0.112077
428,0.118789
429,0.08976
430,0.093193
431,0.111707
432,0.084613
433,0.18283
434,0.160047
435,0.181764
436,0.04898
437,0.019445
438,0.021873
439,0.021041
440,0.018947
441,0.017003
442,0.016644
443,0.013597
444,0.016599
445,0.016722
446,0.01677
447,0.015929
448,0.015705
449,0.015026
450,0.019071
451,0.018111
452,0.018999
453,0.016714
454,0.021896
455,0.022904
456,0.054733
457,0.084057
458,0.095112
459,0.08835
460,0.085802
461,0.081479
462,0.08626
463,0.084666
464,0.089414
465,0.091431
466,0.095391
467,0.113291
468,0.214009
469,0.797625
470,0.987864
471,0.967561
472,0.886079
473,0.901407
474,0.903756
475,0.737024
476,0.74425
477,0.984728
478,0.951621
479,0.121959
480,0.076689
481,0.069678
482,0.080092
483,0.071036
484,0.066099
485,0.04971
486,0.052762
487,0.069878
488,0.076448
489,0.072125
490,0.056814
491,0.045329
492,0.050792
493,0.049559
494,0.048149
495,0.0438
496,0.043817
497,0.023678
498,0.01508
499,0.014818
500,0.01458
501,0.014429
502,0.014361
503,0.015721
504,0.015058
505,0.027947
506,0.029554
507,0.027544
508,0.027447
509,0.025483
510,0.022096
511,0.021476
512,0.019415
513,0.016577
514,0.015576
515,0.014341
516,0.01266
517,0.016835
518,0.016283
519,0.017528
520,0.014822
521,0.016241
522,0.014972
523,0.017981
524,0.019401
525,0.024134
526,0.023012
527,0.028271
528,0.026929
529,0.036317
530,0.03651
531,0.036074
532,0.080415
533,0.089401
534,0.112758
535,0.101963
536,0.116793
537,0.126748
538,0.118086
539,0.107944
540,0.976026
541,0.991739
542,0.992652
543,0.992818
544,0.992553
545,0.991917
546,0.990385
547,0.989504
548,0.989678
549,0.992352
550,0.993115
551,0.990416
552,0.294848
553,0.098915
554,0.074282
555,0.089519
556,0.095464
557,0.099125
558,0.082198
559,0.085541
560,0.088955
561,0.084458
562,0.107338
563,0.117138
564,0.117389
565,0.189601
566,0.193761
567,0.099298
568,0.114776
569,0.122084
570,0.109306
571,0.047904
572,0.030642
573,0.027364
574,0.030643
575,0.026249
576,0.029629
577,0.017393
578,0.021962
579,0.018747
580,0.028457
581,0.017284
582,0.014554
583,0.01424
584,0.014412
585,0.016044
586,0.028866
587,0.05605
588,0.062529
589,0.114379
590,0.023987
591,0.023516
592,0.021156
593,0.021441
594,0.031543
595,0.025846
596,0.031847
597,0.06971
598,0.127512
599,0.129301
600,0.194651
601,0.156391
602,0.127506
603,0.160046
604,0.181068
605,0.21122
606,0.223612
607,0.035822
608,0.563428
609,0.390519
610,0.549485
611,0.584502
612,0.659442
613,0.59613
614,0.555792
615,0.458553
616,0.576581
617,0.863717
618,0.969815
619,0.954933
620,0.903338
621,0.95016
622,0.980359
623,0.981496
624,0.964625
625,0.96098
626,0.969858
627,0.969314
628,0.971765
629,0.965205
630,0.971452
631,0.978954
632,0.98176
633,0.983058
634,0.98059
635,0.98221
636,0.979597
637,0.984669
638,0.984871
639,0.983347
640,0.986354
641,0.988301
642,0.987783
643,0.989168
644,0.991498
645,0.903716
646,0.344339
647,0.301254
648,0.220306
649,0.230453
650,0.216019
651,0.192528
652,0.225847
653,0.114247
654,0.087345
655,0.09151
656,0.088249
657,0.018738
658,0.016221
659,0.018045
660,0.015127
661,0.012586
662,0.011138
663,0.012875
664,0.012981
665,0.024724
666,0.954342
667,0.992309
668,0.990547
669,0.991783
670,0.993182
671,0.992989
672,0.94144
673,0.87694
674,0.884672
675,0.881018
676,0.840519
677,0.914367
678,0.940711
679,0.964511
680,0.966828
681,0.967631
682,0.983453
683,0.97875
684,0.983454
685,0.958566
686,0.939363
687,0.948349
688,0.961797
689,0.963403
690,0.959654
691,0.967432
692,0.960964
693,0.950388
694,0.956799
695,0.98263
696,0.990309
697,0.98662
698,0.990422
699,0.991021
700,0.991793
701,0.989528
702,0.989073
703,0.98762
704,0.987685
705,0.988454
706,0.98984
707,0.989673
708,0.988042
709,0.990135
710,0.988046
711,0.988763
712,0.989992
713,0.987802
714,0.988015
715,0.987633
716,0.984243
717,0.988502
718,0.982047
719,0.988571
720,0.983924
721,0.986515
722,0.98367
723,0.983214
724,0.985949
725,0.985815
726,0.990818
727,0.990867
728,0.986422
729,0.986217
730,0.975434
731,0.971672
732,0.9697
733,0.931563
734,0.941678
735,0.931167
736,0.938465
737,0.954426
738,0.946885
739,0.940759
740,0.935872
741,0.928467
742,0.926089
743,0.934002
744,0.939034
745,0.926565
746,0.876157
747,0.893767
748,0.908901
749,0.90521
750,0.906393
751,0.906292
752,0.887991
753,0.905546
754,0.910231
755,0.9092
756,0.95769
757,0.940276
758,0.926128
759,0.91805
760,0.929372
761,0.939594
762,0.921709
763,0.919469
764,0.904039
765,0.914149
766,0.910991
767,0.917839
768,0.914036
769,0.844581
770,0.845564
771,0.525362
772,0.193896
773,0.192087
774,0.11395
775,0.088546
776,0.091429
777,0.099878
778,0.099454
779,0.109535
780,0.090736
781,0.071905
782,0.073941
783,0.068615
784,0.074189
785,0.071147
786,0.08198
787,0.06128
788,0.069418
789,0.069146
790,0.016098
791,0.013297
792,0.012974
793,0.044157
794,0.055237
795,0.044864
796,0.049884
797,0.037457
798,0.07453
799,0.067529
800,0.037051
801,0.033755
802,0.032164
803,0.044533
804,0.038253
805,0.011375
806,0.01163
807,0.012231
808,0.028389
809,0.034599
810,0.045762
811,0.046307
812,0.04653
813,0.06827
814,0.213911
815,0.323754
816,0.964642
817,0.992299
818,0.995521
819,0.994769
820,0.993759
821,0.993317
822,0.994019
823,0.99194
824,0.992318
825,0.9917
826,0.991557
827,0.992958
828,0.99153
829,0.96728
830,0.956905
831,0.955881
832,0.946854
833,0.9484
834,0.927841
835,0.897806
836,0.855019
837,0.894614
838,0.917575
839,0.93744
840,0.942318
841,0.941314
842,0.934306
843,0.92712
844,0.932247
845,0.796236
846,0.748538
847,0.693322
848,0.659314
849,0.706387
850,0.713202
851,0.62884
852,0.425839
853,0.599455
854,0.613826
855,0.57602
856,0.935556
857,0.979529
858,0.977979
859,0.985255
860,0.967601
861,0.977059
862,0.964687
863,0.976826
864,0.90532
865,0.305553
866,0.667069
867,0.627856
868,0.709679
869,0.705091
870,0.67755
871,0.709104
872,0.719034
873,0.719171
874,0.699279
875,0.685006
876,0.686138
877,0.532583
878,0.545957
879,0.570296
880,0.5315
881,0.438274
882,0.416765
883,0.331769
884,0.412623
885,0.359829
886,0.307676
887,0.29524
888,0.287037
889,0.362657
890,0.372222
891,0.254759
892,0.249159
893,0.169805
894,0.192396
895,0.602105
896,0.985364
897,0.985711
898,0.984135
899,0.983317
900,0.979434
901,0.974448
902,0.970586
903,0.947241
904,0.941327
905,0.939984
906,0.956407
907,0.946728
908,0.955774
909,0.980268
910,0.931854
911,0.582631
912,0.218848
913,0.411244
914,0.373398
915,0.232274
916,0.308693
917,0.338003
918,0.293232
919,0.253049
920,0.260025
921,0.221966
922,0.180373
923,0.185244
924,0.196226
925,0.19232
926,0.189228
927,0.197926
928,0.197339
929,0.213485
930,0.199314
931,0.198235
932,0.285475
933,0.266532
934,0.233491
935,0.248601
936,0.330583
937,0.251343
938,0.260414
939,0.332088
940,0.30912
941,0.249252
942,0.146377
943,0.087396
944,0.09685
945,0.067288
946,0.069218
947,0.083453
948,0.073327
949,0.039212
950,0.063697
951,0.065476
952,0.068261
953,0.049563
954,0.056178
955,0.055122
956,0.057679
957,0.050244
958,0.079111
959,0.051566
960,0.043561
961,0.024618
962,0.021996
963,0.019234
964,0.024531
965,0.01958
966,0.02301
967,0.039754
968,0.665112
969,0.395799
970,0.789046
971,0.787817
972,0.720801
973,0.654526
974,0.763373
975,0.445983
976,0.457887
977,0.356871
978,0.264543
979,0.292204
980,0.239281
981,0.221684
982,0.288659
983,0.248372
984,0.215121
985,0.229964
986,0.887092
987,0.987891
988,0.985639
989,0.985555
990,0.974271
991,0.973707
992,0.971466
993,0.977857
994,0.976428
995,0.975558
996,0.977531
997,0.974484
998,0.97259
999,0.976543
1000,0.972426
1001,0.97186
1002,0.971884
1003,0.974141
1004,0.976814
1005,0.976521
1006,0.971138
1007,0.974981
1008,0.980455
1009,0.984681
1010,0.987142
1011,0.984982
1012,0.982877
1013,0.983311
1014,0.983264
1015,0.982828
1016,0.986414
1017,0.987279
1018,0.986644
1019,0.987662
1020,0.980498
1021,0.974503
1022,0.978844
1023,0.98271
1024,0.989092
1025,0.988153
1026,0.986691
1027,0.986713
1028,0.990223
1029,0.990107
1030,0.991245
1031,0.989895
1032,0.991592
1033,0.989339
1034,0.989277
1035,0.988463
1036,0.989507
1037,0.989025
1038,0.991921
1039,0.992988
1040,0.992646
1041,0.992851
1042,0.990934
1043,0.993984
1044,0.995327
1045,0.995175
1046,0.994998
1047,0.992831
1048,0.989162
1049,0.98856
1050,0.987729
1051,0.986671
1052,0.988734
1053,0.984914
1054,0.989219
1055,0.988971
1056,0.987211
1057,0.977262
1058,0.984562
1059,0.9864
1060,0.987628
1061,0.989269
1062,0.988537
1063,0.988146
1064,0.986201
1065,0.986116
1066,0.987668
1067,0.991667
1068,0.99213
1069,0.989629
1070,0.993653
1071,0.993903
1072,0.992632
1073,0.99284
1074,0.993519
1075,0.992798
1076,0.990283
1077,0.990933
1078,0.991109
1079,0.989075
1080,0.990671
1081,0.989736
1082,0.988886
1083,0.986121
1084,0.989081
1085,0.99073
1086,0.990591
1087,0.991944
1088,0.991453
1089,0.993363
1090,0.993588
1091,0.994685
1092,0.994169
1093,0.992936
1094,0.994074
1095,0.994068
1096,0.994054
1097,0.995512
1098,0.991204
1099,0.90035
1100,0.836573
1101,0.977666
1102,0.987294
1103,0.993365
1104,0.994903
1105,0.994518
1106,0.995097
1107,0.996238
1108,0.995758
1109,0.995903
1110,0.995216
1111,0.995431
1112,0.994209
1113,0.9952
1114,0.995358
1115,0.996025
1116,0.995537
1117,0.994751
1118,0.995559
1119,0.995983
1120,0.995387
1121,0.995101
1122,0.994158
1123,0.994782
1124,0.994339
1125,0.992757
1126,0.995504
1127,0.996005
1128,0.995493
1129,0.995389
1130,0.995378
1131,0.995832
1132,0.996736
1133,0.996991
1134,0.996967
1135,0.997006
1136,0.99741
1137,0.997315
1138,0.996891
1139,0.996868
1140,0.99663
1141,0.997309
1142,0.997524
1143,0.997509
1144,0.997024
1145,0.99693
1146,0.996883
1147,0.997194
1148,0.997141
1149,0.995965
1150,0.983568
1151,0.942552
1152,0.857404
1153,0.893759
1154,0.961649
1155,0.989188
1156,0.994546
1157,0.99401
1158,0.995798
1159,0.996481
1160,0.993672
1161,0.956775
1162,0.330233
1163,0.135915
1164,0.1131
1165,0.176145
1166,0.244073
1167,0.232583
1168,0.19423
1169,0.182121
1170,0.147068
1171,0.180192
1172,0.176137
1173,0.176456
1174,0.148843
1175,0.117279
1176,0.117562
1177,0.19106
1178,0.210809
1179,0.251124
1180,0.213284
1181,0.204311
1182,0.188608
1183,0.208445
1184,0.157908
1185,0.141119
1186,0.13957
1187,0.176594
1188,0.167812
1189,0.127234
1190,0.122242
1191,0.12806
1192,0.141374
1193,0.175875
1194,0.15911
1195,0.138612
1196,0.18165
1197,0.167002
1198,0.255325
1199,0.17386
1200,0.144535
1201,0.193594
1202,0.226791
1203,0.216143
1204,0.261143
1205,0.287464
1206,0.199195
1207,0.24628
1208,0.2189
1209,0.228286
1210,0.216579
1211,0.263187
1212,0.495678
1213,0.963007
1214,0.96818
1215,0.967469
1216,0.973936
1217,0.976118
1218,0.977467
1219,0.96321
1220,0.971024
1221,0.977596
1222,0.968677
1223,0.975151
1224,0.97342
1225,0.971575
1226,0.960137
1227,0.974083
1228,0.97172
1229,0.971487
1230,0.97503
1231,0.970718
1232,0.979863
1233,0.976956
1234,0.67098
1235,0.184497
1236,0.225864
1237,0.252152
1238,0.288815
1239,0.242173
1240,0.172063
1241,0.242413
1242,0.266927
1243,0.330615
1244,0.319633
1245,0.356541
1246,0.317769
1247,0.450654
1248,0.317749
1249,0.265246
1250,0.207782
1251,0.32806
1252,0.30545
1253,0.38032
1254,0.313375
1255,0.288891
1256,0.327163
1257,0.458902
1258,0.408244
1259,0.775996
1260,0.364052
1261,0.306869
1262,0.383138
1263,0.270977
1264,0.30726
1265,0.349155
1266,0.339961
1267,0.196655
1268,0.194016
1269,0.208051
1270,0.165304
1271,0.259607
1272,0.310667
1273,0.305524
1274,0.265248
1275,0.224381
1276,0.178361
1277,0.208879
1278,0.248884
1279,0.229675
1280,0.164157
1281,0.308114
1282,0.280712
1283,0.274715
1284,0.301374
1285,0.356777
1286,0.330165
1287,0.478695
1288,0.616867
1289,0.635511
1290,0.305995
1291,0.256639
1292,0.261953
1293,0.333341
1294,0.408029
1295,0.758606
1296,0.416098
1297,0.378927
1298,0.331482
1299,0.615686
1300,0.67997
1301,0.657478
1302,0.627941
1303,0.647343
1304,0.524345
1305,0.581541
1306,0.323944
1307,0.21047
1308,0.29707
1309,0.767961
1310,0.977683
1311,0.983505
1312,0.979622
1313,0.979939
1314,0.981887
1315,0.982049
1316,0.978851
1317,0.976155
1318,0.974914
1319,0.973745
1320,0.976503
1321,0.973214
1322,0.796996
1323,0.365411
1324,0.609269
1325,0.608372
1326,0.629385
1327,0.618235
1328,0.62869
1329,0.580079
1330,0.597762
1331,0.634793
1332,0.477296
1333,0.716261
1334,0.929689
1335,0.982083
1336,0.966838
1337,0.972941
1338,0.968077
1339,0.96754
1340,0.964004
1341,0.971696
1342,0.980477
1343,0.98269
1344,0.98583
1345,0.983943
1346,0.986577
1347,0.987028
1348,0.987476
1349,0.987006
1350,0.984885
1351,0.986532
1352,0.988851
1353,0.990447
1354,0.98767
1355,0.985207
1356,0.983194
1357,0.986388
1358,0.987486
1359,0.961751
1360,0.340776
1361,0.33604
1362,0.258118
1363,0.246472
1364,0.355204
1365,0.305771
1366,0.394539
1367,0.18693
1368,0.191622
1369,0.154716
1370,0.16811
1371,0.109452
1372,0.133997
1373,0.354241
1374,0.953253
1375,0.98374
1376,0.991186
1377,0.991552
1378,0.992072
1379,0.990317
1380,0.991103
1381,0.985481
1382,0.985193
1383,0.983015
1384,0.985215
1385,0.9834
1386,0.975686
1387,0.975157
1388,0.976864
1389,0.976909
1390,0.984064
1391,0.984361
1392,0.985515
1393,0.98689
1394,0.987856
1395,0.987694
1396,0.9849
1397,0.985457
1398,0.984148
1399,0.985193
1400,0.981069
1401,0.980726
1402,0.975796
1403,0.971168
1404,0.975378
1405,0.97551
1406,0.970743
1407,0.980541
1408,0.985165
1409,0.983459
1410,0.980301
1411,0.982913
1412,0.982054
1413,0.979176
1414,0.978175
1415,0.983067
1416,0.990297
1417,0.963505
1418,0.568924
1419,0.297109
1420,0.178073
1421,0.124192
1422,0.146637
1423,0.10089
1424,0.096474
1425,0.102785
1426,0.097079
1427,0.072856
1428,0.062355
1429,0.063509
1430,0.063664
1431,0.02254
1432,0.023848
1433,0.023722
1434,0.020713
1435,0.020269
1436,0.023313
1437,0.029381
1438,0.028707
1439,0.01809
1440,0.016265
1441,0.026976
1442,0.021348
1443,0.020828
1444,0.020975
1445,0.021645
1446,0.027336
1447,0.023813
1448,0.024573
1449,0.023003
1450,0.017024
1451,0.015581
1452,0.013147
1453,0.023563
1454,0.027681
1455,0.02948
1456,0.03032
1457,0.022611
1458,0.023927
1459,0.022457
1460,0.084024
1461,0.164936
1462,0.231152
1463,0.257478
1464,0.233185
1465,0.213862
1466,0.206979
1467,0.202354
1468,0.227982
1469,0.218065
1470,0.216113
1471,0.216292
1472,0.195549
1473,0.20046
1474,0.200839
1475,0.190508
1476,0.196244
1477,0.183631
1478,0.051514
1479,0.056779
1480,0.049962
1481,0.067053
1482,0.044205
1483,0.049095
1484,0.199277
1485,0.080528
1486,0.070541
1487,0.060015
1488,0.060578
1489,0.036569
1490,0.037797
1491,0.037594
1492,0.022346
1493,0.018788
1494,0.025458
1495,0.034218
1496,0.031459
1497,0.027163
1498,0.030449
1499,0.030898
1500,0.050395
1501,0.020309
1502,0.023724
1503,0.069858
1504,0.084362
1505,0.091596
1506,0.093414
1507,0.12057
1508,0.112335
1509,0.108018
1510,0.146089
1511,0.135432
1512,0.141025
1513,0.154955
1514,0.156872
1515,0.171007
1516,0.15825
1517,0.166983
1518,0.177201
1519,0.191229
1520,0.204954
1521,0.149525
1522,0.141322
1523,0.09929
1524,0.104534
1525,0.16192
1526,0.185081
1527,0.138782
1528,0.148058
1529,0.125221
1530,0.121079
1531,0.086139
1532,0.11836
1533,0.150701
1534,0.165036
1535,0.154954
1536,0.143129
1537,0.131727
1538,0.15289
1539,0.16902
1540,0.441721
1541,0.984154
1542,0.986899
1543,0.981668
1544,0.986839
1545,0.985
1546,0.982737
1547,0.984328
1548,0.973482
1549,0.954718
1550,0.963985
1551,0.966816
1552,0.963349
1553,0.974093
1554,0.983504
1555,0.434486
1556,0.091086
1557,0.096487
1558,0.201781
1559,0.232318
1560,0.322522
1561,0.214653
1562,0.171254
1563,0.469527
1564,0.970299
1565,0.979842
1566,0.973745
1567,0.981792
1568,0.982885
1569,0.963098
1570,0.960049
1571,0.934109
1572,0.941132
1573,0.837485
1574,0.797279
1575,0.794292
1576,0.846976
1577,0.924257
1578,0.984183
1579,0.981311
1580,0.985929
1581,0.986558
1582,0.987935
1583,0.985954
1584,0.864654
1585,0.847666
1586,0.871493
1587,0.864973
1588,0.847662
1589,0.801098
1590,0.817943
1591,0.834596
1592,0.917675
1593,0.925179
1594,0.96504
1595,0.979292
1596,0.225397
1597,0.069376
1598,0.12903
1599,0.085298
1600,0.158157
1601,0.139869
1602,0.106809
1603,0.110657
1604,0.120734
1605,0.133725
1606,0.123104
1607,0.086934
1608,0.076893
1609,0.068763
1610,0.275069
1611,0.098539
1612,0.125303
1613,0.157885
1614,0.114483
1615,0.097268
1616,0.133442
1617,0.250875
1618,0.612392
1619,0.808665
1620,0.942883
1621,0.962446
1622,0.980585
1623,0.984322
1624,0.978138
1625,0.977251
1626,0.972049
1627,0.967377
1628,0.972791
1629,0.973229
1630,0.980231
1631,0.980884
1632,0.985211
1633,0.957491
1634,0.970944
1635,0.984731
1636,0.983288
1637,0.989474
1638,0.992162
1639,0.991692
1640,0.989126
1641,0.990168
1642,0.990482
1643,0.994033
1644,0.99428
1645,0.994467
1646,0.993836
1647,0.992883
1648,0.992549
1649,0.995063
1650,0.991425
1651,0.993788
1652,0.995002
1653,0.995488
1654,0.993986
1655,0.994581
1656,0.994975
1657,0.992954
1658,0.994254
1659,0.994546
1660,0.995313
1661,0.995373
1662,0.99442
1663,0.995388
1664,0.995586
1665,0.994496
1666,0.995161
1667,0.994891
1668,0.99483
1669,0.995269
1670,0.994834
1671,0.994858
1672,0.973102
1673,0.994544
1674,0.994945
1675,0.995915
1676,0.996602
1677,0.996462
1678,0.992067
1679,0.993682
1680,0.991447
1681,0.982545
1682,0.972837
1683,0.975599
1684,0.979287
1685,0.981551
1686,0.984367
1687,0.98744
1688,0.990474
1689,0.993821
1690,0.995051
1691,0.995776
1692,0.995677
1693,0.994554
1694,0.995795
1695,0.995642
1696,0.997298
1697,0.996754
1698,0.964975
1699,0.475143
1700,0.353978
1701,0.28955
1702,0.22729
1703,0.328052
1704,0.359036
1705,0.362649
1706,0.395438
1707,0.343757
1708,0.369006
1709,0.381971
1710,0.412065
1711,0.401288
1712,0.41407
1713,0.384748
1714,0.348322
1715,0.402147
1716,0.361727
1717,0.392869
1718,0.443975
1719,0.582398
1720,0.857912
1721,0.592929
1722,0.669464
1723,0.799473
1724,0.741603
1725,0.691808
1726,0.791927
1727,0.781134
1728,0.718585
1729,0.782587
1730,0.716055
1731,0.847683
1732,0.788227
1733,0.763768
1734,0.836134
1735,0.980084
1736,0.996487
1737,0.996359
1738,0.994016
1739,0.994544
1740,0.993768
1741,0.993245
1742,0.99272
1743,0.993896
1744,0.995887
1745,0.995056
1746,0.883775
1747,0.631562
1748,0.611033
1749,0.600365
1750,0.580346
1751,0.639558
1752,0.698109
1753,0.939636
1754,0.990406
1755,0.995606
1756,0.99408
1757,0.994027
1758,0.994473
1759,0.993313
1760,0.994103
1761,0.994473
1762,0.995128
1763,0.995415
1764,0.995177
1765,0.982913
1766,0.516827
1767,0.288069
1768,0.294414
1769,0.339858
1770,0.35091
1771,0.287465
1772,0.300181
1773,0.269693
1774,0.261577
1775,0.249983
1776,0.229903
1777,0.174855
1778,0.187266
1779,0.187006
1780,0.177675
1781,0.175895
1782,0.224733
1783,0.454269
1784,0.928688
1785,0.991813
1786,0.989237
1787,0.98988
1788,0.991924
1789,0.990839
1790,0.991189
1791,0.99081
1792,0.907591
1793,0.074824
1794,0.077481
1795,0.046946
1796,0.03974
1797,0.043573
1798,0.027744
1799,0.025602
1800,0.030916
1801,0.022073
1802,0.017869
1803,0.015499
1804,0.02334
1805,0.084657
1806,0.104444
1807,0.051797
1808,0.065848
1809,0.04914
1810,0.047313
1811,0.047013
1812,0.044758
1813,0.047963
1814,0.041891
1815,0.050419
1816,0.037822
1817,0.046089
1818,0.045079
1819,0.046646
1820,0.044417
1821,0.044848
1822,0.046213
1823,0.048035
1824,0.046202
1825,0.060956
1826,0.0687
1827,0.05797
1828,0.053939
1829,0.05401
1830,0.065669
1831,0.140631
1832,0.179791
1833,0.158641
1834,0.160653
1835,0.134979
1836,0.122954
1837,0.158706
1838,0.122226
1839,0.125847
1840,0.124351
1841,0.103702
1842,0.08887
1843,0.04232
1844,0.038019
1845,0.03704
1846,0.0399
1847,0.048378
1848,0.02451
1849,0.029908
1850,0.028057
1851,0.056409
1852,0.05247
1853,0.052969
1854,0.046436
1855,0.035232
1856,0.019681
1857,0.066879
1858,0.075051
1859,0.06405
1860,0.075776
1861,0.01925
1862,0.017093
1863,0.017183
1864,0.021783
1865,0.027372
1866,0.022906
1867,0.014152
1868,0.014914
1869,0.01717
1870,0.039591
1871,0.019348
1872,0.041637
1873,0.057951
1874,0.05759
1875,0.048111
1876,0.043185
1877,0.046381
1878,0.043435
1879,0.045557
1880,0.047357
1881,0.044634
1882,0.042856
1883,0.041963
1884,0.042589
1885,0.044842
1886,0.045467
1887,0.0383
1888,0.027283
1889,0.004502
1890,0.001015
1891,0.008122
1892,0.21714
1893,0.031408
1894,0.121119
1895,0.137392
1896,0.129791
1897,0.085969
1898,0.063524
1899,0.062149
1900,0.05983
1901,0.094541
1902,0.127576
1903,0.153487
1904,0.135994
1905,0.124488
1906,0.137122
1907,0.147839
1908,0.091126
1909,0.132375
1910,0.134019
1911,0.080606
1912,0.117073
1913,0.145954
1914,0.137467
1915,0.162356
1916,0.066726
1917,0.05297
1918,0.076586
1919,0.054437
1920,0.071887
1921,0.047314
1922,0.109515
1923,0.102433
1924,0.077312
1925,0.081997
1926,0.06983
1927,0.053
1928,0.064407
1929,0.060441
1930,0.082563
1931,0.061261
1932,0.05641
1933,0.036384
1934,0.039666
1935,0.040482
1936,0.051129
1937,0.060565
1938,0.058554
1939,0.064886
1940,0.072584
1941,0.065259
1942,0.057452
1943,0.058916
1944,0.066236
1945,0.082097
1946,0.083675
1947,0.083013
1948,0.077648
1949,0.065916
1950,0.06171
1951,0.064276
1952,0.072398
1953,0.075399
1954,0.071124
1955,0.067298
1956,0.059873
1957,0.053731
1958,0.048552
1959,0.051436
1960,0.055752
1961,0.057196
1962,0.076078
1963,0.143841
1964,0.910595
1965,0.991137
1966,0.987327
1967,0.985432
1968,0.987271
1969,0.98704
1970,0.989135
1971,0.986478
1972,0.984396
1973,0.981554
1974,0.984007
1975,0.982952
1976,0.983457
1977,0.980319
1978,0.981117
1979,0.98247
1980,0.976051
1981,0.976621
1982,0.978064
1983,0.979277
1984,0.985976
1985,0.985526
1986,0.986428
1987,0.979326
1988,0.260524
1989,0.073156
1990,0.090063
1991,0.088232
1992,0.10716
1993,0.132626
1994,0.132617
1995,0.154912
1996,0.400133
1997,0.978432
1998,0.986985
1999,0.98727
2000,0.985183
2001,0.971568
2002,0.963255
2003,0.963847
2004,0.420159
2005,0.124834
2006,0.069459
2007,0.082967
2008,0.067366
2009,0.07423
2010,0.073679
2011,0.107336
2012,0.088143
2013,0.077671
2014,0.062824
2015,0.063491
2016,0.057456
2017,0.067299
2018,0.127312
2019,0.917773
2020,0.987723
2021,0.972855
2022,0.967276
2023,0.972311
2024,0.966036
2025,0.965663
2026,0.959071
2027,0.960362
2028,0.298974
2029,0.075738
2030,0.094716
2031,0.070527
2032,0.070186
2033,0.094937
2034,0.090695
2035,0.102177
2036,0.071573
2037,0.066839
2038,0.074581
2039,0.081534
2040,0.093302
2041,0.212982
2042,0.15707
2043,0.122441
2044,0.101147
2045,0.123647
2046,0.116744
2047,0.104477
2048,0.083692
2049,0.081844
2050,0.050343
2051,0.254696
2052,0.046602
2053,0.100599
2054,0.088517
2055,0.092782
2056,0.08471
2057,0.129515
2058,0.144631
2059,0.175544
2060,0.17826
2061,0.18148
2062,0.148828
2063,0.095984
2064,0.098038
2065,0.055981
2066,0.061255
2067,0.06446
2068,0.072416
2069,0.071594
2070,0.071583
2071,0.066597
2072,0.077757
2073,0.079522
2074,0.077445
2075,0.062784
2076,0.066772
2077,0.077487
2078,0.080287
2079,0.084445
2080,0.077713
2081,0.107773
2082,0.09572
2083,0.076088
2084,0.9394
2085,0.989366
2086,0.969315
2087,0.976137
2088,0.964411
2089,0.975508
2090,0.967063
2091,0.956873
2092,0.940965
2093,0.945691
2094,0.946062
2095,0.926072
2096,0.960437
2097,0.985676
2098,0.471556
2099,0.17225
2100,0.086538
2101,0.058642
2102,0.057641
2103,0.05388
2104,0.059608
2105,0.061205
2106,0.050412
2107,0.046493
2108,0.049853
2109,0.055074
2110,0.048953
2111,0.050307
2112,0.051507
2113,0.041413
2114,0.033823
2115,0.036411
2116,0.028419
2117,0.029101
2118,0.023091
2119,0.01615
2120,0.013135
2121,0.014489
2122,0.031974
2123,0.017803
2124,0.026233
2125,0.054618
2126,0.043398
2127,0.044722
2128,0.051386
2129,0.054895
2130,0.067606
2131,0.071432
2132,0.069504
2133,0.071895
2134,0.043524
2135,0.061467
2136,0.068915
2137,0.021572
2138,0.023398
2139,0.031291
2140,0.041167
2141,0.041867
2142,0.064086
2143,0.044669
2144,0.044346
2145,0.046331
2146,0.067729
2147,0.805512
2148,0.988192
2149,0.992652
2150,0.992473
2151,0.991972
2152,0.989548
2153,0.989606
2154,0.990326
2155,0.991808
2156,0.99059
2157,0.989573
2158,0.594386
2159,0.096189
2160,0.080268
2161,0.079884
2162,0.100423
2163,0.129251
2164,0.18382
2165,0.15816
2166,0.172547
2167,0.16122
2168,0.16106
2169,0.151645
2170,0.138724
2171,0.110728
2172,0.104431
2173,0.089756
2174,0.918483
2175,0.984874
2176,0.990033
2177,0.991321
2178,0.991138
2179,0.989798
2180,0.991265
2181,0.988748
2182,0.988279
2183,0.989082
2184,0.989991
2185,0.978461
2186,0.976478
2187,0.976018
2188,0.980015
2189,0.980459
2190,0.979548
2191,0.978057
2192,0.987811
2193,0.985821
2194,0.987595
2195,0.990285
2196,0.486815
2197,0.161782
2198,0.094372
2199,0.06446
2200,0.101101
2201,0.076331
2202,0.089222
2203,0.110473
2204,0.090458
2205,0.103453
2206,0.121179
2207,0.126622
2208,0.105503
2209,0.166449
2210,0.186211
2211,0.172955
2212,0.194583
2213,0.056488
2214,0.050709
2215,0.045314
2216,0.048998
2217,0.055077
2218,0.047829
2219,0.039204
2220,0.041599
2221,0.019909
2222,0.017385
2223,0.0174
2224,0.082112
2225,0.116523
2226,0.910211
2227,0.979827
2228,0.987502
2229,0.986074
2230,0.980327
2231,0.968757
2232,0.969571
2233,0.980273
2234,0.986464
2235,0.985161
2236,0.979712
2237,0.982849
2238,0.983219
2239,0.983527
2240,0.984068
2241,0.991112
2242,0.559761
2243,0.117589
2244,0.096554
2245,0.11205
2246,0.126023
2247,0.115851
2248,0.113015
2249,0.068804
2250,0.072198
2251,0.110422
2252,0.075616
2253,0.073302
2254,0.070894
2255,0.110349
2256,0.107891
2257,0.072247
2258,0.110096
2259,0.156445
2260,0.178273
2261,0.148218
2262,0.125252
2263,0.146286
2264,0.108167
2265,0.107604
2266,0.211999
2267,0.242122
2268,0.227886
2269,0.154462
2270,0.092024
2271,0.099634
2272,0.155006
2273,0.14849
2274,0.20511
2275,0.186445
2276,0.18738
2277,0.214776
2278,0.191313
2279,0.156838
2280,0.182886
2281,0.135124
2282,0.140841
2283,0.112244
2284,0.068877
2285,0.089434
2286,0.100642
2287,0.068313
2288,0.130146
2289,0.122103
2290,0.126413
2291,0.110259
2292,0.147627
2293,0.124228
2294,0.099234
2295,0.088277
2296,0.055068
2297,0.209476
2298,0.164959
2299,0.185983
2300,0.184538
2301,0.223688
2302,0.290499
2303,0.260703
2304,0.268647
2305,0.331653
2306,0.501858
2307,0.500848
2308,0.614181
2309,0.584969
2310,0.581091
2311,0.577546
2312,0.599926
2313,0.620004
2314,0.81917
2315,0.918311
2316,0.983527
2317,0.954811
2318,0.957391
2319,0.955331
2320,0.965802
2321,0.976406
2322,0.990535
2323,0.93654
2324,0.217527
2325,0.098432
2326,0.055783
2327,0.182682
2328,0.060548
2329,0.026356
2330,0.025967
2331,0.025736
2332,0.032664
2333,0.035308
2334,0.034217
2335,0.181544
2336,0.195459
2337,0.179367
2338,0.220649
2339,0.250307
2340,0.229965
2341,0.292934
2342,0.247511
2343,0.232123
2344,0.0729
2345,0.216884
2346,0.05501
2347,0.04723
2348,0.040306
2349,0.112207
2350,0.105368
2351,0.160141
2352,0.130184
2353,0.17923
2354,0.184243
2355,0.181084
2356,0.198911
2357,0.200356
2358,0.19391
2359,0.219805
2360,0.282977
2361,0.329432
2362,0.354634
2363,0.407901
2364,0.346425
2365,0.423153
2366,0.482287
2367,0.387777
2368,0.364278
2369,0.395806
2370,0.362711
2371,0.395811
2372,0.391388
2373,0.340219
2374,0.354522
2375,0.374225
2376,0.402708
2377,0.312028
2378,0.351765
2379,0.353868
2380,0.354443
2381,0.84149
2382,0.972384
2383,0.968846
2384,0.967037
2385,0.964917
2386,0.947794
2387,0.948969
2388,0.952576
2389,0.916236
2390,0.929034
2391,0.930585
2392,0.935254
2393,0.955251
2394,0.962959
2395,0.964103
2396,0.961874
2397,0.965632
2398,0.974162
2399,0.972279
2400,0.973136
2401,0.962788
2402,0.942198
2403,0.953881
2404,0.945743
2405,0.958146
2406,0.95725
2407,0.941145
2408,0.92702
2409,0.934601
2410,0.902592
2411,0.849183
2412,0.875655
2413,0.844278
2414,0.867835
2415,0.878541
2416,0.901827
2417,0.897173
2418,0.93026
2419,0.930615
2420,0.936465
2421,0.927805
2422,0.95544
2423,0.966859
2424,0.968829
2425,0.98266
2426,0.984401
2427,0.988858
2428,0.98684
2429,0.987883
2430,0.983093
2431,0.97231
2432,0.964896
2433,0.96815
2434,0.977502
2435,0.966571
2436,0.95385
2437,0.961309
2438,0.93461
2439,0.930722
2440,0.946384
2441,0.958166
2442,0.952796
2443,0.957548
2444,0.958445
2445,0.96042
2446,0.962004
2447,0.958184
2448,0.956433
2449,0.970506
2450,0.97147
2451,0.970454
2452,0.964622
2453,0.971648
2454,0.963222
2455,0.963224
2456,0.960181
2457,0.955134
2458,0.956629
2459,0.958192
2460,0.954974
2461,0.879221
2462,0.901888
2463,0.900315
2464,0.873961
2465,0.888132
2466,0.905368
2467,0.884834
2468,0.91209
2469,0.899848
2470,0.903126
2471,0.91354
2472,0.922356
2473,0.959681
2474,0.9594
2475,0.974224
2476,0.971681
2477,0.970291
2478,0.965356
2479,0.96482
2480,0.961273
2481,0.963753
2482,0.952175
2483,0.951633
2484,0.921674
2485,0.933668
2486,0.929517
2487,0.892542
2488,0.895449
2489,0.90732
2490,0.898088
2491,0.911979
2492,0.896445
2493,0.899025
2494,0.923657
2495,0.895642
2496,0.854284
2497,0.787292
2498,0.796965
2499,0.693648
2500,0.814954
2501,0.712237
2502,0.744379
2503,0.794528
2504,0.787994
2505,0.775651
2506,0.970562
2507,0.475537
2508,0.203448
2509,0.170116
2510,0.177794
2511,0.190173
2512,0.195516
2513,0.181733
2514,0.142565
2515,0.146508
2516,0.137548
2517,0.120371
2518,0.129986
2519,0.120544
2520,0.106347
2521,0.075716
2522,0.087163
2523,0.119968
2524,0.120762
2525,0.284549
2526,0.13956
2527,0.129925
2528,0.126607
2529,0.111146
2530,0.105999
2531,0.099946
2532,0.12314
2533,0.154729
2534,0.180162
2535,0.138698
2536,0.161079
2537,0.190586
2538,0.21084
2539,0.227173
2540,0.225721
2541,0.210423
2542,0.296621
2543,0.238434
2544,0.258929
2545,0.251889
2546,0.242104
2547,0.213713
2548,0.200627
2549,0.229855
2550,0.213718
2551,0.580654
2552,0.538221
2553,0.948884
2554,0.978976
2555,0.978306
2556,0.967161
2557,0.943274
2558,0.940478
2559,0.936756
2560,0.623651
2561,0.549452
2562,0.459541
2563,0.436748
2564,0.402339
2565,0.36487
2566,0.345241
2567,0.311876
2568,0.314932
2569,0.238147
2570,0.276541
2571,0.260839
2572,0.263137
2573,0.237495
2574,0.242563
2575,0.217444
2576,0.209924
2577,0.224505
2578,0.261572
2579,0.282568
2580,0.334814
2581,0.333806
2582,0.336961
2583,0.344389
2584,0.33621
2585,0.254759
2586,0.252073
2587,0.283353
2588,0.179439
2589,0.159153
2590,0.132592
2591,0.179994
2592,0.210206
2593,0.206544
2594,0.337604
2595,0.333697
2596,0.443093
2597,0.323966
2598,0.372851
2599,0.458592
2600,0.389681
2601,0.439447
2602,0.354389
2603,0.547967
2604,0.457065
2605,0.614652
2606,0.630843
2607,0.651089
2608,0.525386
2609,0.473982
2610,0.462882
2611,0.472003
2612,0.386661
2613,0.416663
2614,0.435729
2615,0.458342
2616,0.921855
2617,0.93862
2618,0.925901
2619,0.949979
2620,0.94135
2621,0.957559
2622,0.954833
2623,0.958563
2624,0.951532
2625,0.931914
2626,0.916873
2627,0.932669
2628,0.942422
2629,0.821055
2630,0.881622
2631,0.972255
2632,0.704525
2633,0.248974
2634,0.257381
2635,0.282832
2636,0.3191
2637,0.282473
2638,0.307245
2639,0.324214
2640,0.342919
2641,0.371059
2642,0.348007
2643,0.392117
2644,0.353233
2645,0.31733
2646,0.286997
2647,0.254809
2648,0.274011
2649,0.232903
2650,0.249174
2651,0.238799
2652,0.211553
2653,0.235395
2654,0.29688
2655,0.317105
2656,0.267808
2657,0.248509
2658,0.222282
2659,0.208227
2660,0.206431
2661,0.183837
2662,0.159335
2663,0.191892
2664,0.177994
2665,0.147481
2666,0.156694
2667,0.168564
2668,0.231673
2669,0.227484
2670,0.033658
2671,0.069295
2672,0.441739
2673,0.980165
2674,0.990278
2675,0.988325
2676,0.983091
2677,0.979518
2678,0.980005
2679,0.98121
2680,0.981403
2681,0.983615
2682,0.985386
2683,0.985791
2684,0.987009
2685,0.986497
2686,0.983624
2687,0.983326
2688,0.979771
2689,0.973885
2690,0.975858
2691,0.973602
2692,0.973377
2693,0.983342
2694,0.979051
2695,0.975976
2696,0.966318
2697,0.980305
2698,0.980421
2699,0.981499
2700,0.984391
2701,0.988289
2702,0.988751
2703,0.986483
2704,0.982822
2705,0.97691
2706,0.974211
2707,0.967093
2708,0.116292
2709,0.03527
2710,0.032154
2711,0.034403
2712,0.028306
2713,0.023575
2714,0.024635
2715,0.026698
2716,0.031642
2717,0.028787
2718,0.024787
2719,0.028606
2720,0.041675
2721,0.031209
2722,0.031178
2723,0.025592
2724,0.033359
2725,0.049713
2726,0.050594
2727,0.059548
2728,0.043452
2729,0.03968
2730,0.036148
2731,0.030906
2732,0.033476
2733,0.035535
2734,0.052959
2735,0.049264
2736,0.054921
2737,0.077868
2738,0.094913
2739,0.082962
2740,0.071423
2741,0.069474
2742,0.812333
2743,0.986109
2744,0.990779
2745,0.992221
2746,0.993293
2747,0.985924
2748,0.983415
2749,0.989107
2750,0.990972
2751,0.976902
2752,0.973122
2753,0.973756
2754,0.970271
2755,0.981843
2756,0.978895
2757,0.982754
2758,0.978818
2759,0.98149
2760,0.986915
2761,0.516469
2762,0.460783
2763,0.464282
2764,0.430801
2765,0.664391
2766,0.760851
2767,0.850917
2768,0.854952
2769,0.95119
2770,0.95267
2771,0.949338
2772,0.941461
2773,0.969508
2774,0.9693
2775,0.911868
2776,0.861864
2777,0.883033
2778,0.838437
2779,0.90931
2780,0.912046
2781,0.82355
2782,0.844562
2783,0.938156
2784,0.93807
2785,0.860235
2786,0.795674
2787,0.805033
2788,0.743553
2789,0.620055
2790,0.699359
2791,0.80337
2792,0.776419
2793,0.762192
2794,0.811119
2795,0.688483
2796,0.732188
2797,0.784166
2798,0.78479
2799,0.784502
2800,0.823895
2801,0.799945
2802,0.805224
2803,0.831004
2804,0.866406
2805,0.897918
