1,0.773992
2,0.693894
3,0.630729
4,0.504788
5,0.404764
6,0.378794
7,0.414365
8,0.570422
9,0.74969
10,0.790366
11,0.915014
12,0.907849
13,0.793394
14,0.92115
15,0.901802
16,0.846012
17,0.824292
18,0.912506
19,0.876776
20,0.764307
21,0.743357
22,0.811387
23,0.84954
24,0.867253
25,0.90618
26,0.901788
27,0.925308
28,0.891454
29,0.852505
30,0.897366
31,0.864704
32,0.910428
33,0.912357
34,0.941781
35,0.95471
36,0.94273
37,0.931964
38,0.92846
39,0.924266
40,0.906917
41,0.91781
42,0.934121
43,0.920591
44,0.936168
45,0.964591
46,0.973835
47,0.96982
48,0.585516
49,0.320026
50,0.232048
51,0.219491
52,0.147818
53,0.10952
54,0.113298
55,0.122786
56,0.066423
57,0.070736
58,0.098885
59,0.130278
60,0.120589
61,0.087373
62,0.166243
63,0.168652
64,0.126991
65,0.19494
66,0.284599
67,0.922257
68,0.972083
69,0.951996
70,0.957031
71,0.937529
72,0.947553
73,0.931641
74,0.935327
75,0.93066
76,0.928797
77,0.952842
78,0.925261
79,0.622361
80,0.356322
81,0.160551
82,0.165239
83,0.162083
84,0.193306
85,0.159327
86,0.173181
87,0.174875
88,0.128273
89,0.125012
90,0.118695
91,0.125255
92,0.147709
93,0.124702
94,0.106592
95,0.091867
96,0.101678
97,0.114345
98,0.136699
99,0.174233
100,0.187492
101,0.234403
102,0.242498
103,0.204593
104,0.278647
105,0.235395
106,0.310633
107,0.417313
108,0.435951
109,0.424168
110,0.417846
111,0.578782
112,0.958137
113,0.959082
114,0.961574
115,0.982864
116,0.961725
117,0.956454
118,0.958196
119,0.965432
120,0.959456
121,0.913498
122,0.924992
123,0.910772
124,0.903227
125,0.876489
126,0.888213
127,0.891255
128,0.879894
129,0.867244
130,0.914794
131,0.887072
132,0.927252
133,0.951125
134,0.953334
135,0.919297
136,0.911041
137,0.876237
138,0.951557
139,0.963625
140,0.971162
141,0.966546
142,0.961686
143,0.960586
144,0.96893
145,0.973193
146,0.974552
147,0.9688
148,0.974297
149,0.976826
150,0.944813
151,0.95563
152,0.967406
153,0.970733
154,0.951966
155,0.185873
156,0.108118
157,0.116211
158,0.088767
159,0.168163
160,0.976755
161,0.989064
162,0.981807
163,0.990442
164,0.99075
165,0.989489
166,0.990589
167,0.991493
168,0.991596
169,0.949771
170,0.966246
171,0.970193
172,0.9618
173,0.97221
174,0.965172
175,0.970266
176,0.984272
177,0.973054
178,0.94541
179,0.989632
180,0.975089
181,0.938093
182,0.974108
183,0.974858
184,0.969314
185,0.960998
186,0.946024
187,0.962335
188,0.966822
189,0.9683
190,0.965901
191,0.967339
192,0.967962
193,0.968614
194,0.977266
195,0.97588
196,0.973879
197,0.974488
198,0.972829
199,0.977225
200,0.978336
201,0.984051
202,0.985476
203,0.987478
204,0.989919
205,0.981145
206,0.979387
207,0.985524
208,0.984577
209,0.979321
210,0.969532
211,0.95794
212,0.972853
213,0.980517
214,0.719553
215,0.187277
216,0.172412
217,0.138038
218,0.131583
219,0.143437
220,0.144566
221,0.097437
222,0.091935
223,0.089342
224,0.112696
225,0.119198
226,0.112792
227,0.119869
228,0.124528
229,0.092737
230,0.093391
231,0.089035
232,0.091281
233,0.091115
234,0.097597
235,0.086349
236,0.085354
237,0.093797
238,0.093584
239,0.090836
240,0.483678
241,0.941881
242,0.947066
243,0.954896
244,0.988971
245,0.974213
246,0.969644
247,0.938195
248,0.936137
249,0.952883
250,0.952406
251,0.892105
252,0.892291
253,0.768452
254,0.766394
255,0.903731
256,0.897964
257,0.897187
258,0.933089
259,0.933653
260,0.92849
261,0.935535
262,0.943177
263,0.755414
264,0.162203
265,0.092553
266,0.184286
267,0.168889
268,0.060514
269,0.11074
270,0.067339
271,0.065873
272,0.074417
273,0.126349
274,0.107908
275,0.690969
276,0.96427
277,0.933463
278,0.909685
279,0.948454
280,0.96245
281,0.979203
282,0.97768
283,0.975044
284,0.972623
285,0.971374
286,0.956281
287,0.94388
288,0.956331
289,0.955219
290,0.95732
291,0.982467
292,0.98231
293,0.984977
294,0.992626
295,0.99033
296,0.98965
297,0.986982
298,0.974727
299,0.981717
300,0.986197
301,0.970766
302,0.976549
303,0.984038
304,0.977732
305,0.977942
306,0.971898
307,0.982832
308,0.204823
309,0.060323
310,0.057859
311,0.055088
312,0.068644
313,0.041008
314,0.037581
315,0.037374
316,0.037533
317,0.032885
318,0.185212
319,0.0777
320,0.454018
321,0.473844
322,0.336923
323,0.344465
324,0.372394
325,0.152008
326,0.197834
327,0.219237
328,0.231577
329,0.195669
330,0.208011
331,0.16964
332,0.140125
333,0.206794
334,0.128928
335,0.94723
336,0.993316
337,0.990569
338,0.976965
339,0.9802
340,0.991912
341,0.97886
342,0.97143
343,0.972659
344,0.96801
345,0.969027
346,0.969858
347,0.965761
348,0.967849
349,0.981693
350,0.980256
351,0.973185
352,0.967519
353,0.939033
354,0.942135
355,0.947123
356,0.955512
357,0.949988
358,0.951836
359,0.944543
360,0.936301
361,0.970116
362,0.97244
363,0.183323
364,0.157447
365,0.105474
366,0.117994
367,0.118996
368,0.108047
369,0.114364
370,0.100919
371,0.095885
372,0.08984
373,0.093686
374,0.103014
375,0.097825
376,0.100737
377,0.098842
378,0.073423
379,0.070122
380,0.067557
381,0.058575
382,0.063189
383,0.07549
384,0.07403
385,0.212357
386,0.244613
387,0.187156
388,0.16481
389,0.167305
390,0.088137
391,0.13794
392,0.142673
393,0.10147
394,0.150333
395,0.169293
396,0.203032
397,0.190254
398,0.14098
399,0.155496
400,0.173852
401,0.162463
402,0.195024
403,0.16631
404,0.165818
405,0.155043
406,0.10033
407,0.151778
408,0.819245
409,0.988103
410,0.980028
411,0.96471
412,0.95137
413,0.957483
414,0.961493
415,0.95442
416,0.96701
417,0.949232
418,0.951083
419,0.935253
420,0.929307
421,0.624421
422,0.523083
423,0.646484
424,0.794238
425,0.894335
426,0.876525
427,0.864501
428,0.843021
429,0.898706
430,0.89062
431,0.91678
432,0.919043
433,0.821536
434,0.846356
435,0.885114
436,0.887118
437,0.934453
438,0.900673
439,0.863907
440,0.801707
441,0.776281
442,0.818917
443,0.808979
444,0.860919
445,0.74672
446,0.668833
447,0.798117
448,0.885857
449,0.850824
450,0.919155
451,0.920848
452,0.905092
453,0.904399
454,0.928204
455,0.914959
456,0.904347
457,0.861738
458,0.861611
459,0.84957
460,0.976776
461,0.943468
462,0.229322
463,0.161751
464,0.179341
465,0.154649
466,0.158943
467,0.146227
468,0.142954
469,0.09229
470,0.097123
471,0.100835
472,0.11977
473,0.129721
474,0.067286
475,0.949379
476,0.954625
477,0.842242
478,0.898478
479,0.957942
480,0.918982
481,0.954091
482,0.945164
483,0.954605
484,0.95342
485,0.940079
486,0.927545
487,0.92051
488,0.874273
489,0.870553
490,0.864952
491,0.827829
492,0.825223
493,0.658967
494,0.571146
495,0.644876
496,0.597029
497,0.682324
498,0.865722
499,0.67779
500,0.684415
501,0.786721
502,0.848872
503,0.837063
504,0.844363
505,0.821335
506,0.866297
507,0.649467
508,0.631921
509,0.604006
510,0.739013
511,0.760515
512,0.739591
513,0.796818
514,0.791519
515,0.827545
516,0.814314
517,0.690737
518,0.967342
519,0.229796
520,0.081802
521,0.08718
522,0.055605
523,0.147065
524,0.186359
525,0.151609
526,0.144513
527,0.172146
528,0.171683
529,0.121946
530,0.122258
531,0.115032
532,0.137835
533,0.113648
534,0.153578
535,0.803414
536,0.974306
537,0.97946
538,0.97699
539,0.973932
540,0.976219
541,0.944736
542,0.950957
543,0.954591
544,0.946693
545,0.946841
546,0.95975
547,0.706629
548,0.244733
549,0.15696
550,0.137708
551,0.125438
552,0.089327
553,0.082222
554,0.06644
555,0.056572
556,0.051984
557,0.053729
558,0.054068
559,0.05088
560,0.063433
561,0.075906
562,0.119358
563,0.078891
564,0.087137
565,0.088827
566,0.092977
567,0.081205
568,0.082217
569,0.055099
570,0.057282
571,0.057163
572,0.056411
573,0.043806
574,0.040815
575,0.040202
576,0.035729
577,0.019671
578,0.020684
579,0.019103
580,0.025786
581,0.017134
582,0.029055
583,0.035222
584,0.021994
585,0.019704
586,0.79435
587,0.915396
588,0.937762
589,0.941027
590,0.936705
591,0.933471
592,0.909151
593,0.907902
594,0.881607
595,0.911806
596,0.918855
597,0.90954
598,0.915282
599,0.929935
600,0.93162
601,0.918741
602,0.918333
603,0.91434
604,0.892138
605,0.923328
606,0.91783
607,0.91557
608,0.933618
609,0.931837
610,0.928556
611,0.929655
612,0.915139
613,0.905489
614,0.914969
615,0.88897
616,0.90696
617,0.901823
618,0.933098
619,0.938418
620,0.94494
621,0.924999
622,0.934244
623,0.928455
624,0.921913
625,0.900491
626,0.894816
627,0.913302
628,0.830632
629,0.12005
630,0.033886
631,0.031685
632,0.027078
633,0.027724
634,0.027066
635,0.029053
636,0.033559
637,0.016185
638,0.01805
639,0.017303
640,0.015235
641,0.018308
642,0.019132
643,0.01999
644,0.01979
645,0.025342
646,0.028031
647,0.710834
648,0.952825
649,0.980016
650,0.980595
651,0.983213
652,0.982604
653,0.976622
654,0.968935
655,0.970125
656,0.975143
657,0.964368
658,0.970691
659,0.977982
660,0.976565
661,0.97935
662,0.415162
663,0.312865
664,0.392047
665,0.219332
666,0.190157
667,0.119587
668,0.100574
669,0.096612
670,0.071265
671,0.058718
672,0.057685
673,0.040566
674,0.042134
675,0.025832
676,0.025678
677,0.028248
678,0.022104
679,0.015417
680,0.025394
681,0.030831
682,0.02952
683,0.040207
684,0.042381
685,0.039145
686,0.046332
687,0.0398
688,0.048544
689,0.04123
690,0.032955
691,0.025819
692,0.034824
693,0.047533
694,0.0496
695,0.643572
696,0.973411
697,0.918764
698,0.985794
699,0.986459
700,0.982885
701,0.986937
702,0.966377
703,0.957224
704,0.939699
705,0.92338
706,0.988765
707,0.626914
708,0.08712
709,0.05217
710,0.064571
711,0.054253
712,0.03283
713,0.034787
714,0.041459
715,0.041295
716,0.050622
717,0.041637
718,0.666417
719,0.965235
720,0.9823
721,0.984005
722,0.98445
723,0.980893
724,0.977109
725,0.981122
726,0.983589
727,0.983964
728,0.977755
729,0.979304
730,0.980628
731,0.982733
732,0.982446
733,0.887038
734,0.953243
735,0.951054
736,0.983321
737,0.984101
738,0.986347
739,0.954512
740,0.957823
741,0.958797
742,0.960152
743,0.976356
744,0.985071
745,0.973918
746,0.966402
747,0.965699
748,0.96786
749,0.966905
750,0.962261
751,0.898243
752,0.315577
753,0.135821
754,0.127404
755,0.135021
756,0.135984
757,0.099335
758,0.085981
759,0.063914
760,0.060485
761,0.064497
762,0.068996
763,0.053786
764,0.054299
765,0.039977
766,0.037586
767,0.041685
768,0.031157
769,0.032557
770,0.032528
771,0.02883
772,0.029406
773,0.03506
774,0.032847
775,0.213198
776,0.005308
777,0.00239
778,0.113372
779,0.461442
780,0.507101
781,0.338566
782,0.279306
783,0.04568
784,0.045769
785,0.043487
786,0.047143
787,0.043187
788,0.041712
789,0.040724
790,0.046562
791,0.059272
792,0.082022
793,0.073948
794,0.091608
795,0.068727
796,0.05809
797,0.077015
798,0.476253
799,0.91037
800,0.843849
801,0.878782
802,0.898446
803,0.904242
804,0.872408
805,0.897224
806,0.896478
807,0.891694
808,0.850747
809,0.895298
810,0.866747
811,0.875197
812,0.836852
813,0.137441
814,0.217207
815,0.204971
816,0.040599
817,0.045365
818,0.138164
819,0.1174
820,0.126977
821,0.105363
822,0.021143
823,0.021327
824,0.028357
825,0.02323
826,0.029803
827,0.021712
828,0.022878
829,0.131659
830,0.161644
831,0.139721
832,0.148563
833,0.176835
834,0.173068
835,0.249594
836,0.945708
837,0.968697
838,0.970452
839,0.95938
840,0.959776
841,0.948838
842,0.938901
843,0.906458
844,0.928628
845,0.986364
846,0.920151
847,0.393818
848,0.430162
849,0.332505
850,0.328183
851,0.335872
852,0.282415
853,0.087705
854,0.088824
855,0.055488
856,0.210615
857,0.186928
858,0.188721
859,0.045644
860,0.039239
861,0.029207
862,0.036209
863,0.030918
864,0.032795
865,0.041465
866,0.036249
867,0.033111
868,0.03197
869,0.031392
870,0.033899
871,0.019568
872,0.018012
873,0.014099
874,0.017258
875,0.017405
876,0.014444
877,0.017297
878,0.016263
879,0.013058
880,0.015235
881,0.014424
882,0.01727
883,0.017653
884,0.017588
885,0.017919
886,0.024057
887,0.044865
888,0.763075
889,0.958644
890,0.959771
891,0.967386
892,0.964124
893,0.964727
894,0.964768
895,0.9657
896,0.96261
897,0.968849
898,0.952475
899,0.933224
900,0.945955
901,0.947019
902,0.933768
903,0.939027
904,0.913363
905,0.920236
906,0.92902
907,0.931012
908,0.941196
909,0.949609
910,0.944852
911,0.048535
912,0.016018
913,0.01296
914,0.011876
915,0.010788
916,0.026836
917,0.031089
918,0.0337
919,0.030091
920,0.033892
921,0.029534
922,0.029317
923,0.027328
924,0.028329
925,0.026755
926,0.027554
927,0.051245
928,0.03852
929,0.05516
930,0.03209
931,0.043021
932,0.055858
933,0.045249
934,0.031202
935,0.031939
936,0.03255
937,0.049679
938,0.055386
939,0.038766
940,0.02837
941,0.041196
942,0.038218
943,0.042651
944,0.060178
945,0.013994
946,0.017187
947,0.028282
948,0.025062
949,0.033152
950,0.026681
951,0.030197
952,0.02227
953,0.022629
954,0.040298
955,0.047402
956,0.057409
957,0.054102
958,0.050483
959,0.384863
960,0.968066
961,0.942039
962,0.986488
963,0.98776
964,0.99136
965,0.991972
966,0.991849
967,0.992067
968,0.991038
969,0.989404
970,0.990517
971,0.986595
972,0.980408
973,0.955794
974,0.953276
975,0.952798
976,0.977121
977,0.972247
978,0.954776
979,0.956302
980,0.948902
981,0.959632
982,0.947059
983,0.860056
984,0.180987
985,0.066431
986,0.073994
987,0.048374
988,0.045498
989,0.046815
990,0.045584
991,0.041101
992,0.039661
993,0.042006
994,0.039692
995,0.038955
996,0.034516
997,0.019806
998,0.020634
999,0.025576
1000,0.01654
1001,0.02075
1002,0.02282
1003,0.02099
1004,0.023632
1005,0.02032
1006,0.017046
1007,0.021134
1008,0.020005
1009,0.024641
1010,0.0272
1011,0.019146
1012,0.018947
1013,0.01532
1014,0.017459
1015,0.021152
1016,0.018879
1017,0.034938
1018,0.064775
1019,0.074081
1020,0.082995
1021,0.063721
1022,0.051142
1023,0.072243
1024,0.068571
1025,0.062555
1026,0.060607
1027,0.061757
1028,0.055264
1029,0.053844
1030,0.055783
1031,0.055066
1032,0.074683
1033,0.080025
1034,0.09383
1035,0.088788
1036,0.075768
1037,0.067845
1038,0.068191
1039,0.082024
1040,0.0758
1041,0.072572
1042,0.071828
1043,0.055367
1044,0.05269
1045,0.047389
1046,0.054897
1047,0.043015
1048,0.03568
1049,0.036201
1050,0.040366
1051,0.031882
1052,0.035928
1053,0.033096
1054,0.030952
1055,0.041334
1056,0.854243
1057,0.990177
1058,0.978541
1059,0.977787
1060,0.969793
1061,0.964596
1062,0.971895
1063,0.974288
1064,0.925705
1065,0.90641
1066,0.936473
1067,0.940659
1068,0.970514
1069,0.96501
1070,0.981978
1071,0.878263
1072,0.132204
1073,0.119081
1074,0.081183
1075,0.07324
1076,0.084847
1077,0.08176
1078,0.08057
1079,0.077996
1080,0.074956
1081,0.078622
1082,0.065793
1083,0.058007
1084,0.062289
1085,0.056717
1086,0.054262
1087,0.055114
1088,0.062359
1089,0.064929
1090,0.069894
1091,0.072042
1092,0.056453
1093,0.105642
1094,0.0563
1095,0.092378
1096,0.053852
1097,0.060009
1098,0.067836
1099,0.059927
1100,0.059691
1101,0.062078
1102,0.056846
1103,0.059153
1104,0.05479
1105,0.07207
1106,0.080104
1107,0.08566
1108,0.079407
1109,0.070126
1110,0.065642
1111,0.056508
1112,0.077864
1113,0.156901
1114,0.077313
1115,0.150138
1116,0.119612
1117,0.124168
1118,0.099933
1119,0.069839
1120,0.092982
1121,0.180403
1122,0.614785
1123,0.519595
1124,0.666621
1125,0.995051
1126,0.994722
1127,0.993728
1128,0.991606
1129,0.991181
1130,0.990857
1131,0.990649
1132,0.991232
1133,0.995005
1134,0.991584
1135,0.994694
1136,0.995411
1137,0.995366
1138,0.995321
1139,0.994623
1140,0.992933
1141,0.991625
1142,0.992044
1143,0.992006
1144,0.991034
1145,0.989775
1146,0.987023
1147,0.987663
1148,0.988935
1149,0.992891
1150,0.993583
1151,0.991762
1152,0.992191
1153,0.990954
1154,0.989215
1155,0.867222
1156,0.991689
1157,0.992824
1158,0.85677
1159,0.961956
1160,0.908582
1161,0.956327
1162,0.952936
1163,0.953065
1164,0.949189
1165,0.933928
1166,0.888637
1167,0.912616
1168,0.851673
1169,0.872366
1170,0.834846
1171,0.951669
1172,0.953726
1173,0.935757
1174,0.939025
1175,0.932782
1176,0.940348
1177,0.975608
1178,0.714242
1179,0.145623
1180,0.091246
1181,0.098063
1182,0.115655
1183,0.106887
1184,0.020308
1185,0.017802
1186,0.022139
1187,0.028235
1188,0.046978
1189,0.038664
1190,0.0373
1191,0.038657
1192,0.041494
1193,0.264656
1194,0.003486
1195,0.171223
1196,0.954379
1197,0.939721
1198,0.97388
1199,0.959889
1200,0.845663
1201,0.885497
1202,0.877742
1203,0.886203
1204,0.763163
1205,0.702749
1206,0.761524
1207,0.762398
1208,0.753726
1209,0.945776
1210,0.889674
1211,0.871791
1212,0.848216
1213,0.732499
1214,0.856076
1215,0.881356
1216,0.809371
1217,0.799504
1218,0.833813
1219,0.878482
1220,0.914988
1221,0.920977
1222,0.923624
1223,0.917303
1224,0.961849
1225,0.962843
1226,0.974082
1227,0.983058
1228,0.982563
1229,0.983549
1230,0.982563
1231,0.978038
1232,0.972185
1233,0.973952
1234,0.9808
1235,0.987573
1236,0.954073
1237,0.304874
1238,0.327252
1239,0.262403
1240,0.312763
1241,0.279693
1242,0.29368
1243,0.242494
1244,0.22038
1245,0.206831
1246,0.266942
1247,0.19251
1248,0.201911
1249,0.153734
1250,0.157411
1251,0.123247
1252,0.11838
1253,0.10683
1254,0.0728
1255,0.1151
1256,0.08269
1257,0.084962
1258,0.065912
1259,0.068247
1260,0.089822
1261,0.072632
1262,0.085654
1263,0.074178
1264,0.09468
1265,0.080785
1266,0.065079
1267,0.059808
1268,0.058263
1269,0.055924
1270,0.072502
1271,0.071132
1272,0.075549
1273,0.091166
1274,0.089867
1275,0.07829
1276,0.079529
1277,0.070345
1278,0.069082
1279,0.118283
1280,0.118998
1281,0.065218
1282,0.066746
1283,0.03186
1284,0.054609
1285,0.042994
1286,0.033293
1287,0.082492
1288,0.074105
1289,0.060565
1290,0.215187
1291,0.146651
1292,0.245989
1293,0.17532
1294,0.131095
1295,0.195227
1296,0.174919
1297,0.166004
1298,0.130888
1299,0.153914
1300,0.123727
1301,0.071268
1302,0.065062
1303,0.069967
1304,0.066132
1305,0.054717
1306,0.064702
1307,0.058516
1308,0.078492
1309,0.092581
1310,0.076399
1311,0.111
1312,0.120626
1313,0.124045
1314,0.098029
1315,0.132969
1316,0.126143
1317,0.094435
1318,0.099215
1319,0.100078
1320,0.097651
1321,0.090592
1322,0.828018
1323,0.973597
1324,0.978715
1325,0.966664
1326,0.968521
1327,0.966074
1328,0.962197
1329,0.96113
1330,0.939325
1331,0.954035
1332,0.946752
1333,0.963264
1334,0.152341
1335,0.217614
1336,0.166967
1337,0.079139
1338,0.115831
1339,0.138596
1340,0.156987
1341,0.137378
1342,0.114195
1343,0.172015
1344,0.159575
1345,0.195834
1346,0.148937
1347,0.118457
1348,0.109186
1349,0.120232
1350,0.098034
1351,0.108787
1352,0.138753
1353,0.127869
1354,0.090122
1355,0.0719
1356,0.070185
1357,0.111367
1358,0.096283
1359,0.124689
1360,0.137716
1361,0.118754
1362,0.115798
1363,0.088304
1364,0.122672
1365,0.130643
1366,0.090832
1367,0.096749
1368,0.085528
1369,0.084496
1370,0.029346
1371,0.001388
1372,0.001132
1373,0.00308
1374,0.004688
1375,0.005814
1376,0.004481
1377,0.033985
1378,0.092615
1379,0.098288
1380,0.156113
1381,0.104013
1382,0.204578
1383,0.076551
1384,0.061968
1385,0.070694
1386,0.093326
1387,0.168207
1388,0.146507
1389,0.133032
1390,0.072765
1391,0.10049
1392,0.09438
1393,0.054751
1394,0.05248
1395,0.062592
1396,0.037684
1397,0.03774
1398,0.026272
1399,0.026712
1400,0.025164
1401,0.020621
1402,0.023149
1403,0.029221
1404,0.030798
1405,0.03367
1406,0.026282
1407,0.024758
1408,0.033495
1409,0.042041
1410,0.050517
1411,0.021027
1412,0.046913
1413,0.057834
1414,0.130716
1415,0.092649
1416,0.10571
1417,0.090078
1418,0.089093
1419,0.087959
1420,0.106478
1421,0.086906
1422,0.087088
1423,0.077234
1424,0.068055
1425,0.058686
1426,0.054617
1427,0.043679
1428,0.052566
1429,0.05319
1430,0.051942
1431,0.045556
1432,0.053042
1433,0.044998
1434,0.054177
1435,0.057396
1436,0.049667
1437,0.043294
1438,0.039481
1439,0.037558
1440,0.052659
1441,0.065962
1442,0.070193
1443,0.060027
1444,0.064528
1445,0.798644
1446,0.961735
1447,0.960419
1448,0.968844
1449,0.968794
1450,0.969606
1451,0.97435
1452,0.973
1453,0.971364
1454,0.972209
1455,0.97003
1456,0.962381
1457,0.252374
1458,0.093568
1459,0.070834
1460,0.072036
1461,0.069307
1462,0.091219
1463,0.101854
1464,0.113779
1465,0.108743
1466,0.105733
1467,0.084218
1468,0.090594
1469,0.085344
1470,0.118645
1471,0.100755
1472,0.11508
1473,0.070512
1474,0.074756
1475,0.083819
1476,0.105121
1477,0.146528
1478,0.23447
1479,0.21895
1480,0.218687
1481,0.222884
1482,0.20326
1483,0.202483
1484,0.213695
1485,0.209099
1486,0.235755
1487,0.222256
1488,0.230065
1489,0.222016
1490,0.19482
1491,0.188081
1492,0.212671
1493,0.519634
1494,0.948371
1495,0.99532
1496,0.993175
1497,0.991487
1498,0.986513
1499,0.989606
1500,0.990537
1501,0.974141
1502,0.978309
1503,0.9746
1504,0.979608
1505,0.978329
1506,0.977412
1507,0.985591
1508,0.988262
1509,0.988791
1510,0.989108
1511,0.987413
1512,0.910386
1513,0.517887
1514,0.448881
1515,0.371785
1516,0.304286
1517,0.286779
1518,0.321081
1519,0.30521
1520,0.370945
1521,0.442786
1522,0.245983
1523,0.363611
1524,0.281106
1525,0.29222
1526,0.25942
1527,0.176724
1528,0.171309
1529,0.169239
1530,0.201634
1531,0.217777
1532,0.229366
1533,0.42776
1534,0.451156
1535,0.203426
1536,0.182428
1537,0.153734
1538,0.12215
1539,0.08911
1540,0.101041
1541,0.069283
1542,0.062541
1543,0.029848
1544,0.020421
1545,0.023153
1546,0.020032
1547,0.023734
1548,0.027974
1549,0.029064
1550,0.041508
1551,0.048977
1552,0.040193
1553,0.03679
1554,0.037974
1555,0.123353
1556,0.126925
1557,0.132236
1558,0.144106
1559,0.116486
1560,0.142688
1561,0.142925
1562,0.117894
1563,0.107893
1564,0.2476
1565,0.265496
1566,0.317495
1567,0.301391
1568,0.391541
1569,0.408806
1570,0.392828
1571,0.395192
1572,0.370223
1573,0.421038
1574,0.419862
1575,0.365582
1576,0.458105
1577,0.368641
1578,0.365761
1579,0.412976
1580,0.555531
1581,0.499713
1582,0.548754
1583,0.506827
1584,0.507387
1585,0.455379
1586,0.4355
1587,0.562531
1588,0.589422
1589,0.637864
1590,0.551454
1591,0.411618
1592,0.441112
1593,0.321662
1594,0.243867
1595,0.187991
1596,0.197986
1597,0.183314
1598,0.236431
1599,0.254641
1600,0.170979
1601,0.131897
1602,0.055558
1603,0.054889
1604,0.052326
1605,0.044717
1606,0.044604
1607,0.118282
1608,0.087856
1609,0.087738
1610,0.075693
1611,0.05698
1612,0.053454
1613,0.048735
1614,0.052884
1615,0.04832
1616,0.066217
1617,0.064958
1618,0.061556
1619,0.064738
1620,0.068556
1621,0.065753
1622,0.061015
1623,0.059176
1624,0.0622
1625,0.041866
1626,0.039903
1627,0.076972
1628,0.066182
1629,0.058343
1630,0.053617
1631,0.016755
1632,0.016225
1633,0.025044
1634,0.026275
1635,0.018861
1636,0.068946
1637,0.183326
1638,0.153943
1639,0.174721
1640,0.272714
1641,0.221107
1642,0.262731
1643,0.254773
1644,0.233239
1645,0.2448
1646,0.240695
1647,0.245982
1648,0.269474
1649,0.279632
1650,0.254721
1651,0.196836
1652,0.232985
1653,0.229776
1654,0.26337
1655,0.329208
1656,0.330127
1657,0.258563
1658,0.250957
1659,0.223947
1660,0.29309
1661,0.270523
1662,0.23367
1663,0.31208
1664,0.173128
1665,0.196325
1666,0.238664
1667,0.233211
1668,0.194262
1669,0.236881
1670,0.25429
1671,0.2549
1672,0.221156
1673,0.254915
1674,0.261384
1675,0.25459
1676,0.244865
1677,0.245408
1678,0.233317
1679,0.247939
1680,0.226564
1681,0.18505
1682,0.135179
1683,0.143992
1684,0.139628
1685,0.18232
1686,0.201295
1687,0.205826
1688,0.198251
1689,0.18693
1690,0.264466
1691,0.206427
1692,0.170507
1693,0.252828
1694,0.328937
1695,0.308999
1696,0.328786
1697,0.247052
1698,0.191222
1699,0.138619
1700,0.112911
1701,0.065499
1702,0.063856
1703,0.057943
1704,0.043144
1705,0.040393
1706,0.052426
1707,0.056071
1708,0.054178
1709,0.057849
1710,0.050754
1711,0.05105
1712,0.47225
1713,0.943512
1714,0.920788
1715,0.937474
1716,0.942097
1717,0.885061
1718,0.801075
1719,0.991184
1720,0.994988
1721,0.994508
1722,0.994486
1723,0.995339
1724,0.995793
1725,0.942333
1726,0.942853
1727,0.950659
1728,0.93851
1729,0.934343
1730,0.929728
1731,0.932618
1732,0.930979
1733,0.933226
1734,0.930162
1735,0.913642
1736,0.910315
1737,0.934535
1738,0.916774
1739,0.919785
1740,0.943286
1741,0.97478
1742,0.755764
1743,0.146482
1744,0.079145
1745,0.151082
1746,0.122559
1747,0.107419
1748,0.09852
1749,0.117549
1750,0.119843
1751,0.094838
1752,0.100132
1753,0.139673
1754,0.111331
1755,0.139422
1756,0.147337
1757,0.212249
1758,0.260171
1759,0.250467
1760,0.230975
1761,0.233044
1762,0.231867
1763,0.240946
1764,0.249772
1765,0.190635
1766,0.147203
1767,0.185607
1768,0.178961
1769,0.165345
1770,0.175257
1771,0.180558
1772,0.137482
1773,0.140281
1774,0.136358
1775,0.144109
1776,0.171167
1777,0.310319
1778,0.74995
1779,0.976539
1780,0.976399
1781,0.970535
1782,0.970251
1783,0.965638
1784,0.964058
1785,0.964813
1786,0.967515
1787,0.96551
1788,0.9758
1789,0.468769
1790,0.204967
1791,0.244427
1792,0.154057
1793,0.134185
1794,0.159772
1795,0.108957
1796,0.126018
1797,0.161578
1798,0.147355
1799,0.146621
1800,0.10666
1801,0.103746
1802,0.094771
1803,0.090687
1804,0.101089
1805,0.090848
1806,0.090296
1807,0.088003
1808,0.061259
1809,0.07137
1810,0.059665
1811,0.046913
1812,0.039744
1813,0.051421
1814,0.053947
1815,0.045927
1816,0.057512
1817,0.051818
1818,0.047076
1819,0.04342
1820,0.033715
1821,0.030941
1822,0.025698
1823,0.034529
1824,0.035777
1825,0.049011
1826,0.062697
1827,0.068851
1828,0.064796
1829,0.066044
1830,0.076999
1831,0.084726
1832,0.087945
1833,0.088345
1834,0.090956
1835,0.070776
1836,0.06922
1837,0.071254
1838,0.064896
1839,0.066199
1840,0.07391
1841,0.12505
1842,0.16265
1843,0.168398
1844,0.164142
1845,0.162808
1846,0.165642
1847,0.182887
1848,0.194976
1849,0.273141
1850,0.255475
1851,0.187978
1852,0.23611
1853,0.235967
1854,0.210684
1855,0.237162
1856,0.187986
1857,0.185413
1858,0.238119
1859,0.127276
1860,0.254586
1861,0.103222
1862,0.098778
1863,0.107243
1864,0.104329
1865,0.106974
1866,0.128156
1867,0.137219
1868,0.729559
1869,0.887404
1870,0.941724
1871,0.970641
1872,0.977386
1873,0.993004
1874,0.991088
1875,0.992758
1876,0.989285
1877,0.991509
1878,0.99192
1879,0.99242
1880,0.993594
1881,0.965229
1882,0.955105
1883,0.947691
1884,0.943475
1885,0.934772
1886,0.926133
1887,0.915841
1888,0.912736
1889,0.917587
1890,0.937184
1891,0.91505
1892,0.923028
1893,0.935809
1894,0.925589
1895,0.91553
1896,0.930039
1897,0.879019
1898,0.86933
1899,0.89264
1900,0.885255
1901,0.906319
1902,0.904232
1903,0.888812
1904,0.921728
1905,0.940423
1906,0.93484
1907,0.915226
1908,0.890981
1909,0.904705
1910,0.890742
1911,0.905409
1912,0.902386
1913,0.88906
1914,0.970496
1915,0.979794
1916,0.975269
1917,0.976858
1918,0.981722
1919,0.983424
1920,0.977919
1921,0.982086
1922,0.868261
1923,0.878664
1924,0.883496
1925,0.890197
1926,0.894974
1927,0.94961
1928,0.901976
1929,0.895848
1930,0.904415
1931,0.908049
1932,0.890267
1933,0.899629
1934,0.9055
1935,0.908563
1936,0.927478
1937,0.91675
1938,0.970321
1939,0.76472
1940,0.333493
1941,0.331264
1942,0.249724
1943,0.238616
1944,0.175521
1945,0.202127
1946,0.189897
1947,0.118598
1948,0.139265
1949,0.145961
1950,0.137773
1951,0.126085
1952,0.128602
1953,0.149275
1954,0.14001
1955,0.134267
1956,0.113167
1957,0.107918
1958,0.09601
1959,0.080418
1960,0.081634
1961,0.079831
1962,0.065482
1963,0.047683
1964,0.056154
1965,0.052945
1966,0.048357
1967,0.039127
1968,0.029687
1969,0.036719
1970,0.036679
1971,0.03057
1972,0.030891
1973,0.046133
1974,0.045996
1975,0.039874
1976,0.067258
1977,0.034255
1978,0.058266
1979,0.505264
1980,0.726605
1981,0.933
1982,0.96971
1983,0.946145
1984,0.950508
1985,0.869525
1986,0.882194
1987,0.893444
1988,0.905418
1989,0.892187
1990,0.867239
1991,0.947561
1992,0.951071
1993,0.944919
1994,0.584971
1995,0.794638
1996,0.806105
1997,0.817032
1998,0.821385
1999,0.896402
2000,0.89967
2001,0.882771
2002,0.862419
2003,0.897595
2004,0.905919
2005,0.921017
2006,0.92413
2007,0.912463
2008,0.919974
2009,0.899537
2010,0.925288
2011,0.939704
2012,0.914046
2013,0.867714
2014,0.884356
2015,0.88458
2016,0.921688
2017,0.822021
2018,0.873132
2019,0.882614
2020,0.861931
2021,0.870546
2022,0.895491
2023,0.903096
2024,0.894745
2025,0.952768
2026,0.962971
2027,0.966448
2028,0.910926
2029,0.906095
2030,0.921929
2031,0.924835
2032,0.938459
2033,0.949546
2034,0.950087
2035,0.963051
2036,0.955711
2037,0.949349
2038,0.924186
2039,0.942702
2040,0.946655
2041,0.927407
2042,0.944677
2043,0.988028
2044,0.938317
2045,0.949571
2046,0.978812
2047,0.948369
2048,0.918684
2049,0.954426
2050,0.953017
2051,0.947888
2052,0.967028
2053,0.947371
2054,0.938718
2055,0.947376
2056,0.95344
2057,0.972681
2058,0.967088
2059,0.972869
2060,0.967319
2061,0.959763
2062,0.966607
2063,0.928702
2064,0.868854
2065,0.682379
2066,0.770957
2067,0.78189
2068,0.796643
2069,0.804624
2070,0.808882
2071,0.6983
2072,0.986181
2073,0.694764
2074,0.375245
2075,0.384341
2076,0.305503
2077,0.294324
2078,0.458381
2079,0.955312
2080,0.962671
2081,0.937276
2082,0.989972
2083,0.987946
2084,0.951568
2085,0.956103
