1,0.996568
2,0.996379
3,0.996255
4,0.996142
5,0.995747
6,0.994835
7,0.99484
8,0.992197
9,0.994368
10,0.994949
11,0.994762
12,0.994657
13,0.995421
14,0.996048
15,0.996569
16,0.996694
17,0.996874
18,0.996467
19,0.996086
20,0.996339
21,0.996374
22,0.996731
23,0.997037
24,0.997017
25,0.996545
26,0.996099
27,0.996339
28,0.99637
29,0.996493
30,0.996489
31,0.996308
32,0.99698
33,0.996766
34,0.99678
35,0.996761
36,0.996675
37,0.996353
38,0.996263
39,0.996232
40,0.996269
41,0.996207
42,0.996832
43,0.997212
44,0.996284
45,0.996054
46,0.995312
47,0.995969
48,0.995463
49,0.997068
50,0.995946
51,0.995745
52,0.994473
53,0.992462
54,0.990009
55,0.920075
56,0.605469
57,0.616536
58,0.614129
59,0.894981
60,0.959159
61,0.930731
62,0.954829
63,0.903324
64,0.901088
65,0.833722
66,0.878151
67,0.901596
68,0.915395
69,0.964035
70,0.929905
71,0.606696
72,0.742971
73,0.642183
74,0.589085
75,0.675473
76,0.746386
77,0.782072
78,0.746544
79,0.690159
80,0.696693
81,0.727135
82,0.826055
83,0.879682
84,0.851125
85,0.85236
86,0.879442
87,0.926524
88,0.93122
89,0.937952
90,0.952512
91,0.949064
92,0.949777
93,0.915707
94,0.925336
95,0.940507
96,0.102882
97,0.011599
98,0.009829
99,0.007506
100,0.007627
101,0.005981
102,0.005829
103,0.006488
104,0.144339
105,0.891513
106,0.907625
107,0.941818
108,0.94435
109,0.927285
110,0.93387
111,0.929284
112,0.937947
113,0.953646
114,0.936111
115,0.957424
116,0.947441
117,0.957408
118,0.972484
119,0.742262
120,0.02353
121,0.014329
122,0.013088
123,0.015018
124,0.008476
125,0.009297
126,0.088444
127,0.944307
128,0.992937
129,0.994893
130,0.995364
131,0.994275
132,0.992939
133,0.993136
134,0.99215
135,0.991047
136,0.99116
137,0.99003
138,0.989519
139,0.986694
140,0.992008
141,0.988889
142,0.990052
143,0.991381
144,0.992358
145,0.993667
146,0.992372
147,0.993746
148,0.99353
149,0.994358
150,0.994357
151,0.993859
152,0.991717
153,0.994421
154,0.995209
155,0.995434
156,0.995223
157,0.992935
158,0.99332
159,0.99238
160,0.990864
161,0.990869
162,0.991696
163,0.991167
164,0.990425
165,0.990073
166,0.99126
167,0.989656
168,0.990758
169,0.994683
170,0.994321
171,0.993614
172,0.994187
173,0.888597
174,0.053156
175,0.026399
176,0.026796
177,0.02655
178,0.029181
179,0.02473
180,0.031756
181,0.017481
182,0.06442
183,0.073193
184,0.079521
185,0.163156
186,0.947436
187,0.888721
188,0.961477
189,0.995706
190,0.994063
191,0.995844
192,0.995845
193,0.996302
194,0.996217
195,0.996037
196,0.995639
197,0.996334
198,0.996481
199,0.996354
200,0.996913
201,0.997327
202,0.996239
203,0.995973
204,0.996962
205,0.995782
206,0.994818
207,0.994554
208,0.994067
209,0.992519
210,0.993241
211,0.994419
212,0.994273
213,0.993991
214,0.99301
215,0.993053
216,0.994238
217,0.994462
218,0.994996
219,0.994447
220,0.994802
221,0.995023
222,0.995118
223,0.995095
224,0.99471
225,0.995026
226,0.99549
227,0.995554
228,0.99546
229,0.997048
230,0.996516
231,0.996119
232,0.996122
233,0.995842
234,0.996034
235,0.995623
236,0.996098
237,0.995611
238,0.994789
239,0.99509
240,0.995383
241,0.995199
242,0.995189
243,0.994712
244,0.994245
245,0.968158
246,0.009755
247,0.003846
248,0.003285
249,0.014144
250,0.011183
251,0.035948
252,0.073173
253,0.086415
254,0.010574
255,0.009802
256,0.009725
257,0.009156
258,0.008899
259,0.007338
260,0.004795
261,0.515291
262,0.924164
263,0.971702
264,0.990056
265,0.992999
266,0.992065
267,0.994173
268,0.98918
269,0.993948
270,0.992828
271,0.993624
272,0.99303
273,0.993602
274,0.993137
275,0.991124
276,0.992074
277,0.990754
278,0.990599
279,0.991029
280,0.993112
281,0.99265
282,0.984874
283,0.981551
284,0.984803
285,0.987334
286,0.975064
287,0.362669
288,0.301993
289,0.269897
290,0.281186
291,0.958329
292,0.994911
293,0.992711
294,0.993883
295,0.99425
296,0.992864
297,0.988388
298,0.225976
299,0.020506
300,0.02165
301,0.022829
302,0.018205
303,0.018125
304,0.016662
305,0.012123
306,0.012091
307,0.006896
308,0.005869
309,0.213843
310,0.946371
311,0.995217
312,0.995974
313,0.996356
314,0.996713
315,0.996158
316,0.996607
317,0.996909
318,0.99709
319,0.997366
320,0.99727
321,0.997295
322,0.998022
323,0.99825
324,0.9982
325,0.997929
326,0.997944
327,0.997709
328,0.99751
329,0.997578
330,0.997604
331,0.997636
332,0.997582
333,0.99763
334,0.997741
335,0.997618
336,0.997529
337,0.997387
338,0.997391
339,0.997066
340,0.996905
341,0.996893
342,0.996769
343,0.997054
344,0.990096
345,0.095202
346,0.018798
347,0.013851
348,0.014953
349,0.00373
350,0.001937
351,0.016149
352,0.01742
353,0.006984
354,0.01438
355,0.009216
356,0.014519
357,0.001484
358,0.00193
359,0.007543
360,0.009915
361,0.006653
362,0.006805
363,0.008158
364,0.009083
365,0.008883
366,0.011851
367,0.021406
368,0.071545
369,0.906599
370,0.883514
371,0.941842
372,0.98267
373,0.993134
374,0.99391
375,0.994418
376,0.996195
377,0.996556
378,0.996508
379,0.996633
380,0.996819
381,0.997382
382,0.997556
383,0.997415
384,0.996248
385,0.995312
386,0.995189
387,0.994724
388,0.994124
389,0.08731
390,0.061134
391,0.023479
392,0.026375
393,0.017844
394,0.030434
395,0.040681
396,0.034984
397,0.026129
398,0.025559
399,0.021372
400,0.029383
401,0.028795
402,0.025195
403,0.0312
404,0.006158
405,0.048965
406,0.868646
407,0.993493
408,0.996014
409,0.996958
410,0.997267
411,0.997381
412,0.99717
413,0.997071
414,0.997111
415,0.997158
416,0.996645
417,0.99476
418,0.994327
419,0.994345
420,0.990425
421,0.988854
422,0.990533
423,0.994137
424,0.995796
425,0.99567
426,0.995059
427,0.995197
428,0.995258
429,0.99493
430,0.995923
431,0.991489
432,0.989091
433,0.982248
434,0.980076
435,0.981022
436,0.982115
437,0.984689
438,0.982902
439,0.9875
440,0.985598
441,0.98719
442,0.985659
443,0.984965
444,0.983357
445,0.984793
446,0.982542
447,0.983965
448,0.984806
449,0.987754
450,0.984808
451,0.982971
452,0.983529
453,0.996996
454,0.914968
455,0.05462
456,0.024667
457,0.016944
458,0.020668
459,0.026074
460,0.029103
461,0.023395
462,0.02413
463,0.018895
464,0.017576
465,0.014397
466,0.015104
467,0.021194
468,0.029805
469,0.032107
470,0.037691
471,0.032369
472,0.02858
473,0.044958
474,0.040218
475,0.010717
476,0.024757
477,0.020797
478,0.000882
479,0.000904
480,0.002369
481,0.001741
482,0.00178
483,0.002668
484,0.002323
485,0.001691
486,0.001024
487,0.000573
488,0.000301
489,0.00024
490,0.000227
491,0.000208
492,0.000237
493,0.000129
494,0.000161
495,0.000315
496,0.000382
497,0.000273
498,0.000359
499,0.000398
500,0.000402
501,0.00033
502,0.000233
503,0.000353
504,0.000442
505,0.000746
506,0.000451
507,0.000312
508,0.000546
509,0.000604
510,0.000484
511,0.000274
512,0.000347
513,0.000919
514,0.00198
515,0.037652
516,0.868328
517,0.985077
518,0.992117
519,0.993193
520,0.995924
521,0.993947
522,0.995395
523,0.994838
524,0.987552
525,0.990603
526,0.993649
527,0.995797
528,0.994466
529,0.99439
530,0.994115
531,0.995281
532,0.993958
533,0.994536
534,0.995755
535,0.996202
536,0.996064
537,0.996685
538,0.996315
539,0.996064
540,0.996119
541,0.995522
542,0.996258
543,0.995761
544,0.996176
545,0.997418
546,0.997609
547,0.997572
548,0.997887
549,0.997672
550,0.997799
551,0.997984
552,0.852359
553,0.015001
554,0.015383
555,0.008154
556,0.004473
557,0.017674
558,0.0029
559,0.004068
560,0.003199
561,0.003295
562,0.004337
563,0.003063
564,0.007972
565,0.002329
566,0.003357
567,0.003147
568,0.001899
569,0.018095
570,0.016201
571,0.002653
572,0.004071
573,0.003199
574,0.004658
575,0.003937
576,0.005848
577,0.032927
578,0.022829
579,0.017812
580,0.021812
581,0.024127
582,0.026292
583,0.020367
584,0.029981
585,0.389221
586,0.966107
587,0.991577
588,0.996069
589,0.995021
590,0.995782
591,0.993859
592,0.987123
593,0.98647
594,0.986273
595,0.987394
596,0.98508
597,0.760024
598,0.101274
599,0.044352
600,0.043662
601,0.037478
602,0.050143
603,0.03748
604,0.026609
605,0.048671
606,0.027565
607,0.02757
608,0.018348
609,0.01816
610,0.027045
611,0.018575
612,0.019266
613,0.019556
614,0.016636
615,0.03535
616,0.03505
617,0.020964
618,0.030234
619,0.05005
620,0.075814
621,0.485551
622,0.975205
623,0.991423
624,0.992769
625,0.993748
626,0.992964
627,0.994147
628,0.996327
629,0.991601
630,0.99229
631,0.993267
632,0.993336
633,0.992362
634,0.99261
635,0.993288
636,0.993989
637,0.993561
638,0.994377
639,0.995388
640,0.995182
641,0.995235
642,0.996247
643,0.996297
644,0.997651
645,0.997587
646,0.997734
647,0.997634
648,0.997593
649,0.982695
650,0.096803
651,0.031932
652,0.046726
653,0.03043
654,0.037937
655,0.035499
656,0.032788
657,0.029892
658,0.023617
659,0.014551
660,0.023134
661,0.033322
662,0.032844
663,0.036317
664,0.026804
665,0.024572
666,0.020745
667,0.018438
668,0.021594
669,0.021009
670,0.018245
671,0.073722
672,0.696461
673,0.826785
674,0.974904
675,0.970565
676,0.988972
677,0.990694
678,0.989088
679,0.987604
680,0.987653
681,0.987861
682,0.988966
683,0.842461
684,0.106265
685,0.017409
686,0.024425
687,0.025865
688,0.006117
689,0.015304
690,0.004215
691,0.004216
692,0.004837
693,0.00387
694,0.002398
695,0.001325
696,0.012408
697,0.006349
698,0.001996
699,0.001077
700,0.000901
701,0.0006
702,0.000843
703,0.000845
704,0.00141
705,0.000985
706,0.00093
707,0.000826
708,0.000814
709,0.001565
710,0.001535
711,0.001692
712,0.231264
713,0.941303
714,0.990621
715,0.995817
716,0.995599
717,0.994564
718,0.994603
719,0.989615
720,0.989865
721,0.993753
722,0.993819
723,0.993983
724,0.993246
725,0.991099
726,0.985332
727,0.46319
728,0.042546
729,0.047722
730,0.025475
731,0.001113
732,0.001594
733,0.000488
734,0.000762
735,0.00098
736,0.001057
737,0.000597
738,0.000928
739,0.000942
740,0.000769
741,0.000905
742,0.001396
743,0.001232
744,0.001295
745,0.000673
746,0.000691
747,0.000655
748,0.000796
749,0.00121
750,0.001707
751,0.718961
752,0.835644
753,0.918176
754,0.96017
755,0.951974
756,0.914754
757,0.930984
758,0.911953
759,0.905999
760,0.908559
761,0.917134
762,0.894627
763,0.924748
764,0.928057
765,0.917304
766,0.904408
767,0.93076
768,0.898019
769,0.872677
770,0.894296
771,0.899173
772,0.87512
773,0.874149
774,0.870236
775,0.946826
776,0.759878
777,0.041614
778,0.004165
779,0.008641
780,0.004944
781,0.004219
782,0.003419
783,0.003011
784,0.002821
785,0.003334
786,0.002835
787,0.004229
788,0.004512
789,0.003432
790,0.002032
791,0.001365
792,0.001628
793,0.001602
794,0.001111
795,0.001039
796,0.001095
797,0.001141
798,0.000947
799,0.001506
800,0.000429
801,0.000343
802,0.000169
803,0.000111
804,6.9e-05
805,0.000236
806,0.00032
807,0.000226
808,0.000278
809,0.000285
810,0.000273
811,0.000218
812,0.000238
813,0.00023
814,0.000856
815,0.001013
816,0.000919
817,0.00019
818,0.000266
819,0.000164
820,0.000144
821,0.000129
822,0.000148
823,0.000225
824,0.000283
825,0.000328
826,0.00084
827,0.412604
828,0.898776
829,0.983298
830,0.989006
831,0.984582
832,0.986055
833,0.98764
834,0.98788
835,0.98968
836,0.990036
837,0.992145
838,0.467481
839,0.014384
840,0.009278
841,0.003642
842,0.006528
843,0.003607
844,0.001536
845,0.002211
846,0.004252
847,0.00288
848,0.003971
849,0.0039
850,0.005333
851,0.011738
852,0.015312
853,0.010118
854,0.007252
855,0.008617
856,0.017832
857,0.016228
858,0.031278
859,0.032207
860,0.035263
861,0.029868
862,0.033537
863,0.035798
864,0.035942
865,0.07685
866,0.070187
867,0.053987
868,0.05105
869,0.047891
870,0.049904
871,0.056523
872,0.053965
873,0.053589
874,0.070323
875,0.064487
876,0.06669
877,0.093531
878,0.404462
879,0.954212
880,0.966163
881,0.968348
882,0.976828
883,0.920027
884,0.940294
885,0.935861
886,0.948914
887,0.959549
888,0.955027
889,0.971823
890,0.970095
891,0.965022
892,0.987032
893,0.973649
894,0.986698
895,0.989882
896,0.988699
897,0.99136
898,0.2438
899,0.09309
900,0.033195
901,0.01399
902,0.003239
903,0.000874
904,0.001428
905,0.001609
906,0.000857
907,0.000532
908,0.000647
909,0.000825
910,0.000804
911,0.001282
912,0.00188
913,0.018602
914,0.014254
915,0.014177
916,0.013797
917,0.012622
918,0.01756
919,0.025883
920,0.412147
921,0.95187
922,0.994725
923,0.992774
924,0.994812
925,0.994056
926,0.988922
927,0.982013
928,0.983147
929,0.985914
930,0.984962
931,0.985333
932,0.98857
933,0.991172
934,0.989989
935,0.991265
936,0.160795
937,0.006707
938,0.008965
939,0.004615
940,0.005101
941,0.004993
942,0.006792
943,0.004625
944,0.004416
945,0.006661
946,0.009661
947,0.007387
948,0.005309
949,0.016282
950,0.016299
951,0.013868
952,0.062613
953,0.908833
954,0.993522
955,0.994269
956,0.991739
957,0.993296
958,0.994184
959,0.993205
960,0.99341
961,0.995137
962,0.994323
963,0.994588
964,0.995977
965,0.995706
966,0.979851
967,0.123883
968,0.057199
969,0.069491
970,0.048109
971,0.047757
972,0.038411
973,0.003207
974,0.00329
975,0.0034
976,0.003889
977,0.004928
978,0.004425
979,0.004381
980,0.011026
981,0.012418
982,0.004586
983,0.004815
984,0.008974
985,0.006454
986,0.009107
987,0.00572
988,0.006107
989,0.005401
990,0.004655
991,0.018299
992,0.011944
993,0.008583
994,0.014772
995,0.01098
996,0.01767
997,0.019248
998,0.031112
999,0.022176
1000,0.019698
1001,0.02507
1002,0.023978
1003,0.027861
1004,0.027052
1005,0.023185
1006,0.019175
1007,0.016721
1008,0.01415
1009,0.154418
1010,0.687935
1011,0.876267
1012,0.976577
1013,0.976403
1014,0.98705
1015,0.984836
1016,0.984292
1017,0.985991
1018,0.976294
1019,0.982674
1020,0.985643
1021,0.990172
1022,0.982768
1023,0.98294
1024,0.985463
1025,0.984282
1026,0.987871
1027,0.988676
1028,0.988378
1029,0.986807
1030,0.993179
1031,0.789103
1032,0.041215
1033,0.009283
1034,0.007972
1035,0.003145
1036,0.00136
1037,0.004579
1038,0.001788
1039,0.004625
1040,0.012377
1041,0.007402
1042,0.007093
1043,0.006732
1044,0.007401
1045,0.011303
1046,0.001567
1047,0.008833
1048,0.007427
1049,0.020344
1050,0.014376
1051,0.007564
1052,0.010276
1053,0.008542
1054,0.010384
1055,0.019609
1056,0.016247
1057,0.034961
1058,0.029703
1059,0.032022
1060,0.002102
1061,0.001867
1062,0.0018
1063,0.001164
1064,0.001487
1065,0.001351
1066,0.001918
1067,0.002378
1068,0.003356
1069,0.00193
1070,0.001899
1071,0.001896
1072,0.001549
1073,0.001272
1074,0.001543
1075,0.00105
1076,0.11142
1077,0.977629
1078,0.992455
1079,0.992731
1080,0.992222
1081,0.991198
1082,0.98967
1083,0.992228
1084,0.994783
1085,0.995371
1086,0.995782
1087,0.996172
1088,0.996453
1089,0.924091
1090,0.222818
1091,0.062221
1092,0.05684
1093,0.021351
1094,0.020172
1095,0.015835
1096,0.008527
1097,0.005761
1098,0.009592
1099,0.012791
1100,0.008982
1101,0.004352
1102,0.002457
1103,0.001582
1104,0.001311
1105,0.000376
1106,0.000237
1107,0.000288
1108,0.000224
1109,0.000136
1110,0.000162
1111,0.000243
1112,0.000278
1113,0.000527
1114,0.000627
1115,0.000496
1116,0.000804
1117,0.000289
1118,0.000437
1119,0.000366
1120,0.000447
1121,0.000551
1122,0.000592
1123,0.0007
1124,0.001142
1125,0.000955
1126,0.001061
1127,0.000882
1128,0.000347
1129,0.000177
1130,0.000158
1131,0.000237
1132,0.00018
1133,0.00022
1134,0.000168
1135,8.9e-05
1136,0.000109
1137,0.000157
1138,0.000229
1139,0.001345
1140,0.001315
1141,0.001263
1142,0.002485
1143,0.001312
1144,0.003331
1145,0.003467
1146,0.003619
1147,0.006145
1148,0.005323
1149,0.005866
1150,0.009776
1151,0.006324
1152,0.006005
1153,0.01391
1154,0.010748
1155,0.157891
1156,0.85617
1157,0.989244
1158,0.987481
1159,0.985443
1160,0.993954
1161,0.990256
1162,0.978004
1163,0.988727
1164,0.987459
1165,0.986027
1166,0.988414
1167,0.990399
1168,0.986412
1169,0.990085
1170,0.992045
1171,0.990003
1172,0.992433
1173,0.979474
1174,0.137569
1175,0.038085
1176,0.049903
1177,0.011113
1178,0.016773
1179,0.017435
1180,0.020179
1181,0.008861
1182,0.010432
1183,0.002991
1184,0.00061
1185,0.00038
1186,0.000324
1187,0.000678
1188,0.001087
1189,0.002099
1190,0.001237
1191,0.001755
1192,0.002115
1193,0.002651
1194,0.002408
1195,0.027279
1196,0.026806
1197,0.025851
1198,0.251015
1199,0.949066
1200,0.991894
1201,0.995717
1202,0.996204
1203,0.997676
1204,0.997466
1205,0.997967
1206,0.996439
1207,0.996423
1208,0.996186
1209,0.996342
1210,0.99553
1211,0.995533
1212,0.996377
1213,0.996262
1214,0.996538
1215,0.996712
1216,0.995797
1217,0.995078
1218,0.947937
1219,0.079439
1220,0.028532
1221,0.012139
1222,0.01527
1223,0.011655
1224,0.012675
1225,0.019209
1226,0.019941
1227,0.018054
1228,0.016195
1229,0.016174
1230,0.018513
1231,0.016879
1232,0.01142
1233,0.012538
1234,0.016355
1235,0.021725
1236,0.023489
1237,0.032616
1238,0.035323
1239,0.02866
1240,0.02714
1241,0.033542
1242,0.032508
1243,0.025993
1244,0.025204
1245,0.03359
1246,0.023962
1247,0.706759
1248,0.988089
1249,0.992691
1250,0.993985
1251,0.991449
1252,0.992936
1253,0.993192
1254,0.993731
1255,0.995539
1256,0.993653
1257,0.995088
1258,0.996719
1259,0.995425
1260,0.995898
1261,0.995707
1262,0.982029
1263,0.982939
1264,0.983413
1265,0.972262
1266,0.959565
1267,0.963209
1268,0.980159
1269,0.987046
1270,0.98441
1271,0.842186
1272,0.502314
1273,0.847318
1274,0.89934
1275,0.946784
1276,0.937173
1277,0.915538
1278,0.951318
1279,0.938657
1280,0.904103
1281,0.881873
1282,0.007872
1283,0.00433
1284,0.004716
1285,0.001272
1286,0.001497
1287,0.001471
1288,0.002485
1289,0.00204
1290,0.001495
1291,0.001241
1292,0.001392
1293,0.000832
1294,0.001709
1295,0.00186
1296,0.001528
1297,0.000604
1298,0.001018
1299,0.002133
1300,0.002623
1301,0.001053
1302,0.001124
1303,0.000943
1304,0.002006
1305,0.003504
1306,0.004057
1307,0.002814
1308,0.004975
1309,0.003976
1310,0.002397
1311,0.001828
1312,0.003331
1313,0.003612
1314,0.006214
1315,0.006683
1316,0.002647
1317,0.003473
1318,0.005063
1319,0.005987
1320,0.005408
1321,0.009575
1322,0.009438
1323,0.007911
1324,0.007578
1325,0.007144
1326,0.008972
1327,0.004989
1328,0.006877
1329,0.002701
1330,0.00096
1331,0.000777
1332,0.000836
1333,0.000461
1334,0.000615
1335,0.000356
1336,0.000474
1337,0.00086
1338,0.000633
1339,0.000561
1340,0.032682
1341,0.985145
1342,0.989282
1343,0.996797
1344,0.971718
1345,0.984277
1346,0.991212
1347,0.990961
1348,0.992033
1349,0.992908
1350,0.98896
1351,0.988232
1352,0.994905
1353,0.995998
1354,0.995569
1355,0.994552
1356,0.997187
1357,0.998364
1358,0.993542
1359,0.998039
1360,0.997015
1361,0.996461
1362,0.997257
1363,0.996972
1364,0.997749
1365,0.997941
1366,0.996678
1367,0.226625
1368,0.011333
1369,0.002222
1370,0.002134
1371,0.002499
1372,0.003247
1373,0.001024
1374,0.001946
1375,0.003419
1376,0.002894
1377,0.003748
1378,0.007555
1379,0.013737
1380,0.010192
1381,0.001668
1382,0.002017
1383,0.001762
1384,0.001577
1385,0.001595
1386,0.009448
1387,0.007602
1388,0.00881
1389,0.008031
1390,0.007748
1391,0.006188
1392,0.009052
