1,0.995652
2,0.995621
3,0.995063
4,0.995033
5,0.995185
6,0.996048
7,0.99696
8,0.996804
9,0.997352
10,0.99787
11,0.99769
12,0.997638
13,0.997507
14,0.997625
15,0.998002
16,0.997653
17,0.997252
18,0.997961
19,0.997324
20,0.997167
21,0.997345
22,0.997183
23,0.997362
24,0.997457
25,0.997545
26,0.997681
27,0.997806
28,0.997761
29,0.997633
30,0.997375
31,0.997519
32,0.997588
33,0.997848
34,0.997994
35,0.997729
36,0.997575
37,0.997841
38,0.998002
39,0.997947
40,0.997866
41,0.998021
42,0.997961
43,0.998117
44,0.997886
45,0.997811
46,0.997853
47,0.99803
48,0.997704
49,0.997398
50,0.997196
51,0.996592
52,0.996205
53,0.996176
54,0.995942
55,0.994869
56,0.994995
57,0.97243
58,0.882768
59,0.841115
60,0.805553
61,0.895705
62,0.943729
63,0.902588
64,0.885761
65,0.804606
66,0.78778
67,0.711134
68,0.702186
69,0.611153
70,0.762628
71,0.771642
72,0.661802
73,0.760567
74,0.732035
75,0.716378
76,0.813825
77,0.683297
78,0.658393
79,0.900111
80,0.922338
81,0.914377
82,0.921096
83,0.931441
84,0.956154
85,0.96598
86,0.970868
87,0.971714
88,0.972954
89,0.969201
90,0.953436
91,0.962624
92,0.961154
93,0.962405
94,0.944282
95,0.63883
96,0.015686
97,0.004232
98,0.00435
99,0.005153
100,0.009936
101,0.008994
102,0.005915
103,0.004315
104,0.002671
105,0.001971
106,0.003247
107,0.003407
108,0.007965
109,0.007967
110,0.008131
111,0.006303
112,0.009879
113,0.021283
114,0.894949
115,0.988582
116,0.986734
117,0.988552
118,0.968084
119,0.977004
120,0.99322
121,0.990745
122,0.989023
123,0.984295
124,0.992111
125,0.993024
126,0.994006
127,0.995185
128,0.995278
129,0.993664
130,0.991163
131,0.994345
132,0.990972
133,0.994811
134,0.995679
135,0.99596
136,0.995874
137,0.996208
138,0.994978
139,0.995421
140,0.99563
141,0.99674
142,0.99659
143,0.996439
144,0.996643
145,0.996738
146,0.995719
147,0.995872
148,0.995741
149,0.995444
150,0.996487
151,0.996132
152,0.99589
153,0.993521
154,0.538875
155,0.003093
156,0.007323
157,0.004099
158,0.005534
159,0.004436
160,0.005742
161,0.003575
162,0.005435
163,0.005795
164,0.005364
165,0.007984
166,0.005411
167,0.006544
168,0.773649
169,0.972223
170,0.956473
171,0.987872
172,0.993527
173,0.991919
174,0.992727
175,0.99259
176,0.991111
177,0.992549
178,0.991038
179,0.99265
180,0.993526
181,0.991447
182,0.99415
183,0.993748
184,0.995713
185,0.488473
186,0.0124
187,0.004835
188,0.009603
189,0.017087
190,0.017262
191,0.011284
192,0.015493
193,0.016775
194,0.011666
195,0.010376
196,0.011744
197,0.012548
198,0.015163
199,0.024152
200,0.013939
201,0.020237
202,0.016341
203,0.01418
204,0.010845
205,0.021103
206,0.002387
207,0.009125
208,0.014927
209,0.738393
210,0.992061
211,0.995767
212,0.996675
213,0.996901
214,0.996928
215,0.996877
216,0.996917
217,0.996708
218,0.996623
219,0.996362
220,0.996349
221,0.996155
222,0.995921
223,0.995507
224,0.995604
225,0.996019
226,0.996264
227,0.996305
228,0.996107
229,0.996136
230,0.996205
231,0.996369
232,0.996077
233,0.995847
234,0.996151
235,0.995679
236,0.995238
237,0.995809
238,0.994965
239,0.991832
240,0.188408
241,0.014742
242,0.020925
243,0.020437
244,0.035302
245,0.026839
246,0.028621
247,0.021666
248,0.021655
249,0.014753
250,0.012088
251,0.008153
252,0.008504
253,0.009159
254,0.011024
255,0.011509
256,0.018685
257,0.02436
258,0.022856
259,0.034212
260,0.035985
261,0.056026
262,0.911085
263,0.987677
264,0.993819
265,0.995523
266,0.994199
267,0.994006
268,0.992986
269,0.991858
270,0.993392
271,0.98435
272,0.540554
273,0.026139
274,0.011158
275,0.008742
276,0.00875
277,0.0058
278,0.004539
279,0.006841
280,0.004046
281,0.006192
282,0.004857
283,0.004108
284,0.002096
285,0.002201
286,0.001623
287,0.002351
288,0.002249
289,0.00192
290,0.00145
291,0.001799
292,0.00109
293,0.001329
294,0.001412
295,0.001273
296,0.001357
297,0.001181
298,0.000819
299,0.001037
300,0.000885
301,0.000808
302,0.002102
303,0.001361
304,0.192915
305,0.926002
306,0.982312
307,0.987592
308,0.993127
309,0.992011
310,0.993468
311,0.996521
312,0.99682
313,0.997546
314,0.997359
315,0.996717
316,0.996575
317,0.996648
318,0.996602
319,0.996543
320,0.996049
321,0.996257
322,0.996311
323,0.969936
324,0.08842
325,0.005937
326,0.009869
327,0.015995
328,0.014742
329,0.005887
330,0.005979
331,0.013029
332,0.017016
333,0.019781
334,0.020185
335,0.013941
336,0.019385
337,0.009337
338,0.100236
339,0.904318
340,0.987305
341,0.995133
342,0.996085
343,0.996223
344,0.996473
345,0.996728
346,0.99606
347,0.996247
348,0.996731
349,0.996918
350,0.996779
351,0.974154
352,0.076015
353,0.010596
354,0.009751
355,0.008639
356,0.012039
357,0.005077
358,0.006296
359,0.008888
360,0.007083
361,0.00766
362,0.004369
363,0.003238
364,0.00389
365,0.007201
366,0.008598
367,0.007488
368,0.010021
369,0.01014
370,0.01171
371,0.005964
372,0.007117
373,0.102074
374,0.839523
375,0.989175
376,0.994327
377,0.995039
378,0.996586
379,0.994789
380,0.995004
381,0.995923
382,0.995801
383,0.996206
384,0.99604
385,0.996556
386,0.997368
387,0.997568
388,0.956894
389,0.049795
390,0.020362
391,0.008412
392,0.008799
393,0.008749
394,0.010854
395,0.010038
396,0.007788
397,0.007914
398,0.005796
399,0.008165
400,0.012217
401,0.00808
402,0.094385
403,0.877206
404,0.981076
405,0.99315
406,0.993588
407,0.995972
408,0.995763
409,0.99707
410,0.996974
411,0.99682
412,0.997132
413,0.996823
414,0.99716
415,0.996927
416,0.99669
417,0.997019
418,0.997167
419,0.996818
420,0.996579
421,0.995985
422,0.995869
423,0.995152
424,0.995464
425,0.994762
426,0.995049
427,0.995067
428,0.995118
429,0.995179
430,0.995441
431,0.995869
432,0.995708
433,0.995049
434,0.99646
435,0.486573
436,0.080457
437,0.078138
438,0.007682
439,0.014507
440,0.01329
441,0.016539
442,0.012781
443,0.018222
444,0.017289
445,0.009526
446,0.014378
447,0.030977
448,0.701029
449,0.880887
450,0.955606
451,0.977838
452,0.98262
453,0.973991
454,0.976214
455,0.976754
456,0.987018
457,0.987276
458,0.99229
459,0.232513
460,0.021514
461,0.025124
462,0.011787
463,0.020082
464,0.014634
465,0.009522
466,0.009525
467,0.008658
468,0.005301
469,0.003148
470,0.0033
471,0.00304
472,0.003749
473,0.003722
474,0.00439
475,0.005558
476,0.00628
477,0.004713
478,0.00579
479,0.004421
480,0.005465
481,0.009401
482,0.008824
483,0.009944
484,0.027255
485,0.34619
486,0.787133
487,0.795307
488,0.84649
489,0.876736
490,0.83092
491,0.526779
492,0.669496
493,0.699566
494,0.714786
495,0.711074
496,0.788781
497,0.853019
498,0.862891
499,0.843745
500,0.888353
501,0.992488
502,0.326247
503,0.014602
504,0.010671
505,0.013508
506,0.009699
507,0.003638
508,0.01149
509,0.020885
510,0.019744
511,0.012903
512,0.013386
513,0.011688
514,0.014894
515,0.059146
516,0.920679
517,0.981981
518,0.995609
519,0.989318
520,0.991646
521,0.988397
522,0.990983
523,0.991601
524,0.990177
525,0.989574
526,0.991092
527,0.991605
528,0.990823
529,0.991096
530,0.99158
531,0.992077
532,0.993911
533,0.99474
534,0.994304
535,0.994789
536,0.995741
537,0.996303
538,0.996582
539,0.996154
540,0.997178
541,0.995466
542,0.996518
543,0.996523
544,0.996595
545,0.997296
546,0.76641
547,0.021266
548,0.032765
549,0.015836
550,0.009819
551,0.01071
552,0.008318
553,0.006568
554,0.010287
555,0.009281
556,0.012147
557,0.009526
558,0.039699
559,0.022918
560,0.016656
561,0.018826
562,0.017726
563,0.018867
564,0.002435
565,0.283841
566,0.967685
567,0.993777
568,0.996964
569,0.996825
570,0.996382
571,0.996945
572,0.995875
573,0.995792
574,0.993661
575,0.988712
576,0.254356
577,0.013875
578,0.003369
579,0.001914
580,0.001433
581,0.001121
582,0.001802
583,0.001548
584,0.000684
585,0.000994
586,0.002118
587,0.001397
588,0.002875
589,0.003933
590,0.00441
591,0.001947
592,0.00164
593,0.001812
594,0.001393
595,0.198129
596,0.615234
597,0.758917
598,0.962255
599,0.976026
600,0.966339
601,0.985046
602,0.978523
603,0.974495
604,0.977155
605,0.973653
606,0.965537
607,0.919729
608,0.952027
609,0.948487
610,0.953259
611,0.941208
612,0.947601
613,0.948192
614,0.937162
615,0.960328
616,0.961796
617,0.977145
618,0.981916
619,0.992423
620,0.993749
621,0.995805
622,0.995109
623,0.995694
624,0.994979
625,0.996263
626,0.996225
627,0.996426
628,0.797702
629,0.074348
