1,0.997038
2,0.996167
3,0.993854
4,0.994393
5,0.995047
6,0.997146
7,0.997048
8,0.997395
9,0.997932
10,0.998271
11,0.99845
12,0.998206
13,0.998348
14,0.99868
15,0.998665
16,0.998724
17,0.998863
18,0.998943
19,0.99912
20,0.999085
21,0.99903
22,0.998849
23,0.998768
24,0.99876
25,0.99895
26,0.999046
27,0.999062
28,0.99898
29,0.999004
30,0.999108
31,0.999125
32,0.999069
33,0.999138
34,0.999066
35,0.999087
36,0.999001
37,0.998978
38,0.999005
39,0.998929
40,0.999001
41,0.99883
42,0.998829
43,0.998863
44,0.99884
45,0.998715
46,0.998755
47,0.998907
48,0.998576
49,0.998518
50,0.998554
51,0.99855
52,0.99838
53,0.9983
54,0.998328
55,0.998314
56,0.998255
57,0.998304
58,0.997372
59,0.997701
60,0.994209
61,0.988321
62,0.991022
63,0.994002
64,0.986029
65,0.981065
66,0.978435
67,0.97694
68,0.900911
69,0.891992
70,0.860372
71,0.868566
72,0.925066
73,0.927146
74,0.876669
75,0.691864
76,0.696304
77,0.600646
78,0.680975
79,0.79212
80,0.887811
81,0.750369
82,0.74437
83,0.817002
84,0.875839
85,0.84508
86,0.840819
87,0.837552
88,0.81679
89,0.79599
90,0.810717
91,0.804655
92,0.787032
93,0.792303
94,0.787846
95,0.802837
96,0.795684
97,0.968531
98,0.969609
99,0.962251
100,0.971132
101,0.970768
102,0.969692
103,0.979477
104,0.982361
105,0.877304
106,0.868822
107,0.876464
108,0.889225
109,0.878316
110,0.873932
111,0.856883
112,0.875748
113,0.883994
114,0.898888
115,0.986147
116,0.870142
117,0.870563
118,0.899693
119,0.903913
120,0.913925
121,0.89947
122,0.914183
123,0.913495
124,0.922443
125,0.93228
126,0.950119
127,0.968327
128,0.975743
129,0.985441
130,0.983921
131,0.984981
132,0.986081
133,0.987464
134,0.98548
135,0.987663
136,0.986218
137,0.98688
138,0.988439
139,0.98927
140,0.988863
141,0.990612
142,0.990458
143,0.989244
144,0.989377
145,0.993085
146,0.992083
147,0.991691
148,0.991779
149,0.993897
150,0.992757
151,0.992687
152,0.992513
153,0.992961
154,0.993896
155,0.994068
156,0.994226
157,0.99463
158,0.993121
159,0.969213
160,0.954374
161,0.958428
162,0.993254
163,0.991537
164,0.995737
165,0.996421
166,0.997074
167,0.99692
168,0.998557
169,0.99815
170,0.998199
171,0.997825
172,0.998428
173,0.555105
174,0.013516
175,0.00759
176,0.002726
177,0.002951
178,0.003076
179,0.005953
180,0.004344
181,0.003142
182,0.001019
183,0.001231
184,0.000607
185,0.000869
186,0.001572
187,0.000867
188,0.000864
189,0.000261
190,0.000397
191,0.000422
192,0.00074
193,0.002112
194,0.002491
195,0.000985
196,0.002016
197,0.431809
198,0.883268
199,0.97789
200,0.983314
201,0.981277
202,0.986054
203,0.983756
204,0.987811
205,0.981914
206,0.978793
207,0.985659
208,0.987152
209,0.987976
210,0.973679
211,0.075474
212,0.012515
213,0.015004
214,0.011435
215,0.010705
216,0.008157
217,0.003886
218,0.004591
219,0.002494
220,0.001392
221,0.001528
222,0.004079
223,0.263059
224,0.976302
225,0.985765
226,0.991363
227,0.987744
228,0.995205
229,0.995811
230,0.987617
231,0.985888
232,0.985359
233,0.987529
234,0.988629
235,0.98737
236,0.987776
237,0.880119
238,0.005434
239,0.007808
240,0.007395
241,0.004156
242,0.004012
243,0.002884
244,0.002612
245,0.004171
246,0.003213
247,0.340508
248,0.943896
249,0.966868
250,0.965963
251,0.981661
252,0.98417
253,0.98642
254,0.984574
255,0.98222
256,0.979275
257,0.981923
258,0.982305
259,0.985582
260,0.983324
261,0.98153
262,0.984836
263,0.985235
264,0.986778
265,0.988388
266,0.985154
267,0.984852
268,0.983425
269,0.983619
270,0.983073
271,0.96368
272,0.056201
273,0.006687
274,0.006256
275,0.01503
276,0.007141
277,0.001108
278,0.001579
279,0.001571
280,0.001177
281,0.008424
282,0.861201
283,0.983681
284,0.979027
285,0.986281
286,0.982956
287,0.987912
288,0.989839
289,0.990858
290,0.991975
291,0.993283
292,0.99328
293,0.992632
294,0.988463
295,0.988641
296,0.984261
297,0.985715
298,0.986415
299,0.987077
300,0.985256
301,0.988252
302,0.959475
303,0.935351
304,0.955582
305,0.980748
306,0.990715
307,0.991774
308,0.993663
309,0.994021
310,0.994168
311,0.993956
312,0.994507
313,0.994423
314,0.994597
315,0.994401
316,0.994673
317,0.994936
318,0.994219
319,0.994361
320,0.993877
321,0.993414
322,0.993953
323,0.993884
324,0.993899
325,0.992567
326,0.992501
327,0.99303
328,0.99296
329,0.992971
330,0.993173
331,0.992842
332,0.993253
333,0.993162
334,0.993329
335,0.993324
336,0.993435
337,0.990393
338,0.990268
339,0.99168
340,0.992233
341,0.990961
342,0.991252
343,0.991323
344,0.906237
345,0.028051
346,0.015089
347,0.010108
348,0.003907
349,0.003859
350,0.005587
351,0.001378
352,0.00065
353,0.000897
354,0.001064
355,0.001981
356,0.002772
357,0.00219
358,0.001671
359,0.009488
360,0.31735
361,0.910466
362,0.981056
363,0.98378
364,0.982086
365,0.98506
366,0.986427
367,0.992429
368,0.994237
369,0.994284
370,0.99509
371,0.995635
372,0.9959
373,0.995808
374,0.996339
375,0.995902
376,0.995004
377,0.961875
378,0.037021
379,0.002902
380,0.001138
381,0.002211
382,0.00175
383,0.001806
384,0.003395
385,0.002098
386,0.002385
387,0.001499
388,0.001786
389,0.002383
390,0.001763
391,0.001557
392,0.002628
393,0.245537
394,0.591009
395,0.798657
396,0.946446
397,0.986806
398,0.992401
399,0.99468
400,0.994481
401,0.994232
402,0.995269
403,0.994617
404,0.994196
405,0.996919
406,0.99708
407,0.996733
408,0.996611
409,0.993434
410,0.99382
411,0.995759
412,0.995169
413,0.994933
414,0.994757
415,0.993674
416,0.994326
417,0.993975
418,0.994449
419,0.994804
420,0.994653
421,0.992251
422,0.993312
423,0.993251
424,0.993851
425,0.992125
426,0.992923
427,0.991608
428,0.991559
429,0.991425
430,0.991548
431,0.991366
432,0.991966
433,0.991958
434,0.993089
435,0.992637
436,0.993929
437,0.99373
438,0.993935
439,0.993777
440,0.992334
441,0.992787
442,0.992904
443,0.992992
444,0.992332
445,0.991749
446,0.991385
447,0.991585
448,0.991848
449,0.992606
450,0.992376
451,0.991956
452,0.99386
453,0.993516
454,0.992643
455,0.993558
456,0.994379
457,0.991553
458,0.992242
459,0.991863
460,0.992047
461,0.992748
462,0.990461
463,0.989347
464,0.990636
465,0.988944
466,0.988589
467,0.989466
468,0.989348
469,0.987822
470,0.988247
471,0.988881
472,0.987282
473,0.985928
474,0.986056
475,0.985607
476,0.9856
477,0.987288
478,0.98745
479,0.990687
480,0.989916
481,0.989365
482,0.992307
483,0.989759
484,0.989098
485,0.989666
486,0.9894
487,0.988278
488,0.990252
489,0.992323
490,0.992196
491,0.987706
492,0.932397
493,0.850367
494,0.965073
495,0.976088
496,0.975343
497,0.97552
498,0.847328
499,0.914955
500,0.900731
501,0.964764
502,0.977883
503,0.96933
504,0.974971
505,0.985622
506,0.98528
507,0.986578
508,0.984475
509,0.982789
510,0.98495
511,0.983102
512,0.983988
513,0.984237
514,0.985874
515,0.98568
516,0.98895
517,0.984324
518,0.985949
519,0.988424
520,0.990543
521,0.991803
522,0.990439
523,0.989449
524,0.991306
525,0.990835
526,0.990511
527,0.990391
528,0.992646
529,0.991782
530,0.992167
531,0.993734
532,0.994013
533,0.9944
534,0.99431
535,0.993765
536,0.994791
537,0.993326
538,0.920996
539,0.933939
540,0.936015
541,0.988352
542,0.995438
543,0.994664
544,0.995794
545,0.99723
546,0.996111
547,0.994406
548,0.992682
549,0.991087
550,0.984959
551,0.983629
552,0.96767
553,0.966823
554,0.960612
555,0.958903
556,0.950856
557,0.96511
558,0.968331
559,0.976771
560,0.991495
561,0.971022
562,0.984829
563,0.990575
564,0.992837
565,0.995128
566,0.993479
567,0.995209
568,0.993481
569,0.996364
570,0.995248
571,0.994661
572,0.994549
573,0.993175
574,0.994018
575,0.997659
576,0.997599
577,0.984957
578,0.986198
579,0.983394
580,0.985361
581,0.98738
582,0.986232
583,0.989647
584,0.987246
585,0.981921
586,0.966236
587,0.633515
588,0.010152
589,0.004382
590,0.003877
591,0.002641
592,0.003248
593,0.00591
594,0.004737
595,0.001846
596,0.001119
597,0.000941
598,0.001643
599,0.00105
600,0.001502
601,0.000976
602,0.001055
603,0.001034
604,0.001088
605,0.001086
606,0.001032
607,0.001266
608,0.000678
609,0.00045
610,0.000785
611,0.000705
612,0.015142
613,0.783486
614,0.979534
615,0.975829
616,0.9832
617,0.971052
618,0.975688
619,0.983715
620,0.98354
621,0.979435
622,0.991773
623,0.991758
624,0.99574
625,0.99279
626,0.993991
627,0.996466
628,0.996573
629,0.992991
630,0.992841
631,0.994939
632,0.993968
633,0.993235
634,0.986696
635,0.986017
636,0.989034
637,0.991304
638,0.990708
639,0.991352
640,0.991607
641,0.98944
642,0.992443
643,0.99317
644,0.990189
645,0.805695
646,0.003877
647,0.0005
648,0.000867
649,0.001571
650,0.001598
651,0.003602
652,0.003117
653,0.002033
654,0.000771
655,0.00046
656,0.0003
657,0.000241
658,0.000316
659,0.000641
660,0.000594
661,0.000425
662,0.000578
663,0.000233
664,0.000437
665,0.000547
666,0.000958
667,0.001185
668,0.000624
669,0.000547
670,0.000461
671,0.000586
672,0.000803
673,0.000492
674,0.000669
675,0.000659
676,0.00063
677,0.000294
678,0.000643
679,0.000471
680,0.00061
681,0.000674
682,0.000582
683,0.000528
684,0.002275
685,0.002625
686,0.001161
687,0.003438
688,0.00496
689,0.0083
690,0.018113
691,0.560553
692,0.927501
693,0.959477
694,0.950224
695,0.947986
696,0.975881
697,0.977897
698,0.990731
699,0.992483
700,0.991764
701,0.99299
702,0.748539
703,0.009081
704,0.002431
705,0.001811
706,0.000488
707,0.000503
708,0.000228
709,0.000564
710,0.000978
711,0.000615
712,0.000491
713,0.00051
714,0.000758
715,0.000613
716,0.000369
717,0.000406
718,0.000286
719,0.00027
720,0.000478
721,0.000101
722,0.000171
723,0.00026
724,0.000318
725,0.000413
726,0.000399
727,0.000422
728,0.000339
729,0.000266
730,0.000429
731,0.000228
732,0.040683
733,0.728918
734,0.95367
735,0.986797
736,0.991618
737,0.994707
738,0.993548
739,0.99532
740,0.995432
741,0.994383
742,0.995463
743,0.995433
744,0.994313
745,0.994688
746,0.992473
747,0.993868
748,0.99347
749,0.973967
750,0.905589
751,0.903632
752,0.944693
753,0.981694
754,0.977317
755,0.986144
756,0.988212
757,0.448453
758,0.032268
759,0.022651
760,0.036389
761,0.040521
762,0.005609
763,0.001832
764,0.001801
765,0.001303
766,0.002976
767,0.002394
768,0.004197
769,0.410432
770,0.798967
771,0.899198
772,0.872603
773,0.936824
774,0.916978
775,0.886208
776,0.851829
777,0.802479
778,0.633601
779,0.759566
780,0.799273
781,0.571903
782,0.611146
783,0.095873
784,0.01195
785,0.000912
786,0.001882
787,0.000893
788,0.000481
789,0.000642
790,0.000781
791,0.000596
792,0.00075
793,0.000415
794,0.000489
795,0.000523
796,0.000842
797,0.000431
798,0.000489
799,0.000421
800,0.000942
801,0.000811
802,0.006521
803,0.000993
804,0.001129
805,0.001107
806,0.003257
807,0.004302
808,0.006413
809,0.005766
810,0.005693
811,0.003075
812,0.001613
813,0.001752
814,0.000441
815,0.000287
816,0.000381
817,0.00064
818,0.000684
819,0.000509
820,0.000497
821,0.000429
822,0.000418
823,0.000462
824,0.000138
825,0.000275
826,0.000145
827,0.000191
828,0.000241
829,0.000146
830,0.000114
831,7.5e-05
832,6.4e-05
833,9e-05
834,9.6e-05
835,0.000107
836,0.000304
837,0.001698
838,0.0026
839,0.000156
840,0.000149
841,0.016581
842,0.72916
843,0.932005
844,0.983106
845,0.996372
846,0.989264
847,0.985716
848,0.997382
849,0.998149
850,0.998248
851,0.998225
852,0.994769
853,0.993459
854,0.992178
855,0.549796
856,0.006682
857,0.002655
858,0.001708
859,0.005246
860,0.005844
861,0.002354
862,0.001815
863,0.000939
864,0.000705
865,0.000365
866,0.000371
867,0.000943
868,0.001157
869,0.000998
870,0.000676
871,0.0007
872,0.002533
873,0.001456
874,0.000796
875,0.000622
876,0.001249
877,0.002667
878,0.00155
879,0.000635
880,0.000164
881,0.000144
882,0.000114
883,5.4e-05
884,8e-05
885,6.4e-05
886,7e-05
887,0.000145
888,8.2e-05
889,6.4e-05
890,6.8e-05
891,6.3e-05
892,6.8e-05
893,4.7e-05
894,4.9e-05
895,5.4e-05
896,6.4e-05
897,5e-05
898,5.7e-05
899,9e-05
900,6.9e-05
901,9.6e-05
902,9.6e-05
903,8.8e-05
904,0.000904
905,0.479372
906,0.888212
907,0.978773
908,0.992623
909,0.994774
910,0.995378
911,0.994672
912,0.995193
913,0.995382
914,0.995683
915,0.995442
916,0.994697
917,0.994172
918,0.992008
919,0.453344
920,0.001016
921,0.000776
922,0.000488
923,0.000271
924,0.000117
925,0.000172
926,0.000147
927,0.000105
928,0.000117
929,0.000306
930,7.7e-05
931,0.000116
932,0.000155
933,0.000407
934,0.002311
935,0.003635
936,0.000382
937,0.000958
938,0.001353
939,0.000693
940,0.000571
941,0.000816
942,0.001071
943,0.000681
944,0.000369
945,0.000569
946,0.000679
947,0.00122
948,0.00092
949,0.001742
950,0.002079
951,0.002692
952,0.002913
953,0.003241
954,0.002807
955,0.000936
956,0.001121
957,0.00194
958,0.001175
959,0.000903
960,0.00179
961,0.005675
962,0.002978
963,0.073471
964,0.94365
965,0.988534
966,0.992385
967,0.992938
968,0.996338
969,0.996377
970,0.99557
971,0.996403
972,0.995174
973,0.995478
974,0.995469
975,0.996651
976,0.998132
977,0.996866
978,0.996463
979,0.996494
980,0.985983
981,0.980164
982,0.985999
983,0.995517
984,0.995338
985,0.992132
986,0.962704
987,0.759636
988,0.837479
989,0.952453
990,0.981559
991,0.997585
992,0.996288
993,0.994632
994,0.994604
995,0.998435
996,0.998357
997,0.998703
998,0.998829
999,0.998644
1000,0.998594
1001,0.998528
1002,0.998057
1003,0.997328
1004,0.997992
1005,0.99802
1006,0.99365
1007,0.995128
1008,0.995105
1009,0.994864
1010,0.994829
1011,0.993745
1012,0.988735
1013,0.261544
1014,0.039873
1015,0.047364
1016,0.004501
1017,0.003221
1018,0.012653
1019,0.024317
1020,0.002903
1021,0.010823
1022,0.007959
1023,0.025817
1024,0.00618
1025,0.008246
1026,0.009516
1027,0.010808
1028,0.020668
1029,0.010537
1030,0.010023
1031,0.008717
1032,0.015074
1033,0.009329
1034,0.010535
1035,0.004094
1036,0.004291
1037,0.005784
1038,0.012203
1039,0.006017
1040,0.005623
1041,0.006762
1042,0.003944
1043,0.002851
1044,0.003696
1045,0.002685
1046,0.031085
1047,0.980769
1048,0.994489
1049,0.995761
1050,0.995388
1051,0.994356
1052,0.995486
1053,0.995059
1054,0.992987
1055,0.992472
1056,0.994445
1057,0.994136
1058,0.992851
1059,0.99396
1060,0.994056
1061,0.993122
1062,0.994714
1063,0.99481
1064,0.995614
1065,0.94603
1066,0.019521
1067,0.031117
1068,0.006834
1069,0.001508
1070,0.001304
1071,0.003199
1072,0.003165
1073,0.003185
1074,0.001502
1075,0.001342
1076,0.000707
1077,0.00124
1078,0.001307
1079,0.001789
1080,0.001929
1081,0.000984
1082,0.000866
1083,0.259601
1084,0.678036
1085,0.929838
1086,0.991792
1087,0.995389
1088,0.995987
1089,0.995431
1090,0.995573
1091,0.995942
1092,0.995611
1093,0.473939
1094,0.040142
1095,0.016868
1096,0.010992
1097,0.004956
1098,0.008631
1099,0.001157
1100,0.001528
1101,0.000625
1102,0.000436
1103,0.000425
1104,0.00024
1105,0.001057
1106,0.00082
1107,0.000763
1108,0.000478
1109,0.000316
1110,0.000389
1111,0.000676
1112,0.000395
1113,0.000329
1114,0.000262
1115,0.000337
1116,0.000254
1117,0.00041
1118,0.000374
1119,0.00027
1120,0.000235
1121,0.022722
1122,0.915346
1123,0.977572
1124,0.987009
1125,0.987123
1126,0.992853
1127,0.995682
1128,0.995628
1129,0.994461
1130,0.996256
1131,0.995372
1132,0.993369
1133,0.991378
1134,0.992444
1135,0.993065
1136,0.99333
1137,0.99473
1138,0.995141
1139,0.994177
1140,0.995152
1141,0.995403
1142,0.997249
1143,0.292487
1144,0.014849
1145,0.006274
1146,0.00667
1147,0.007029
1148,0.007264
1149,0.006667
1150,0.008141
1151,0.007513
1152,0.007514
1153,0.007813
1154,0.003731
1155,0.003973
1156,0.00365
1157,0.007615
1158,0.014303
1159,0.014435
1160,0.011228
1161,0.012447
1162,0.032599
1163,0.027609
1164,0.023616
1165,0.031686
1166,0.026058
1167,0.006368
1168,0.42046
1169,0.987085
1170,0.993885
1171,0.989161
1172,0.985333
1173,0.983743
1174,0.995301
1175,0.994132
1176,0.993329
1177,0.989559
1178,0.989102
1179,0.988927
1180,0.989471
1181,0.989944
1182,0.988145
1183,0.991048
1184,0.99494
1185,0.994983
1186,0.996394
1187,0.995744
1188,0.992892
1189,0.992971
1190,0.995006
1191,0.922654
1192,0.165091
1193,0.056826
1194,0.014555
1195,0.005546
1196,0.002016
1197,0.001895
1198,0.002004
1199,0.001489
1200,0.00213
1201,0.000842
1202,0.000886
1203,0.00126
1204,0.001682
1205,0.003227
1206,0.00329
1207,0.004597
1208,0.004471
1209,0.003032
1210,0.003509
1211,0.00164
1212,0.001614
1213,0.001278
1214,0.001192
1215,0.001787
1216,0.001074
1217,0.000805
1218,0.006401
1219,0.004287
1220,0.007131
1221,0.001234
1222,0.013841
1223,0.174138
1224,0.95831
1225,0.995299
1226,0.997168
1227,0.997002
1228,0.996865
1229,0.997397
1230,0.997509
1231,0.997512
1232,0.996586
1233,0.997272
1234,0.994941
1235,0.995749
1236,0.989504
1237,0.993409
1238,0.981608
1239,0.175946
1240,0.00695
1241,0.01528
1242,0.008863
1243,0.011759
1244,0.006711
1245,0.003996
1246,0.006672
1247,0.002008
1248,0.001051
1249,0.00059
1250,0.000509
1251,0.000751
1252,0.000607
1253,0.000417
1254,0.000563
1255,0.001033
1256,0.001452
1257,0.004578
1258,0.341079
1259,0.973289
1260,0.984657
1261,0.985474
1262,0.991168
1263,0.983871
1264,0.953876
1265,0.983563
1266,0.984922
1267,0.94852
1268,0.955664
1269,0.939804
1270,0.956613
1271,0.962597
1272,0.984674
1273,0.951778
1274,0.878369
1275,0.039089
1276,0.001379
1277,0.001385
1278,0.001204
1279,0.001262
1280,0.000814
1281,0.000705
1282,0.000504
1283,0.000301
1284,0.000362
1285,0.000128
1286,0.000106
1287,5.9e-05
1288,8.6e-05
1289,0.000121
1290,9.2e-05
1291,0.000674
1292,0.000515
1293,0.000563
1294,0.001219
1295,0.001372
1296,0.002402
1297,0.002576
1298,0.003143
1299,0.003595
1300,0.003371
1301,0.003626
1302,0.002662
1303,0.001473
1304,0.001064
1305,0.000405
1306,0.00048
1307,0.000602
1308,0.001116
1309,0.003311
1310,0.000675
1311,0.000322
1312,0.002086
1313,0.038047
1314,0.521945
1315,0.787416
1316,0.854586
1317,0.745661
1318,0.742297
1319,0.842375
1320,0.84127
1321,0.896966
1322,0.911358
1323,0.917331
1324,0.931614
1325,0.934665
1326,0.935787
1327,0.909454
1328,0.70994
1329,0.00198
1330,0.000709
1331,0.000838
1332,0.000651
1333,0.000632
1334,0.002014
1335,0.001916
1336,0.001996
1337,0.000933
1338,0.001025
1339,0.000837
1340,0.001127
1341,0.000711
1342,0.000651
1343,0.000387
1344,0.000452
1345,0.000363
1346,0.000346
1347,0.000309
1348,0.000524
1349,0.000475
1350,0.000318
1351,0.000301
1352,0.000373
1353,0.001932
1354,0.094465
1355,0.758285
1356,0.962513
1357,0.994906
1358,0.996929
1359,0.997645
1360,0.997841
1361,0.997833
1362,0.997339
1363,0.997475
1364,0.993411
1365,0.993718
1366,0.994081
1367,0.993374
1368,0.99826
1369,0.997957
1370,0.998234
1371,0.989781
1372,0.825453
1373,0.735074
1374,0.644799
1375,0.107228
1376,0.001694
1377,0.001089
1378,0.000718
1379,0.000618
1380,0.000887
1381,0.002347
1382,0.002512
1383,0.002655
1384,0.002798
1385,0.003205
1386,0.003378
1387,0.00216
1388,0.005492
1389,0.003645
1390,0.005039
1391,0.003799
1392,0.00463
1393,0.001826
1394,0.002479
1395,0.005399
1396,0.003918
1397,0.002662
1398,0.002985
1399,0.002851
1400,0.002064
1401,0.002346
1402,0.00547
1403,0.214424
1404,0.8691
1405,0.95889
1406,0.993452
1407,0.992522
1408,0.994949
1409,0.996308
1410,0.99695
1411,0.99674
1412,0.996562
1413,0.996044
1414,0.993818
1415,0.991007
1416,0.990145
1417,0.998255
1418,0.998312
1419,0.998182
1420,0.998417
1421,0.998593
1422,0.99832
1423,0.998444
1424,0.998468
1425,0.998542
1426,0.998263
1427,0.997999
1428,0.381339
1429,0.007867
1430,0.006067
1431,0.002403
1432,0.003808
1433,0.003546
1434,0.002821
1435,0.001993
1436,0.001691
1437,0.001147
1438,0.001987
1439,0.002572
1440,0.002404
1441,0.001278
1442,0.00077
1443,0.000541
1444,0.00089
1445,0.000951
1446,0.000602
1447,0.006114
1448,0.942182
1449,0.996549
1450,0.993452
1451,0.994672
1452,0.994258
1453,0.996664
1454,0.997803
1455,0.996742
1456,0.99752
1457,0.997181
1458,0.997514
1459,0.997657
1460,0.997681
1461,0.936583
1462,0.008976
1463,0.002996
1464,0.005626
1465,0.002973
1466,0.002246
1467,0.0025
1468,0.001632
1469,0.001633
1470,0.001306
1471,0.000961
1472,0.003822
1473,0.003606
1474,0.003733
1475,0.006669
1476,0.006083
1477,0.001979
1478,0.002584
1479,0.003047
1480,0.002346
1481,0.002058
1482,0.001847
1483,0.001396
1484,0.002089
1485,0.001338
1486,0.004069
1487,0.003215
1488,0.003672
1489,0.606732
1490,0.942508
1491,0.967878
1492,0.972258
1493,0.975463
1494,0.966783
1495,0.980095
1496,0.978428
1497,0.992242
1498,0.980555
1499,0.97734
1500,0.976082
1501,0.973178
1502,0.980732
1503,0.982039
1504,0.966408
1505,0.972218
1506,0.972608
1507,0.468364
1508,0.006067
1509,0.002651
1510,0.002529
1511,0.005557
1512,0.004239
1513,0.000893
1514,0.000657
1515,0.000938
1516,0.000666
1517,0.000368
1518,0.000286
1519,0.000413
1520,0.000396
1521,0.000439
1522,0.000319
1523,0.000199
1524,0.000373
1525,0.000312
1526,0.000263
1527,0.000336
1528,0.000413
1529,0.000582
1530,0.000427
1531,0.000283
1532,0.000379
1533,0.000269
1534,0.000299
1535,0.00039
1536,0.000786
1537,0.000918
1538,0.001068
1539,0.000957
1540,0.00136
1541,0.001868
1542,0.002802
1543,0.002169
1544,0.00328
1545,0.003186
1546,0.002605
1547,0.002841
1548,0.003408
1549,0.00225
1550,0.002606
1551,0.002528
1552,0.002124
1553,0.00927
1554,0.538113
1555,0.988182
1556,0.996624
1557,0.994375
1558,0.99212
1559,0.997105
1560,0.996952
1561,0.996511
1562,0.997336
1563,0.997582
1564,0.99718
1565,0.99753
1566,0.997801
1567,0.997769
1568,0.997379
1569,0.9954
1570,0.995787
1571,0.99531
1572,0.995927
1573,0.99612
1574,0.996536
1575,0.992401
1576,0.988547
1577,0.988357
1578,0.9903
1579,0.993251
1580,0.98
1581,0.10835
1582,0.041494
1583,0.061799
1584,0.043627
1585,0.010445
1586,0.027647
1587,0.02549
1588,0.027804
1589,0.027886
1590,0.034522
1591,0.054025
1592,0.073695
1593,0.225733
1594,0.764973
1595,0.902728
1596,0.842091
1597,0.828122
1598,0.923769
1599,0.91298
1600,0.945061
1601,0.965357
1602,0.97554
1603,0.95301
1604,0.985405
1605,0.966596
1606,0.961708
1607,0.95482
1608,0.9692
1609,0.962476
1610,0.974471
1611,0.973881
1612,0.981594
1613,0.979624
1614,0.991808
1615,0.962294
1616,0.20548
1617,0.081126
1618,0.136147
1619,0.043951
1620,0.02604
1621,0.024634
1622,0.031316
1623,0.012667
1624,0.017967
1625,0.017557
1626,0.015922
1627,0.004481
1628,0.021985
1629,0.898571
1630,0.994439
1631,0.994187
1632,0.995733
1633,0.99569
1634,0.994063
1635,0.987654
1636,0.991951
1637,0.989858
1638,0.990167
1639,0.993144
1640,0.993942
1641,0.993346
1642,0.996493
1643,0.995625
1644,0.997453
1645,0.991674
1646,0.995119
1647,0.988672
1648,0.997024
1649,0.996532
1650,0.997126
1651,0.992801
1652,0.993476
1653,0.993504
1654,0.991405
1655,0.993942
1656,0.994459
1657,0.988307
1658,0.990888
1659,0.993545
1660,0.994068
1661,0.994028
1662,0.995568
1663,0.995306
1664,0.996366
1665,0.995291
1666,0.665458
1667,0.03027
1668,0.014652
1669,0.003181
1670,0.000931
1671,0.000621
1672,0.00793
1673,0.008154
1674,0.00924
1675,0.005127
1676,0.003816
1677,0.001974
1678,0.01697
1679,0.50484
1680,0.991795
1681,0.996888
1682,0.997819
1683,0.997209
1684,0.997941
1685,0.994176
1686,0.995573
1687,0.995949
1688,0.996059
1689,0.997301
1690,0.996738
1691,0.996663
1692,0.998438
1693,0.998382
1694,0.997802
1695,0.997683
1696,0.997225
1697,0.883567
1698,0.242912
1699,0.103126
1700,0.013698
1701,0.003177
1702,0.012042
1703,0.00307
1704,0.000883
1705,0.000383
1706,0.000203
1707,0.000118
1708,0.000209
1709,0.000147
1710,0.000143
1711,0.000123
1712,0.000226
1713,0.000117
1714,0.000293
1715,0.132345
1716,0.883343
1717,0.956518
1718,0.993057
1719,0.992701
1720,0.995457
1721,0.995906
1722,0.996343
1723,0.996324
1724,0.996189
1725,0.99802
1726,0.994001
1727,0.993044
1728,0.486834
1729,0.012519
1730,0.012189
1731,0.005073
1732,0.001167
1733,0.002576
1734,0.001572
1735,0.000633
1736,0.000863
1737,0.000677
1738,0.000829
1739,0.000451
1740,0.000545
1741,0.001258
1742,0.001884
1743,0.000648
1744,0.000643
1745,0.001032
1746,0.00066
1747,0.000442
1748,0.000691
1749,0.000512
1750,0.000465
1751,0.001733
1752,0.001509
1753,0.013635
1754,0.00124
1755,0.001245
1756,0.001483
1757,0.005331
1758,0.205022
1759,0.906041
1760,0.985128
1761,0.993943
1762,0.993576
1763,0.993093
1764,0.992555
1765,0.99704
1766,0.996214
1767,0.996607
1768,0.981279
1769,0.981226
1770,0.98401
1771,0.984947
1772,0.984273
1773,0.984563
1774,0.98578
1775,0.986175
1776,0.988399
1777,0.986276
1778,0.982004
1779,0.980345
1780,0.967581
1781,0.984384
1782,0.987491
1783,0.98723
1784,0.987202
1785,0.989253
1786,0.991413
1787,0.991541
1788,0.995851
1789,0.994672
1790,0.994311
1791,0.994486
1792,0.986192
1793,0.986849
1794,0.995532
1795,0.986718
1796,0.985865
1797,0.994859
1798,0.993936
1799,0.994387
1800,0.993992
1801,0.995262
1802,0.995058
1803,0.99545
1804,0.99478
1805,0.995494
1806,0.99655
1807,0.996039
1808,0.995874
1809,0.996004
1810,0.994332
1811,0.993807
1812,0.984329
1813,0.995199
