1,0.995163
2,0.995344
3,0.995457
4,0.995482
5,0.99517
6,0.995952
7,0.995728
8,0.99664
9,0.996344
10,0.996859
11,0.99663
12,0.996232
13,0.996117
14,0.99627
15,0.996445
16,0.995067
17,0.995691
18,0.995687
19,0.995763
20,0.995941
21,0.996344
22,0.996786
23,0.996855
24,0.997334
25,0.996653
26,0.996864
27,0.996753
28,0.997085
29,0.996878
30,0.996836
31,0.995983
32,0.995969
33,0.995803
34,0.995637
35,0.995956
36,0.995707
37,0.996347
38,0.996834
39,0.996745
40,0.996683
41,0.996177
42,0.996645
43,0.996684
44,0.996461
45,0.996462
46,0.99646
47,0.995527
48,0.995392
49,0.991855
50,0.992169
51,0.992448
52,0.988162
53,0.981848
54,0.976276
55,0.979418
56,0.969226
57,0.955278
58,0.909395
59,0.895834
60,0.859099
61,0.823737
62,0.73261
63,0.156424
64,0.028689
65,0.048681
66,0.044193
67,0.014449
68,0.007288
69,0.011184
70,0.007106
71,0.011532
72,0.002614
73,0.001652
74,0.001258
75,0.001861
76,0.002523
77,0.004329
78,0.007971
79,0.005141
80,0.009072
81,0.016173
82,0.77251
83,0.82606
84,0.838999
85,0.806389
86,0.814883
87,0.853154
88,0.881901
89,0.889391
90,0.931192
91,0.930945
92,0.951223
93,0.945652
94,0.946678
95,0.94815
96,0.961236
97,0.953063
98,0.964807
99,0.955244
100,0.960501
101,0.958047
102,0.9562
103,0.950494
104,0.950549
105,0.964514
106,0.942855
107,0.97292
108,0.94621
109,0.967926
110,0.969974
111,0.961695
112,0.97309
113,0.979203
114,0.987637
115,0.988771
116,0.98914
117,0.991985
118,0.99264
119,0.992579
120,0.990532
121,0.992004
122,0.992386
123,0.992976
124,0.991483
125,0.992684
126,0.99233
127,0.990103
128,0.989173
129,0.986155
130,0.989003
131,0.991813
132,0.988243
133,0.988468
134,0.989865
135,0.989697
136,0.993146
137,0.995261
138,0.993111
139,0.994908
140,0.994998
141,0.996599
142,0.996729
143,0.99656
144,0.996893
145,0.997054
146,0.997221
147,0.997087
148,0.997392
149,0.997234
150,0.997546
151,0.997671
152,0.99773
153,0.997885
154,0.997648
155,0.997377
156,0.997513
157,0.995714
158,0.995536
159,0.996016
160,0.996424
161,0.994444
162,0.994618
163,0.995732
164,0.995135
165,0.995576
166,0.995199
167,0.994739
168,0.995228
169,0.994725
170,0.995102
171,0.996107
172,0.996511
173,0.993722
174,0.996063
175,0.993733
176,0.993632
177,0.994217
178,0.993595
179,0.995063
180,0.995723
181,0.994678
182,0.99502
183,0.995219
184,0.995419
185,0.994843
186,0.994872
187,0.994494
188,0.994294
189,0.995133
190,0.994921
191,0.995953
192,0.996071
193,0.996046
194,0.995727
195,0.995084
196,0.995049
197,0.995312
198,0.9959
199,0.995588
200,0.995721
201,0.995991
202,0.995915
203,0.994755
204,0.995356
205,0.994749
206,0.995035
207,0.994937
208,0.994916
209,0.995047
210,0.99538
211,0.99554
212,0.995372
213,0.995798
214,0.995444
215,0.994922
216,0.994723
217,0.994433
218,0.993655
219,0.993099
220,0.975908
221,0.598335
222,0.101097
223,0.07083
224,0.077244
225,0.070073
226,0.077087
227,0.056569
228,0.034376
229,0.01308
230,0.012956
231,0.408755
232,0.956567
233,0.963934
234,0.975261
235,0.992222
236,0.989956
237,0.993743
238,0.993971
239,0.994276
240,0.994971
241,0.992432
242,0.993254
243,0.993725
244,0.992778
245,0.992639
246,0.993662
247,0.994177
248,0.992148
249,0.989459
250,0.988667
251,0.98985
252,0.99182
253,0.993809
254,0.995055
255,0.996054
256,0.994894
257,0.993907
258,0.994146
259,0.993019
260,0.943433
261,0.024692
262,0.004494
263,0.001741
264,0.00208
265,0.003678
266,0.003487
267,0.002933
268,0.005898
269,0.005539
270,0.004854
271,0.0049
272,0.006839
273,0.007224
274,0.007269
275,0.005585
276,0.003934
277,0.003258
278,0.005359
279,0.003976
280,0.003729
281,0.00536
282,0.181057
283,0.956704
284,0.974605
285,0.979879
286,0.982073
287,0.992523
288,0.989353
289,0.99162
290,0.992379
291,0.990905
292,0.987324
293,0.985653
294,0.986775
295,0.989699
296,0.990231
297,0.989961
298,0.990073
299,0.992168
300,0.992082
301,0.994227
302,0.994094
303,0.994508
304,0.993174
305,0.992358
306,0.993579
307,0.992987
308,0.99202
309,0.993776
310,0.994614
311,0.994534
312,0.995459
313,0.995529
314,0.99543
315,0.996151
316,0.996425
317,0.995661
318,0.672205
319,0.045483
320,0.033736
321,0.025581
322,0.027512
323,0.027274
324,0.016092
325,0.01875
326,0.089002
327,0.061815
328,0.729949
329,0.989247
330,0.994097
331,0.995558
332,0.997
333,0.996923
334,0.99737
335,0.995805
336,0.995961
337,0.995633
338,0.995648
339,0.995688
340,0.994556
341,0.994886
342,0.995149
343,0.995008
344,0.986576
345,0.111988
346,0.010724
347,0.012104
348,0.018637
349,0.004358
350,0.002521
351,0.002455
352,0.003401
353,0.004876
354,0.004431
355,0.007275
356,0.001957
357,0.00795
358,0.007331
359,0.001114
360,0.000626
361,0.000922
362,0.001052
363,0.000999
364,0.002339
365,0.002528
366,0.002295
367,0.003119
368,0.003119
369,0.002819
370,0.00261
371,0.004407
372,0.002591
373,0.001611
374,0.002393
375,0.002412
376,0.003063
377,0.001487
378,0.001896
379,0.001171
380,0.000479
381,0.000449
382,0.000346
383,0.000356
384,0.000401
385,0.000492
386,0.000885
387,0.006488
388,0.005745
389,0.004708
390,0.0047
391,0.002793
392,0.003177
393,0.006602
394,0.003473
395,0.002918
396,0.002528
397,0.010816
398,0.013211
399,0.011178
400,0.016181
401,0.004792
402,0.004334
403,0.007197
404,0.010957
405,0.012877
406,0.009855
407,0.012689
408,0.012005
409,0.007829
410,0.008187
411,0.00574
412,0.003319
413,0.004854
414,0.003429
415,0.005253
416,0.004779
417,0.03797
418,0.939467
419,0.991656
420,0.990958
421,0.992741
422,0.990727
423,0.995018
424,0.994306
425,0.994505
426,0.995034
427,0.99481
428,0.995262
429,0.992375
430,0.992007
431,0.986294
432,0.300399
433,0.09477
434,0.041425
435,0.027003
436,0.014289
437,0.010051
438,0.004287
439,0.003408
440,0.003724
441,0.003213
442,0.002001
443,0.001675
444,0.001662
445,0.002593
446,0.00265
447,0.007766
448,0.005527
449,0.006229
450,0.00412
451,0.012389
452,0.614638
453,0.97828
454,0.991075
455,0.994808
456,0.995327
457,0.992272
458,0.990495
459,0.983337
460,0.975828
461,0.964281
462,0.966427
463,0.969833
464,0.991398
465,0.976455
466,0.99049
467,0.958212
468,0.945877
469,0.928622
470,0.896216
471,0.888365
472,0.885945
473,0.859541
474,0.836912
475,0.900835
476,0.880686
477,0.882602
478,0.88321
479,0.828082
480,0.880124
481,0.990422
482,0.913054
483,0.222782
484,0.077395
485,0.034878
486,0.012607
487,0.002698
488,0.005634
489,0.004804
490,0.006842
491,0.006904
492,0.006942
493,0.003741
494,0.0059
495,0.007382
496,0.006018
497,0.002268
498,0.002491
499,0.002568
500,0.001773
501,0.001321
502,0.001054
503,0.000793
504,0.000771
505,0.000489
506,0.000881
507,0.000761
508,0.00099
509,0.002031
510,0.00249
511,0.002894
512,0.006863
513,0.003962
514,0.002075
515,0.002043
516,0.000982
517,0.001644
518,0.001851
519,0.001097
520,0.001132
521,0.000962
522,0.00108
523,0.001101
524,0.001154
525,0.001091
526,0.001018
527,0.000976
528,0.000818
529,0.000744
530,0.001002
531,0.000956
532,0.000733
533,0.000891
534,0.000786
535,0.137403
536,0.924357
537,0.991995
538,0.995414
539,0.996325
540,0.996756
541,0.995753
542,0.997203
543,0.997326
544,0.997297
545,0.98661
546,0.140177
547,0.015918
548,0.01239
549,0.006111
550,0.006293
551,0.004808
552,0.002597
553,0.001962
554,0.002237
555,0.001696
556,0.001898
557,0.001489
558,0.001341
559,0.001504
560,0.002436
561,0.00246
562,0.004079
563,0.00412
564,0.004072
565,0.408743
566,0.968006
567,0.988489
568,0.961892
569,0.976369
570,0.938304
571,0.948241
572,0.956329
573,0.935028
574,0.92811
575,0.927013
576,0.021294
577,0.002672
578,0.002886
579,0.001149
580,0.000686
581,0.000434
582,0.001415
583,0.001304
584,0.000971
585,0.001626
586,0.001366
587,0.00074
588,0.000529
589,0.000773
590,0.000875
591,0.000923
592,0.002797
593,0.177746
594,0.922621
595,0.972926
596,0.984114
597,0.989961
598,0.9825
599,0.972934
600,0.974892
601,0.984625
602,0.987786
603,0.984512
604,0.980027
605,0.98942
606,0.987491
607,0.992703
608,0.992493
609,0.99096
610,0.989623
611,0.993307
612,0.993496
613,0.993866
614,0.992087
615,0.99255
616,0.986648
617,0.99202
618,0.993513
619,0.988609
620,0.994424
621,0.994486
622,0.992844
623,0.995255
624,0.994632
625,0.993417
626,0.99674
627,0.997397
628,0.997695
629,0.997364
630,0.997948
631,0.998014
632,0.99783
633,0.997911
634,0.998055
635,0.998046
636,0.997923
637,0.997614
638,0.997564
639,0.997622
640,0.997817
641,0.997672
642,0.997647
643,0.997844
644,0.998031
645,0.997833
646,0.997834
647,0.997819
648,0.997861
649,0.997924
650,0.997927
651,0.997648
652,0.997667
653,0.997545
654,0.997576
655,0.997546
656,0.997633
657,0.997675
658,0.997736
659,0.997977
660,0.998012
661,0.99693
662,0.997371
663,0.996819
664,0.996693
665,0.996671
666,0.996386
667,0.985002
668,0.083532
669,0.014883
670,0.012237
671,0.008278
672,0.013579
673,0.005715
674,0.005367
675,0.003538
676,0.002661
677,0.000909
678,0.002635
679,0.003893
680,0.002992
681,0.00252
682,0.005162
683,0.002852
684,0.006098
685,0.002541
686,0.002327
687,0.001445
688,0.001626
689,0.174718
690,0.987667
691,0.981685
692,0.982958
693,0.983868
694,0.979197
695,0.980349
696,0.987755
697,0.991452
698,0.992961
699,0.992792
700,0.990905
701,0.991309
702,0.993166
703,0.992068
704,0.991494
705,0.996417
706,0.995968
707,0.993887
708,0.993014
709,0.995378
710,0.995368
711,0.99443
712,0.993505
713,0.993252
714,0.993337
715,0.993105
716,0.992955
717,0.995637
718,0.996004
719,0.996584
720,0.996948
721,0.995632
722,0.995861
723,0.995017
724,0.995813
725,0.996159
726,0.996209
727,0.997837
728,0.997289
729,0.996804
730,0.997061
731,0.996666
732,0.997149
733,0.996912
734,0.997157
735,0.996652
736,0.996027
737,0.995483
738,0.993786
739,0.995707
740,0.995738
741,0.995613
742,0.995641
743,0.993367
744,0.985481
745,0.982221
746,0.979281
747,0.962783
748,0.958022
749,0.960587
750,0.959063
751,0.941807
752,0.933253
753,0.942957
754,0.947394
755,0.938399
756,0.926645
757,0.964638
758,0.95546
759,0.940995
760,0.953881
761,0.960667
762,0.959628
763,0.922616
764,0.932573
765,0.925266
766,0.88062
767,0.916611
768,0.910391
769,0.843357
770,0.833352
771,0.858422
772,0.807384
773,0.841411
774,0.831063
775,0.774903
776,0.787334
777,0.747131
778,0.681885
779,0.810636
780,0.785362
781,0.735725
782,0.572504
783,0.127666
784,0.026397
785,0.021469
786,0.028374
787,0.030553
788,0.035038
789,0.010183
790,0.012127
791,0.011427
792,0.007985
793,0.006415
794,0.007574
795,0.00699
796,0.005697
797,0.0205
798,0.511159
799,0.965792
800,0.968171
801,0.975754
802,0.972015
803,0.983185
804,0.971063
805,0.967501
806,0.970524
807,0.967276
808,0.958866
809,0.979324
810,0.975812
811,0.980826
812,0.992019
813,0.988066
814,0.989701
815,0.988699
816,0.989861
817,0.980408
818,0.986476
819,0.980629
820,0.983117
821,0.992573
822,0.996558
823,0.99597
824,0.996443
825,0.997002
826,0.997425
827,0.997374
828,0.997896
829,0.997416
830,0.997393
831,0.997092
832,0.991327
833,0.995331
834,0.995514
835,0.992356
836,0.994289
837,0.995049
838,0.995612
839,0.99426
840,0.994942
841,0.995306
842,0.995324
843,0.99652
844,0.996799
845,0.996986
846,0.996577
847,0.997035
848,0.996565
849,0.996337
850,0.99649
851,0.996371
852,0.994604
853,0.993833
854,0.993807
855,0.993887
856,0.992531
857,0.99344
858,0.993128
859,0.993844
860,0.992891
861,0.99438
862,0.995114
863,0.995138
864,0.995781
865,0.994267
866,0.995486
867,0.995821
868,0.995751
869,0.990428
870,0.49656
871,0.024615
872,0.003469
873,0.001758
874,0.00261
875,0.000565
876,0.000368
877,0.000991
878,0.000615
879,0.000306
880,0.001075
881,0.000868
882,0.001179
883,0.000959
884,0.00249
885,0.002835
886,0.00433
887,0.001654
888,0.005113
889,0.004516
890,0.005393
891,0.018551
892,0.006031
893,0.021572
894,0.021845
895,0.01361
896,0.009403
897,0.005086
898,0.007064
899,0.007584
900,0.007847
901,0.004608
902,0.004158
903,0.003366
904,0.006633
905,0.004434
906,0.006836
907,0.004536
908,0.004582
909,0.002879
910,0.003992
911,0.00321
912,0.003674
913,0.001324
914,0.001969
915,0.001598
916,0.002708
917,0.006005
918,0.012601
919,0.011959
920,0.011929
921,0.008475
922,0.010026
923,0.009621
924,0.016148
925,0.222029
926,0.87869
927,0.98912
928,0.995944
929,0.995516
930,0.996925
931,0.996131
932,0.99601
933,0.996367
934,0.996108
935,0.995286
936,0.995746
937,0.997178
938,0.99792
939,0.997697
940,0.997252
941,0.997531
942,0.997005
943,0.997058
944,0.997264
945,0.996944
946,0.997314
947,0.997147
948,0.996875
949,0.997428
950,0.997361
951,0.997328
952,0.99749
953,0.997365
954,0.997269
955,0.997322
956,0.997842
957,0.997712
958,0.997681
959,0.997704
960,0.943107
961,0.084953
962,0.024773
963,0.017885
964,0.003514
965,0.002287
966,0.000771
967,0.000852
968,0.000598
969,0.000532
970,0.001309
971,0.001803
972,0.001233
973,0.001648
974,0.00184
975,0.001934
976,0.002307
977,0.002403
978,0.002453
979,0.002636
980,0.003583
981,0.012404
982,0.036135
983,0.010509
984,0.002796
985,0.004465
986,0.003942
987,0.038598
988,0.86436
989,0.993585
990,0.988563
991,0.988521
992,0.995165
993,0.995948
994,0.996878
995,0.995392
996,0.996669
997,0.997042
998,0.997039
999,0.997349
1000,0.997092
1001,0.992593
1002,0.603839
1003,0.090382
1004,0.028741
1005,0.010805
1006,0.008394
1007,0.003605
1008,0.00196
1009,0.0013
1010,0.001841
1011,0.001196
1012,0.001037
1013,0.001434
1014,0.002481
1015,0.001763
1016,0.006989
1017,0.002118
1018,0.002152
1019,0.00232
1020,0.005136
1021,0.004935
1022,0.003269
1023,0.005086
1024,0.004553
1025,0.008979
1026,0.054475
1027,0.007944
1028,0.006157
1029,0.004033
1030,0.033352
1031,0.005131
1032,0.00502
1033,0.003887
1034,0.004581
1035,0.005774
1036,0.00508
1037,0.005531
1038,0.828798
1039,0.993771
1040,0.990232
1041,0.988567
1042,0.987404
1043,0.988543
1044,0.989251
1045,0.983933
1046,0.982532
1047,0.982875
1048,0.986469
1049,0.986457
1050,0.988926
1051,0.987287
1052,0.990563
1053,0.988006
1054,0.989377
1055,0.989483
1056,0.990763
1057,0.992685
1058,0.993363
1059,0.993482
1060,0.993553
1061,0.993926
1062,0.993653
1063,0.994464
1064,0.993926
1065,0.994183
1066,0.993495
1067,0.992942
1068,0.992784
1069,0.994132
1070,0.994765
1071,0.995644
1072,0.99583
1073,0.995927
1074,0.995915
1075,0.996071
1076,0.996415
1077,0.99623
1078,0.996288
1079,0.996048
1080,0.995886
1081,0.995061
1082,0.995512
1083,0.996126
1084,0.996197
1085,0.996153
1086,0.996154
1087,0.996114
1088,0.996598
1089,0.995686
1090,0.995699
1091,0.996289
1092,0.996593
1093,0.996076
1094,0.996081
1095,0.995875
1096,0.996092
1097,0.996002
1098,0.996339
1099,0.996275
1100,0.996319
1101,0.996265
1102,0.996278
1103,0.995549
1104,0.996484
1105,0.996914
1106,0.996999
1107,0.996853
1108,0.997053
1109,0.997472
1110,0.997115
1111,0.997088
1112,0.996032
1113,0.995606
1114,0.995457
1115,0.996957
1116,0.996332
1117,0.996702
1118,0.994277
1119,0.741528
1120,0.06361
1121,0.029597
1122,0.01031
1123,0.005013
1124,0.004603
1125,0.014415
1126,0.028798
1127,0.021804
1128,0.021823
1129,0.009815
1130,0.011423
1131,0.006864
1132,0.00576
1133,0.005568
1134,0.008522
1135,0.006667
1136,0.00711
1137,0.00566
1138,0.007127
1139,0.007507
1140,0.008137
1141,0.008344
1142,0.009547
1143,0.034883
1144,0.965151
1145,0.990736
1146,0.994925
1147,0.994783
1148,0.996312
1149,0.996551
1150,0.996907
1151,0.99505
1152,0.995621
1153,0.994926
1154,0.996327
1155,0.994443
1156,0.994964
1157,0.995332
1158,0.995871
1159,0.994842
1160,0.99306
1161,0.994902
1162,0.994316
1163,0.993381
1164,0.994937
1165,0.993721
1166,0.994104
1167,0.995312
1168,0.994526
1169,0.995056
1170,0.995776
1171,0.996455
1172,0.995928
1173,0.99509
1174,0.995102
1175,0.995087
1176,0.99505
1177,0.994854
1178,0.994661
1179,0.991857
1180,0.990902
1181,0.989979
1182,0.989143
1183,0.983769
1184,0.984675
1185,0.970349
1186,0.970876
1187,0.972748
1188,0.985836
1189,0.986574
1190,0.18224
1191,0.040391
1192,0.028434
1193,0.014285
1194,0.010303
1195,0.008305
1196,0.00869
1197,0.004004
1198,0.001592
1199,0.002597
1200,0.001334
1201,0.000816
1202,0.000816
1203,0.000977
1204,0.001648
1205,0.000882
1206,0.001601
1207,0.001551
1208,0.001575
1209,0.002207
1210,0.001485
1211,0.001499
1212,0.010017
1213,0.183452
1214,0.669873
1215,0.971498
1216,0.995597
1217,0.994327
1218,0.991845
1219,0.995543
1220,0.996546
1221,0.99703
1222,0.997746
1223,0.997717
1224,0.997902
1225,0.998367
1226,0.997889
1227,0.997794
1228,0.998145
1229,0.998031
1230,0.998376
1231,0.998159
1232,0.998363
1233,0.99824
1234,0.998182
1235,0.998135
1236,0.997939
1237,0.997563
1238,0.997795
1239,0.997993
1240,0.998078
1241,0.998144
1242,0.998059
1243,0.997849
1244,0.997775
1245,0.997549
1246,0.997234
1247,0.996336
1248,0.996785
1249,0.996039
1250,0.996155
1251,0.996077
1252,0.99496
1253,0.986957
1254,0.983726
1255,0.969492
1256,0.988627
1257,0.988188
1258,0.986456
1259,0.988382
1260,0.98534
1261,0.964508
1262,0.955934
1263,0.949118
1264,0.951223
1265,0.961208
1266,0.923544
1267,0.952879
1268,0.942796
1269,0.940496
1270,0.908145
1271,0.933354
1272,0.929486
1273,0.762723
1274,0.656827
1275,0.673212
1276,0.593421
1277,0.5247
1278,0.533178
1279,0.50636
1280,0.546057
1281,0.570177
1282,0.595843
1283,0.59133
1284,0.560618
1285,0.493185
1286,0.535992
1287,0.549338
1288,0.37288
1289,0.148113
1290,0.225386
1291,0.307643
1292,0.381868
1293,0.315003
1294,0.414008
1295,0.547647
1296,0.526862
1297,0.587211
1298,0.479623
1299,0.363584
1300,0.288138
1301,0.005308
1302,0.001692
1303,0.002229
1304,0.002727
1305,0.001757
1306,0.000933
1307,0.000843
1308,0.001126
1309,0.001639
1310,0.001356
1311,0.00208
1312,0.002814
1313,0.001861
1314,0.001182
1315,0.001209
1316,0.001881
1317,0.002355
1318,0.001726
1319,0.001402
1320,0.001378
1321,0.016294
1322,0.019026
1323,0.095417
1324,0.729332
1325,0.901685
1326,0.926243
1327,0.929626
1328,0.975408
1329,0.987861
1330,0.989155
1331,0.984888
1332,0.990127
1333,0.994354
1334,0.99147
1335,0.988707
1336,0.990006
1337,0.988194
1338,0.977771
1339,0.990733
1340,0.993404
1341,0.992325
1342,0.990618
1343,0.990293
1344,0.991152
1345,0.9957
1346,0.995833
1347,0.996392
1348,0.994011
1349,0.995539
1350,0.994805
1351,0.996156
1352,0.995071
1353,0.994951
1354,0.994172
1355,0.996481
1356,0.996502
1357,0.995067
1358,0.994896
1359,0.994875
1360,0.996143
1361,0.994571
1362,0.996101
1363,0.984798
1364,0.990848
1365,0.970481
1366,0.988737
1367,0.994572
1368,0.984616
1369,0.969057
1370,0.931218
1371,0.931849
1372,0.954934
1373,0.989597
1374,0.985512
1375,0.985293
1376,0.98583
1377,0.99176
1378,0.98579
1379,0.99202
1380,0.991386
1381,0.988829
1382,0.993767
1383,0.994868
1384,0.99301
1385,0.991857
1386,0.991793
1387,0.990931
1388,0.991677
1389,0.991578
1390,0.99119
1391,0.986032
1392,0.98655
1393,0.982602
1394,0.976568
1395,0.98491
1396,0.985536
1397,0.985809
1398,0.986599
1399,0.985157
1400,0.985418
1401,0.981692
1402,0.985785
1403,0.990016
1404,0.993677
1405,0.993578
1406,0.995728
1407,0.995822
1408,0.996465
1409,0.995445
1410,0.996164
1411,0.995359
1412,0.995233
1413,0.995575
1414,0.996373
1415,0.997116
1416,0.997914
1417,0.991282
1418,0.990323
1419,0.991486
1420,0.991601
1421,0.990568
1422,0.993141
1423,0.993233
1424,0.99509
1425,0.994717
1426,0.995095
1427,0.995749
1428,0.995985
1429,0.996268
1430,0.996144
1431,0.996354
1432,0.996259
1433,0.996534
1434,0.996699
1435,0.996816
1436,0.998549
1437,0.998737
1438,0.998756
1439,0.99874
1440,0.998484
1441,0.997824
1442,0.99742
1443,0.99727
1444,0.99739
1445,0.997648
1446,0.998127
1447,0.997529
1448,0.997868
1449,0.997015
1450,0.997395
1451,0.997603
1452,0.997479
1453,0.99716
1454,0.996973
1455,0.9964
1456,0.996372
1457,0.997067
1458,0.996926
1459,0.996649
1460,0.997417
1461,0.996459
1462,0.996367
1463,0.996224
1464,0.99671
1465,0.994824
1466,0.995268
1467,0.990042
1468,0.990175
1469,0.990477
1470,0.991783
1471,0.987827
1472,0.990204
1473,0.991589
1474,0.99291
1475,0.991964
1476,0.978692
1477,0.983426
1478,0.944037
1479,0.960591
1480,0.97061
1481,0.984357
1482,0.974954
1483,0.957919
1484,0.953784
1485,0.962255
1486,0.974812
1487,0.982093
1488,0.990258
1489,0.983736
1490,0.984481
1491,0.983598
1492,0.981875
1493,0.982483
1494,0.976932
1495,0.974766
1496,0.973053
1497,0.983123
1498,0.98132
1499,0.980634
1500,0.987639
1501,0.989842
1502,0.989894
1503,0.989268
1504,0.987704
1505,0.989916
1506,0.989808
1507,0.991672
1508,0.991292
1509,0.990819
1510,0.992283
1511,0.991826
1512,0.991355
1513,0.991086
1514,0.992702
1515,0.993041
1516,0.991792
1517,0.99282
1518,0.992744
1519,0.993355
1520,0.993565
1521,0.994118
1522,0.99476
1523,0.995801
1524,0.996188
1525,0.998666
1526,0.998662
1527,0.998471
1528,0.998417
1529,0.995182
1530,0.995832
1531,0.995035
1532,0.995254
1533,0.99589
1534,0.995135
1535,0.995259
1536,0.995781
1537,0.995246
1538,0.995112
1539,0.994697
1540,0.994628
1541,0.994482
1542,0.994266
1543,0.994309
1544,0.994184
1545,0.994357
1546,0.994662
1547,0.994958
1548,0.994894
1549,0.995349
1550,0.994774
1551,0.995136
1552,0.996136
1553,0.700166
1554,0.007797
1555,0.000714
1556,0.001952
1557,0.003195
1558,0.0034
1559,0.001622
1560,0.001232
1561,0.001805
1562,0.00233
1563,0.001729
1564,0.001459
1565,0.001336
1566,0.001603
1567,0.001305
1568,0.002062
1569,0.005827
1570,0.008466
1571,0.010104
1572,0.016595
1573,0.018046
1574,0.019867
1575,0.011065
1576,0.003123
1577,0.001102
1578,0.001094
1579,0.00087
1580,0.001053
1581,0.00078
1582,0.000667
1583,0.000706
1584,0.000676
1585,0.000489
1586,0.000586
1587,0.000712
1588,0.000813
1589,0.000698
1590,0.000624
1591,0.000631
1592,0.000718
1593,0.000558
1594,0.000582
1595,0.000419
1596,0.00036
1597,0.000315
1598,0.00034
1599,0.000332
1600,0.000286
1601,0.000331
1602,0.000398
1603,0.000689
1604,0.001487
1605,0.001602
1606,0.002107
1607,0.002481
1608,0.002748
1609,0.003158
1610,0.00316
1611,0.002273
1612,0.002777
1613,0.002093
1614,0.002033
1615,0.00244
1616,0.005193
1617,0.002092
1618,0.003468
1619,0.002043
1620,0.002563
1621,0.006836
1622,0.008281
1623,0.006994
1624,0.010873
1625,0.036485
1626,0.023974
1627,0.028921
1628,0.020056
1629,0.020315
1630,0.01876
1631,0.017996
1632,0.640062
1633,0.981669
1634,0.994248
1635,0.990245
1636,0.993226
1637,0.986648
1638,0.982557
1639,0.981686
1640,0.994729
1641,0.993621
1642,0.993815
1643,0.997497
1644,0.996621
1645,0.996815
1646,0.994076
1647,0.992195
1648,0.993937
1649,0.994518
1650,0.996307
1651,0.997368
1652,0.997304
1653,0.996965
1654,0.997063
1655,0.996357
1656,0.996347
1657,0.995397
1658,0.995485
1659,0.995652
1660,0.99461
1661,0.995888
1662,0.996065
1663,0.996716
1664,0.996676
1665,0.996093
1666,0.997215
1667,0.491186
1668,0.015206
1669,0.033767
1670,0.031308
1671,0.030339
1672,0.050688
1673,0.045648
1674,0.025729
1675,0.040416
1676,0.018185
1677,0.017343
1678,0.018846
1679,0.021322
1680,0.012674
1681,0.012466
1682,0.014467
1683,0.033017
1684,0.025246
1685,0.028795
1686,0.029587
1687,0.037198
1688,0.034902
1689,0.054619
1690,0.207844
1691,0.921384
1692,0.994286
1693,0.995607
1694,0.995392
1695,0.995186
1696,0.996176
1697,0.994816
1698,0.996061
1699,0.985091
1700,0.992122
1701,0.986836
1702,0.993732
1703,0.99188
1704,0.993571
1705,0.995901
1706,0.995159
1707,0.994556
1708,0.995124
1709,0.995865
1710,0.997583
1711,0.993901
1712,0.994726
1713,0.992372
1714,0.995566
1715,0.99351
1716,0.997557
1717,0.998305
1718,0.997032
1719,0.996333
1720,0.997479
1721,0.997362
1722,0.998065
1723,0.998183
1724,0.998519
1725,0.998757
1726,0.999061
1727,0.997039
1728,0.997261
1729,0.997617
1730,0.996645
1731,0.997259
1732,0.998588
1733,0.998315
1734,0.998148
1735,0.998068
1736,0.997943
1737,0.997289
1738,0.997695
1739,0.997555
1740,0.997924
1741,0.997215
1742,0.99755
1743,0.995995
1744,0.996198
1745,0.995675
1746,0.996866
1747,0.996219
1748,0.996114
1749,0.996431
1750,0.996982
1751,0.997029
1752,0.99705
1753,0.99651
1754,0.99621
1755,0.996159
1756,0.99658
1757,0.996684
1758,0.996345
1759,0.996327
1760,0.997336
1761,0.997114
1762,0.99695
1763,0.997048
1764,0.996861
1765,0.996182
1766,0.995956
1767,0.995532
1768,0.99577
1769,0.99495
1770,0.995691
1771,0.99502
1772,0.995236
1773,0.995521
1774,0.99535
1775,0.995477
1776,0.995789
1777,0.995788
1778,0.995947
1779,0.994847
1780,0.994848
1781,0.994731
1782,0.99457
1783,0.995717
1784,0.994479
1785,0.99527
1786,0.995678
1787,0.995453
1788,0.968792
1789,0.963076
1790,0.962363
1791,0.977168
1792,0.992687
1793,0.991235
1794,0.989821
1795,0.989172
1796,0.99045
1797,0.99176
1798,0.992272
1799,0.993393
1800,0.994306
1801,0.986165
1802,0.989014
1803,0.987984
1804,0.990545
1805,0.990413
1806,0.989832
1807,0.989654
1808,0.989684
1809,0.987685
1810,0.986956
1811,0.99219
1812,0.991026
1813,0.985905
1814,0.988605
1815,0.983401
1816,0.980546
1817,0.978343
1818,0.978082
1819,0.977147
1820,0.981098
1821,0.98471
1822,0.984056
1823,0.980713
1824,0.977877
1825,0.986709
1826,0.985828
1827,0.985513
1828,0.985212
1829,0.983773
1830,0.981062
1831,0.979279
1832,0.984227
1833,0.983887
1834,0.981123
1835,0.981591
1836,0.982089
1837,0.992296
1838,0.993903
1839,0.996707
1840,0.996557
1841,0.99686
1842,0.996991
1843,0.996842
1844,0.996811
1845,0.996818
1846,0.996965
1847,0.997314
1848,0.996944
1849,0.996066
1850,0.996339
1851,0.996714
1852,0.996837
1853,0.997252
1854,0.997113
1855,0.996999
1856,0.99768
1857,0.997484
1858,0.997626
1859,0.997761
1860,0.997715
1861,0.997047
1862,0.99679
1863,0.996426
1864,0.996722
1865,0.997303
1866,0.997394
1867,0.997507
1868,0.997235
1869,0.996875
1870,0.996753
1871,0.997104
1872,0.997323
1873,0.997005
1874,0.997273
1875,0.997409
1876,0.997528
1877,0.997388
1878,0.997172
1879,0.997235
1880,0.997513
1881,0.997368
1882,0.995977
1883,0.996823
1884,0.996867
1885,0.99605
1886,0.995801
1887,0.994419
1888,0.994405
1889,0.994747
1890,0.996725
1891,0.994914
1892,0.99609
1893,0.996402
1894,0.996282
1895,0.996063
1896,0.996086
1897,0.997251
1898,0.997086
1899,0.996996
1900,0.996827
1901,0.996185
1902,0.988382
1903,0.989121
1904,0.988494
1905,0.98887
1906,0.988849
1907,0.988833
1908,0.991623
1909,0.993435
1910,0.993923
1911,0.994584
1912,0.995973
1913,0.995748
1914,0.996257
1915,0.996654
1916,0.995679
1917,0.99581
1918,0.995585
1919,0.995313
1920,0.995775
1921,0.995964
1922,0.995984
1923,0.996056
1924,0.995981
1925,0.996024
1926,0.996496
1927,0.995385
1928,0.995013
1929,0.994938
1930,0.994971
1931,0.99479
1932,0.995449
1933,0.995657
1934,0.995807
1935,0.995435
1936,0.995241
1937,0.997988
1938,0.997714
1939,0.99754
1940,0.992712
1941,0.992995
1942,0.993942
1943,0.993718
1944,0.992934
1945,0.992252
1946,0.991995
1947,0.992446
1948,0.989859
1949,0.98888
1950,0.987964
1951,0.98703
1952,0.985817
1953,0.990422
1954,0.987205
1955,0.987402
1956,0.985092
1957,0.973302
1958,0.973645
1959,0.97646
1960,0.979081
1961,0.964751
1962,0.961635
1963,0.964776
1964,0.988442
1965,0.662296
1966,0.065059
1967,0.038399
1968,0.019737
1969,0.011704
1970,0.011052
1971,0.006821
1972,0.007765
1973,0.010602
1974,0.009289
1975,0.461426
1976,0.909933
1977,0.901113
1978,0.921663
1979,0.949015
1980,0.929948
1981,0.777526
1982,0.701177
1983,0.703459
1984,0.719827
1985,0.755543
1986,0.957004
1987,0.834847
1988,0.971155
1989,0.922905
1990,0.927596
1991,0.924389
1992,0.898298
1993,0.175097
1994,0.005066
1995,0.005792
1996,0.026542
1997,0.016412
1998,0.014091
1999,0.018887
2000,0.024563
2001,0.01039
2002,0.006676
2003,0.007681
2004,0.007735
2005,0.011677
2006,0.014158
2007,0.011937
2008,0.007284
2009,0.006971
2010,0.004018
2011,0.006247
2012,0.003094
2013,0.002184
2014,0.000753
2015,0.052472
2016,0.515292
2017,0.854995
2018,0.918447
2019,0.950339
2020,0.956872
2021,0.979728
2022,0.988345
2023,0.990315
2024,0.991021
2025,0.984837
2026,0.980044
2027,0.981551
2028,0.991383
2029,0.983429
2030,0.938483
2031,0.924875
2032,0.904687
2033,0.962628
2034,0.987198
2035,0.99349
2036,0.994138
2037,0.99434
2038,0.994247
2039,0.995358
2040,0.995389
2041,0.99396
2042,0.973993
2043,0.93492
2044,0.897174
2045,0.741622
2046,0.934712
2047,0.706376
2048,0.821652
2049,0.76125
2050,0.948234
2051,0.025685
2052,0.077885
2053,0.019423
2054,0.132452
2055,0.393985
2056,0.575652
2057,0.71159
2058,0.841598
2059,0.828344
2060,0.935566
2061,0.963112
2062,0.967022
2063,0.977287
2064,0.978142
2065,0.97165
2066,0.864602
2067,0.982394
2068,0.989881
2069,0.993839
2070,0.995529
2071,0.980345
2072,0.980249
2073,0.975136
2074,0.968361
2075,0.959275
2076,0.961806
2077,0.962607
2078,0.961491
2079,0.956646
2080,0.957026
2081,0.952368
2082,0.946586
2083,0.895702
2084,0.886773
2085,0.841881
2086,0.856194
2087,0.858022
2088,0.918284
2089,0.922303
2090,0.903344
2091,0.847057
2092,0.90591
2093,0.917327
2094,0.935966
2095,0.901765
2096,0.877717
2097,0.82018
2098,0.834056
2099,0.578885
2100,0.635607
2101,0.756872
2102,0.761018
2103,0.73525
2104,0.747791
2105,0.745806
2106,0.783734
2107,0.683174
2108,0.688055
2109,0.62721
2110,0.621216
2111,0.529415
2112,0.524668
2113,0.640369
2114,0.677317
2115,0.761871
2116,0.817713
2117,0.807663
2118,0.823691
2119,0.838934
2120,0.853954
2121,0.86297
2122,0.897452
2123,0.881993
2124,0.881046
2125,0.857838
2126,0.926916
2127,0.895311
2128,0.941844
2129,0.939553
2130,0.973108
2131,0.978352
2132,0.978082
2133,0.978637
2134,0.983305
2135,0.986083
2136,0.991424
2137,0.992564
2138,0.992943
2139,0.992128
2140,0.991719
2141,0.992715
2142,0.994325
2143,0.993962
2144,0.995414
2145,0.995549
2146,0.995846
2147,0.99614
2148,0.996715
2149,0.996558
2150,0.99548
2151,0.99669
2152,0.997256
2153,0.997
2154,0.997268
2155,0.99815
2156,0.998362
2157,0.983007
2158,0.225075
2159,0.067295
2160,0.047893
2161,0.009172
2162,0.007636
2163,0.004183
2164,0.000537
2165,0.00093
2166,0.00146
2167,0.001183
2168,0.000954
2169,0.00091
2170,0.002618
2171,0.002911
2172,0.006276
2173,0.002745
2174,0.05704
2175,0.962517
2176,0.993992
2177,0.99221
2178,0.991151
2179,0.993163
2180,0.995404
2181,0.994951
2182,0.994541
2183,0.994992
2184,0.995449
2185,0.994561
2186,0.822874
2187,0.021319
2188,0.00924
2189,0.013473
2190,0.015964
2191,0.020324
2192,0.021721
2193,0.019217
2194,0.026064
2195,0.027062
2196,0.026246
2197,0.014103
2198,0.0139
2199,0.012123
2200,0.012373
2201,0.01297
2202,0.013577
2203,0.010923
2204,0.011961
2205,0.010619
2206,0.009637
2207,0.013892
2208,0.012609
2209,0.012264
2210,0.012332
2211,0.010207
2212,0.013889
2213,0.012295
2214,0.010874
2215,0.009806
2216,0.010009
2217,0.010661
2218,0.266731
2219,0.978201
2220,0.99354
2221,0.996455
2222,0.995765
2223,0.996596
2224,0.996524
2225,0.996978
2226,0.997036
2227,0.996774
2228,0.995651
2229,0.995333
2230,0.995067
2231,0.994513
2232,0.993864
2233,0.994836
2234,0.99498
2235,0.99565
2236,0.995902
2237,0.995797
2238,0.995785
2239,0.995714
2240,0.995563
2241,0.994535
2242,0.994733
2243,0.994399
2244,0.993644
2245,0.991165
2246,0.991632
2247,0.993075
2248,0.726093
2249,0.041801
2250,0.022858
2251,0.026963
2252,0.019879
2253,0.016879
2254,0.026365
2255,0.028591
2256,0.033397
2257,0.016114
2258,0.021428
2259,0.017517
2260,0.01661
2261,0.025655
2262,0.024178
2263,0.019648
2264,0.079373
2265,0.819116
2266,0.946064
2267,0.929002
2268,0.939391
2269,0.953839
2270,0.95916
2271,0.964521
2272,0.968568
2273,0.964259
2274,0.978254
2275,0.983957
2276,0.984999
2277,0.985542
2278,0.990357
2279,0.987847
2280,0.984664
2281,0.97429
2282,0.97975
2283,0.981568
2284,0.986446
2285,0.988177
2286,0.994815
2287,0.996999
2288,0.997794
2289,0.993384
2290,0.197163
2291,0.07298
2292,0.045203
2293,0.038184
2294,0.042697
2295,0.008257
2296,0.005721
2297,0.004935
2298,0.005748
2299,0.004275
2300,0.005528
2301,0.003503
2302,0.00335
2303,0.003455
2304,0.002317
2305,0.003452
2306,0.055093
2307,0.892105
2308,0.989284
2309,0.995349
2310,0.995393
2311,0.996492
2312,0.997015
2313,0.996401
2314,0.996722
2315,0.99575
2316,0.99537
2317,0.9959
2318,0.995805
2319,0.994324
2320,0.994509
2321,0.994947
2322,0.995796
2323,0.995731
2324,0.994847
2325,0.996113
2326,0.995697
2327,0.996248
2328,0.995588
2329,0.993052
2330,0.992366
2331,0.99518
2332,0.995617
2333,0.99526
2334,0.995334
2335,0.995485
2336,0.995453
2337,0.995548
2338,0.995811
2339,0.9961
2340,0.996171
2341,0.996608
2342,0.996455
2343,0.987226
2344,0.119934
2345,0.013423
2346,0.010777
2347,0.009693
2348,0.009871
2349,0.004937
2350,0.003343
2351,0.001411
2352,0.000586
2353,0.000774
2354,0.001213
2355,0.001749
2356,0.001873
2357,0.001627
2358,0.001449
2359,0.00098
2360,0.00378
2361,0.003657
2362,0.003022
2363,0.004397
2364,0.003566
2365,0.001662
2366,0.00221
2367,0.004612
2368,0.083895
2369,0.905915
2370,0.992721
2371,0.994416
2372,0.994758
2373,0.993831
2374,0.992824
2375,0.996339
2376,0.997164
2377,0.996468
2378,0.996594
2379,0.996411
2380,0.996752
2381,0.997168
2382,0.996908
2383,0.996263
2384,0.99733
2385,0.997202
2386,0.997451
2387,0.996661
2388,0.996693
2389,0.996761
2390,0.996688
2391,0.996951
2392,0.996927
2393,0.996931
2394,0.997847
2395,0.997891
2396,0.997831
2397,0.997853
2398,0.997791
2399,0.997822
2400,0.997856
2401,0.997692
2402,0.995985
2403,0.995803
2404,0.995331
2405,0.995199
2406,0.994803
2407,0.995029
2408,0.994965
2409,0.994754
2410,0.994643
2411,0.994744
2412,0.99395
2413,0.993648
2414,0.976635
2415,0.163811
2416,0.013792
2417,0.002001
2418,0.005015
2419,0.004641
2420,0.003522
2421,0.001701
2422,0.001949
2423,0.002046
2424,0.001422
2425,0.014537
2426,0.020154
2427,0.016592
2428,0.001488
2429,0.000874
2430,0.000176
2431,0.000397
2432,0.000127
2433,0.000245
2434,0.000334
2435,0.000513
2436,0.000135
2437,0.000205
2438,0.00028
2439,0.000199
2440,0.000217
2441,0.00022
2442,0.000562
2443,0.000393
2444,0.000912
2445,0.000692
2446,0.000758
2447,0.000477
2448,0.001908
2449,0.001697
2450,0.003372
2451,0.284208
2452,0.911397
2453,0.934923
2454,0.937583
2455,0.978596
2456,0.973656
2457,0.974385
2458,0.962435
2459,0.95738
2460,0.959576
2461,0.798582
2462,0.042641
2463,0.003989
2464,0.005147
2465,0.005156
2466,0.005478
2467,0.010116
2468,0.015102
2469,0.010881
2470,0.012638
2471,0.009198
2472,0.011172
2473,0.005892
2474,0.00808
2475,0.181084
2476,0.827349
2477,0.799514
2478,0.789145
2479,0.704636
2480,0.788628
2481,0.871715
2482,0.915235
2483,0.922228
2484,0.931354
2485,0.935278
2486,0.931179
2487,0.934305
2488,0.939055
2489,0.917016
2490,0.125895
2491,0.00728
2492,0.005701
2493,0.003608
2494,0.005116
2495,0.003316
2496,0.002043
2497,0.000516
2498,0.000902
2499,0.001324
2500,0.001011
2501,0.001357
2502,0.002297
2503,0.001855
2504,0.155022
2505,0.790166
2506,0.886139
2507,0.873058
2508,0.89082
2509,0.875907
2510,0.831621
2511,0.843069
2512,0.821224
2513,0.837041
2514,0.364987
2515,0.009941
2516,0.016823
2517,0.019002
2518,0.018328
2519,0.013935
2520,0.009065
2521,0.00888
2522,0.003105
2523,0.002167
2524,0.002195
2525,0.002644
2526,0.002012
2527,0.002141
2528,0.002372
2529,0.001791
2530,0.002449
2531,0.001687
2532,0.002467
2533,0.001914
2534,0.113382
2535,0.533134
2536,0.912412
2537,0.983323
2538,0.992344
2539,0.993097
2540,0.993241
2541,0.992219
2542,0.991989
2543,0.992605
2544,0.992467
2545,0.996592
2546,0.993466
2547,0.993526
2548,0.996918
2549,0.996794
2550,0.996708
2551,0.775334
2552,0.01898
2553,0.002802
2554,0.001654
2555,0.00189
2556,0.001634
2557,0.000522
2558,0.00043
2559,0.000428
2560,0.000408
2561,0.000512
2562,0.000475
2563,0.000653
2564,0.000434
2565,0.000254
2566,0.003574
2567,0.86464
2568,0.911215
2569,0.916456
2570,0.989205
2571,0.996193
2572,0.997362
2573,0.997712
2574,0.997268
2575,0.996935
2576,0.997376
2577,0.997554
2578,0.99767
2579,0.997633
2580,0.997175
2581,0.997088
2582,0.99678
2583,0.997598
2584,0.997429
2585,0.780181
2586,0.031698
2587,0.008183
2588,0.0039
2589,0.001964
2590,0.001733
2591,0.001462
2592,0.002393
2593,0.002611
2594,0.003189
2595,0.003198
2596,0.0038
2597,0.001835
2598,0.002316
2599,0.001798
2600,0.002204
2601,0.001975
2602,0.001677
2603,0.002234
2604,0.005814
2605,0.025089
2606,0.414577
2607,0.930819
2608,0.977937
2609,0.975625
2610,0.989814
2611,0.992562
2612,0.991103
2613,0.988558
2614,0.986911
2615,0.988072
2616,0.989434
2617,0.988736
2618,0.990265
2619,0.98905
2620,0.981845
2621,0.985578
2622,0.980307
2623,0.981669
2624,0.958203
2625,0.981849
2626,0.983926
2627,0.98534
2628,0.984382
2629,0.978853
2630,0.993444
2631,0.980714
2632,0.992342
2633,0.993566
2634,0.99508
2635,0.994726
2636,0.994053
2637,0.994978
2638,0.995095
2639,0.996265
2640,0.989571
2641,0.989129
2642,0.990352
2643,0.990273
2644,0.990617
2645,0.990074
2646,0.991548
2647,0.991042
2648,0.992545
2649,0.992689
2650,0.993316
2651,0.993916
2652,0.993237
2653,0.993497
2654,0.992285
2655,0.994417
2656,0.993479
2657,0.994466
2658,0.994701
2659,0.994637
2660,0.994314
2661,0.993874
2662,0.994058
2663,0.993602
2664,0.97469
2665,0.070024
2666,0.014738
2667,0.019717
2668,0.010503
2669,0.013686
2670,0.038753
2671,0.030593
2672,0.057852
2673,0.064291
2674,0.123881
2675,0.050306
2676,0.051463
2677,0.065626
2678,0.047495
2679,0.065829
2680,0.073737
2681,0.058142
2682,0.070911
2683,0.038393
2684,0.018079
2685,0.001559
2686,0.001526
2687,0.001222
2688,0.002147
2689,0.000917
2690,0.001677
2691,0.000773
2692,0.001234
2693,0.000266
2694,0.000457
2695,0.000331
2696,0.00041
2697,0.000281
2698,0.000245
2699,0.000276
2700,0.000276
2701,0.000133
2702,0.000217
2703,0.000233
2704,0.000348
2705,0.0002
2706,0.000281
2707,0.000371
2708,0.000639
2709,0.002153
2710,0.00157
2711,0.001222
2712,0.001693
2713,0.001701
2714,0.008003
2715,0.009917
2716,0.001044
2717,0.001424
2718,0.000861
2719,0.000115
2720,0.000117
2721,8.8e-05
2722,0.000102
2723,7.9e-05
2724,7.9e-05
2725,9.3e-05
2726,0.00013
2727,0.000126
2728,0.000214
2729,0.000213
2730,0.000204
2731,0.000178
2732,0.000178
2733,0.000131
2734,0.000141
2735,9.3e-05
2736,0.000117
2737,0.000169
2738,0.000186
2739,0.000195
2740,0.000227
2741,0.000225
2742,0.000237
2743,0.000324
2744,0.000423
2745,0.000668
2746,0.000482
2747,0.002256
2748,0.395542
2749,0.94898
2750,0.740977
2751,0.967791
2752,0.984633
2753,0.961987
2754,0.942338
2755,0.876905
2756,0.935851
2757,0.964827
2758,0.986299
2759,0.996346
2760,0.280589
2761,0.016467
2762,0.018331
2763,0.01537
2764,0.009049
2765,0.007868
2766,0.00978
2767,0.024215
2768,0.002987
2769,0.002821
2770,0.002987
2771,0.003679
2772,0.006835
2773,0.008311
2774,0.009165
2775,0.01007
2776,0.008725
2777,0.002332
2778,0.012188
2779,0.025609
2780,0.258757
2781,0.895236
2782,0.485057
2783,0.582282
2784,0.299306
2785,0.339169
2786,0.411298
2787,0.743485
2788,0.740777
2789,0.757102
2790,0.813187
2791,0.340754
2792,0.45392
2793,0.386036
2794,0.418564
2795,0.423702
2796,0.370019
2797,0.492281
2798,0.611163
2799,0.609311
2800,0.858123
2801,0.932379
2802,0.989234
2803,0.993419
2804,0.153754
2805,0.045911
2806,0.038639
2807,0.018102
2808,0.0092
2809,0.013718
2810,0.01303
2811,0.007321
2812,0.005318
2813,0.005821
2814,0.00377
2815,0.008152
2816,0.006457
2817,0.009261
2818,0.009473
2819,0.007584
2820,0.008481
2821,0.006981
2822,0.00219
2823,0.003971
2824,0.004261
2825,0.00242
2826,0.003529
2827,0.004271
2828,0.004419
2829,0.000408
2830,0.000278
2831,0.000214
2832,0.000328
2833,0.00035
2834,0.000392
2835,0.00045
2836,0.00043
2837,0.000529
2838,0.000398
2839,0.000432
2840,0.000374
2841,0.000319
2842,0.000561
2843,0.000511
2844,0.000694
2845,0.000417
2846,0.024603
2847,0.722184
2848,0.888548
2849,0.984887
2850,0.995673
2851,0.995385
2852,0.995553
2853,0.995994
2854,0.995783
2855,0.995606
2856,0.996337
2857,0.995597
2858,0.995318
2859,0.995614
2860,0.857919
2861,0.011873
2862,0.014989
2863,0.002161
2864,0.009418
2865,0.009097
2866,0.005586
2867,0.004772
2868,0.002063
2869,0.001843
2870,0.002056
2871,0.001934
2872,0.001455
2873,0.000661
2874,0.000886
2875,0.000371
2876,0.00066
2877,0.000308
2878,0.000312
2879,0.00023
2880,0.000205
2881,0.000155
2882,0.000138
2883,0.00016
2884,0.000165
2885,0.000156
2886,0.000203
2887,0.000187
2888,0.000259
2889,0.000236
2890,0.000215
2891,0.000243
2892,0.000193
2893,0.000217
2894,0.000278
2895,0.000192
2896,0.000219
2897,0.000669
2898,0.113734
2899,0.779434
2900,0.892872
2901,0.975504
2902,0.984083
2903,0.984571
2904,0.992559
2905,0.992532
2906,0.990078
2907,0.990287
2908,0.991431
2909,0.991411
2910,0.976743
2911,0.936489
2912,0.003483
2913,0.001463
2914,0.000758
2915,0.001255
2916,0.001914
2917,0.001266
2918,0.001437
2919,0.001534
2920,0.003211
2921,0.002774
2922,0.001591
2923,0.003341
2924,0.003193
2925,0.001347
2926,0.001086
2927,0.000919
2928,0.001638
2929,0.001609
2930,0.001833
2931,0.001618
2932,0.00309
2933,0.002168
2934,0.003113
2935,0.003286
2936,0.004619
2937,0.0051
2938,0.0018
2939,0.00204
2940,0.00221
2941,0.000482
2942,0.000738
2943,0.000902
2944,0.001401
2945,0.000835
2946,0.000971
2947,0.000611
2948,0.000954
2949,0.000741
2950,0.000792
2951,0.000863
2952,0.000664
2953,0.000609
2954,0.00054
2955,0.000489
2956,0.001611
2957,0.000479
2958,0.000732
2959,0.00068
2960,0.00061
2961,0.000589
2962,0.001208
2963,0.000995
2964,0.000686
2965,0.001383
2966,0.000926
2967,0.000725
2968,0.000936
2969,0.004426
2970,0.629016
2971,0.98813
2972,0.99507
2973,0.994973
2974,0.992839
2975,0.995618
2976,0.995828
2977,0.995847
2978,0.995913
2979,0.995841
2980,0.995373
2981,0.995466
2982,0.993841
2983,0.512525
2984,0.026778
2985,0.008805
2986,0.014697
2987,0.013107
2988,0.003886
2989,0.004155
2990,0.002928
2991,0.001249
2992,0.005497
2993,0.003818
2994,0.005155
2995,0.005246
2996,0.007349
2997,0.002909
2998,0.004816
2999,0.002052
3000,0.005265
3001,0.002201
3002,0.006708
3003,0.004952
3004,0.006019
3005,0.002463
3006,0.003621
3007,0.003953
3008,0.00324
3009,0.002633
3010,0.001322
3011,0.002043
3012,0.002076
3013,0.001054
3014,0.001476
3015,0.001771
3016,0.00108
3017,0.001145
3018,0.00123
3019,0.002147
3020,0.001797
3021,0.002778
3022,0.00176
3023,0.001075
3024,0.001742
3025,0.004077
3026,0.004227
3027,0.004622
3028,0.005367
3029,0.003553
3030,0.002761
3031,0.00192
3032,0.001505
3033,0.001973
3034,0.002176
3035,0.001542
3036,0.001388
3037,0.000998
3038,0.001044
3039,0.001458
3040,0.002091
3041,0.002101
3042,0.002666
3043,0.003838
3044,0.003278
3045,0.003301
3046,0.004383
3047,0.002803
3048,0.00351
3049,0.002654
3050,0.003758
3051,0.005267
3052,0.003829
3053,0.00169
3054,0.001373
3055,0.001411
3056,0.001491
3057,0.001106
3058,0.00055
3059,0.000581
3060,0.000502
3061,0.002914
3062,0.001989
3063,0.007321
3064,0.008542
3065,0.177191
3066,0.903539
3067,0.984043
3068,0.982478
3069,0.990216
3070,0.989585
3071,0.996682
3072,0.996125
3073,0.996972
3074,0.996764
3075,0.996309
3076,0.994679
3077,0.995973
3078,0.996067
3079,0.996247
3080,0.996457
3081,0.996888
3082,0.996715
3083,0.996531
3084,0.996969
3085,0.996966
3086,0.996888
3087,0.997426
3088,0.997269
3089,0.99704
3090,0.997332
3091,0.997103
3092,0.997524
3093,0.994695
3094,0.994929
3095,0.994314
3096,0.994459
3097,0.994465
3098,0.994399
3099,0.994325
3100,0.994275
3101,0.994358
3102,0.941124
3103,0.026685
3104,0.007498
3105,0.002543
3106,0.003815
3107,0.005112
3108,0.002238
3109,0.00117
3110,0.001088
3111,0.000947
3112,0.002333
3113,0.001317
3114,0.00181
3115,0.00234
3116,0.002377
3117,0.001606
3118,0.002114
3119,0.001454
3120,0.000894
3121,0.000377
3122,0.000404
3123,0.000551
3124,0.000411
3125,0.000497
3126,0.000484
3127,0.000914
3128,0.001127
3129,0.000844
3130,0.000589
3131,0.000743
3132,0.000834
3133,0.000409
3134,0.00034
3135,0.000649
3136,0.214156
3137,0.784406
3138,0.980394
3139,0.988571
3140,0.991533
3141,0.991131
3142,0.992525
3143,0.992661
3144,0.99346
3145,0.993929
3146,0.993975
3147,0.993955
3148,0.994019
3149,0.994539
3150,0.993475
3151,0.994341
3152,0.994026
3153,0.994274
3154,0.994386
3155,0.994366
3156,0.994599
3157,0.993878
3158,0.994206
3159,0.994283
3160,0.994865
3161,0.995202
3162,0.995023
3163,0.995194
3164,0.994578
3165,0.994479
3166,0.994888
3167,0.99475
3168,0.994753
3169,0.994985
3170,0.995085
3171,0.994858
3172,0.994689
3173,0.994525
3174,0.9941
3175,0.994718
3176,0.994727
3177,0.99497
3178,0.994895
3179,0.994468
3180,0.994059
3181,0.994654
3182,0.994324
3183,0.994105
3184,0.994255
3185,0.994122
3186,0.993448
3187,0.993535
3188,0.993259
3189,0.993981
3190,0.993388
3191,0.99303
3192,0.992697
3193,0.992899
3194,0.991315
3195,0.973301
3196,0.148216
3197,0.026889
3198,0.028054
3199,0.013593
3200,0.007118
3201,0.004099
3202,0.004421
3203,0.001526
3204,0.00163
3205,0.002356
3206,0.002165
3207,0.001456
3208,0.001799
3209,0.001359
3210,0.00128
3211,0.000917
3212,0.000962
3213,0.000648
3214,0.00071
3215,0.000625
3216,0.000707
3217,0.001078
3218,0.000686
3219,0.00073
3220,0.000795
3221,0.000807
3222,0.000402
3223,0.001104
3224,0.006161
3225,0.345735
3226,0.941233
3227,0.964541
3228,0.970854
3229,0.974547
3230,0.989134
3231,0.990976
3232,0.992459
3233,0.992378
3234,0.992415
3235,0.944231
3236,0.02329
3237,0.00653
3238,0.009004
3239,0.009208
3240,0.01438
3241,0.004823
3242,0.004628
3243,0.004592
3244,0.004022
3245,0.0035
3246,0.004473
3247,0.002153
3248,0.002192
3249,0.037333
3250,0.589175
3251,0.909628
3252,0.988995
3253,0.993189
3254,0.994886
3255,0.994332
3256,0.994194
3257,0.99485
3258,0.994074
3259,0.992672
3260,0.993988
3261,0.992895
3262,0.929975
3263,0.031395
3264,0.017206
3265,0.008366
3266,0.004102
3267,0.00498
3268,0.002615
3269,0.003005
3270,0.002659
3271,0.003741
3272,0.002421
3273,0.003502
3274,0.00403
3275,0.00535
3276,0.007897
3277,0.007577
3278,0.514082
3279,0.944839
3280,0.968144
3281,0.963363
3282,0.98957
3283,0.979929
3284,0.952354
3285,0.936319
3286,0.866384
3287,0.884925
3288,0.853157
3289,0.858132
3290,0.868868
3291,0.833227
3292,0.842374
3293,0.837608
3294,0.898084
3295,0.928686
3296,0.98195
3297,0.165714
3298,0.084325
3299,0.014569
3300,0.004881
3301,0.003897
3302,0.005934
3303,0.00903
3304,0.006508
3305,0.005328
3306,0.003763
3307,0.003262
3308,0.006244
3309,0.008936
3310,0.007685
3311,0.004646
3312,0.007632
3313,0.000992
3314,0.001265
3315,0.000639
3316,0.001141
3317,0.00127
3318,0.001397
3319,0.001822
3320,0.00218
3321,0.001657
3322,0.002864
3323,0.001457
3324,0.001555
3325,0.001952
3326,0.001295
3327,0.002214
3328,0.001102
3329,0.009999
3330,0.817849
3331,0.477401
3332,0.82567
3333,0.931037
3334,0.949914
3335,0.947648
3336,0.963598
3337,0.980039
3338,0.978194
3339,0.978264
3340,0.982794
3341,0.981726
3342,0.98831
3343,0.987127
3344,0.538112
3345,0.001661
3346,0.000453
3347,0.004669
3348,0.007663
3349,0.000667
3350,0.000877
3351,0.000356
3352,0.00424
3353,0.000374
3354,0.000439
3355,0.000317
3356,0.00045
3357,0.000478
3358,0.000575
3359,0.000366
3360,0.00052
3361,0.000843
3362,0.0015
3363,0.000687
3364,0.00087
3365,0.000416
3366,0.001294
3367,0.001143
3368,0.000754
3369,0.000803
3370,0.000808
3371,0.001362
3372,0.00139
3373,0.001519
3374,0.001582
3375,0.002016
3376,0.075013
3377,0.723097
3378,0.959489
3379,0.978015
3380,0.98692
3381,0.988738
3382,0.989768
3383,0.991111
3384,0.99228
3385,0.993832
3386,0.994011
3387,0.994589
3388,0.995067
3389,0.994928
3390,0.992387
3391,0.989004
3392,0.939819
3393,0.143911
3394,0.054624
3395,0.008757
3396,0.001351
3397,0.000584
3398,0.000615
3399,0.000551
3400,0.000871
3401,0.000769
3402,0.000362
3403,0.000407
3404,0.000234
3405,0.000466
3406,0.00036
3407,0.000254
3408,0.001757
3409,0.371003
3410,0.938647
3411,0.979603
3412,0.975642
3413,0.982835
3414,0.987987
3415,0.991956
3416,0.993205
3417,0.992256
3418,0.994068
3419,0.991546
3420,0.992722
3421,0.992406
3422,0.99618
3423,0.996127
3424,0.985854
3425,0.045022
3426,0.002293
3427,0.001153
3428,0.001678
3429,0.000386
3430,0.001318
3431,0.001751
3432,0.001796
3433,0.003321
3434,0.003712
3435,0.002589
3436,0.002669
3437,0.005249
3438,0.002865
3439,0.006581
3440,0.007296
3441,0.004898
3442,0.003933
3443,0.0017
3444,0.015109
3445,0.160183
3446,0.970864
3447,0.992646
3448,0.994311
3449,0.994168
3450,0.99471
3451,0.9938
3452,0.994309
3453,0.991224
3454,0.995144
3455,0.995173
3456,0.993947
3457,0.993248
3458,0.994841
3459,0.994028
3460,0.986608
3461,0.984359
3462,0.988249
3463,0.987006
3464,0.98976
3465,0.986577
3466,0.987002
3467,0.989884
3468,0.988184
3469,0.990146
3470,0.989213
3471,0.989243
3472,0.98741
3473,0.988591
3474,0.986578
3475,0.982259
3476,0.986484
3477,0.985409
3478,0.989186
3479,0.986054
3480,0.983717
3481,0.985366
3482,0.987971
3483,0.984752
3484,0.986465
3485,0.986866
3486,0.989091
3487,0.989475
3488,0.99178
3489,0.902268
3490,0.007641
3491,0.002544
3492,0.001857
3493,0.001085
3494,0.001245
3495,0.001136
3496,0.00121
3497,0.002276
3498,0.002811
3499,0.004094
3500,0.00537
3501,0.002047
3502,0.002092
3503,0.045152
3504,0.612426
3505,0.973583
